3 0.82265625 0.9296875 0.1015625 0.075
3 0.834375 0.5375 0.0875 0.0875
3 0.6546875 0.06328125 0.078125 0.0796875
3 0.675 0.95 0.09375 0.08125
3 0.38515625 0.93046875 0.0953125 0.0953125
3 0.89453125 0.81328125 0.0765625 0.0765625
3 0.32578125 0.48515625 0.0859375 0.0859375
3 0.5734375 0.42265625 0.0953125 0.09375
3 0.33671875 0.6671875 0.1109375 0.084375
3 0.23046875 0.3046875 0.0859375 0.071875
3 0.8640625 0.18125 0.090625 0.06875
3 0.559375 0.29140625 0.103125 0.0765625
3 0.78203125 0.25859375 0.0984375 0.0765625
3 0.140625 0.1890625 0.10625 0.071875
3 0.675 0.1578125 0.0921875 0.0921875
3 0.578125 0.35703125 0.10625 0.0609375
3 0.41015625 0.54375 0.090625 0.090625
3 0.20859375 0.678125 0.0984375 0.071875
3 0.15390625 0.8734375 0.0890625 0.090625
3 0.6015625 0.4921875 0.103125 0.078125
3 0.84453125 0.434375 0.0875 0.0875
3 0.2046875 0.12421875 0.09375 0.0828125
3 0.2203125 0.48203125 0.0859375 0.084375
3 0.27109375 0.78359375 0.0765625 0.0765625
3 0.88984375 0.2671875 0.1078125 0.071875
0 0.36796875 0.34453125 0.146875 0.1015625
3 0.28359375 0.2171875 0.0796875 0.078125
3 0.45703125 0.73515625 0.1046875 0.0796875
3 0.68515625 0.428125 0.090625 0.090625
3 0.93671875 0.70859375 0.1078125 0.0859375
3 0.88671875 0.09453125 0.0828125 0.084375
3 0.07890625 0.046875 0.096875 0.08125
3 0.50859375 0.13125 0.090625 0.06875
3 0.73515625 0.33984375 0.0984375 0.0734375
3 0.2375 0.55703125 0.1 0.0765625
3 0.79453125 0.36328125 0.090625 0.090625
3 0.290625 0.04609375 0.0828125 0.084375
3 0.29765625 0.09453125 0.0921875 0.0921875
3 0.75234375 0.43046875 0.1015625 0.0734375
3 0.49453125 0.9515625 0.0875 0.0875
3 0.4359375 0.165625 0.08125 0.08125
3 0.771875 0.04296875 0.0875 0.0859375
3 0.78046875 0.13125 0.0875 0.0890625
3 0.12890625 0.50625 0.084375 0.084375
3 0.725 0.88515625 0.0859375 0.0875
3 0.38671875 0.25 0.084375 0.0859375
3 0.13046875 0.44140625 0.1 0.0640625
3 0.52109375 0.20546875 0.084375 0.084375
3 0.17890625 0.3890625 0.084375 0.084375
3 0.50625 0.5703125 0.1 0.078125
3 0.40703125 0.040625 0.0890625 0.08125
3 0.19921875 0.57109375 0.1046875 0.0703125
3 0.06875 0.5921875 0.090625 0.065625
3 0.5484375 0.634375 0.09375 0.078125