5 0.73046875 0.34375 0.1203125 0.121875
0 0.2734375 0.61875 0.10625 0.10625
3 0.93046875 0.075 0.1046875 0.075
3 0.9265625 0.21875 0.09375 0.09375
3 0.953125 0.16796875 0.09375 0.0765625
3 0.8234375 0.11640625 0.0828125 0.084375
3 0.8125 0.196875 0.084375 0.084375
3 0.93671875 0.3453125 0.1015625 0.071875
3 0.809375 0.26953125 0.0765625 0.078125
3 0.6578125 0.040625 0.084375 0.06875
3 0.68828125 0.0859375 0.084375 0.0859375
3 0.70703125 0.1078125 0.078125 0.0765625
3 0.709375 0.228125 0.08125 0.08125
3 0.60234375 0.12890625 0.0890625 0.090625
3 0.628125 0.30546875 0.0828125 0.084375
3 0.590625 0.24296875 0.084375 0.084375
3 0.515625 0.2703125 0.090625 0.071875
3 0.4984375 0.140625 0.103125 0.06875
3 0.42109375 0.178125 0.0828125 0.0828125
3 0.36015625 0.08984375 0.0921875 0.0671875
3 0.22734375 0.1046875 0.0796875 0.078125
3 0.13828125 0.05 0.1015625 0.071875
3 0.08046875 0.11484375 0.0796875 0.0796875
3 0.34140625 0.246875 0.084375 0.0828125
3 0.2359375 0.29609375 0.084375 0.084375
3 0.1640625 0.2640625 0.0765625 0.0765625
3 0.3296875 0.35859375 0.090625 0.090625
3 0.8984375 0.5234375 0.090625 0.065625
3 0.83515625 0.4875 0.1015625 0.08125
3 0.93515625 0.6578125 0.0859375 0.06875
3 0.9453125 0.73203125 0.08125 0.08125
3 0.84140625 0.6046875 0.078125 0.078125
3 0.72109375 0.4734375 0.0828125 0.0828125
3 0.76328125 0.5609375 0.0859375 0.0859375
3 0.559375 0.40546875 0.078125 0.078125
3 0.47890625 0.37421875 0.103125 0.0765625
3 0.471875 0.43125 0.0875 0.0875
3 0.5046875 0.47890625 0.109375 0.0609375
3 0.56328125 0.52578125 0.0875 0.0875
3 0.5796875 0.60234375 0.103125 0.0734375
3 0.64296875 0.64140625 0.1015625 0.0734375
3 0.73046875 0.67890625 0.0859375 0.0859375
3 0.69375 0.72265625 0.09375 0.0703125
3 0.63203125 0.7609375 0.078125 0.078125
3 0.84140625 0.7953125 0.1015625 0.065625
3 0.9375 0.92890625 0.096875 0.071875
3 0.834375 0.90234375 0.08125 0.08125
3 0.7421875 0.9359375 0.078125 0.078125
3 0.78828125 0.8046875 0.0890625 0.071875
3 0.77109375 0.8515625 0.1109375 0.078125
3 0.7046875 0.821875 0.084375 0.09375
3 0.6140625 0.91875 0.1 0.075
3 0.52890625 0.79609375 0.0734375 0.0734375
3 0.42421875 0.89296875 0.0953125 0.0671875
3 0.22265625 0.928125 0.0921875 0.0921875
3 0.4390625 0.7765625 0.090625 0.059375
3 0.3796875 0.70546875 0.103125 0.0640625
3 0.490625 0.57578125 0.078125 0.078125
3 0.36796875 0.46171875 0.0859375 0.0875
3 0.4203125 0.5453125 0.0765625 0.0765625
3 0.390625 0.6390625 0.0734375 0.0734375
3 0.38125 0.5875 0.0859375 0.0859375
3 0.159375 0.4421875 0.0859375 0.0859375
3 0.053125 0.43125 0.084375 0.084375
3 0.07421875 0.56953125 0.0953125 0.0765625
3 0.17734375 0.565625 0.1015625 0.075
3 0.0828125 0.69140625 0.090625 0.0890625
3 0.09296875 0.7890625 0.0875 0.0875