3 0.34765625 0.1046875 0.0875 0.0890625
3 0.784375 0.3625 0.0734375 0.0734375
3 0.30859375 0.2078125 0.075 0.059375
3 0.14609375 0.35 0.0921875 0.065625
3 0.8203125 0.8625 0.075 0.075
3 0.69296875 0.4640625 0.0953125 0.071875
3 0.8265625 0.47890625 0.065625 0.0671875
3 0.23828125 0.315625 0.0890625 0.0625
3 0.87578125 0.609375 0.06875 0.0703125
3 0.65234375 0.79765625 0.0765625 0.0765625
3 0.38515625 0.95078125 0.0796875 0.0640625
3 0.43046875 0.109375 0.103125 0.065625
3 0.2515625 0.5515625 0.08125 0.06875
3 0.71328125 0.53515625 0.0890625 0.0671875
3 0.765625 0.671875 0.0796875 0.0796875
3 0.1578125 0.7640625 0.084375 0.065625
3 0.44921875 0.23984375 0.0859375 0.0625
3 0.84609375 0.1609375 0.0859375 0.059375
6 0.7921875 0.10546875 0.096875 0.0953125
3 0.57890625 0.1703125 0.096875 0.065625
3 0.06171875 0.24921875 0.071875 0.071875
3 0.5390625 0.446875 0.084375 0.0625
3 0.86953125 0.6671875 0.090625 0.06875
3 0.48828125 0.34921875 0.0828125 0.0640625
3 0.9203125 0.240625 0.0796875 0.0796875
3 0.4640625 0.83125 0.084375 0.0625
0 0.42890625 0.728125 0.0890625 0.06875
3 0.76484375 0.5953125 0.0796875 0.078125
3 0.08828125 0.9171875 0.0625 0.0625
3 0.07734375 0.60703125 0.0703125 0.0703125
3 0.51796875 0.2359375 0.0859375 0.065625
3 0.3984375 0.43671875 0.090625 0.0765625
3 0.73984375 0.93828125 0.0859375 0.0640625
3 0.20234375 0.64921875 0.0953125 0.0640625
3 0.4921875 0.509375 0.078125 0.053125
3 0.76015625 0.8453125 0.08125 0.0796875
3 0.4578125 0.571875 0.0671875 0.0671875
3 0.17578125 0.515625 0.0796875 0.078125
3 0.478125 0.3875 0.090625 0.06875
3 0.89765625 0.8921875 0.078125 0.0765625
3 0.64453125 0.2015625 0.0671875 0.06875
3 0.23671875 0.746875 0.078125 0.078125
3 0.65859375 0.70390625 0.0703125 0.0703125
3 0.515625 0.72734375 0.071875 0.071875
3 0.26015625 0.4234375 0.075 0.075
3 0.67578125 0.590625 0.0859375 0.06875
3 0.36484375 0.8109375 0.0796875 0.08125
3 0.5640625 0.35078125 0.065625 0.05625
3 0.53203125 0.1390625 0.0765625 0.053125
3 0.7671875 0.51953125 0.0703125 0.0703125
3 0.5625 0.86015625 0.075 0.0578125
3 0.51953125 0.578125 0.0828125 0.05625
3 0.390625 0.496875 0.0875 0.0625
3 0.54609375 0.65625 0.0984375 0.06875
3 0.13359375 0.2875 0.0921875 0.0625
3 0.65078125 0.053125 0.078125 0.05
3 0.87734375 0.03828125 0.0796875 0.0765625
3 0.85703125 0.93046875 0.0609375 0.053125
3 0.1453125 0.07890625 0.071875 0.0546875
3 0.903125 0.35625 0.071875 0.071875
3 0.41796875 0.190625 0.0703125 0.053125
3 0.7265625 0.18671875 0.0609375 0.059375
3 0.540625 0.5875 0.078125 0.078125
3 0.48359375 0.296875 0.0828125 0.04375
3 0.09296875 0.51484375 0.0625 0.0625
3 0.36171875 0.7515625 0.075 0.0734375
3 0.26953125 0.13046875 0.0625 0.0546875
3 0.29140625 0.26484375 0.0703125 0.0703125
3 0.80390625 0.8046875 0.090625 0.0625
3 0.75546875 0.41796875 0.078125 0.078125
3 0.78828125 0.03359375 0.0828125 0.0640625
3 0.6078125 0.6265625 0.059375 0.05625
6 0.9015625 0.7296875 0.0875 0.0875
3 0.4703125 0.6375 0.0734375 0.0734375
3 0.6921875 0.40234375 0.059375 0.0578125
3 0.70390625 0.96796875 0.0703125 0.0640625
3 0.79296875 0.7734375 0.065625 0.0671875
3 0.56328125 0.775 0.059375 0.0609375
3 0.73046875 0.7828125 0.0515625 0.053125
3 0.87734375 0.79375 0.0796875 0.08125
3 0.65390625 0.740625 0.071875 0.0734375
3 0.1953125 0.58046875 0.084375 0.084375
3 0.15703125 0.5546875 0.0890625 0.08125
3 0.165625 0.121875 0.06875 0.06875
3 0.18515625 0.1453125 0.0875 0.05625
3 0.3578125 0.3015625 0.059375 0.059375
3 0.3765625 0.25390625 0.071875 0.0640625
3 0.6765625 0.10234375 0.071875 0.0546875
3 0.553125 0.0984375 0.075 0.075
3 0.6078125 0.10546875 0.06875 0.0546875
3 0.5578125 0.04765625 0.08125 0.0515625
3 0.5375 0.03046875 0.0625 0.0609375
3 0.24296875 0.034375 0.0734375 0.06875
3 0.05390625 0.08828125 0.0609375 0.0421875
3 0.28203125 0.49921875 0.06875 0.06875
3 0.2 0.4484375 0.0625 0.0625
3 0.21953125 0.3765625 0.0625 0.0625
3 0.18359375 0.1765625 0.0734375 0.053125
3 0.1234375 0.209375 0.065625 0.065625
3 0.23828125 0.228125 0.0609375 0.05
3 0.2 0.265625 0.065625 0.05
3 0.1796875 0.23125 0.06875 0.06875
3 0.94921875 0.7078125 0.06875 0.06875
3 0.64765625 0.33359375 0.065625 0.0671875
3 0.5890625 0.26640625 0.0625 0.0625
3 0.8453125 0.3296875 0.0625 0.046875
3 0.78828125 0.3109375 0.071875 0.05
3 0.815625 0.2671875 0.0625 0.05
3 0.77890625 0.228125 0.0671875 0.065625
3 0.71953125 0.24609375 0.0640625 0.0640625
3 0.4234375 0.8765625 0.06875 0.06875
3 0.346875 0.6078125 0.0625 0.065625
3 0.303125 0.6375 0.0734375 0.0734375
3 0.2796875 0.60859375 0.059375 0.05625
3 0.09140625 0.72265625 0.0640625 0.04375
3 0.04921875 0.75234375 0.0703125 0.0484375
3 0.378125 0.85390625 0.096875 0.0578125
3 0.32734375 0.88125 0.065625 0.05
3 0.27421875 0.90703125 0.059375 0.059375
3 0.18046875 0.8859375 0.0625 0.0625
3 0.10546875 0.80859375 0.0640625 0.046875
3 0.109375 0.859375 0.0640625 0.0640625
3 0.22421875 0.85546875 0.0625 0.0625
3 0.2390625 0.69765625 0.0625 0.0625
3 0.23203125 0.81015625 0.0625 0.0609375
3 0.2859375 0.78671875 0.0640625 0.0640625
3 0.58671875 0.6984375 0.065625 0.0640625
3 0.4859375 0.7765625 0.0671875 0.0671875
3 0.4265625 0.51015625 0.065625 0.0734375
3 0.45546875 0.6828125 0.059375 0.059375
6 0.603125 0.9203125 0.065625 0.084375