2 0.6921875 0.3625 0.065625 0.09375
2 0.334375 0.6703125 0.06875 0.090625
2 0.77890625 0.453125 0.075 0.075
2 0.56640625 0.81796875 0.08125 0.08125
2 0.55 0.7203125 0.06875 0.1
2 0.3890625 0.2890625 0.0875 0.0875
2 0.6546875 0.0578125 0.071875 0.090625
2 0.89765625 0.1359375 0.078125 0.0796875
2 0.284375 0.79609375 0.075 0.0921875
2 0.7703125 0.2546875 0.071875 0.096875
2 0.3296875 0.44453125 0.0859375 0.0875
2 0.24140625 0.603125 0.0734375 0.096875
2 0.228125 0.41796875 0.078125 0.078125
2 0.36640625 0.20390625 0.08125 0.08125
2 0.1453125 0.79296875 0.0859375 0.0859375
2 0.40234375 0.61953125 0.0859375 0.084375
2 0.69921875 0.18125 0.08125 0.1125
2 0.9046875 0.834375 0.071875 0.071875
2 0.1296875 0.55390625 0.075 0.075
2 0.69140625 0.271875 0.084375 0.0828125
2 0.58515625 0.4953125 0.0625 0.075
2 0.08359375 0.45390625 0.090625 0.090625
2 0.303125 0.29375 0.0875 0.0875
2 0.5078125 0.4828125 0.065625 0.103125
2 0.7625 0.659375 0.065625 0.0875
2 0.50234375 0.5484375 0.075 0.075
2 0.615625 0.1640625 0.0953125 0.0953125
2 0.203125 0.94296875 0.0703125 0.06875
2 0.65546875 0.809375 0.0484375 0.078125
2 0.21015625 0.490625 0.0640625 0.0875
2 0.05234375 0.146875 0.0765625 0.1
2 0.66328125 0.5296875 0.0765625 0.078125
2 0.06640625 0.32265625 0.0890625 0.0890625
2 0.68828125 0.4859375 0.0625 0.084375
2 0.57421875 0.19296875 0.059375 0.140625
2 0.0703125 0.54140625 0.05625 0.0828125
2 0.26015625 0.15234375 0.084375 0.084375
2 0.19609375 0.328125 0.0859375 0.096875
2 0.21875 0.1171875 0.09375 0.09375
2 0.15625 0.0890625 0.071875 0.121875
2 0.48984375 0.05234375 0.0875 0.0875
2 0.68125 0.6546875 0.0625 0.109375
2 0.09140625 0.79765625 0.065625 0.0859375
2 0.1484375 0.5046875 0.071875 0.071875
2 0.0921875 0.60078125 0.046875 0.075
2 0.184375 0.26796875 0.0921875 0.090625
2 0.10625 0.73046875 0.0734375 0.075
2 0.409375 0.084375 0.1015625 0.1015625
2 0.04609375 0.36875 0.0734375 0.096875
2 0.0421875 0.753125 0.078125 0.096875
2 0.90703125 0.30390625 0.065625 0.0796875
2 0.07265625 0.65546875 0.1 0.1
2 0.06796875 0.715625 0.090625 0.0921875
2 0.6578125 0.7484375 0.06875 0.078125
3 0.15390625 0.40234375 0.1 0.1
5 0.5453125 0.4484375 0.0921875 0.0921875
5 0.90390625 0.2546875 0.0609375 0.125
2 0.4453125 0.25078125 0.078125 0.10625