2 0.6375 0.3078125 0.09375 0.065625
2 0.3296875 0.665625 0.0796875 0.0796875
2 0.546875 0.22109375 0.075 0.075
2 0.18203125 0.43359375 0.08125 0.08125
2 0.2796875 0.45 0.084375 0.084375
2 0.7109375 0.6109375 0.103125 0.071875
2 0.9421875 0.3453125 0.08125 0.08125
2 0.8640625 0.10234375 0.090625 0.0671875
2 0.20390625 0.715625 0.0828125 0.0828125
2 0.7453125 0.2296875 0.096875 0.071875
2 0.55546875 0.6703125 0.1015625 0.071875
2 0.396875 0.75859375 0.096875 0.0734375
2 0.58203125 0.771875 0.078125 0.078125
2 0.79609375 0.63359375 0.08125 0.08125
2 0.20703125 0.8546875 0.0859375 0.0859375
2 0.38046875 0.59765625 0.096875 0.0734375
2 0.81875 0.30078125 0.1125 0.08125
2 0.165625 0.0953125 0.08125 0.0625
2 0.44609375 0.8703125 0.0875 0.0625
2 0.728125 0.30859375 0.1 0.0671875
2 0.5046875 0.41484375 0.06875 0.06875
2 0.54609375 0.91640625 0.090625 0.090625
2 0.70625 0.696875 0.0875 0.0875
2 0.5171875 0.4921875 0.084375 0.084375
2 0.340625 0.2375 0.0875 0.065625
2 0.4515625 0.49765625 0.075 0.075
2 0.8359375 0.384375 0.0953125 0.0953125
2 0.05703125 0.796875 0.06875 0.0703125
2 0.190625 0.34453125 0.0625 0.0625
2 0.509375 0.78984375 0.0875 0.0640625
2 0.853125 0.94765625 0.0890625 0.0875
2 0.4703125 0.33671875 0.0765625 0.0765625
2 0.67734375 0.93359375 0.1015625 0.0765625
2 0.5140625 0.31171875 0.0734375 0.0734375
2 0.80703125 0.42578125 0.140625 0.059375
2 0.45859375 0.9296875 0.06875 0.06875
2 0.84765625 0.73984375 0.1046875 0.0640625
2 0.671875 0.80390625 0.096875 0.0859375
2 0.8828125 0.78125 0.09375 0.09375
2 0.9109375 0.84375 0.096875 0.096875
2 0.94765625 0.51015625 0.1046875 0.0703125
2 0.3453125 0.31875 0.109375 0.0625
2 0.20234375 0.90859375 0.0859375 0.065625
2 0.4953125 0.8515625 0.075 0.06875
2 0.39921875 0.9078125 0.075 0.046875
2 0.73203125 0.815625 0.090625 0.0921875
2 0.26953125 0.89375 0.075 0.0734375
2 0.915625 0.590625 0.1015625 0.1015625
2 0.63125 0.95390625 0.084375 0.0859375
2 0.246875 0.9578125 0.096875 0.078125
2 0.69609375 0.09296875 0.0796875 0.065625
2 0.34453125 0.92734375 0.1 0.1
2 0.284375 0.93203125 0.0921875 0.090625
2 0.2515625 0.3421875 0.0734375 0.0734375
3 0.59765625 0.84609375 0.1203125 0.0796875
5 0.5515625 0.4546875 0.0921875 0.0921875
5 0.7453125 0.09609375 0.125 0.0609375
2 0.74921875 0.5546875 0.0921875 0.0921875