3 0.4421875 0.75234375 0.075 0.075
3 0.6609375 0.13671875 0.065625 0.065625
3 0.57734375 0.0875 0.078125 0.06875
3 0.42109375 0.6109375 0.1015625 0.06875
3 0.16953125 0.8921875 0.1015625 0.065625
3 0.8890625 0.20546875 0.0703125 0.071875
3 0.12734375 0.57578125 0.075 0.075
3 0.546875 0.53828125 0.09375 0.065625
3 0.8265625 0.9578125 0.078125 0.078125
3 0.4375 0.2953125 0.090625 0.065625
3 0.8765625 0.7890625 0.0765625 0.0765625
3 0.2484375 0.76484375 0.096875 0.075
3 0.271875 0.9015625 0.0734375 0.0734375
3 0.39765625 0.3546875 0.1015625 0.071875
3 0.1796875 0.625 0.103125 0.06875
3 0.803125 0.2609375 0.08125 0.08125
3 0.78203125 0.75390625 0.0875 0.0875
3 0.11015625 0.96015625 0.090625 0.075
3 0.23125 0.05 0.0875 0.0875
3 0.56796875 0.6609375 0.0828125 0.08125
3 0.6234375 0.590625 0.103125 0.059375
3 0.1796875 0.42890625 0.109375 0.08125
0 0.78359375 0.175 0.109375 0.109375
1 0.53359375 0.740625 0.103125 0.1015625