3 0.6203125 0.90546875 0.090625 0.090625
3 0.7203125 0.67265625 0.071875 0.090625
3 0.515625 0.434375 0.08125 0.09375
3 0.9265625 0.63515625 0.078125 0.096875
3 0.82734375 0.7203125 0.084375 0.084375
3 0.05 0.40390625 0.075 0.090625
3 0.9 0.80859375 0.0859375 0.0859375
3 0.9625 0.8453125 0.06875 0.096875
3 0.16171875 0.121875 0.0828125 0.1078125
3 0.4546875 0.4859375 0.0890625 0.0890625
3 0.78515625 0.9078125 0.08125 0.08125
3 0.7546875 0.77109375 0.084375 0.084375
3 0.34765625 0.05703125 0.0703125 0.1015625
3 0.36171875 0.64140625 0.0671875 0.0984375
3 0.1546875 0.85234375 0.075 0.1046875
3 0.40625 0.11640625 0.0921875 0.0921875
3 0.5671875 0.16328125 0.071875 0.0859375
3 0.27578125 0.496875 0.0875 0.0875
3 0.26328125 0.8375 0.078125 0.078125
3 0.1671875 0.646875 0.071875 0.103125
3 0.084375 0.82109375 0.0890625 0.0890625
3 0.75234375 0.2203125 0.0765625 0.090625
5 0.31875 0.8796875 0.1109375 0.1109375
3 0.83125 0.2828125 0.084375 0.084375
3 0.94140625 0.2625 0.0953125 0.0953125
3 0.85 0.39375 0.0875 0.0875
3 0.8484375 0.0578125 0.0890625 0.0890625
3 0.9640625 0.4234375 0.071875 0.103125
3 0.3875 0.18984375 0.06875 0.0953125
3 0.4484375 0.26015625 0.0875 0.0875
3 0.2765625 0.67265625 0.065625 0.1078125
3 0.115625 0.76171875 0.078125 0.1015625
3 0.4671875 0.0671875 0.0765625 0.0765625
3 0.06484375 0.16484375 0.0890625 0.0890625
3 0.18046875 0.4796875 0.0703125 0.090625
3 0.2234375 0.61875 0.084375 0.084375
3 0.546875 0.5703125 0.09375 0.09375
3 0.175 0.36328125 0.090625 0.090625
3 0.90703125 0.540625 0.0953125 0.09375
3 0.10390625 0.3015625 0.0921875 0.0921875
3 0.38203125 0.265625 0.09375 0.09375
3 0.48203125 0.675 0.09375 0.0921875
3 0.48984375 0.07421875 0.075 0.075
3 0.30390625 0.5828125 0.0796875 0.078125
3 0.31640625 0.775 0.0859375 0.0859375
3 0.225 0.565625 0.0875 0.0875
3 0.1296875 0.2703125 0.078125 0.0875
3 0.425 0.61953125 0.065625 0.109375
5 0.71015625 0.4703125 0.11875 0.11875
3 0.04921875 0.46640625 0.075 0.075
3 0.7484375 0.50546875 0.05 0.1078125
3 0.42890625 0.5859375 0.084375 0.084375
3 0.93359375 0.540625 0.0703125 0.096875
3 0.3046875 0.66953125 0.065625 0.1
3 0.4625 0.65234375 0.078125 0.0765625