3 0.3796875 0.09453125 0.090625 0.090625
3 0.2796875 0.32734375 0.071875 0.090625
3 0.484375 0.565625 0.08125 0.09375
3 0.0734375 0.36484375 0.0875 0.0875
3 0.17265625 0.2796875 0.084375 0.084375
3 0.95 0.59609375 0.0828125 0.0828125
3 0.1 0.19140625 0.0765625 0.0953125
3 0.03984375 0.15390625 0.0796875 0.0828125
3 0.83828125 0.878125 0.0828125 0.10625
3 0.5453125 0.5140625 0.0890625 0.0890625
3 0.21484375 0.0921875 0.0671875 0.096875
3 0.2453125 0.22890625 0.084375 0.084375
3 0.65234375 0.94296875 0.0859375 0.0859375
3 0.63828125 0.35859375 0.0671875 0.0984375
3 0.8453125 0.14765625 0.090625 0.090625
3 0.59375 0.88359375 0.0921875 0.0921875
3 0.4328125 0.83671875 0.071875 0.0859375
3 0.72421875 0.503125 0.0765625 0.1
3 0.73671875 0.1625 0.0796875 0.078125
3 0.8328125 0.353125 0.071875 0.103125
3 0.915625 0.17890625 0.075 0.103125
3 0.24765625 0.7796875 0.0765625 0.090625
5 0.68125 0.1203125 0.1 0.121875
3 0.16875 0.7171875 0.0703125 0.1
3 0.05859375 0.7375 0.0953125 0.0953125
3 0.15 0.60625 0.0875 0.0875
3 0.1515625 0.9421875 0.0890625 0.0890625
3 0.0359375 0.5765625 0.071875 0.103125
3 0.6125 0.81015625 0.08125 0.08125
3 0.5515625 0.73984375 0.0875 0.0875
3 0.7234375 0.32734375 0.0859375 0.0875
3 0.884375 0.23828125 0.090625 0.0890625
3 0.5328125 0.9328125 0.0765625 0.0765625
3 0.93515625 0.83515625 0.0890625 0.0890625
3 0.81953125 0.5203125 0.0703125 0.090625
3 0.7765625 0.38125 0.084375 0.084375
3 0.453125 0.4296875 0.0875 0.1
3 0.825 0.63671875 0.08125 0.0984375
3 0.09296875 0.459375 0.0765625 0.1125
3 0.89609375 0.6984375 0.075 0.109375
3 0.61796875 0.734375 0.09375 0.09375
3 0.51796875 0.325 0.09375 0.0921875
3 0.51015625 0.92578125 0.075 0.075
3 0.69609375 0.4171875 0.0796875 0.078125
3 0.68359375 0.225 0.0859375 0.0859375
3 0.775 0.434375 0.0875 0.0875
3 0.8703125 0.7296875 0.078125 0.0875
3 0.575 0.38046875 0.065625 0.109375
5 0.28984375 0.5296875 0.1046875 0.134375
3 0.95078125 0.53359375 0.075 0.075
3 0.2515625 0.49453125 0.078125 0.078125
3 0.57109375 0.4140625 0.084375 0.084375
3 0.06640625 0.459375 0.0703125 0.096875
3 0.6953125 0.33046875 0.065625 0.1
3 0.5375 0.34765625 0.0625 0.0921875