3 0.7328125 0.6984375 0.0796875 0.0796875
3 0.1671875 0.37578125 0.065625 0.084375
3 0.3828125 0.103125 0.071875 0.096875
3 0.71875 0.61484375 0.0796875 0.078125
3 0.8484375 0.31171875 0.071875 0.0953125
3 0.59453125 0.1765625 0.08125 0.0796875
3 0.10625 0.565625 0.0765625 0.0765625
3 0.1546875 0.4640625 0.0765625 0.0765625
3 0.95546875 0.8921875 0.0765625 0.096875
3 0.67890625 0.10859375 0.0609375 0.0796875
3 0.875 0.5140625 0.0765625 0.0765625
3 0.3265625 0.809375 0.0859375 0.0859375
3 0.959375 0.24453125 0.071875 0.1046875
3 0.5125 0.63046875 0.0875 0.0859375
3 0.5 0.38203125 0.06875 0.0921875
3 0.540625 0.4390625 0.071875 0.096875
3 0.38828125 0.703125 0.084375 0.0828125
3 0.38125 0.94140625 0.0828125 0.0828125
3 0.5578125 0.05390625 0.0796875 0.08125
3 0.6921875 0.815625 0.0921875 0.0921875
3 0.4359375 0.91171875 0.0625 0.0921875
3 0.2890625 0.6546875 0.071875 0.103125
3 0.4703125 0.821875 0.090625 0.0875
3 0.19375 0.6640625 0.08125 0.10625
3 0.36875 0.353125 0.078125 0.109375
3 0.315625 0.16953125 0.0921875 0.09375
3 0.209375 0.2765625 0.0875 0.08125
3 0.940625 0.4078125 0.06875 0.115625
5 0.14375 0.784375 0.1125 0.1125