3 0.2765625 0.6609375 0.075 0.075
3 0.26171875 0.7828125 0.0828125 0.065625
3 0.528125 0.64453125 0.078125 0.078125
3 0.27578125 0.91953125 0.08125 0.08125
3 0.67265625 0.16953125 0.078125 0.078125
3 0.85390625 0.3703125 0.0671875 0.065625
3 0.37109375 0.3328125 0.078125 0.078125
3 0.328125 0.6015625 0.08125 0.065625
3 0.80390625 0.81328125 0.075 0.075
3 0.62890625 0.24765625 0.0828125 0.0734375
3 0.91953125 0.1671875 0.0828125 0.065625
3 0.1765625 0.7453125 0.078125 0.078125
3 0.83203125 0.4609375 0.078125 0.078125
3 0.34453125 0.4265625 0.0859375 0.071875
3 0.721875 0.6125 0.0765625 0.0765625
3 0.94921875 0.71484375 0.078125 0.078125
3 0.8796875 0.5890625 0.06875 0.06875
3 0.21953125 0.5796875 0.0859375 0.059375
3 0.72578125 0.2203125 0.0734375 0.0734375
3 0.58359375 0.48671875 0.0703125 0.0703125
3 0.7046875 0.2765625 0.078125 0.059375
3 0.940625 0.0703125 0.0765625 0.0765625
3 0.23046875 0.465625 0.078125 0.0765625
3 0.2203125 0.190625 0.078125 0.078125
3 0.76796875 0.3203125 0.078125 0.0796875
3 0.503125 0.85703125 0.065625 0.065625
3 0.5796875 0.546875 0.0875 0.06875
3 0.70078125 0.859375 0.0765625 0.05625
3 0.8640625 0.1109375 0.0875 0.0875
3 0.0484375 0.68984375 0.084375 0.0546875
3 0.84921875 0.3078125 0.071875 0.071875
3 0.82421875 0.16875 0.08125 0.08125
3 0.109375 0.79921875 0.08125 0.0796875
3 0.5078125 0.06953125 0.084375 0.065625
3 0.3921875 0.18203125 0.078125 0.078125
3 0.3453125 0.15390625 0.0765625 0.0765625
3 0.33203125 0.79609375 0.075 0.075
3 0.13203125 0.3890625 0.065625 0.065625
3 0.09453125 0.8953125 0.0765625 0.075
3 0.840625 0.0390625 0.09375 0.071875
3 0.49921875 0.44140625 0.090625 0.090625
3 0.6453125 0.4578125 0.075 0.075
3 0.8203125 0.615625 0.0734375 0.0734375
3 0.890625 0.4890625 0.0875 0.071875
3 0.1921875 0.31953125 0.08125 0.0609375
3 0.8796875 0.88203125 0.0875 0.0734375
3 0.21796875 0.5140625 0.071875 0.0703125
3 0.47890625 0.31875 0.0671875 0.05625
3 0.934375 0.8515625 0.08125 0.065625
3 0.61171875 0.85234375 0.0828125 0.0703125
3 0.04921875 0.30859375 0.078125 0.078125
3 0.4546875 0.79375 0.08125 0.0625
3 0.703125 0.7640625 0.075 0.059375
3 0.08984375 0.2828125 0.075 0.075
3 0.5078125 0.390625 0.0828125 0.0828125
3 0.471875 0.74375 0.0875 0.0625
3 0.46953125 0.37265625 0.0890625 0.0578125
0 0.53359375 0.80546875 0.0984375 0.0828125
3 0.521875 0.02734375 0.0625 0.0546875
3 0.95390625 0.503125 0.0796875 0.0796875
3 0.88515625 0.821875 0.0671875 0.059375
3 0.58046875 0.78671875 0.0734375 0.0734375
3 0.61875 0.76796875 0.0578125 0.05625
3 0.63046875 0.8125 0.0625 0.0625