3 0.6609375 0.7234375 0.075 0.075
3 0.7828125 0.73828125 0.065625 0.0828125
3 0.64453125 0.471875 0.078125 0.078125
3 0.91953125 0.72421875 0.08125 0.08125
3 0.16953125 0.32734375 0.078125 0.078125
3 0.3703125 0.14609375 0.053125 0.0796875
3 0.3328125 0.62890625 0.065625 0.090625
3 0.6015625 0.671875 0.065625 0.08125
3 0.81328125 0.19609375 0.075 0.075
3 0.24765625 0.37109375 0.078125 0.078125
3 0.1671875 0.08046875 0.065625 0.0828125
3 0.7453125 0.8234375 0.078125 0.078125
3 0.4609375 0.16796875 0.071875 0.084375
3 0.4265625 0.65546875 0.071875 0.0859375
3 0.6125 0.278125 0.065625 0.0875
3 0.71484375 0.05078125 0.0734375 0.0828125
3 0.5890625 0.1203125 0.059375 0.078125
3 0.5796875 0.78046875 0.0734375 0.071875
3 0.2203125 0.27421875 0.059375 0.0859375
3 0.48671875 0.41640625 0.0703125 0.0703125
3 0.2765625 0.2953125 0.059375 0.078125
3 0.0703125 0.059375 0.0765625 0.0765625
3 0.465625 0.76953125 0.0765625 0.078125
3 0.190625 0.7796875 0.06875 0.0875
3 0.3203125 0.23203125 0.071875 0.0859375
3 0.85703125 0.496875 0.065625 0.065625
3 0.546875 0.4203125 0.078125 0.078125
3 0.859375 0.29921875 0.05625 0.0765625
3 0.1109375 0.1359375 0.071875 0.103125
3 0.68984375 0.9515625 0.0546875 0.084375
3 0.3078125 0.15078125 0.065625 0.0796875
3 0.16875 0.17578125 0.06875 0.0921875
3 0.79921875 0.890625 0.0796875 0.08125
3 0.06953125 0.4921875 0.065625 0.084375
3 0.18203125 0.6078125 0.078125 0.078125
3 0.15390625 0.6546875 0.0734375 0.078125
3 0.79609375 0.66796875 0.0671875 0.0828125
3 0.3890625 0.86796875 0.065625 0.065625
3 0.8953125 0.90546875 0.075 0.0765625
3 0.03984375 0.15859375 0.0796875 0.0828125
3 0.44140625 0.50078125 0.0828125 0.0984375
3 0.4578125 0.3546875 0.075 0.075
3 0.615625 0.1796875 0.0734375 0.0734375
3 0.4890625 0.109375 0.071875 0.0875
3 0.31953125 0.8078125 0.0703125 0.0703125
3 0.88203125 0.1203125 0.0796875 0.08125
3 0.5140625 0.78203125 0.059375 0.0828125
3 0.31875 0.52109375 0.0609375 0.0625
3 0.8515625 0.065625 0.065625 0.08125
3 0.85234375 0.38828125 0.0765625 0.0765625
3 0.30859375 0.95078125 0.078125 0.078125
3 0.79375 0.5453125 0.0625 0.08125
3 0.7640625 0.296875 0.0671875 0.0671875
3 0.2828125 0.91015625 0.075 0.075
3 0.390625 0.4921875 0.0828125 0.0828125
3 0.74375 0.528125 0.075 0.075
3 0.37265625 0.53046875 0.0734375 0.0734375
0 0.80546875 0.46640625 0.0828125 0.0984375
3 0.02734375 0.478125 0.0546875 0.0625
3 0.503125 0.04609375 0.0796875 0.0796875
3 0.821875 0.11484375 0.059375 0.0671875
3 0.78671875 0.41953125 0.0640625 0.0828125
3 0.76796875 0.38125 0.0515625 0.0625
3 0.8125 0.36953125 0.0625 0.0625