3 0.81796875 0.8234375 0.0859375 0.0875
3 0.24453125 0.509375 0.090625 0.090625
3 0.07421875 0.1265625 0.0890625 0.0890625
3 0.1734375 0.38046875 0.103125 0.071875
0 0.25 0.2640625 0.109375 0.096875
3 0.3140625 0.9640625 0.078125 0.071875
3 0.559375 0.275 0.0921875 0.09375
3 0.5859375 0.8890625 0.10625 0.071875
3 0.8921875 0.64140625 0.10625 0.0796875
3 0.31171875 0.8546875 0.0859375 0.0875
3 0.0796875 0.79765625 0.090625 0.090625
3 0.64765625 0.040625 0.0859375 0.08125
3 0.5109375 0.75703125 0.103125 0.0734375
3 0.46953125 0.9078125 0.0890625 0.0625
3 0.6625 0.8125 0.075 0.075
3 0.70625 0.18984375 0.1125 0.0671875
3 0.15625 0.26171875 0.103125 0.071875
3 0.7953125 0.64609375 0.0859375 0.0875
3 0.28359375 0.078125 0.0953125 0.0625
3 0.509375 0.621875 0.08125 0.08125
3 0.41328125 0.13203125 0.090625 0.090625
3 0.23359375 0.9109375 0.096875 0.096875
3 0.9046875 0.83125 0.096875 0.06875
3 0.76484375 0.07578125 0.0875 0.0875
3 0.30234375 0.6265625 0.0890625 0.0890625
3 0.30078125 0.7609375 0.1109375 0.071875
3 0.4328125 0.55 0.09375 0.09375
3 0.13203125 0.734375 0.0859375 0.0859375
3 0.12109375 0.5421875 0.0921875 0.08125
3 0.5296875 0.09921875 0.0859375 0.0875
3 0.12109375 0.9265625 0.0953125 0.078125
3 0.39921875 0.76796875 0.0890625 0.0890625
3 0.3453125 0.4859375 0.0859375 0.0859375
3 0.53828125 0.1671875 0.08125 0.0828125
3 0.20390625 0.5890625 0.0921875 0.059375
3 0.93046875 0.5125 0.0828125 0.0828125
3 0.34140625 0.7046875 0.1046875 0.065625
3 0.11171875 0.31015625 0.09375 0.09375
3 0.40859375 0.61875 0.0859375 0.084375
3 0.15 0.85703125 0.0796875 0.08125
3 0.25234375 0.1375 0.084375 0.084375
3 0.33828125 0.1203125 0.1140625 0.078125