3 0.8234375 0.18203125 0.065625 0.1078125
3 0.509375 0.75546875 0.090625 0.090625
3 0.1265625 0.92578125 0.0890625 0.0890625
3 0.38046875 0.8265625 0.0875 0.0875
0 0.2640625 0.75 0.103125 0.103125
3 0.9640625 0.6859375 0.071875 0.078125
3 0.275 0.440625 0.075 0.109375
3 0.8890625 0.4140625 0.090625 0.0890625
3 0.64140625 0.1078125 0.09375 0.0921875
3 0.8546875 0.68828125 0.0875 0.0859375
3 0.79765625 0.9203125 0.0796875 0.103125
3 0.0375 0.3515625 0.071875 0.103125
3 0.75703125 0.4890625 0.0890625 0.0875
3 0.9078125 0.53046875 0.075 0.075
3 0.8125 0.3375 0.06875 0.08125
3 0.18984375 0.29375 0.090625 0.090625
3 0.26171875 0.84375 0.0875 0.0875
3 0.64609375 0.2046875 0.0875 0.0859375
3 0.078125 0.71640625 0.0625 0.0953125
3 0.621875 0.490625 0.08125 0.08125
3 0.13203125 0.58671875 0.090625 0.090625
3 0.9109375 0.76640625 0.08125 0.1125
3 0.83125 0.0953125 0.084375 0.084375
3 0.07578125 0.23515625 0.0875 0.0875
3 0.6265625 0.69765625 0.0890625 0.0890625
3 0.7609375 0.69921875 0.0921875 0.090625
3 0.55 0.5671875 0.08125 0.10625
3 0.734375 0.86796875 0.071875 0.0984375
3 0.5421875 0.87890625 0.0875 0.0859375
3 0.09921875 0.4703125 0.0640625 0.109375
3 0.9265625 0.87890625 0.0875 0.0875
3 0.76796875 0.60078125 0.0890625 0.0890625
3 0.4859375 0.6546875 0.0859375 0.0859375
3 0.1671875 0.46171875 0.0828125 0.08125
3 0.5890625 0.79609375 0.059375 0.0921875
3 0.5125 0.06953125 0.0875 0.078125
3 0.7046875 0.65859375 0.065625 0.1046875
3 0.31015625 0.88828125 0.0671875 0.1203125
3 0.61875 0.59140625 0.084375 0.0859375
3 0.85703125 0.85 0.0671875 0.09375
3 0.1375 0.74765625 0.06875 0.1
3 0.1203125 0.66171875 0.096875 0.096875