3 0.7140625 0.15234375 0.084375 0.065625
4 0.89375 0.63984375 0.0921875 0.0921875
4 0.3140625 0.20234375 0.090625 0.0890625
3 0.703125 0.60390625 0.0734375 0.071875
3 0.7140625 0.246875 0.096875 0.06875
3 0.83046875 0.44921875 0.0921875 0.0703125
3 0.6234375 0.65390625 0.09375 0.0703125
3 0.875 0.3140625 0.0765625 0.0765625
3 0.73046875 0.94296875 0.075 0.075
3 0.50390625 0.959375 0.0828125 0.0625
3 0.82578125 0.7625 0.0984375 0.071875
3 0.80703125 0.35625 0.084375 0.0625
3 0.48359375 0.7953125 0.0859375 0.06875
3 0.553125 0.3671875 0.071875 0.071875
3 0.1578125 0.65703125 0.0859375 0.0875
3 0.38125 0.903125 0.08125 0.0625
3 0.87109375 0.83359375 0.075 0.075
3 0.41484375 0.51484375 0.0890625 0.0703125
3 0.059375 0.28125 0.0875 0.0625
3 0.54921875 0.4640625 0.0765625 0.075
3 0.625 0.9578125 0.0734375 0.0734375
3 0.2625 0.52265625 0.0875 0.0671875
3 0.1234375 0.75078125 0.090625 0.0703125
3 0.31953125 0.715625 0.0828125 0.0625
3 0.3015625 0.65625 0.096875 0.0625
3 0.10703125 0.56328125 0.1046875 0.0640625
3 0.1609375 0.4953125 0.090625 0.071875
3 0.35390625 0.075 0.08125 0.08125
3 0.56640625 0.7546875 0.0890625 0.065625
3 0.40859375 0.0421875 0.078125 0.078125
3 0.8859375 0.39375 0.09375 0.075
3 0.62421875 0.52421875 0.0859375 0.06875
3 0.4078125 0.190625 0.0875 0.06875
3 0.13125 0.19453125 0.08125 0.08125
3 0.9453125 0.15 0.0828125 0.084375
3 0.62578125 0.80546875 0.0890625 0.06875
3 0.22890625 0.915625 0.071875 0.071875
3 0.240625 0.23671875 0.0796875 0.0796875
3 0.53359375 0.21484375 0.084375 0.084375
3 0.334375 0.96015625 0.096875 0.0703125
3 0.4515625 0.32421875 0.0828125 0.08125
3 0.24375 0.3390625 0.084375 0.084375
3 0.4328125 0.22578125 0.08125 0.0796875
3 0.2921875 0.0765625 0.096875 0.08125
3 0.4125 0.3703125 0.08125 0.08125
3 0.40546875 0.278125 0.0984375 0.06875