3 0.79765625 0.153125 0.0828125 0.084375
4 0.503125 0.5078125 0.06875 0.06875
3 0.6796875 0.3296875 0.078125 0.05625
3 0.92734375 0.153125 0.0984375 0.071875
3 0.28125 0.8046875 0.08125 0.0796875
3 0.821875 0.54921875 0.090625 0.0671875
3 0.078125 0.26484375 0.0875 0.0734375
3 0.08203125 0.63203125 0.0890625 0.0796875
3 0.34609375 0.359375 0.0875 0.075
3 0.7765625 0.92109375 0.0734375 0.0734375
3 0.659375 0.7765625 0.075 0.059375
3 0.76953125 0.26640625 0.078125 0.078125
3 0.8796875 0.7703125 0.084375 0.065625
3 0.9171875 0.2734375 0.0875 0.071875
3 0.66796875 0.08046875 0.0765625 0.0765625
3 0.4703125 0.7625 0.078125 0.078125
3 0.63828125 0.671875 0.0828125 0.0625
3 0.41015625 0.90390625 0.084375 0.0671875
3 0.12265625 0.1796875 0.0859375 0.0875
3 0.38671875 0.51640625 0.0796875 0.0796875
3 0.42734375 0.4234375 0.078125 0.0765625
3 0.946875 0.0765625 0.08125 0.065625
3 0.8765625 0.4125 0.084375 0.075
3 0.2921875 0.4390625 0.065625 0.065625
3 0.140625 0.296875 0.08125 0.06875
3 0.20703125 0.51015625 0.0890625 0.071875
3 0.4953125 0.19609375 0.0875 0.075
3 0.3609375 0.465625 0.084375 0.065625
3 0.53203125 0.71328125 0.0859375 0.0859375
3 0.25859375 0.38515625 0.0734375 0.0734375
3 0.69296875 0.95390625 0.0859375 0.0609375
3 0.64921875 0.903125 0.0671875 0.05625
3 0.58046875 0.13359375 0.06875 0.06875
3 0.3390625 0.2421875 0.0734375 0.0734375
3 0.1484375 0.475 0.0875 0.06875
3 0.153125 0.6109375 0.08125 0.059375
3 0.3953125 0.57734375 0.065625 0.065625
3 0.87890625 0.33671875 0.0890625 0.0765625
3 0.89609375 0.04765625 0.071875 0.071875
3 0.85546875 0.66484375 0.08125 0.0828125
3 0.78046875 0.815625 0.059375 0.0578125
3 0.57734375 0.2296875 0.084375 0.0828125
3 0.44765625 0.34375 0.071875 0.0734375
3 0.95390625 0.88671875 0.06875 0.06875
3 0.665625 0.271875 0.06875 0.06875
3 0.12265625 0.7875 0.0921875 0.06875
3 0.759375 0.6625 0.06875 0.05625
3 0.31484375 0.871875 0.075 0.075
3 0.91953125 0.709375 0.078125 0.05625
3 0.85234375 0.628125 0.071875 0.065625
3 0.8046875 0.7578125 0.071875 0.071875
3 0.9328125 0.44375 0.084375 0.0625
3 0.39609375 0.18828125 0.071875 0.0578125
3 0.8 0.60859375 0.075 0.0765625
3 0.75546875 0.7140625 0.0640625 0.065625
3 0.9421875 0.6546875 0.071875 0.053125
3 0.50859375 0.12265625 0.0765625 0.0703125
3 0.60859375 0.7359375 0.05625 0.0578125
3 0.80390625 0.28671875 0.071875 0.071875
3 0.55546875 0.95 0.0828125 0.0625
3 0.04765625 0.746875 0.0640625 0.0640625
3 0.72421875 0.88828125 0.0734375 0.0578125
3 0.45859375 0.06875 0.071875 0.0625
3 0.5328125 0.334375 0.0640625 0.0640625
3 0.71640625 0.559375 0.0734375 0.071875
0 0.60859375 0.19453125 0.065625 0.065625
3 0.4234375 0.8234375 0.0734375 0.0734375
3 0.60546875 0.56484375 0.0765625 0.0578125
0 0.21484375 0.16875 0.1046875 0.090625
3 0.0859375 0.4453125 0.071875 0.046875
3 0.49921875 0.61875 0.06875 0.0703125
3 0.44921875 0.1234375 0.065625 0.0625
3 0.7203125 0.6453125 0.0765625 0.0765625
3 0.95625 0.7765625 0.0640625 0.0640625
3 0.86015625 0.8859375 0.084375 0.065625
3 0.3515625 0.2984375 0.0625 0.0625
3 0.696875 0.546875 0.071875 0.071875
3 0.5359375 0.853125 0.065625 0.065625
3 0.14765625 0.825 0.0765625 0.05625
3 0.28046875 0.09375 0.059375 0.059375
3 0.47421875 0.8484375 0.065625 0.0671875
3 0.56484375 0.6484375 0.0796875 0.053125
3 0.35078125 0.04765625 0.05625 0.05625
3 0.41328125 0.6546875 0.0609375 0.0609375
3 0.5296875 0.4125 0.071875 0.071875
3 0.20703125 0.43359375 0.065625 0.065625
3 0.05234375 0.88828125 0.0640625 0.0640625
3 0.09609375 0.85234375 0.059375 0.059375
3 0.40390625 0.60703125 0.0671875 0.0515625
3 0.53046875 0.18984375 0.065625 0.065625
3 0.59609375 0.63125 0.0796875 0.05625
3 0.55703125 0.60078125 0.06875 0.06875
6 0.55859375 0.37265625 0.0796875 0.0796875
3 0.4859375 0.30625 0.075 0.06875
3 0.45390625 0.31640625 0.075 0.0546875
3 0.50234375 0.44140625 0.05625 0.05625
3 0.7609375 0.0421875 0.0609375 0.0609375
3 0.0484375 0.5 0.05625 0.053125
3 0.38515625 0.7921875 0.0859375 0.071875
3 0.65546875 0.5890625 0.059375 0.053125
3 0.7109375 0.246875 0.06875 0.05
3 0.3859375 0.846875 0.071875 0.04375