3 0.846875 0.79765625 0.071875 0.0953125
4 0.4921875 0.503125 0.06875 0.06875
3 0.6703125 0.6796875 0.05625 0.078125
3 0.846875 0.92734375 0.071875 0.0984375
3 0.1953125 0.28125 0.071875 0.0875
3 0.45078125 0.821875 0.0671875 0.090625
3 0.73515625 0.078125 0.0734375 0.0875
3 0.36796875 0.08203125 0.084375 0.084375
3 0.640625 0.34609375 0.08125 0.08125
3 0.07890625 0.7765625 0.0734375 0.0734375
3 0.2234375 0.659375 0.0671875 0.0671875
3 0.73359375 0.76953125 0.078125 0.078125
3 0.2296875 0.8796875 0.065625 0.084375
3 0.7265625 0.9171875 0.0796875 0.0796875
3 0.91953125 0.66796875 0.0765625 0.0765625
3 0.2375 0.4703125 0.078125 0.078125
3 0.328125 0.63828125 0.0625 0.0828125
3 0.09609375 0.41015625 0.075 0.075
3 0.8203125 0.12265625 0.071875 0.1015625
3 0.48359375 0.38671875 0.0671875 0.0921875
3 0.5765625 0.42734375 0.071875 0.0828125
3 0.9234375 0.946875 0.0734375 0.0734375
3 0.5875 0.8765625 0.0796875 0.0796875
3 0.5609375 0.2921875 0.05625 0.075
3 0.703125 0.140625 0.0703125 0.08125
3 0.48984375 0.20703125 0.08125 0.08125
3 0.80390625 0.4953125 0.075 0.0875
3 0.534375 0.3609375 0.075 0.075
3 0.28671875 0.53203125 0.0859375 0.0859375
3 0.61484375 0.25859375 0.0609375 0.0859375
3 0.04609375 0.69296875 0.0609375 0.0859375
3 0.096875 0.64921875 0.05625 0.0671875
3 0.86640625 0.58046875 0.0609375 0.0765625
3 0.7578125 0.3390625 0.0734375 0.0734375
3 0.525 0.1484375 0.078125 0.078125
3 0.3890625 0.153125 0.059375 0.08125
3 0.42265625 0.3953125 0.065625 0.065625
3 0.66328125 0.87890625 0.0828125 0.0828125
3 0.95234375 0.89609375 0.071875 0.071875
3 0.33515625 0.85546875 0.08125 0.08125
3 0.184375 0.78046875 0.0578125 0.059375
3 0.7703125 0.57734375 0.0828125 0.084375
3 0.65625 0.44765625 0.0734375 0.071875
3 0.11328125 0.95390625 0.0578125 0.0796875
3 0.728125 0.665625 0.0625 0.075
3 0.2125 0.12265625 0.06875 0.0921875
3 0.3375 0.759375 0.0625 0.0625
3 0.128125 0.31484375 0.075 0.0765625
3 0.290625 0.91953125 0.05625 0.078125
3 0.371875 0.85234375 0.06875 0.06875
3 0.2421875 0.8046875 0.06875 0.075
3 0.55625 0.9328125 0.075 0.071875
3 0.81171875 0.39609375 0.0640625 0.065625
3 0.39140625 0.8 0.0765625 0.075
3 0.2859375 0.75546875 0.065625 0.0640625
3 0.3453125 0.9421875 0.0625 0.0625
3 0.87734375 0.50859375 0.0703125 0.0765625
3 0.2640625 0.60859375 0.0578125 0.05625
3 0.71328125 0.80390625 0.0640625 0.078125
3 0.05 0.55546875 0.0734375 0.0734375
3 0.253125 0.04765625 0.05625 0.071875
3 0.11171875 0.72421875 0.0578125 0.0734375
3 0.93125 0.45859375 0.0671875 0.0671875
3 0.665625 0.5328125 0.05625 0.071875
3 0.440625 0.71640625 0.071875 0.071875
0 0.80546875 0.60859375 0.065625 0.065625
3 0.1765625 0.4234375 0.0734375 0.0734375
3 0.43515625 0.60546875 0.0671875 0.0671875
0 0.83125 0.21484375 0.0984375 0.0984375
3 0.5546875 0.0859375 0.059375 0.059375
3 0.38125 0.49921875 0.0625 0.0765625
3 0.8765625 0.44921875 0.0640625 0.0640625
3 0.3546875 0.7203125 0.0765625 0.0765625
3 0.2234375 0.95625 0.05625 0.071875
3 0.1140625 0.86015625 0.065625 0.084375
3 0.7015625 0.3515625 0.0625 0.0625
3 0.453125 0.696875 0.071875 0.071875
3 0.146875 0.5359375 0.05625 0.075
3 0.175 0.14765625 0.065625 0.065625
3 0.90625 0.28046875 0.059375 0.059375
3 0.1515625 0.47421875 0.059375 0.0734375
3 0.3515625 0.56484375 0.065625 0.0671875
3 0.95234375 0.35078125 0.05625 0.05625
3 0.3453125 0.41328125 0.0609375 0.0609375
3 0.5875 0.5296875 0.05625 0.0875
3 0.56640625 0.20703125 0.059375 0.071875
3 0.11171875 0.05234375 0.0640625 0.0640625
3 0.14765625 0.09609375 0.059375 0.0609375
3 0.39296875 0.40390625 0.059375 0.059375
3 0.81015625 0.53046875 0.065625 0.065625
3 0.36875 0.59609375 0.05625 0.0796875
3 0.39921875 0.55703125 0.0640625 0.0734375
6 0.62734375 0.55859375 0.0609375 0.0984375
3 0.69375 0.4859375 0.06875 0.075
3 0.68359375 0.45390625 0.0546875 0.075
3 0.55859375 0.50234375 0.05625 0.05625
3 0.9578125 0.7609375 0.0625 0.0609375
3 0.5 0.0484375 0.0546875 0.0546875
3 0.2078125 0.38515625 0.071875 0.0859375
3 0.4109375 0.65546875 0.053125 0.059375
3 0.753125 0.7109375 0.059375 0.059375
3 0.153125 0.3859375 0.0578125 0.0578125