3 0.20234375 0.153125 0.0828125 0.084375
4 0.496875 0.5078125 0.06875 0.06875
3 0.3203125 0.3296875 0.078125 0.05625
3 0.07265625 0.153125 0.0984375 0.071875
3 0.71875 0.8046875 0.0875 0.071875
3 0.178125 0.54921875 0.090625 0.0671875
3 0.921875 0.26484375 0.0875 0.0734375
3 0.91796875 0.63203125 0.0890625 0.0796875
3 0.65390625 0.359375 0.0875 0.075
3 0.2234375 0.92109375 0.0734375 0.0734375
3 0.340625 0.7765625 0.075 0.059375
3 0.23046875 0.26640625 0.0828125 0.0734375
3 0.1203125 0.7703125 0.084375 0.065625
3 0.0828125 0.2734375 0.0796875 0.08125
3 0.33203125 0.08046875 0.0765625 0.0765625
3 0.5296875 0.7625 0.0875 0.06875
3 0.36171875 0.671875 0.071875 0.071875
3 0.58984375 0.90390625 0.084375 0.0671875
3 0.87734375 0.1796875 0.0859375 0.0875
3 0.61328125 0.51640625 0.0796875 0.0796875
3 0.57265625 0.4234375 0.0828125 0.071875
3 0.053125 0.0765625 0.08125 0.065625
3 0.1234375 0.4125 0.084375 0.075
3 0.7078125 0.4390625 0.075 0.05625
3 0.859375 0.296875 0.08125 0.06875
3 0.79296875 0.51015625 0.0890625 0.071875
3 0.5046875 0.19609375 0.0875 0.075
3 0.6390625 0.465625 0.075 0.075
3 0.46796875 0.71328125 0.0859375 0.0859375
3 0.74140625 0.38515625 0.0859375 0.0609375
3 0.30703125 0.95390625 0.0734375 0.0734375
3 0.35078125 0.903125 0.0671875 0.05625
3 0.41953125 0.13359375 0.0765625 0.0609375
3 0.6609375 0.2421875 0.0734375 0.0734375
3 0.8515625 0.475 0.078125 0.078125
3 0.846875 0.6109375 0.08125 0.059375
3 0.6046875 0.57734375 0.078125 0.0515625
3 0.12109375 0.33671875 0.0890625 0.0765625
3 0.10390625 0.04765625 0.071875 0.071875
3 0.14453125 0.66484375 0.0890625 0.075
3 0.21953125 0.815625 0.0671875 0.05
3 0.42265625 0.2296875 0.0984375 0.06875
3 0.55234375 0.34375 0.071875 0.0734375
3 0.04609375 0.88671875 0.06875 0.06875
3 0.334375 0.271875 0.06875 0.06875
3 0.87734375 0.7875 0.08125 0.0796875
3 0.240625 0.6625 0.0625 0.0625
3 0.68515625 0.871875 0.0828125 0.06875
3 0.08046875 0.709375 0.078125 0.05625
3 0.14765625 0.628125 0.06875 0.06875
3 0.1953125 0.7578125 0.071875 0.071875
3 0.0671875 0.44375 0.0734375 0.0734375
3 0.60390625 0.18828125 0.065625 0.0640625
3 0.2 0.60859375 0.0875 0.0640625
3 0.24453125 0.7140625 0.0765625 0.053125
3 0.0578125 0.6546875 0.071875 0.053125
3 0.49140625 0.12265625 0.0765625 0.0703125
3 0.39140625 0.7359375 0.05625 0.0578125
3 0.19609375 0.28671875 0.078125 0.0640625
3 0.44453125 0.95 0.0734375 0.0734375
3 0.95234375 0.746875 0.0640625 0.0640625
3 0.27578125 0.88828125 0.065625 0.065625
3 0.54140625 0.06875 0.0671875 0.0671875
3 0.4671875 0.334375 0.0640625 0.0640625
3 0.28359375 0.559375 0.071875 0.071875
0 0.39140625 0.19453125 0.0640625 0.0671875
3 0.5765625 0.8234375 0.0875 0.059375
3 0.39453125 0.56484375 0.0765625 0.0578125
0 0.78515625 0.16875 0.0984375 0.0984375
3 0.9140625 0.4453125 0.059375 0.059375
3 0.50078125 0.61875 0.0765625 0.0625
3 0.55078125 0.1234375 0.065625 0.0625
3 0.2796875 0.6453125 0.0765625 0.075
3 0.04375 0.7765625 0.0640625 0.0640625
3 0.13984375 0.8859375 0.075 0.075
3 0.6484375 0.2984375 0.0625 0.0625
3 0.303125 0.546875 0.071875 0.071875
3 0.4640625 0.853125 0.065625 0.065625
3 0.85234375 0.825 0.065625 0.065625
3 0.71953125 0.09375 0.059375 0.059375
3 0.52578125 0.8484375 0.065625 0.0671875
3 0.43515625 0.6484375 0.0671875 0.065625
3 0.64921875 0.04765625 0.05625 0.05625
3 0.58671875 0.6546875 0.0625 0.059375
3 0.4703125 0.4125 0.0875 0.05625
3 0.79296875 0.43359375 0.071875 0.059375
3 0.94765625 0.88828125 0.0671875 0.0609375
3 0.90390625 0.85234375 0.059375 0.059375
3 0.59609375 0.60703125 0.059375 0.059375
3 0.46953125 0.18984375 0.065625 0.065625
3 0.40390625 0.63125 0.06875 0.06875
3 0.44296875 0.60078125 0.06875 0.06875
6 0.44140625 0.37265625 0.0796875 0.0796875
3 0.5140625 0.30625 0.075 0.06875
3 0.54609375 0.31640625 0.075 0.0546875
3 0.49765625 0.44140625 0.0625 0.05
3 0.2390625 0.0421875 0.0609375 0.0625
3 0.9515625 0.5 0.05625 0.053125
3 0.61484375 0.7921875 0.078125 0.078125
3 0.34453125 0.5890625 0.05625 0.05625
3 0.2890625 0.246875 0.06875 0.05
3 0.6140625 0.846875 0.071875 0.04375