3 0.821875 0.57578125 0.0796875 0.078125
3 0.340625 0.7734375 0.096875 0.08125
3 0.15234375 0.096875 0.078125 0.078125
3 0.5015625 0.4203125 0.096875 0.0875
3 0.128125 0.20234375 0.09375 0.09375
3 0.4421875 0.1171875 0.084375 0.084375
3 0.56796875 0.95390625 0.103125 0.0765625
3 0.6234375 0.41875 0.090625 0.06875
3 0.7078125 0.55 0.0859375 0.0859375
3 0.15546875 0.4890625 0.1078125 0.078125
3 0.0828125 0.35 0.0890625 0.0890625
3 0.31015625 0.17890625 0.1015625 0.0734375
3 0.18828125 0.2890625 0.096875 0.0984375
3 0.325 0.4125 0.0875 0.0890625
3 0.94765625 0.06328125 0.08125 0.08125
3 0.4546875 0.953125 0.08125 0.08125
3 0.1703125 0.7578125 0.084375 0.084375
3 0.6765625 0.32734375 0.09375 0.09375
3 0.059375 0.4484375 0.09375 0.071875
3 0.82890625 0.2171875 0.0796875 0.0796875
3 0.8546875 0.90078125 0.09375 0.09375
3 0.09765625 0.63046875 0.0953125 0.0953125
3 0.865625 0.6875 0.0921875 0.0921875
3 0.67734375 0.7828125 0.0890625 0.071875
3 0.24765625 0.10859375 0.1078125 0.0828125
3 0.71171875 0.44921875 0.1046875 0.0796875
3 0.3515625 0.94609375 0.090625 0.090625
3 0.04921875 0.1546875 0.096875 0.071875
3 0.41171875 0.39296875 0.08125 0.08125
3 0.75625 0.396875 0.09375 0.08125
3 0.39140625 0.3203125 0.084375 0.084375
3 0.7171875 0.14375 0.0828125 0.0828125
3 0.55625 0.13515625 0.0875 0.0875
3 0.4578125 0.1640625 0.0875 0.0875
3 0.76796875 0.7796875 0.09375 0.0921875
3 0.5296875 0.6890625 0.0921875 0.0921875
3 0.5453125 0.515625 0.10625 0.059375
0 0.70546875 0.6546875 0.125 0.096875
3 0.765625 0.87265625 0.09375 0.071875