3 0.178125 0.42421875 0.090625 0.0671875
3 0.659375 0.2265625 0.0890625 0.0890625
3 0.84765625 0.903125 0.0859375 0.071875
3 0.4984375 0.5796875 0.096875 0.0875
3 0.871875 0.79765625 0.09375 0.09375
3 0.5578125 0.8828125 0.090625 0.078125
3 0.43203125 0.04609375 0.090625 0.090625
3 0.3765625 0.58125 0.090625 0.06875
3 0.2921875 0.45 0.0859375 0.0859375
3 0.84453125 0.5109375 0.09375 0.09375
3 0.9171875 0.65 0.096875 0.08125
3 0.68984375 0.82109375 0.1015625 0.0734375
3 0.81171875 0.7109375 0.1078125 0.0875
3 0.675 0.5875 0.1 0.078125
3 0.05234375 0.93671875 0.090625 0.0703125
3 0.5453125 0.046875 0.08125 0.08125
3 0.8296875 0.2421875 0.084375 0.084375
3 0.3234375 0.67265625 0.109375 0.078125
3 0.940625 0.5515625 0.0828125 0.084375
3 0.17109375 0.7828125 0.0796875 0.0796875
3 0.1453125 0.09921875 0.09375 0.09375
3 0.90234375 0.36953125 0.0953125 0.0953125
3 0.134375 0.3125 0.0921875 0.0921875
3 0.32265625 0.2171875 0.0796875 0.08125
3 0.75234375 0.89140625 0.0953125 0.0953125
3 0.28828125 0.55078125 0.0921875 0.0921875
3 0.6484375 0.05390625 0.103125 0.0796875
3 0.95078125 0.8453125 0.096875 0.071875
3 0.58828125 0.60703125 0.08125 0.08125
3 0.24375 0.603125 0.0875 0.0875
3 0.60859375 0.6796875 0.0953125 0.071875
3 0.2828125 0.85625 0.0828125 0.0828125
3 0.44375 0.86484375 0.0875 0.0890625
3 0.5421875 0.8359375 0.0875 0.0875
3 0.23203125 0.2203125 0.09375 0.0921875
3 0.4703125 0.3109375 0.0921875 0.0921875
3 0.4546875 0.484375 0.10625 0.059375
0 0.29453125 0.3453125 0.125 0.096875
3 0.234375 0.12734375 0.0828125 0.0828125