3 0.95078125 0.725 0.090625 0.090625
3 0.5734375 0.7359375 0.0828125 0.0828125
3 0.37890625 0.928125 0.096875 0.096875
3 0.09375 0.7234375 0.0890625 0.109375
3 0.37421875 0.76953125 0.1 0.1
3 0.82265625 0.18984375 0.078125 0.1203125
3 0.93125 0.58203125 0.075 0.1109375
3 0.5953125 0.33671875 0.0953125 0.096875
3 0.43359375 0.31328125 0.078125 0.1046875
3 0.4265625 0.16328125 0.078125 0.1109375
3 0.315625 0.34453125 0.0875 0.0890625
3 0.1421875 0.3234375 0.09375 0.09375
3 0.06640625 0.23125 0.0890625 0.0890625