3 0.3703125 0.09375 0.096875 0.071875
3 0.31484375 0.35859375 0.090625 0.090625
3 0.659375 0.6484375 0.0859375 0.0859375
3 0.7625 0.66875 0.084375 0.084375
3 0.7328125 0.21171875 0.0890625 0.090625
3 0.19296875 0.3703125 0.0859375 0.084375
3 0.1671875 0.28046875 0.0765625 0.078125
3 0.25234375 0.7703125 0.096875 0.0734375
3 0.92421875 0.8921875 0.0859375 0.0859375
3 0.77890625 0.95390625 0.0953125 0.0921875
3 0.15078125 0.76640625 0.0921875 0.078125
3 0.93671875 0.259375 0.0828125 0.0828125
3 0.8328125 0.078125 0.084375 0.075
3 0.61953125 0.37265625 0.078125 0.078125
3 0.59453125 0.9078125 0.1046875 0.071875
3 0.5171875 0.79140625 0.121875 0.0765625
3 0.70546875 0.8046875 0.0890625 0.078125
3 0.5328125 0.890625 0.103125 0.06875
3 0.21796875 0.4046875 0.0890625 0.078125
3 0.90703125 0.8171875 0.0984375 0.06875
3 0.11875 0.5 0.096875 0.065625
3 0.1609375 0.6703125 0.103125 0.075
3 0.85546875 0.92109375 0.0984375 0.0765625
3 0.20078125 0.1828125 0.0890625 0.078125
3 0.22265625 0.49921875 0.08125 0.08125
3 0.87890625 0.55546875 0.09375 0.09375
3 0.3359375 0.4671875 0.103125 0.078125
3 0.7859375 0.14609375 0.090625 0.090625
3 0.840625 0.378125 0.0890625 0.0890625
3 0.13359375 0.565625 0.1 0.06875
3 0.328125 0.925 0.096875 0.08125
3 0.7828125 0.5640625 0.0796875 0.0796875
3 0.24765625 0.078125 0.096875 0.075
3 0.46328125 0.4890625 0.084375 0.071875
3 0.8828125 0.12421875 0.0828125 0.08125
3 0.11953125 0.8046875 0.0921875 0.078125
3 0.94609375 0.7484375 0.0828125 0.0875
3 0.084375 0.90859375 0.08125 0.0828125
3 0.31171875 0.7296875 0.0859375 0.084375
3 0.93515625 0.50390625 0.0765625 0.078125
3 0.896875 0.62890625 0.103125 0.0640625
3 0.290625 0.1984375 0.090625 0.078125
3 0.15390625 0.8703125 0.0875 0.0875
3 0.3703125 0.1671875 0.09375 0.075
3 0.77578125 0.8453125 0.0765625 0.0765625
3 0.6296875 0.33046875 0.1 0.06875
3 0.2484375 0.6265625 0.0734375 0.0734375
3 0.35625 0.19765625 0.109375 0.0734375
3 0.65546875 0.96171875 0.0984375 0.0765625
3 0.3890625 0.2640625 0.08125 0.0796875
3 0.20078125 0.6875 0.090625 0.090625
5 0.31171875 0.675 0.121875 0.0875
3 0.25390625 0.2625 0.090625 0.0625
3 0.04765625 0.59140625 0.084375 0.084375
3 0.86328125 0.796875 0.103125 0.084375
3 0.08515625 0.1515625 0.0875 0.0890625
3 0.4296875 0.26171875 0.090625 0.0640625
3 0.0734375 0.13203125 0.0828125 0.08125