3 0.23671875 0.9109375 0.084375 0.0625
3 0.89609375 0.621875 0.075 0.075
3 0.828125 0.46171875 0.075 0.075
3 0.70234375 0.73515625 0.075 0.075
3 0.76640625 0.33203125 0.0875 0.0578125
3 0.17265625 0.7140625 0.08125 0.08125
3 0.2796875 0.3109375 0.090625 0.065625
3 0.14453125 0.2296875 0.075 0.075
3 0.3546875 0.71015625 0.0765625 0.078125
3 0.609375 0.2625 0.0734375 0.0734375
3 0.1515625 0.05625 0.071875 0.071875
3 0.08671875 0.83125 0.1015625 0.0625
3 0.8453125 0.9359375 0.0828125 0.0828125
3 0.88984375 0.32890625 0.0875 0.0859375
3 0.56171875 0.06953125 0.0890625 0.0625
3 0.6671875 0.8015625 0.0875 0.05625
3 0.62421875 0.421875 0.0921875 0.071875
3 0.5734375 0.6234375 0.090625 0.065625
3 0.53515625 0.41015625 0.078125 0.078125
3 0.07890625 0.59140625 0.0890625 0.0703125
3 0.65078125 0.05078125 0.0734375 0.0734375
3 0.54375 0.7734375 0.0875 0.0625
3 0.60859375 0.5765625 0.08125 0.08125
3 0.36640625 0.08125 0.0765625 0.0765625
3 0.19921875 0.27421875 0.084375 0.084375
3 0.6890625 0.259375 0.084375 0.06875
3 0.83359375 0.178125 0.0828125 0.05625
3 0.528125 0.859375 0.065625 0.0625
3 0.50703125 0.49375 0.075 0.075
3 0.4859375 0.35625 0.0921875 0.0921875
3 0.23515625 0.103125 0.0734375 0.078125
3 0.80234375 0.85390625 0.0796875 0.0796875
3 0.0859375 0.8890625 0.084375 0.05625
3 0.38359375 0.5171875 0.0828125 0.08125
3 0.36484375 0.2859375 0.075 0.075
3 0.18203125 0.859375 0.08125 0.08125
3 0.40703125 0.41875 0.0890625 0.05625
3 0.103125 0.49296875 0.06875 0.06875
3 0.5296875 0.91796875 0.084375 0.0578125
3 0.84140625 0.55078125 0.0640625 0.0640625
3 0.52734375 0.5484375 0.0953125 0.059375
1 0.41484375 0.18515625 0.1046875 0.0796875
3 0.09921875 0.775 0.0703125 0.06875
3 0.871875 0.875 0.08125 0.05625
3 0.1453125 0.53359375 0.090625 0.065625
3 0.46328125 0.8859375 0.071875 0.071875
3 0.34453125 0.36875 0.0765625 0.078125
3 0.30078125 0.10859375 0.078125 0.0515625
3 0.8796875 0.43515625 0.065625 0.0671875
3 0.26484375 0.490625 0.0859375 0.0625
3 0.62578125 0.7265625 0.0859375 0.065625
3 0.184375 0.4625 0.075 0.05
3 0.1109375 0.13984375 0.0625 0.0640625
3 0.43671875 0.74140625 0.075 0.075
3 0.68203125 0.503125 0.0953125 0.0625
3 0.85234375 0.26796875 0.0625 0.0625
3 0.74609375 0.9125 0.0734375 0.071875
6 0.91484375 0.815625 0.109375 0.0625
3 0.89609375 0.76484375 0.1046875 0.0734375
6 0.20546875 0.415625 0.0875 0.0875
3 0.68359375 0.540625 0.0671875 0.065625
3 0.34765625 0.1546875 0.0703125 0.053125
3 0.809375 0.396875 0.0625 0.0625
3 0.79453125 0.28046875 0.0625 0.0578125
3 0.23515625 0.81640625 0.0796875 0.078125
3 0.06328125 0.37578125 0.0765625 0.0765625
3 0.0390625 0.12734375 0.075 0.0578125
3 0.07890625 0.10546875 0.1046875 0.0515625
3 0.28203125 0.046875 0.0875 0.05625
3 0.85078125 0.80390625 0.06875 0.06875
3 0.23828125 0.3859375 0.0890625 0.04375
3 0.715625 0.5890625 0.134375 0.05625
3 0.2359375 0.453125 0.059375 0.059375