3 0.76328125 0.0890625 0.084375 0.0625
3 0.10390625 0.378125 0.0859375 0.0625
3 0.171875 0.53828125 0.075 0.075
3 0.29765625 0.26484375 0.0796875 0.071875
3 0.23359375 0.66796875 0.0875 0.0578125
3 0.82734375 0.2859375 0.0921875 0.06875
3 0.7203125 0.6890625 0.090625 0.065625
3 0.85546875 0.7703125 0.075 0.075
3 0.6453125 0.28984375 0.096875 0.0578125
3 0.390625 0.7375 0.084375 0.0625
3 0.8484375 0.94375 0.08125 0.0625
3 0.91328125 0.16875 0.1015625 0.0625
3 0.1546875 0.0640625 0.09375 0.071875
3 0.11015625 0.67109375 0.1 0.0734375
3 0.43828125 0.93046875 0.075 0.075
3 0.3328125 0.1984375 0.0875 0.05625
3 0.37578125 0.578125 0.08125 0.08125
3 0.4265625 0.3765625 0.078125 0.078125
3 0.46484375 0.58984375 0.0859375 0.06875
3 0.92109375 0.40859375 0.0890625 0.0703125
3 0.34921875 0.94921875 0.0828125 0.0640625
3 0.45625 0.2265625 0.075 0.075
3 0.39140625 0.4234375 0.08125 0.08125
3 0.63359375 0.91875 0.0765625 0.0765625
3 0.80078125 0.72578125 0.084375 0.084375
3 0.3109375 0.740625 0.084375 0.06875
3 0.16640625 0.821875 0.0703125 0.0703125
3 0.471875 0.140625 0.065625 0.0625
3 0.49296875 0.50625 0.075 0.075
3 0.5140625 0.64375 0.096875 0.0875
3 0.76484375 0.896875 0.0765625 0.0765625
3 0.19765625 0.14609375 0.0796875 0.0796875
3 0.9140625 0.1109375 0.0703125 0.0703125
3 0.61640625 0.4828125 0.0828125 0.08125
3 0.63515625 0.7140625 0.075 0.075
3 0.81796875 0.140625 0.0921875 0.06875
3 0.59296875 0.58125 0.071875 0.0734375
3 0.896875 0.50703125 0.06875 0.06875
3 0.4703125 0.08203125 0.084375 0.0578125
3 0.15859375 0.44921875 0.078125 0.05
3 0.47265625 0.4515625 0.0953125 0.059375
1 0.58515625 0.81484375 0.0921875 0.0921875
3 0.90078125 0.225 0.0765625 0.0625
3 0.128125 0.125 0.06875 0.06875
3 0.8546875 0.46640625 0.078125 0.078125
3 0.53671875 0.1140625 0.071875 0.071875
3 0.65546875 0.63125 0.0859375 0.06875
3 0.69921875 0.89140625 0.078125 0.0515625
3 0.1203125 0.56484375 0.065625 0.0671875
3 0.73515625 0.509375 0.075 0.075
3 0.37421875 0.2734375 0.0765625 0.075
3 0.815625 0.5375 0.075 0.05
3 0.8890625 0.86015625 0.0625 0.0640625
3 0.56328125 0.25859375 0.075 0.075
3 0.31796875 0.496875 0.0796875 0.078125
3 0.14765625 0.73203125 0.0625 0.0625
3 0.25390625 0.0875 0.0859375 0.059375
6 0.08515625 0.184375 0.0859375 0.0859375
3 0.10390625 0.23515625 0.1046875 0.0734375
6 0.79453125 0.584375 0.1171875 0.05625
3 0.31640625 0.459375 0.0765625 0.05625
3 0.65234375 0.8453125 0.0703125 0.053125
3 0.190625 0.603125 0.06875 0.05625
3 0.20546875 0.71953125 0.0625 0.0578125
3 0.76484375 0.18359375 0.0671875 0.090625
3 0.93671875 0.62421875 0.0765625 0.0765625
3 0.9609375 0.87265625 0.065625 0.065625
3 0.92109375 0.89453125 0.1046875 0.0515625
3 0.71796875 0.953125 0.071875 0.071875
3 0.14921875 0.19609375 0.06875 0.06875
3 0.76171875 0.6140625 0.0671875 0.065625
3 0.284375 0.4109375 0.0953125 0.0953125
3 0.7640625 0.546875 0.059375 0.059375