3 0.7078125 0.26796875 0.071875 0.0953125
3 0.8828125 0.55546875 0.075 0.0734375
3 0.721875 0.146875 0.071875 0.071875
3 0.096875 0.90390625 0.0625 0.0828125
3 0.58515625 0.5109375 0.0890625 0.0890625
3 0.6125 0.34765625 0.065625 0.0828125
3 0.20390625 0.25546875 0.0640625 0.0828125
3 0.6703125 0.72109375 0.06875 0.06875
3 0.6609375 0.49609375 0.059375 0.0828125
3 0.5234375 0.82734375 0.0625 0.0765625
3 0.9265625 0.07578125 0.078125 0.096875
3 0.44140625 0.79453125 0.0859375 0.0875
3 0.5453125 0.2921875 0.0796875 0.0796875
3 0.74140625 0.421875 0.0828125 0.1
3 0.6703125 0.40390625 0.065625 0.0890625
3 0.53203125 0.6375 0.0953125 0.0953125
3 0.921875 0.2125 0.075 0.075
3 0.871875 0.3984375 0.0828125 0.0828125
3 0.0890625 0.390625 0.0765625 0.0765625
3 0.040625 0.703125 0.0625 0.084375
3 0.4015625 0.86953125 0.08125 0.0796875
3 0.203125 0.54140625 0.08125 0.096875
3 0.40546875 0.05625 0.0796875 0.1
3 0.71953125 0.69296875 0.071875 0.071875
3 0.1 0.70078125 0.075 0.1
3 0.5765625 0.2125 0.071875 0.1
3 0.34453125 0.671875 0.078125 0.0765625
3 0.64453125 0.81171875 0.08125 0.08125
3 0.221875 0.7671875 0.05625 0.078125
3 0.2875 0.61796875 0.075 0.103125
3 0.58046875 0.78046875 0.0765625 0.0953125
3 0.80546875 0.83671875 0.075 0.075
3 0.4125 0.14609375 0.0765625 0.0890625
3 0.25625 0.8296875 0.06875 0.084375
3 0.1734375 0.87890625 0.08125 0.0796875
3 0.34609375 0.90234375 0.0640625 0.0796875
3 0.51640625 0.11796875 0.08125 0.0796875
3 0.340625 0.54375 0.1 0.1
3 0.2203125 0.89375 0.071875 0.103125
3 0.325 0.771875 0.0828125 0.0828125
3 0.721875 0.48828125 0.06875 0.0953125
3 0.3046875 0.76015625 0.071875 0.0765625
3 0.05390625 0.60859375 0.090625 0.090625
3 0.11796875 0.6171875 0.075 0.0734375
3 0.609375 0.0796875 0.08125 0.08125
3 0.80546875 0.35078125 0.0859375 0.1015625
3 0.1640625 0.70546875 0.071875 0.0953125
3 0.603125 0.9359375 0.06875 0.090625
3 0.63203125 0.178125 0.0765625 0.09375
3 0.83046875 0.49296875 0.0625 0.0765625
3 0.76796875 0.09609375 0.06875 0.0765625
3 0.08359375 0.31015625 0.0640625 0.0828125
3 0.28984375 0.3109375 0.08125 0.0796875
3 0.31015625 0.8765625 0.0859375 0.0859375
3 0.93671875 0.51328125 0.0765625 0.0765625
3 0.8203125 0.57578125 0.071875 0.0875
3 0.9625 0.2890625 0.06875 0.1
3 0.690625 0.56640625 0.065625 0.0640625
6 0.3421875 0.19140625 0.0828125 0.08125
3 0.23046875 0.94140625 0.071875 0.0984375
3 0.24140625 0.45234375 0.0796875 0.0796875
6 0.140625 0.075 0.075 0.11875
3 0.5015625 0.20859375 0.065625 0.1046875
3 0.04140625 0.165625 0.0640625 0.08125
3 0.3453125 0.27421875 0.0625 0.0765625
3 0.67265625 0.91015625 0.0734375 0.1046875
3 0.884375 0.7 0.08125 0.08125
3 0.9609375 0.553125 0.078125 0.084375
3 0.78828125 0.715625 0.0875 0.0875
3 0.809375 0.428125 0.0625 0.09375
3 0.5765625 0.915625 0.071875 0.1
3 0.08671875 0.5390625 0.0796875 0.078125
3 0.76171875 0.90078125 0.0640625 0.0734375
3 0.7421875 0.81796875 0.08125 0.08125
3 0.58046875 0.0609375 0.084375 0.084375
3 0.08515625 0.4875 0.071875 0.071875
3 0.0953125 0.23671875 0.075 0.103125
3 0.0390625 0.278125 0.065625 0.071875
2 0.40625 0.31171875 0.0796875 0.078125
3 0.134375 0.57265625 0.06875 0.0734375
3 0.684375 0.896875 0.071875 0.1
6 0.934375 0.39453125 0.109375 0.109375
6 0.90625 0.9046875 0.090625 0.090625
6 0.4671875 0.315625 0.08125 0.1125
3 0.2109375 0.48828125 0.08125 0.090625
6 0.8078125 0.640625 0.084375 0.1
3 0.2796875 0.39140625 0.0734375 0.0734375
3 0.46484375 0.17734375 0.065625 0.084375
3 0.7890625 0.590625 0.065625 0.0875
3 0.7375 0.6421875 0.0625 0.090625
3 0.7375 0.6078125 0.0765625 0.0765625
3 0.7484375 0.78828125 0.0765625 0.075
3 0.33828125 0.32578125 0.0578125 0.078125
3 0.375 0.19375 0.0796875 0.0796875
3 0.8453125 0.703125 0.059375 0.06875