3 0.93359375 0.4578125 0.078125 0.078125
3 0.3609375 0.290625 0.08125 0.08125
3 0.92265625 0.8578125 0.075 0.075
3 0.8984375 0.3609375 0.075 0.075
3 0.54375 0.07734375 0.0625 0.0859375
3 0.075 0.89296875 0.075 0.096875
3 0.3796875 0.80546875 0.0625 0.0890625
3 0.63125 0.4390625 0.0734375 0.0734375
3 0.45625 0.74140625 0.06875 0.0828125
3 0.31015625 0.34765625 0.0703125 0.0921875
3 0.259375 0.4171875 0.078125 0.078125
3 0.73984375 0.8328125 0.0609375 0.0875
3 0.078125 0.540625 0.065625 0.08125
3 0.71796875 0.7171875 0.0703125 0.084375
3 0.6671875 0.5109375 0.075 0.075
3 0.490625 0.89765625 0.06875 0.0921875
3 0.7578125 0.93515625 0.071875 0.0765625
3 0.8359375 0.353125 0.06875 0.096875
3 0.1328125 0.2515625 0.065625 0.09375
3 0.671875 0.31953125 0.0703125 0.071875
3 0.67890625 0.7984375 0.078125 0.078125
3 0.9515625 0.60234375 0.059375 0.0828125
3 0.4 0.57890625 0.0625 0.090625
3 0.22890625 0.215625 0.0671875 0.1
3 0.06640625 0.4078125 0.075 0.0734375
3 0.615625 0.93203125 0.0796875 0.078125
3 0.53046875 0.3203125 0.078125 0.0796875
3 0.7328125 0.46875 0.078125 0.078125
3 0.1078125 0.05234375 0.065625 0.0921875
3 0.70390625 0.60234375 0.0609375 0.1015625
3 0.3734375 0.41015625 0.08125 0.0828125
3 0.34140625 0.71484375 0.08125 0.08125
3 0.58203125 0.23359375 0.0734375 0.0734375
3 0.5921875 0.696875 0.065625 0.09375
3 0.2265625 0.73515625 0.075 0.075
3 0.146875 0.41640625 0.08125 0.08125
3 0.7953125 0.440625 0.075 0.0734375
3 0.28046875 0.5921875 0.078125 0.078125
3 0.6375 0.09140625 0.071875 0.0890625
3 0.11171875 0.64609375 0.0625 0.0828125
3 0.5828125 0.58046875 0.0828125 0.0828125
3 0.86015625 0.4359375 0.075 0.075
3 0.33046875 0.434375 0.065625 0.0640625
3 0.26640625 0.77734375 0.0734375 0.0734375
3 0.3546875 0.88671875 0.071875 0.0828125
3 0.0484375 0.640625 0.059375 0.0875
3 0.425 0.83828125 0.0625 0.0921875
3 0.746875 0.5765625 0.0625 0.096875
3 0.16015625 0.11796875 0.0625 0.0890625
3 0.43828125 0.6703125 0.065625 0.065625
3 0.8 0.06796875 0.0625 0.0625
3 0.7640625 0.3828125 0.065625 0.090625
3 0.50234375 0.415625 0.078125 0.0796875
3 0.96015625 0.27578125 0.0796875 0.0828125
3 0.359375 0.10390625 0.0625 0.0859375
3 0.80078125 0.53203125 0.0609375 0.0609375
3 0.19609375 0.4046875 0.0546875 0.103125
3 0.15234375 0.88046875 0.0609375 0.0734375
3 0.84765625 0.10390625 0.065625 0.1015625
3 0.70234375 0.9359375 0.0859375 0.0859375
3 0.5609375 0.52734375 0.06875 0.0703125
3 0.1796875 0.61875 0.065625 0.096875
4 0.51171875 0.66484375 0.0609375 0.0921875
4 0.546875 0.43046875 0.08125 0.08125
3 0.61171875 0.03671875 0.0640625 0.0640625