3 0.48671875 0.8703125 0.078125 0.078125
3 0.0671875 0.659375 0.065625 0.0875
3 0.5796875 0.0984375 0.084375 0.084375
3 0.603125 0.6078125 0.0625 0.0875
3 0.8578125 0.6328125 0.078125 0.078125
3 0.8359375 0.17890625 0.071875 0.0890625
3 0.7453125 0.196875 0.065625 0.075
3 0.23125 0.28828125 0.0671875 0.0671875
3 0.78671875 0.6734375 0.0640625 0.084375
3 0.778125 0.8734375 0.08125 0.08125
3 0.1609375 0.51484375 0.0796875 0.0796875
4 0.7203125 0.80859375 0.09375 0.09375
3 0.9234375 0.56796875 0.0765625 0.0765625
3 0.0890625 0.3140625 0.084375 0.103125
3 0.275 0.21640625 0.06875 0.06875
3 0.49453125 0.4859375 0.059375 0.078125
3 0.93359375 0.32421875 0.078125 0.078125
3 0.1765625 0.909375 0.065625 0.096875
3 0.9234375 0.15546875 0.06875 0.0859375
3 0.465625 0.1171875 0.0625 0.0875
3 0.684375 0.52421875 0.0890625 0.0875
3 0.471875 0.6859375 0.0765625 0.0765625
3 0.24453125 0.06015625 0.0640625 0.0921875
3 0.67890625 0.36796875 0.059375 0.084375
3 0.30390625 0.74296875 0.071875 0.071875
3 0.65078125 0.2828125 0.0796875 0.078125
3 0.25625 0.39140625 0.059375 0.1125
3 0.08203125 0.13828125 0.0671875 0.0796875
3 0.5171875 0.28359375 0.065625 0.0953125
3 0.103125 0.4265625 0.05625 0.078125
3 0.7515625 0.278125 0.078125 0.078125
3 0.40859375 0.07421875 0.0671875 0.1015625
3 0.75078125 0.053125 0.075 0.0734375
3 0.815625 0.27890625 0.0765625 0.0765625
3 0.74453125 0.62734375 0.0796875 0.0796875
3 0.2546875 0.634375 0.059375 0.10625
3 0.57890625 0.1796875 0.0609375 0.0875
3 0.6296875 0.828125 0.071875 0.096875
3 0.91484375 0.2390625 0.0703125 0.1
3 0.475 0.39453125 0.05625 0.1078125
3 0.1859375 0.415625 0.075 0.0875
3 0.72578125 0.32421875 0.0640625 0.0921875
3 0.0921875 0.94765625 0.084375 0.084375
3 0.8671875 0.86015625 0.059375 0.1140625
3 0.0359375 0.43984375 0.0625 0.0921875
3 0.18046875 0.36953125 0.0734375 0.0734375
3 0.06875 0.4703125 0.0625 0.0875
4 0.5796875 0.86484375 0.071875 0.1171875
3 0.2015625 0.58671875 0.078125 0.078125
3 0.90546875 0.04921875 0.071875 0.0984375