3 0.51328125 0.1296875 0.078125 0.078125
3 0.9328125 0.340625 0.0765625 0.0765625
3 0.4203125 0.9015625 0.071875 0.096875
3 0.396875 0.3921875 0.0625 0.0875
3 0.1421875 0.3671875 0.078125 0.078125
3 0.1640625 0.82109375 0.071875 0.0890625
3 0.2546875 0.803125 0.0703125 0.0703125
3 0.76875 0.71171875 0.0671875 0.0671875
3 0.21328125 0.3265625 0.075 0.0734375
3 0.221875 0.1265625 0.06875 0.09375
3 0.8390625 0.48515625 0.0796875 0.0796875
4 0.2796875 0.19140625 0.071875 0.1140625
3 0.0765625 0.43203125 0.06875 0.0859375
3 0.9109375 0.6859375 0.09375 0.09375
3 0.725 0.78359375 0.0625 0.075
3 0.50546875 0.5140625 0.06875 0.06875
3 0.06640625 0.67578125 0.071875 0.084375
3 0.8234375 0.090625 0.065625 0.096875
3 0.0765625 0.84453125 0.06875 0.0859375
3 0.534375 0.8828125 0.075 0.075
3 0.315625 0.47578125 0.0890625 0.0875
3 0.528125 0.3140625 0.0765625 0.0765625
3 0.75546875 0.93984375 0.0640625 0.0921875
3 0.32109375 0.63203125 0.071875 0.071875
3 0.69609375 0.25703125 0.071875 0.071875
3 0.34921875 0.7171875 0.0796875 0.078125
3 0.74375 0.60859375 0.0859375 0.0859375
3 0.91796875 0.86171875 0.0734375 0.0734375
3 0.4828125 0.71640625 0.065625 0.0953125
3 0.896875 0.5734375 0.05625 0.078125
3 0.2484375 0.721875 0.078125 0.078125
3 0.59140625 0.92578125 0.084375 0.084375
3 0.24921875 0.946875 0.075 0.0734375
3 0.184375 0.72109375 0.05625 0.096875
3 0.25546875 0.37265625 0.0671875 0.0921875
3 0.7453125 0.365625 0.059375 0.10625
3 0.42109375 0.8203125 0.075 0.075
3 0.3703125 0.171875 0.071875 0.096875
3 0.08515625 0.7609375 0.0703125 0.1
3 0.525 0.60546875 0.0828125 0.0828125
3 0.8140625 0.584375 0.08125 0.08125
3 0.27421875 0.67578125 0.0640625 0.0921875
3 0.9078125 0.05234375 0.065625 0.103125
3 0.1328125 0.13984375 0.059375 0.1140625
3 0.9625 0.5609375 0.075 0.078125
3 0.81953125 0.63046875 0.0640625 0.0828125
3 0.93125 0.5296875 0.0625 0.0875
4 0.4203125 0.13515625 0.071875 0.1171875
3 0.7984375 0.41328125 0.065625 0.090625
3 0.09453125 0.95078125 0.071875 0.0984375