3 0.13828125 0.32109375 0.075 0.075
3 0.22421875 0.52421875 0.0796875 0.0640625
3 0.23203125 0.6609375 0.084375 0.084375
3 0.90078125 0.23984375 0.078125 0.078125
3 0.5515625 0.9359375 0.0765625 0.0765625
3 0.86796875 0.66328125 0.1015625 0.078125
3 0.3328125 0.15390625 0.096875 0.0703125
3 0.871875 0.5140625 0.075 0.075
3 0.26796875 0.3625 0.0828125 0.084375
3 0.31640625 0.58359375 0.0984375 0.0703125
3 0.1734375 0.19375 0.0828125 0.08125
3 0.18828125 0.37421875 0.0828125 0.0703125
3 0.80078125 0.72421875 0.0828125 0.0828125
3 0.52109375 0.0796875 0.084375 0.084375
3 0.6859375 0.29140625 0.078125 0.0734375
3 0.528125 0.57734375 0.096875 0.06875
3 0.43828125 0.78515625 0.0796875 0.0796875
3 0.42890625 0.3390625 0.0984375 0.0625
3 0.76484375 0.7984375 0.0890625 0.065625
3 0.51015625 0.86875 0.0875 0.06875
3 0.3046875 0.715625 0.071875 0.071875
3 0.853125 0.44765625 0.096875 0.06875
3 0.0890625 0.76640625 0.090625 0.0671875
3 0.62265625 0.3296875 0.0890625 0.065625
3 0.33984375 0.478125 0.0890625 0.0890625
3 0.75078125 0.9453125 0.0875 0.0875
3 0.7515625 0.17421875 0.084375 0.0734375
3 0.13984375 0.58203125 0.1015625 0.075
3 0.59765625 0.7921875 0.078125 0.078125
3 0.67578125 0.5546875 0.1140625 0.059375
3 0.1578125 0.1296875 0.1125 0.06875
3 0.83046875 0.171875 0.090625 0.0921875
3 0.45 0.203125 0.090625 0.090625
3 0.40234375 0.671875 0.0875 0.0875
3 0.86171875 0.884375 0.0875 0.0875
3 0.82890625 0.08359375 0.078125 0.078125
3 0.9015625 0.3203125 0.084375 0.084375
3 0.14765625 0.7046875 0.08125 0.0796875
3 0.52421875 0.6953125 0.090625 0.090625
3 0.4265625 0.9375 0.078125 0.075
3 0.94453125 0.70390625 0.08125 0.08125
3 0.828125 0.8359375 0.109375 0.059375
3 0.6359375 0.72734375 0.06875 0.0796875
3 0.0921875 0.503125 0.078125 0.078125
3 0.37578125 0.7125 0.0734375 0.0734375
3 0.64921875 0.59609375 0.1171875 0.0640625
3 0.54453125 0.3796875 0.1015625 0.065625
3 0.4484375 0.2796875 0.0671875 0.0671875
3 0.09609375 0.44296875 0.0875 0.0875
3 0.4953125 0.24375 0.103125 0.075
3 0.69375 0.7546875 0.103125 0.071875
3 0.7703125 0.41484375 0.084375 0.084375
3 0.7984375 0.4734375 0.090625 0.06875
3 0.55078125 0.4484375 0.0921875 0.0921875
3 0.5234375 0.32109375 0.103125 0.0734375
3 0.134375 0.6484375 0.071875 0.071875
3 0.27265625 0.45 0.1046875 0.06875
3 0.33828125 0.075 0.1078125 0.06875
3 0.05625 0.6625 0.08125 0.08125
3 0.42109375 0.56953125 0.1078125 0.0796875
3 0.09921875 0.1453125 0.0875 0.0890625
3 0.11171875 0.83125 0.090625 0.0890625
3 0.04453125 0.325 0.078125 0.078125
3 0.3171875 0.86875 0.08125 0.08125
3 0.059375 0.4046875 0.071875 0.071875
3 0.884375 0.94921875 0.10625 0.0578125
3 0.525 0.8015625 0.08125 0.08125
3 0.91015625 0.92421875 0.1125 0.0625
3 0.26953125 0.1859375 0.1015625 0.078125
3 0.48046875 0.73125 0.1015625 0.065625
3 0.26640625 0.75234375 0.090625 0.071875
3 0.55625 0.63671875 0.0890625 0.090625
3 0.1265625 0.8921875 0.0875 0.0875
3 0.79296875 0.35234375 0.0890625 0.0890625
3 0.32265625 0.83125 0.1453125 0.046875
3 0.09140625 0.0765625 0.096875 0.096875
3 0.38671875 0.26015625 0.084375 0.084375