3 0.53515625 0.42109375 0.0953125 0.0765625
3 0.415625 0.33125 0.078125 0.053125
3 0.2453125 0.38125 0.103125 0.0625
3 0.90078125 0.2203125 0.084375 0.084375
3 0.7046875 0.25 0.0671875 0.0671875
3 0.73671875 0.671875 0.0765625 0.059375
3 0.196875 0.63125 0.071875 0.071875
3 0.14296875 0.9046875 0.0828125 0.0625
3 0.50390625 0.6375 0.0859375 0.065625
3 0.72265625 0.58046875 0.0734375 0.0734375
3 0.24140625 0.56171875 0.08125 0.08125
3 0.59921875 0.6953125 0.0703125 0.06875
3 0.40546875 0.20234375 0.078125 0.078125
3 0.56328125 0.5296875 0.0796875 0.059375
3 0.7109375 0.36015625 0.084375 0.0640625
3 0.83828125 0.940625 0.075 0.0765625
3 0.49453125 0.79296875 0.0703125 0.0703125
3 0.7875 0.20546875 0.1 0.0640625
6 0.28046875 0.6609375 0.090625 0.090625
3 0.64765625 0.59296875 0.071875 0.071875
3 0.69921875 0.41875 0.0734375 0.0734375
3 0.7421875 0.86640625 0.090625 0.06875
3 0.19375 0.2859375 0.075 0.059375
3 0.14765625 0.14375 0.0921875 0.06875
3 0.1859375 0.17734375 0.078125 0.078125
3 0.31796875 0.4359375 0.06875 0.06875
3 0.13984375 0.46640625 0.0796875 0.05625
3 0.54765625 0.9015625 0.0796875 0.059375
3 0.11171875 0.41484375 0.0625 0.0625
3 0.6171875 0.42890625 0.071875 0.071875
3 0.42890625 0.49375 0.0671875 0.0671875
3 0.87265625 0.83046875 0.071875 0.0734375
3 0.6328125 0.14765625 0.078125 0.059375
0 0.6234375 0.915625 0.090625 0.09375
3 0.32109375 0.7765625 0.065625 0.0671875
3 0.05546875 0.2140625 0.06875 0.06875
3 0.271875 0.08671875 0.065625 0.065625
3 0.43125 0.7203125 0.071875 0.071875
3 0.7578125 0.09453125 0.08125 0.0625
3 0.1375 0.51484375 0.084375 0.0546875
3 0.24765625 0.71640625 0.0671875 0.0671875
3 0.6625 0.8671875 0.071875 0.065625
3 0.3765625 0.82734375 0.09375 0.0671875
3 0.81484375 0.578125 0.06875 0.06875
3 0.84765625 0.2984375 0.0796875 0.059375
3 0.715625 0.78203125 0.0640625 0.065625
3 0.47421875 0.29453125 0.071875 0.071875
3 0.1125 0.590625 0.08125 0.053125
3 0.39140625 0.5765625 0.0703125 0.065625
3 0.06796875 0.51484375 0.0703125 0.06875
3 0.15078125 0.04296875 0.1046875 0.0546875
3 0.53359375 0.95 0.0765625 0.06875
3 0.75859375 0.4625 0.0734375 0.084375
3 0.52421875 0.6953125 0.0640625 0.0640625
3 0.490625 0.54765625 0.0671875 0.0671875
3 0.79296875 0.8296875 0.071875 0.071875
3 0.2484375 0.1953125 0.071875 0.059375
3 0.775 0.1453125 0.0875 0.059375
6 0.25703125 0.503125 0.0984375 0.0984375
3 0.4015625 0.0828125 0.08125 0.08125
3 0.89921875 0.46875 0.0734375 0.05
3 0.84453125 0.35078125 0.084375 0.0609375
3 0.4828125 0.203125 0.06875 0.059375
3 0.4359375 0.9109375 0.078125 0.065625
3 0.52578125 0.33203125 0.0765625 0.0640625
6 0.9359375 0.06796875 0.096875 0.0734375
3 0.50078125 0.15625 0.0703125 0.05625
3 0.8859375 0.790625 0.0671875 0.0671875
3 0.565625 0.175 0.059375 0.059375
3 0.828125 0.6953125 0.06875 0.05625
3 0.628125 0.36875 0.071875 0.0625
3 0.76328125 0.715625 0.0765625 0.05625
3 0.35859375 0.65 0.0578125 0.05625
3 0.2703125 0.26328125 0.0734375 0.0734375
3 0.09765625 0.03515625 0.0703125 0.0703125
3 0.4359375 0.140625 0.0703125 0.0703125
6 0.07265625 0.55703125 0.1109375 0.0765625
3 0.2984375 0.75859375 0.078125 0.0703125
3 0.50546875 0.74296875 0.0609375 0.0765625
3 0.42265625 0.8734375 0.0671875 0.059375
3 0.93984375 0.5984375 0.0703125 0.071875
3 0.896875 0.41640625 0.06875 0.0546875
3 0.6328125 0.03671875 0.0703125 0.071875
3 0.3515625 0.0328125 0.071875 0.065625
3 0.82421875 0.73671875 0.06875 0.06875
3 0.9640625 0.94296875 0.071875 0.0640625
3 0.96953125 0.2953125 0.05625 0.0578125
3 0.02890625 0.8625 0.05625 0.0578125