3 0.46484375 0.57890625 0.0953125 0.0765625
3 0.584375 0.66875 0.078125 0.053125
3 0.7546875 0.61875 0.0828125 0.0828125
3 0.09921875 0.7796875 0.084375 0.084375
3 0.2953125 0.75 0.078125 0.05625
3 0.26328125 0.328125 0.0765625 0.059375
3 0.803125 0.36875 0.071875 0.071875
3 0.85703125 0.0953125 0.0828125 0.0625
3 0.49609375 0.3625 0.075 0.075
3 0.27734375 0.41953125 0.0734375 0.0734375
3 0.75859375 0.43828125 0.0921875 0.0703125
3 0.40078125 0.3046875 0.0734375 0.065625
3 0.59453125 0.79765625 0.078125 0.078125
3 0.43671875 0.4703125 0.0796875 0.059375
3 0.2890625 0.63984375 0.075 0.0734375
3 0.16171875 0.059375 0.075 0.0765625
3 0.50546875 0.20703125 0.0796875 0.0609375
3 0.2125 0.79453125 0.08125 0.0828125
6 0.71953125 0.3390625 0.0953125 0.084375
3 0.35234375 0.40703125 0.0796875 0.0640625
3 0.30078125 0.58125 0.078125 0.06875
3 0.2578125 0.13359375 0.0796875 0.0796875
3 0.80625 0.7140625 0.0671875 0.0671875
3 0.85234375 0.85625 0.0796875 0.08125
3 0.8140625 0.82265625 0.078125 0.0796875
3 0.68203125 0.5640625 0.06875 0.06875
3 0.86015625 0.53359375 0.06875 0.06875
3 0.45234375 0.0984375 0.06875 0.06875
3 0.88828125 0.58515625 0.0625 0.0625
3 0.3828125 0.57109375 0.078125 0.0640625
3 0.57109375 0.50625 0.0671875 0.0671875
3 0.12734375 0.16953125 0.071875 0.071875
3 0.3671875 0.85234375 0.06875 0.06875
0 0.3765625 0.084375 0.090625 0.09375
3 0.67890625 0.2234375 0.0734375 0.059375
3 0.94453125 0.7859375 0.06875 0.06875
3 0.728125 0.91328125 0.078125 0.0546875
3 0.56875 0.2796875 0.071875 0.071875
3 0.2421875 0.90546875 0.071875 0.071875
3 0.8625 0.48515625 0.084375 0.0546875
3 0.75234375 0.28359375 0.0671875 0.0671875
3 0.3375 0.1328125 0.06875 0.06875
3 0.6234375 0.17265625 0.08125 0.08125
3 0.18515625 0.421875 0.06875 0.06875
3 0.15234375 0.7015625 0.0703125 0.06875
3 0.284375 0.21796875 0.075 0.0546875
3 0.52578125 0.70546875 0.0765625 0.065625
3 0.8875 0.409375 0.08125 0.053125
3 0.60859375 0.4234375 0.0703125 0.065625
3 0.93203125 0.48515625 0.0734375 0.065625
3 0.84921875 0.95703125 0.1046875 0.0546875
3 0.46640625 0.05 0.0765625 0.06875
3 0.24140625 0.5375 0.078125 0.078125
3 0.47578125 0.3046875 0.0640625 0.0640625
3 0.509375 0.45234375 0.065625 0.06875
3 0.20703125 0.1703125 0.071875 0.071875
3 0.7515625 0.8046875 0.065625 0.065625
3 0.225 0.8546875 0.0734375 0.075
6 0.74296875 0.496875 0.0984375 0.0984375
3 0.5984375 0.9171875 0.096875 0.065625
3 0.10078125 0.53125 0.0734375 0.05
3 0.15546875 0.64921875 0.071875 0.0734375
3 0.5171875 0.796875 0.06875 0.059375
3 0.5640625 0.0890625 0.078125 0.065625
3 0.47421875 0.66796875 0.0765625 0.0640625
6 0.0640625 0.93203125 0.096875 0.0734375
3 0.49921875 0.84375 0.0625 0.0625
3 0.1140625 0.209375 0.08125 0.053125
3 0.434375 0.825 0.065625 0.053125
3 0.171875 0.3046875 0.0625 0.0625
3 0.371875 0.63125 0.0671875 0.0671875
3 0.23671875 0.284375 0.065625 0.065625
3 0.64140625 0.35 0.0578125 0.05625
3 0.7296875 0.73671875 0.071875 0.0765625
3 0.90234375 0.96484375 0.0703125 0.0703125
3 0.5640625 0.859375 0.0703125 0.0703125
6 0.92734375 0.44296875 0.1109375 0.0765625
3 0.7015625 0.24140625 0.075 0.075
3 0.49453125 0.25703125 0.06875 0.06875
3 0.57734375 0.1265625 0.0625 0.0625
3 0.06015625 0.4015625 0.0703125 0.071875
3 0.103125 0.58359375 0.06875 0.0546875
3 0.3671875 0.96328125 0.0703125 0.071875
3 0.64765625 0.96953125 0.084375 0.0609375
3 0.17578125 0.26328125 0.06875 0.06875
3 0.0359375 0.05703125 0.071875 0.0640625
3 0.03046875 0.7046875 0.05625 0.0578125
3 0.97109375 0.1375 0.05625 0.0578125