3 0.52890625 0.4296875 0.090625 0.059375
3 0.86328125 0.80625 0.0953125 0.075
3 0.440625 0.4390625 0.090625 0.05625
3 0.90859375 0.93984375 0.0546875 0.0546875
3 0.9359375 0.5578125 0.090625 0.065625
3 0.8359375 0.1328125 0.0875 0.078125
3 0.659375 0.61015625 0.090625 0.0734375
3 0.67890625 0.48984375 0.1046875 0.0671875
3 0.36171875 0.13203125 0.1 0.0734375
3 0.4703125 0.66015625 0.0734375 0.0734375
3 0.45390625 0.053125 0.0859375 0.071875
3 0.10546875 0.8859375 0.084375 0.06875
3 0.0734375 0.45546875 0.075 0.075
3 0.80703125 0.490625 0.0921875 0.0625
0 0.69296875 0.33203125 0.0875 0.0875
3 0.74140625 0.2796875 0.06875 0.06875
3 0.7046875 0.54609375 0.090625 0.0671875
3 0.846875 0.65390625 0.08125 0.08125
3 0.5296875 0.265625 0.078125 0.06875
3 0.20078125 0.13046875 0.0828125 0.084375
3 0.94296875 0.68203125 0.06875 0.0671875
3 0.3390625 0.5515625 0.0875 0.065625
3 0.35390625 0.79140625 0.0703125 0.071875
3 0.5984375 0.70859375 0.06875 0.06875
3 0.90234375 0.3484375 0.0828125 0.065625
3 0.2078125 0.73203125 0.071875 0.0734375
3 0.89609375 0.19375 0.071875 0.0703125
3 0.08515625 0.584375 0.078125 0.0625
3 0.22265625 0.05234375 0.0875 0.0875
3 0.48515625 0.534375 0.0890625 0.0890625
3 0.49296875 0.36640625 0.0828125 0.08125
3 0.38828125 0.6140625 0.06875 0.06875
3 0.1546875 0.66875 0.0703125 0.0703125
3 0.1890625 0.32578125 0.0671875 0.0671875
3 0.25703125 0.57890625 0.075 0.0515625
3 0.07578125 0.73203125 0.0671875 0.0671875
3 0.925 0.6171875 0.078125 0.059375
3 0.18359375 0.8984375 0.075 0.0734375
3 0.63203125 0.28828125 0.109375 0.0703125
3 0.6046875 0.221875 0.06875 0.06875
3 0.35078125 0.265625 0.0765625 0.0625
3 0.6953125 0.7890625 0.075 0.071875
3 0.5671875 0.4859375 0.075 0.065625
6 0.62265625 0.90078125 0.0953125 0.0953125
3 0.184375 0.2390625 0.08125 0.08125
3 0.34609375 0.03828125 0.065625 0.065625
3 0.2578125 0.2046875 0.0828125 0.08125
3 0.85078125 0.965625 0.0796875 0.046875
3 0.175 0.9375 0.0875 0.05
3 0.7125 0.875 0.08125 0.0625
3 0.20078125 0.25 0.0796875 0.065625
3 0.29765625 0.13671875 0.0703125 0.0703125
3 0.30703125 0.825 0.0734375 0.05625
3 0.571875 0.62578125 0.0640625 0.0640625
3 0.32421875 0.5953125 0.059375 0.059375
3 0.1125 0.6265625 0.0765625 0.0765625
3 0.446875 0.28203125 0.08125 0.08125
3 0.28046875 0.26796875 0.0671875 0.0546875
3 0.69921875 0.234375 0.065625 0.046875
3 0.51171875 0.86328125 0.078125 0.0546875
3 0.05859375 0.0875 0.06875 0.06875
3 0.2421875 0.96328125 0.078125 0.0734375
3 0.3125 0.33046875 0.065625 0.065625
3 0.2640625 0.63125 0.090625 0.071875
3 0.7296875 0.6359375 0.071875 0.059375
3 0.55859375 0.32734375 0.0859375 0.0546875
6 0.48359375 0.93671875 0.0859375 0.0859375
3 0.4296875 0.9734375 0.059375 0.053125
3 0.88828125 0.05 0.05625 0.05625
3 0.3734375 0.9140625 0.059375 0.059375
3 0.43515625 0.89140625 0.059375 0.0484375
3 0.76875 0.7015625 0.078125 0.05
3 0.71484375 0.69609375 0.0625 0.0625
3 0.665625 0.67421875 0.0546875 0.05625
3 0.55234375 0.571875 0.0671875 0.05
3 0.4546875 0.83359375 0.0578125 0.05625
3 0.3953125 0.82421875 0.0609375 0.0625
3 0.36484375 0.8640625 0.05625 0.0578125
3 0.65078125 0.84375 0.0921875 0.05625
3 0.2453125 0.6546875 0.05625 0.05625
3 0.20703125 0.4578125 0.059375 0.0609375
3 0.04765625 0.05234375 0.0734375 0.0734375