3 0.91328125 0.1375 0.09375 0.0921875
3 0.80859375 0.6078125 0.0921875 0.065625
3 0.5171875 0.0359375 0.075 0.071875
3 0.246875 0.125 0.0875 0.0875
3 0.78203125 0.4109375 0.09375 0.09375
3 0.3484375 0.9625 0.08125 0.075
3 0.6125 0.4421875 0.0890625 0.0890625
3 0.48046875 0.41015625 0.1171875 0.0734375
3 0.5859375 0.11875 0.090625 0.090625
3 0.6984375 0.48671875 0.0828125 0.084375
3 0.25859375 0.5640625 0.115625 0.075
3 0.2171875 0.203125 0.0921875 0.0921875
3 0.1171875 0.13515625 0.084375 0.0859375
3 0.0796875 0.6875 0.096875 0.08125
3 0.1140625 0.46875 0.121875 0.075
3 0.49765625 0.34375 0.096875 0.065625
3 0.1734375 0.4109375 0.096875 0.071875
3 0.1609375 0.67421875 0.09375 0.0765625
3 0.5390625 0.16640625 0.115625 0.0828125
3 0.46171875 0.803125 0.078125 0.08125
3 0.12421875 0.51328125 0.090625 0.090625
3 0.36015625 0.55703125 0.08125 0.08125
3 0.6046875 0.49765625 0.0890625 0.0890625
3 0.690625 0.65625 0.0875 0.075
3 0.7984375 0.76015625 0.090625 0.0828125
3 0.89140625 0.46171875 0.0953125 0.0953125
5 0.23984375 0.6671875 0.06875 0.0671875
3 0.68984375 0.68828125 0.0828125 0.0828125