3 0.50546875 0.73046875 0.0875 0.0875
3 0.45625 0.16953125 0.0796875 0.078125
3 0.4921875 0.4375 0.090625 0.090625
3 0.4875 0.86015625 0.096875 0.0765625
3 0.6203125 0.04375 0.090625 0.075
3 0.4203125 0.290625 0.0890625 0.0875
3 0.45703125 0.95546875 0.0921875 0.0890625
3 0.2734375 0.565625 0.09375 0.09375
3 0.62109375 0.94921875 0.096875 0.096875
3 0.56484375 0.1953125 0.084375 0.0828125
3 0.12734375 0.153125 0.0875 0.0859375
3 0.71484375 0.32421875 0.084375 0.0859375
3 0.56171875 0.48046875 0.090625 0.0734375
3 0.77265625 0.19921875 0.084375 0.084375
3 0.80390625 0.8140625 0.096875 0.071875
3 0.8703125 0.76015625 0.090625 0.0890625
3 0.240625 0.28515625 0.1 0.0734375
3 0.38984375 0.4828125 0.0953125 0.078125
3 0.12734375 0.5734375 0.0984375 0.06875
3 0.465625 0.0875 0.09375 0.06875
3 0.65859375 0.6890625 0.103125 0.0875
3 0.57578125 0.39296875 0.084375 0.084375
3 0.16328125 0.45625 0.1078125 0.08125
3 0.86640625 0.203125 0.0921875 0.075
3 0.2859375 0.7328125 0.09375 0.09375
3 0.2359375 0.0625 0.0875 0.0875
3 0.43984375 0.3671875 0.0890625 0.06875
3 0.4265625 0.6796875 0.09375 0.090625
3 0.8296875 0.58828125 0.109375 0.0734375
3 0.75546875 0.940625 0.103125 0.075
3 0.87109375 0.31875 0.0921875 0.090625
3 0.2421875 0.38046875 0.0875 0.0859375
3 0.27890625 0.3546875 0.0921875 0.075
3 0.12734375 0.2765625 0.090625 0.090625
3 0.621875 0.2890625 0.0875 0.071875
3 0.17578125 0.87578125 0.1109375 0.0859375
3 0.84609375 0.68984375 0.0984375 0.0984375
3 0.8015625 0.52578125 0.0796875 0.078125
3 0.684375 0.11640625 0.09375 0.0765625
6 0.2375 0.81640625 0.1 0.1046875
6 0.38671875 0.21328125 0.1140625 0.1140625
3 0.5796875 0.59921875 0.0890625 0.0890625
3 0.36796875 0.4046875 0.0984375 0.065625
3 0.7171875 0.540625 0.0953125 0.0953125
3 0.8078125 0.11484375 0.090625 0.090625
3 0.09453125 0.503125 0.1015625 0.075
3 0.14296875 0.06875 0.0859375 0.084375
3 0.22421875 0.49453125 0.0953125 0.0796875
3 0.9015625 0.4625 0.096875 0.08125
3 0.65 0.50546875 0.0890625 0.090625
3 0.7328125 0.14609375 0.078125 0.0828125
3 0.67109375 0.43203125 0.0921875 0.0671875
3 0.82265625 0.45234375 0.09375 0.09375
3 0.10859375 0.18828125 0.0984375 0.0984375
3 0.77265625 0.0796875 0.1 0.071875
3 0.090625 0.071875 0.1 0.08125
3 0.74453125 0.65390625 0.0953125 0.0734375
3 0.3734375 0.8046875 0.1078125 0.1078125