3 0.5171875 0.2640625 0.090625 0.06875
3 0.4484375 0.4828125 0.05625 0.05625
3 0.73046875 0.89453125 0.0875 0.0875
3 0.64765625 0.80078125 0.078125 0.078125
3 0.15859375 0.58125 0.0859375 0.0859375
3 0.61484375 0.0921875 0.084375 0.084375
3 0.41484375 0.2625 0.0921875 0.075
3 0.5296875 0.7640625 0.0875 0.065625
3 0.66875 0.6484375 0.078125 0.0625
3 0.22109375 0.7671875 0.0921875 0.065625
3 0.60078125 0.6890625 0.075 0.0734375
3 0.190625 0.4578125 0.0875 0.059375
3 0.0984375 0.08984375 0.090625 0.0734375
3 0.47109375 0.70625 0.0953125 0.078125
3 0.77109375 0.64609375 0.090625 0.06875
3 0.53203125 0.64765625 0.0921875 0.0734375
3 0.3828125 0.78125 0.0765625 0.0765625
3 0.921875 0.59765625 0.078125 0.0671875
3 0.44296875 0.37109375 0.0703125 0.0703125
3 0.28515625 0.84453125 0.0765625 0.0765625
3 0.7765625 0.725 0.090625 0.06875
3 0.871875 0.3390625 0.09375 0.059375
3 0.43984375 0.8296875 0.071875 0.071875
3 0.203125 0.4203125 0.0890625 0.0890625
3 0.92109375 0.471875 0.0859375 0.065625
3 0.27265625 0.26875 0.0953125 0.06875
3 0.08046875 0.7125 0.0890625 0.0625
3 0.8609375 0.7609375 0.065625 0.065625
3 0.51796875 0.49375 0.0703125 0.06875
3 0.9265625 0.3203125 0.06875 0.06875
3 0.2859375 0.71875 0.084375 0.06875
3 0.790625 0.2703125 0.059375 0.059375
3 0.8 0.44375 0.0734375 0.0734375
3 0.84453125 0.41015625 0.0734375 0.0734375
3 0.82265625 0.5375 0.065625 0.065625
3 0.2546875 0.63828125 0.065625 0.065625
3 0.8296875 0.04375 0.075 0.05625
3 0.70625 0.08359375 0.08125 0.0609375
3 0.21328125 0.1 0.065625 0.065625
3 0.7171875 0.56796875 0.090625 0.0734375
3 0.11640625 0.765625 0.0671875 0.0671875
3 0.56015625 0.38125 0.0765625 0.078125
3 0.128125 0.8953125 0.078125 0.059375
3 0.8828125 0.4875 0.0875 0.06875
3 0.07578125 0.5453125 0.0796875 0.065625
3 0.93046875 0.8125 0.0703125 0.05625
3 0.71015625 0.4046875 0.065625 0.065625
3 0.20625 0.89453125 0.0734375 0.0734375
3 0.29453125 0.4859375 0.075 0.0625
3 0.11171875 0.34609375 0.0703125 0.0484375
3 0.0484375 0.31171875 0.0625 0.0625
3 0.1359375 0.290625 0.078125 0.059375
3 0.69453125 0.46328125 0.075 0.0609375
3 0.09609375 0.6421875 0.0796875 0.05
3 0.35390625 0.52109375 0.06875 0.0671875
3 0.62109375 0.59765625 0.065625 0.065625
3 0.828125 0.1109375 0.078125 0.059375
3 0.20859375 0.7046875 0.075 0.075
6 0.8390625 0.80625 0.0890625 0.0890625
3 0.35078125 0.3828125 0.071875 0.0703125
3 0.19921875 0.26875 0.0671875 0.05
3 0.08828125 0.4703125 0.0859375 0.059375
3 0.26640625 0.22265625 0.078125 0.078125
3 0.64609375 0.34375 0.071875 0.0734375
3 0.1234375 0.40546875 0.071875 0.0546875
3 0.50546875 0.3546875 0.0921875 0.065625
3 0.09765625 0.4921875 0.078125 0.059375
3 0.83515625 0.1953125 0.0765625 0.059375
3 0.9140625 0.71328125 0.08125 0.0703125
3 0.496875 0.215625 0.075 0.0625
3 0.71953125 0.33515625 0.0625 0.0625
3 0.7359375 0.4875 0.078125 0.059375
3 0.115625 0.7046875 0.0671875 0.0671875
3 0.68359375 0.7234375 0.0828125 0.059375
3 0.1296875 0.26328125 0.0703125 0.06875
3 0.178125 0.6546875 0.075 0.05625
3 0.4921875 0.54609375 0.090625 0.0484375
6 0.92734375 0.39375 0.0921875 0.08125
3 0.57578125 0.9703125 0.0640625 0.059375
3 0.61328125 0.7453125 0.0765625 0.053125
3 0.153125 0.04140625 0.05625 0.0578125
3 0.36484375 0.721875 0.065625 0.065625
3 0.3953125 0.32734375 0.0640625 0.0625
3 0.2953125 0.3375 0.0734375 0.0734375
3 0.88046875 0.56875 0.08125 0.08125
3 0.20234375 0.82734375 0.065625 0.065625
3 0.09453125 0.9015625 0.065625 0.065625
3 0.871875 0.14609375 0.078125 0.0546875
3 0.77265625 0.496875 0.06875 0.06875
3 0.22890625 0.03125 0.0703125 0.0625
3 0.6359375 0.40234375 0.0578125 0.0578125
3 0.5765625 0.45 0.065625 0.046875
3 0.146875 0.953125 0.08125 0.05625
3 0.0453125 0.58671875 0.071875 0.0703125
3 0.053125 0.4140625 0.0609375 0.0609375
3 0.9203125 0.2375 0.084375 0.046875
3 0.26484375 0.0703125 0.0640625 0.065625
6 0.40625 0.1625 0.1109375 0.1109375
3 0.253125 0.3765625 0.0546875 0.0546875
6 0.33828125 0.0671875 0.109375 0.090625
3 0.58359375 0.3609375 0.071875 0.065625
3 0.7703125 0.365625 0.0546875 0.0546875
3 0.91171875 0.209375 0.065625 0.0671875
6 0.409375 0.88671875 0.10625 0.1078125
3 0.3765625 0.446875 0.0671875 0.0671875
3 0.3734375 0.4796875 0.0640625 0.0640625
3 0.96640625 0.0296875 0.0671875 0.05
3 0.96875 0.2765625 0.05625 0.05625