3 0.4828125 0.7359375 0.090625 0.06875
3 0.5515625 0.5171875 0.059375 0.053125
3 0.26953125 0.10546875 0.0875 0.0875
3 0.35234375 0.19921875 0.078125 0.078125
3 0.84140625 0.41875 0.0984375 0.071875
3 0.38515625 0.9078125 0.084375 0.0859375
3 0.58515625 0.7375 0.0921875 0.075
3 0.4703125 0.2359375 0.0765625 0.0765625
3 0.33125 0.3515625 0.0703125 0.0703125
3 0.77890625 0.2328125 0.0921875 0.065625
3 0.39921875 0.3109375 0.0828125 0.065625
3 0.809375 0.5421875 0.071875 0.075
3 0.9015625 0.91015625 0.08125 0.08125
3 0.52890625 0.29375 0.0953125 0.078125
3 0.22890625 0.35390625 0.0796875 0.0796875
3 0.46796875 0.35234375 0.0921875 0.0734375
3 0.6171875 0.21875 0.084375 0.06875
3 0.078125 0.40234375 0.078125 0.0671875
3 0.55703125 0.62890625 0.0703125 0.0703125
3 0.71484375 0.15546875 0.0828125 0.0703125
3 0.2234375 0.275 0.090625 0.06875
3 0.128125 0.6609375 0.09375 0.059375
3 0.56015625 0.1703125 0.071875 0.071875
3 0.796875 0.5796875 0.0890625 0.0890625
3 0.07890625 0.528125 0.075 0.075
3 0.72734375 0.73125 0.0953125 0.06875
3 0.91953125 0.2875 0.075 0.075
3 0.1390625 0.2390625 0.065625 0.065625
3 0.48203125 0.50625 0.0765625 0.0625
3 0.0734375 0.6796875 0.08125 0.05625
3 0.7140625 0.28125 0.084375 0.06875
3 0.209375 0.7296875 0.065625 0.053125
3 0.2 0.55625 0.0734375 0.0734375
3 0.15546875 0.58984375 0.0828125 0.0640625
3 0.17734375 0.4625 0.065625 0.065625
3 0.7453125 0.36171875 0.075 0.0578125
3 0.1703125 0.95625 0.075 0.05625
3 0.29375 0.91640625 0.08125 0.0609375
3 0.78671875 0.9 0.075 0.05625
3 0.2828125 0.43203125 0.0828125 0.08125
3 0.88359375 0.234375 0.0671875 0.0671875
3 0.43984375 0.61875 0.0859375 0.06875
3 0.871875 0.1046875 0.06875 0.06875
3 0.1171875 0.5125 0.0875 0.06875
3 0.92421875 0.4546875 0.071875 0.071875
3 0.06953125 0.1875 0.0640625 0.0640625
3 0.28984375 0.5953125 0.065625 0.065625
3 0.79375 0.10546875 0.0734375 0.0734375
3 0.70546875 0.5140625 0.075 0.0625
3 0.88828125 0.65390625 0.0703125 0.0484375
3 0.9515625 0.68828125 0.0625 0.0625
3 0.8640625 0.709375 0.078125 0.059375
3 0.30546875 0.53671875 0.06875 0.06875
3 0.90390625 0.3578125 0.0796875 0.05
3 0.64609375 0.47890625 0.075 0.0609375
3 0.37890625 0.40234375 0.0765625 0.05625
3 0.171875 0.8890625 0.078125 0.059375
3 0.79140625 0.2953125 0.0796875 0.071875
6 0.1609375 0.19375 0.0890625 0.0890625
3 0.64921875 0.6171875 0.071875 0.0703125
3 0.80078125 0.73125 0.0578125 0.059375
3 0.91171875 0.5296875 0.0859375 0.059375
3 0.73359375 0.77734375 0.078125 0.078125
3 0.35390625 0.65625 0.071875 0.0734375
3 0.8765625 0.59453125 0.0625 0.0625
3 0.49453125 0.6453125 0.0921875 0.065625
3 0.90234375 0.5078125 0.078125 0.059375
3 0.16484375 0.8046875 0.06875 0.06875
3 0.0859375 0.28671875 0.075 0.075
3 0.503125 0.784375 0.075 0.0625
3 0.28046875 0.66484375 0.0703125 0.0546875
3 0.2640625 0.5125 0.06875 0.06875
3 0.884375 0.2953125 0.075 0.059375
3 0.31640625 0.2765625 0.0828125 0.059375
3 0.8703125 0.73671875 0.0703125 0.06875
3 0.821875 0.3453125 0.075 0.05625
3 0.5078125 0.45390625 0.090625 0.0484375
6 0.07265625 0.60625 0.0875 0.0875
3 0.42421875 0.0296875 0.0640625 0.059375
3 0.38671875 0.2546875 0.0765625 0.053125
3 0.846875 0.95859375 0.05625 0.0578125
3 0.63515625 0.278125 0.0734375 0.05625
3 0.6046875 0.67265625 0.0640625 0.0625
3 0.7046875 0.6625 0.0734375 0.0734375
3 0.11953125 0.43125 0.08125 0.08125
3 0.79765625 0.17265625 0.065625 0.065625
3 0.90546875 0.0984375 0.0765625 0.05625
3 0.128125 0.85390625 0.065625 0.065625
3 0.22734375 0.503125 0.0859375 0.05
3 0.7703125 0.9703125 0.078125 0.059375
3 0.3640625 0.59765625 0.065625 0.0515625
3 0.4234375 0.55 0.065625 0.046875
3 0.853125 0.046875 0.08125 0.05625
3 0.9546875 0.41328125 0.078125 0.0640625
3 0.946875 0.5859375 0.06875 0.053125
3 0.0796875 0.7625 0.084375 0.046875
3 0.73515625 0.9296875 0.0640625 0.065625
6 0.59375 0.8375 0.1109375 0.1109375
3 0.746875 0.6234375 0.05625 0.053125
6 0.66171875 0.9328125 0.1 0.1
3 0.41640625 0.6390625 0.06875 0.06875
3 0.2296875 0.634375 0.065625 0.04375
3 0.08828125 0.790625 0.065625 0.0671875
6 0.590625 0.11328125 0.10625 0.1078125
3 0.6234375 0.553125 0.0671875 0.0671875
3 0.6265625 0.5203125 0.0640625 0.0640625
3 0.03359375 0.9703125 0.0578125 0.0578125
3 0.03125 0.7234375 0.0625 0.05