2 0.4953125 0.8828125 0.08125 0.08125
2 0.64921875 0.90078125 0.071875 0.09375
2 0.58515625 0.62421875 0.0859375 0.0859375
2 0.228125 0.67109375 0.08125 0.08125
2 0.3734375 0.55859375 0.075 0.0921875
2 0.3234375 0.41015625 0.06875 0.10625
2 0.64609375 0.2921875 0.0765625 0.103125
2 0.41015625 0.2875 0.0859375 0.0859375
2 0.36484375 0.19609375 0.096875 0.096875
2 0.62265625 0.13828125 0.0734375 0.0953125
2 0.46953125 0.80078125 0.0796875 0.1
2 0.59609375 0.528125 0.0734375 0.10625
2 0.30546875 0.57578125 0.0828125 0.0984375
2 0.76875 0.071875 0.071875 0.10625
2 0.7640625 0.23515625 0.0890625 0.090625
2 0.20234375 0.11171875 0.0875 0.0875
2 0.24375 0.74296875 0.0890625 0.0875
2 0.425 0.89140625 0.075 0.0953125
2 0.33359375 0.6609375 0.0890625 0.0890625
2 0.3609375 0.85859375 0.0875 0.0875
2 0.38359375 0.4609375 0.0859375 0.103125
2 0.2625 0.2578125 0.0890625 0.0890625
2 0.52265625 0.47734375 0.0796875 0.0984375
2 0.8671875 0.7953125 0.0875 0.0875
2 0.24140625 0.5296875 0.0640625 0.096875
2 0.0875 0.21796875 0.08125 0.1046875
2 0.265625 0.89453125 0.078125 0.09375
2 0.5875 0.340625 0.078125 0.109375
2 0.384375 0.94140625 0.090625 0.090625
2 0.2171875 0.4125 0.090625 0.090625
2 0.7015625 0.171875 0.090625 0.090625
2 0.65 0.5875 0.0796875 0.0796875
2 0.69453125 0.82578125 0.0734375 0.1109375
2 0.203125 0.19765625 0.08125 0.096875
2 0.19921875 0.51484375 0.0546875 0.078125
2 0.80234375 0.13203125 0.09375 0.09375
2 0.53125 0.29609375 0.075 0.1078125
2 0.69140625 0.47421875 0.0765625 0.1015625
2 0.871875 0.88515625 0.0921875 0.0921875
2 0.4890625 0.40234375 0.071875 0.0921875
2 0.77421875 0.5625 0.0765625 0.1
2 0.31171875 0.740625 0.09375 0.09375
2 0.2734375 0.4078125 0.065625 0.13125
2 0.4328125 0.37421875 0.071875 0.0703125
2 0.70078125 0.63203125 0.0765625 0.078125
2 0.79453125 0.6234375 0.0875 0.0875
2 0.75 0.92265625 0.096875 0.0859375
2 0.2359375 0.3203125 0.09375 0.09375
2 0.125 0.14765625 0.0828125 0.0828125
2 0.54609375 0.3953125 0.0765625 0.0765625
2 0.17734375 0.33828125 0.06875 0.0890625
2 0.7171875 0.553125 0.084375 0.10625
2 0.3203125 0.94296875 0.090625 0.090625
2 0.20703125 0.5640625 0.0453125 0.05
2 0.2859375 0.821875 0.096875 0.096875
3 0.38203125 0.7265625 0.090625 0.090625
3 0.48671875 0.22421875 0.10625 0.10625
5 0.1375 0.06328125 0.090625 0.1125
5 0.76015625 0.70078125 0.10625 0.10625
5 0.63359375 0.471875 0.109375 0.109375
5 0.80625 0.7515625 0.0953125 0.0953125
2 0.46640625 0.31640625 0.0828125 0.1046875
2 0.82109375 0.84921875 0.0828125 0.0828125
2 0.73203125 0.81171875 0.0828125 0.1484375