3 0.11015625 0.77421875 0.0734375 0.0734375
3 0.590625 0.78359375 0.075 0.075
3 0.521875 0.45078125 0.0703125 0.0703125
3 0.51328125 0.13515625 0.0671875 0.0875
3 0.778125 0.58828125 0.071875 0.1
3 0.5671875 0.37421875 0.065625 0.0828125
3 0.17421875 0.725 0.08125 0.0828125
3 0.8921875 0.8296875 0.071875 0.103125
3 0.08984375 0.58125 0.0703125 0.096875
3 0.9265625 0.2453125 0.0796875 0.0796875
3 0.059375 0.37890625 0.0625 0.0765625
3 0.83046875 0.5140625 0.0734375 0.071875
3 0.28671875 0.48828125 0.0640625 0.103125
3 0.66875 0.83671875 0.08125 0.08125
3 0.32265625 0.853125 0.0703125 0.06875
3 0.53984375 0.86171875 0.084375 0.084375
3 0.153125 0.8578125 0.084375 0.084375
3 0.090625 0.46953125 0.059375 0.0890625
3 0.71484375 0.7484375 0.071875 0.0703125
3 0.2515625 0.940625 0.059375 0.0875
3 0.0625 0.8421875 0.078125 0.071875
3 0.19921875 0.2859375 0.06875 0.0703125
3 0.9 0.459375 0.075 0.075
3 0.065625 0.265625 0.0703125 0.0703125
3 0.1578125 0.19609375 0.071875 0.0921875
3 0.25 0.16171875 0.0875 0.0875
3 0.4875 0.58125 0.078125 0.078125
3 0.8734375 0.3515625 0.084375 0.1125
3 0.578125 0.47890625 0.075 0.1015625
3 0.190625 0.38828125 0.06875 0.1015625
3 0.95859375 0.7625 0.0734375 0.075
3 0.2328125 0.81953125 0.0734375 0.075
3 0.20703125 0.5953125 0.0703125 0.103125
3 0.12265625 0.315625 0.0625 0.0609375
3 0.1640625 0.4984375 0.0859375 0.0859375
3 0.26328125 0.21953125 0.0734375 0.0984375
3 0.0453125 0.0703125 0.0671875 0.0671875
3 0.9328125 0.63984375 0.065625 0.0796875
3 0.03671875 0.17890625 0.0734375 0.0734375
3 0.725 0.840625 0.0765625 0.0765625
3 0.409375 0.4421875 0.075 0.096875
3 0.5703125 0.2109375 0.078125 0.078125
3 0.6 0.1765625 0.06875 0.1
3 0.2484375 0.71953125 0.046875 0.0828125
3 0.26875 0.05546875 0.0625 0.0828125
3 0.4328125 0.86015625 0.0625 0.0859375
3 0.22578125 0.41484375 0.0765625 0.096875
3 0.20546875 0.525 0.09375 0.09375
3 0.95859375 0.07421875 0.0828125 0.0890625
3 0.684375 0.5609375 0.0703125 0.0703125
3 0.37734375 0.68046875 0.0703125 0.090625
3 0.3203125 0.5875 0.071875 0.06875
3 0.359375 0.49296875 0.0796875 0.0796875
3 0.0765625 0.09609375 0.084375 0.0828125
3 0.3515625 0.415625 0.06875 0.06875
3 0.30703125 0.73046875 0.0453125 0.0765625
3 0.36484375 0.57421875 0.0796875 0.078125
3 0.47421875 0.95 0.0859375 0.0875
3 0.8 0.171875 0.075 0.075
3 0.23515625 0.065625 0.0703125 0.075
3 0.57421875 0.61484375 0.065625 0.0796875
3 0.615625 0.596875 0.0625 0.1
3 0.3546875 0.34609375 0.06875 0.0671875
3 0.425 0.74609375 0.08125 0.0953125
3 0.3671875 0.7484375 0.059375 0.090625
3 0.8359375 0.19453125 0.084375 0.084375
0 0.60703125 0.29296875 0.0796875 0.1171875
0 0.540625 0.69375 0.09375 0.09375
3 0.77578125 0.94296875 0.0703125 0.096875
3 0.496875 0.61015625 0.05625 0.0734375
3 0.315625 0.684375 0.0734375 0.0734375
3 0.4625 0.84296875 0.0734375 0.075
3 0.04921875 0.35859375 0.05 0.0671875