3 0.22578125 0.88984375 0.0828125 0.0640625
3 0.21640625 0.409375 0.0859375 0.0625
3 0.54921875 0.478125 0.0703125 0.0703125
3 0.86484375 0.48671875 0.0875 0.0671875
3 0.41171875 0.221875 0.1 0.071875
3 0.62578125 0.4328125 0.0828125 0.065625
3 0.275 0.82578125 0.090625 0.0734375
3 0.1703125 0.1078125 0.103125 0.071875
3 0.41875 0.91015625 0.0828125 0.0828125
3 0.7546875 0.0734375 0.090625 0.06875
3 0.62109375 0.940625 0.06875 0.06875
3 0.4859375 0.16953125 0.084375 0.0609375
3 0.51171875 0.71328125 0.084375 0.084375
3 0.16328125 0.33125 0.0890625 0.071875
3 0.146875 0.67734375 0.08125 0.0578125
3 0.13828125 0.46015625 0.084375 0.084375
3 0.1421875 0.846875 0.09375 0.075
3 0.53046875 0.909375 0.0734375 0.075
3 0.2515625 0.28515625 0.0703125 0.071875
3 0.059375 0.7484375 0.0875 0.059375
3 0.1578125 0.9375 0.071875 0.078125
3 0.7140625 0.80078125 0.071875 0.0671875
3 0.540625 0.1 0.075 0.075
3 0.734375 0.934375 0.0703125 0.0703125
3 0.80390625 0.8421875 0.0921875 0.071875
3 0.83828125 0.75 0.0984375 0.075
3 0.41875 0.5125 0.0875 0.06875
3 0.6484375 0.1265625 0.0984375 0.0984375
3 0.52109375 0.421875 0.0875 0.0875
3 0.61171875 0.809375 0.084375 0.0859375
3 0.2375 0.04140625 0.075 0.0734375
3 0.18046875 0.7671875 0.075 0.0734375
3 0.4046875 0.79296875 0.0875 0.0875
3 0.684375 0.87734375 0.0609375 0.0625
3 0.5015625 0.8359375 0.0859375 0.0859375
3 0.78046875 0.73671875 0.0984375 0.0734375
3 0.9296875 0.9546875 0.078125 0.05625
3 0.36015625 0.0671875 0.0796875 0.065625
3 0.8203125 0.9640625 0.084375 0.065625
3 0.159375 0.275 0.084375 0.06875
3 0.5578125 0.590625 0.0859375 0.0875
3 0.7890625 0.4296875 0.0875 0.06875
3 0.8234375 0.4 0.084375 0.084375
3 0.28046875 0.7515625 0.0640625 0.0640625
3 0.94453125 0.73125 0.0734375 0.0734375
3 0.13984375 0.5671875 0.075 0.075
3 0.58515625 0.77421875 0.096875 0.0765625
3 0.475 0.79453125 0.09375 0.09375
3 0.92578125 0.04140625 0.0890625 0.0828125
3 0.4390625 0.315625 0.0703125 0.0703125
3 0.31953125 0.62265625 0.08125 0.08125
3 0.4125 0.6796875 0.0703125 0.0703125
3 0.50703125 0.640625 0.0796875 0.0796875
3 0.90390625 0.9234375 0.0828125 0.084375
3 0.584375 0.6484375 0.0625 0.075
3 0.26953125 0.69296875 0.0765625 0.0453125
3 0.42578125 0.63515625 0.078125 0.0796875
3 0.05 0.52578125 0.09375 0.0796875
3 0.828125 0.2 0.075 0.075
3 0.934375 0.76484375 0.071875 0.071875
3 0.38515625 0.42578125 0.0796875 0.065625
3 0.403125 0.384375 0.1 0.0625
3 0.65390625 0.6453125 0.0671875 0.06875
3 0.25390625 0.575 0.0875 0.0890625
3 0.2515625 0.6328125 0.075 0.075
3 0.80546875 0.1640625 0.0921875 0.078125
0 0.70703125 0.39296875 0.0984375 0.0984375
0 0.30625 0.459375 0.09375 0.09375
3 0.05703125 0.22421875 0.084375 0.084375
3 0.38984375 0.503125 0.065625 0.065625
3 0.315625 0.684375 0.0734375 0.0734375
3 0.15703125 0.5375 0.0796875 0.06875
3 0.64140625 0.95078125 0.0671875 0.05