3 0.809375 0.1953125 0.0859375 0.0859375
3 0.3984375 0.61953125 0.065625 0.0890625
3 0.09296875 0.5421875 0.065625 0.0875
3 0.89921875 0.70234375 0.0578125 0.0765625
3 0.6421875 0.4328125 0.078125 0.103125
3 0.94609375 0.21328125 0.0828125 0.0828125
3 0.82890625 0.82109375 0.0734375 0.0734375
3 0.09921875 0.37578125 0.078125 0.0890625
3 0.184375 0.42890625 0.06875 0.0859375
3 0.25625 0.6328125 0.0625 0.078125
3 0.765625 0.74921875 0.06875 0.0890625
3 0.56796875 0.55078125 0.065625 0.065625
4 0.76953125 0.575 0.0859375 0.0875
3 0.2203125 0.9453125 0.0765625 0.0765625
3 0.221875 0.05546875 0.071875 0.071875
3 0.1578125 0.76328125 0.06875 0.0890625
3 0.93203125 0.54921875 0.071875 0.071875
3 0.09921875 0.1625 0.059375 0.08125
3 0.815625 0.659375 0.0625 0.084375
3 0.9703125 0.7828125 0.053125 0.08125
3 0.09453125 0.2421875 0.078125 0.078125
3 0.7390625 0.34453125 0.0625 0.0640625
3 0.925 0.15703125 0.075 0.0953125
3 0.64609375 0.65390625 0.06875 0.06875
3 0.1609375 0.8796875 0.071875 0.071875
3 0.3421875 0.75703125 0.065625 0.0890625
3 0.78125 0.41484375 0.071875 0.0703125
3 0.415625 0.35390625 0.065625 0.0828125
3 0.7421875 0.50390625 0.0640625 0.0625
3 0.1390625 0.67109375 0.05625 0.0734375
3 0.9546875 0.8875 0.0625 0.078125
3 0.62421875 0.7265625 0.0515625 0.071875
4 0.4421875 0.90078125 0.071875 0.0859375
3 0.72421875 0.17578125 0.0703125 0.06875
3 0.37265625 0.28671875 0.0671875 0.0703125
3 0.1546875 0.05 0.078125 0.078125
3 0.8234375 0.36171875 0.0828125 0.0828125
3 0.815625 0.49921875 0.08125 0.08125
3 0.5 0.31953125 0.06875 0.084375
3 0.284375 0.93671875 0.059375 0.0796875
3 0.3109375 0.47421875 0.0671875 0.0671875
3 0.3953125 0.7484375 0.059375 0.078125
3 0.45859375 0.66328125 0.0578125 0.0765625
3 0.5734375 0.3015625 0.059375 0.0578125
3 0.60078125 0.78671875 0.075 0.0734375
3 0.5515625 0.82265625 0.0609375 0.0828125
3 0.065625 0.8703125 0.065625 0.065625
3 0.51328125 0.21796875 0.0671875 0.0703125
3 0.34296875 0.884375 0.0703125 0.0703125
3 0.4921875 0.38828125 0.065625 0.084375
3 0.2328125 0.1671875 0.0609375 0.0609375
3 0.51015625 0.54765625 0.0578125 0.0859375
3 0.096875 0.734375 0.05625 0.06875
3 0.57421875 0.9296875 0.0546875 0.078125
3 0.3734375 0.9578125 0.0625 0.0625
3 0.5 0.85625 0.0625 0.08125
3 0.121875 0.44140625 0.05625 0.0765625
3 0.61328125 0.57734375 0.0703125 0.0703125
3 0.21640625 0.86796875 0.0609375 0.059375
3 0.7921875 0.11640625 0.065625 0.065625
6 0.32421875 0.2390625 0.0921875 0.0921875
3 0.79609375 0.3375 0.0546875 0.075
3 0.5421875 0.790625 0.0703125 0.0703125
3 0.24765625 0.3359375 0.0609375 0.071875
3 0.20625 0.31328125 0.0609375 0.0609375
3 0.6609375 0.51015625 0.0640625 0.0640625
3 0.8734375 0.15703125 0.06875 0.06875
3 0.34921875 0.54609375 0.0609375 0.059375
3 0.928125 0.7921875 0.05 0.078125
3 0.86640625 0.04609375 0.071875 0.071875
3 0.471875 0.51171875 0.05625 0.0703125
3 0.0640625 0.803125 0.0609375 0.0609375
3 0.15546875 0.2125 0.0625 0.06875
3 0.03359375 0.27421875 0.0578125 0.0734375
3 0.44375 0.23203125 0.0609375 0.059375
3 0.5 0.73828125 0.0625 0.0625
3 0.05390625 0.07265625 0.0640625 0.0640625
3 0.32578125 0.05703125 0.0484375 0.0953125
3 0.26640625 0.5515625 0.059375 0.059375
3 0.15703125 0.15234375 0.0546875 0.05625
3 0.1046875 0.07265625 0.05 0.0734375
3 0.084375 0.13671875 0.05625 0.0703125
3 0.29375 0.20390625 0.0640625 0.0640625
3 0.24921875 0.22421875 0.0515625 0.0671875
3 0.23671875 0.27265625 0.0453125 0.0703125
3 0.53828125 0.384375 0.0546875 0.065625
3 0.390625 0.03984375 0.0640625 0.0640625
3 0.58515625 0.065625 0.05625 0.084375
3 0.63984375 0.0578125 0.0734375 0.0625
3 0.7296875 0.2359375 0.046875 0.05625
3 0.53125 0.2703125 0.065625 0.053125
3 0.78828125 0.28203125 0.0578125 0.05625
3 0.71796875 0.446875 0.05625 0.05625
3 0.8515625 0.44921875 0.071875 0.0703125
3 0.034375 0.925 0.06875 0.06875
3 0.43359375 0.56875 0.0625 0.0625
3 0.3296875 0.9109375 0.071875 0.071875