3 0.8046875 0.809375 0.0859375 0.0859375
3 0.38046875 0.3984375 0.0765625 0.078125
3 0.4578125 0.09296875 0.0765625 0.0765625
3 0.29765625 0.89921875 0.0765625 0.0578125
3 0.5671875 0.6421875 0.090625 0.090625
3 0.78671875 0.94609375 0.0953125 0.0703125
3 0.17890625 0.82890625 0.0734375 0.0734375
3 0.62421875 0.09921875 0.0890625 0.078125
3 0.57109375 0.184375 0.0859375 0.06875
3 0.3671875 0.25625 0.0703125 0.0703125
3 0.25078125 0.765625 0.0890625 0.06875
3 0.44921875 0.56796875 0.075 0.05625
4 0.425 0.76953125 0.096875 0.0765625
3 0.0546875 0.2203125 0.084375 0.06875
3 0.94453125 0.221875 0.0828125 0.0625
3 0.23671875 0.1578125 0.078125 0.0796875
3 0.45078125 0.93203125 0.071875 0.071875
3 0.8375 0.09921875 0.0703125 0.0703125
3 0.340625 0.815625 0.084375 0.0625
3 0.2171875 0.9703125 0.08125 0.053125
3 0.7578125 0.09453125 0.084375 0.071875
3 0.65546875 0.7390625 0.0734375 0.053125
3 0.84296875 0.925 0.0953125 0.075
3 0.34609375 0.64609375 0.06875 0.06875
3 0.1203125 0.1609375 0.084375 0.059375
3 0.24296875 0.3421875 0.078125 0.078125
3 0.58515625 0.78125 0.078125 0.0625
3 0.64609375 0.415625 0.0828125 0.065625
3 0.49609375 0.7421875 0.0671875 0.059375
3 0.32890625 0.1390625 0.0734375 0.05625
3 0.1125 0.9546875 0.078125 0.0625
3 0.2734375 0.62421875 0.071875 0.0515625
4 0.09921875 0.4421875 0.078125 0.078125
3 0.82421875 0.72421875 0.06875 0.0703125
3 0.71328125 0.37265625 0.06875 0.06875
3 0.95 0.1546875 0.090625 0.065625
3 0.63828125 0.8234375 0.0828125 0.0828125
3 0.50078125 0.815625 0.0859375 0.075
3 0.68046875 0.5 0.0765625 0.0765625
3 0.06328125 0.284375 0.06875 0.06875
3 0.52578125 0.3109375 0.075 0.059375
3 0.2515625 0.3953125 0.06875 0.06875
3 0.33671875 0.45859375 0.0765625 0.0578125
3 0.6984375 0.5734375 0.0578125 0.0578125
3 0.21328125 0.60078125 0.0859375 0.0625
3 0.17734375 0.5515625 0.0828125 0.059375
3 0.1296875 0.065625 0.065625 0.065625
3 0.78203125 0.51328125 0.06875 0.06875
3 0.115625 0.34296875 0.075 0.065625
3 0.61171875 0.4921875 0.084375 0.065625
3 0.8328125 0.2328125 0.06875 0.053125
3 0.45234375 0.51015625 0.071875 0.071875
3 0.265625 0.096875 0.0625 0.0625
3 0.0703125 0.57421875 0.065625 0.0671875
3 0.0421875 0.3734375 0.0625 0.0625
3 0.14375 0.5 0.08125 0.0625
3 0.55859375 0.121875 0.0765625 0.05625
3 0.42265625 0.61328125 0.0765625 0.0640625
3 0.13203125 0.21640625 0.059375 0.0609375
3 0.88359375 0.7921875 0.0734375 0.059375
6 0.7609375 0.32421875 0.096875 0.0890625
3 0.6625 0.79609375 0.075 0.0546875
3 0.209375 0.5421875 0.0703125 0.0703125
3 0.6640625 0.24765625 0.071875 0.0609375
3 0.68671875 0.20625 0.0609375 0.059375
3 0.48984375 0.6609375 0.075 0.053125
3 0.84296875 0.8734375 0.0828125 0.053125
3 0.45390625 0.34921875 0.065625 0.0546875
3 0.2078125 0.928125 0.0640625 0.0640625
3 0.95390625 0.86640625 0.071875 0.071875
3 0.48828125 0.471875 0.0703125 0.05625
3 0.196875 0.0640625 0.0625 0.059375
3 0.7875 0.15546875 0.06875 0.0625
3 0.72578125 0.03359375 0.0734375 0.0578125
3 0.76796875 0.44375 0.0703125 0.05
3 0.26171875 0.5 0.0671875 0.059375
3 0.92734375 0.05390625 0.0640625 0.0640625
3 0.94296875 0.32578125 0.0953125 0.0484375
3 0.4484375 0.26640625 0.071875 0.0453125
3 0.84765625 0.15703125 0.05625 0.0546875
3 0.92734375 0.1046875 0.0625 0.0625
3 0.86328125 0.084375 0.0703125 0.05625
3 0.79609375 0.29375 0.0796875 0.05
3 0.77578125 0.24921875 0.0671875 0.0515625
3 0.72734375 0.23671875 0.0703125 0.0453125
3 0.615625 0.53828125 0.059375 0.059375
3 0.96015625 0.390625 0.071875 0.05625
3 0.934375 0.58515625 0.084375 0.05625
3 0.9421875 0.63984375 0.0625 0.0734375
3 0.7640625 0.7296875 0.0515625 0.0515625
3 0.7296875 0.53125 0.059375 0.059375
3 0.71796875 0.78828125 0.05625 0.0578125
3 0.553125 0.71796875 0.0625 0.0515625
3 0.55078125 0.8515625 0.0703125 0.071875
3 0.075 0.034375 0.06875 0.06875
3 0.43125 0.43359375 0.078125 0.0453125
3 0.0890625 0.3296875 0.071875 0.071875