3 0.6234375 0.2421875 0.06875 0.06875
3 0.18359375 0.67421875 0.071875 0.071875
3 0.84140625 0.08203125 0.0765625 0.0765625
3 0.48515625 0.21796875 0.075 0.05625
3 0.940625 0.0640625 0.0796875 0.0796875
3 0.38203125 0.72734375 0.0828125 0.0734375
3 0.4 0.6421875 0.084375 0.084375
3 0.32265625 0.3109375 0.0890625 0.0625
3 0.08203125 0.5109375 0.071875 0.071875
3 0.60234375 0.121875 0.078125 0.0796875
3 0.51640625 0.2765625 0.06875 0.06875
3 0.521875 0.12734375 0.059375 0.0609375
3 0.2078125 0.81015625 0.0875 0.0609375
3 0.28828125 0.63046875 0.0671875 0.0671875
3 0.80703125 0.94765625 0.0859375 0.0671875
3 0.34921875 0.5546875 0.096875 0.065625
3 0.86875 0.7046875 0.0765625 0.0765625
3 0.89609375 0.56875 0.0890625 0.06875
3 0.2984375 0.3734375 0.090625 0.071875
3 0.83359375 0.82109375 0.0828125 0.0609375
3 0.8140625 0.3390625 0.0765625 0.0765625
3 0.3109375 0.87890625 0.06875 0.0609375
3 0.90390625 0.8671875 0.0796875 0.05625
3 0.63984375 0.18515625 0.0890625 0.0625
3 0.04765625 0.45 0.0796875 0.06875
3 0.58671875 0.85703125 0.078125 0.0609375
3 0.84765625 0.15 0.0828125 0.06875
3 0.74453125 0.41328125 0.0671875 0.0671875
3 0.59921875 0.34765625 0.0890625 0.0671875
3 0.775 0.1265625 0.071875 0.071875
3 0.875 0.38828125 0.071875 0.0609375
3 0.45390625 0.09296875 0.08125 0.08125
3 0.29296875 0.95625 0.071875 0.071875
3 0.4609375 0.7515625 0.0828125 0.0828125
3 0.43984375 0.515625 0.0828125 0.06875
3 0.71015625 0.22578125 0.0734375 0.0640625
3 0.4171875 0.28671875 0.078125 0.0796875
3 0.91484375 0.259375 0.0828125 0.075
3 0.6453125 0.3 0.084375 0.0625
3 0.790625 0.66796875 0.071875 0.0734375
3 0.72734375 0.7671875 0.078125 0.078125
3 0.61015625 0.47734375 0.075 0.0765625
3 0.78515625 0.25078125 0.071875 0.071875
3 0.47734375 0.43828125 0.078125 0.078125
3 0.4953125 0.35390625 0.090625 0.0765625
3 0.25859375 0.1546875 0.0859375 0.084375
3 0.8390625 0.6296875 0.078125 0.065625
3 0.23671875 0.94375 0.0734375 0.075
3 0.1 0.74296875 0.071875 0.0609375
3 0.3265625 0.0765625 0.08125 0.08125
3 0.69765625 0.140625 0.0953125 0.059375
3 0.87265625 0.63984375 0.075 0.075
3 0.36953125 0.2625 0.071875 0.071875
3 0.39609375 0.390625 0.1015625 0.06875
3 0.5546875 0.72109375 0.0796875 0.078125
3 0.18984375 0.89140625 0.075 0.075
3 0.4265625 0.1328125 0.084375 0.084375
3 0.7203125 0.05234375 0.1 0.0609375
3 0.540625 0.8046875 0.08125 0.0828125
3 0.51015625 0.88125 0.078125 0.075
3 0.815625 0.40546875 0.078125 0.0765625
3 0.94921875 0.478125 0.0796875 0.0625
3 0.62421875 0.75625 0.0640625 0.0625
3 0.20390625 0.1078125 0.0828125 0.08125
3 0.45390625 0.9015625 0.0703125 0.06875
3 0.36484375 0.8421875 0.0703125 0.0703125
3 0.45859375 0.31875 0.090625 0.0890625
3 0.88203125 0.28671875 0.0796875 0.0796875
3 0.08359375 0.80546875 0.0875 0.0875
3 0.63671875 0.0640625 0.075 0.075
3 0.30859375 0.04375 0.0953125 0.0625
3 0.91640625 0.1375 0.075 0.075
3 0.37265625 0.79375 0.090625 0.06875
6 0.43671875 0.8140625 0.1125 0.1125
6 0.08828125 0.5703125 0.1375 0.075
3 0.49921875 0.4046875 0.090625 0.071875
3 0.42265625 0.36171875 0.075 0.075
3 0.1140625 0.87265625 0.078125 0.1
3 0.084375 0.83671875 0.078125 0.078125
3 0.9203125 0.4359375 0.09375 0.0625
3 0.9453125 0.3765625 0.0671875 0.0671875
3 0.95625 0.18125 0.08125 0.0625
3 0.73671875 0.25625 0.08125 0.08125
3 0.69140625 0.1109375 0.0890625 0.0625
3 0.87421875 0.6921875 0.0765625 0.0765625
3 0.7546875 0.70234375 0.103125 0.0796875
3 0.68359375 0.728125 0.071875 0.071875