2 0.5953125 0.7453125 0.0625 0.0875
2 0.73671875 0.675 0.08125 0.08125
2 0.61015625 0.4640625 0.06875 0.06875
2 0.65234375 0.50390625 0.0625 0.084375
2 0.88125 0.596875 0.0625 0.0875
2 0.5625 0.2796875 0.075 0.096875
2 0.68046875 0.671875 0.0828125 0.0828125
2 0.76015625 0.35234375 0.0703125 0.0796875
2 0.34140625 0.7125 0.075 0.0734375
2 0.5515625 0.3734375 0.075 0.0875
2 0.70625 0.46640625 0.0625 0.0921875
2 0.8640625 0.078125 0.065625 0.09375
2 0.8 0.7015625 0.078125 0.078125
2 0.82734375 0.921875 0.0828125 0.08125
2 0.7390625 0.12734375 0.071875 0.0859375
2 0.8546875 0.32421875 0.059375 0.078125
2 0.76875 0.45078125 0.084375 0.0859375
2 0.60234375 0.19453125 0.0765625 0.0921875
2 0.7703125 0.896875 0.065625 0.084375
2 0.2796875 0.7203125 0.0890625 0.0890625
2 0.196875 0.5921875 0.06875 0.096875
2 0.4953125 0.73125 0.075 0.09375
2 0.775 0.8 0.0890625 0.0890625
2 0.19609375 0.79453125 0.0734375 0.1046875
2 0.46953125 0.58203125 0.084375 0.0859375
2 0.6546875 0.1625 0.06875 0.090625
2 0.525 0.45390625 0.078125 0.0921875
2 0.096875 0.31796875 0.075 0.1015625
2 0.3515625 0.8390625 0.075 0.090625
2 0.40390625 0.59453125 0.0875 0.0875
2 0.85 0.74921875 0.0625 0.06875
2 0.13671875 0.22109375 0.0734375 0.10625
2 0.9625 0.209375 0.05625 0.08125
2 0.903125 0.34140625 0.071875 0.0984375
2 0.125 0.69140625 0.06875 0.1125
2 0.1875 0.69921875 0.059375 0.1015625
2 0.16875 0.32890625 0.090625 0.090625
2 0.1046875 0.453125 0.08125 0.09375
2 0.525 0.66953125 0.053125 0.0765625
2 0.04921875 0.58671875 0.090625 0.0921875
2 0.52421875 0.57734375 0.084375 0.084375
2 0.85390625 0.66015625 0.0859375 0.0859375
2 0.93046875 0.25546875 0.0515625 0.0671875
2 0.66328125 0.80546875 0.0578125 0.0578125
2 0.05703125 0.48515625 0.096875 0.096875
2 0.13125 0.7953125 0.0859375 0.0859375
2 0.15390625 0.878125 0.0859375 0.096875
2 0.278125 0.05078125 0.084375 0.084375
2 0.0375 0.2609375 0.075 0.084375
4 0.659375 0.2890625 0.1046875 0.1046875