2 0.4046875 0.7453125 0.075 0.075
2 0.26328125 0.675 0.08125 0.08125
2 0.38984375 0.4640625 0.06875 0.06875
2 0.34765625 0.50390625 0.0734375 0.0734375
2 0.11875 0.596875 0.075 0.075
2 0.4375 0.2796875 0.075 0.096875
2 0.31953125 0.671875 0.06875 0.096875
2 0.23984375 0.35234375 0.0703125 0.0796875
2 0.65859375 0.7125 0.0546875 0.09375
2 0.4484375 0.3734375 0.075 0.0875
2 0.29375 0.46640625 0.0765625 0.078125
2 0.1359375 0.078125 0.065625 0.09375
2 0.2 0.7015625 0.078125 0.078125
2 0.17265625 0.921875 0.0703125 0.09375
2 0.2609375 0.12734375 0.071875 0.0859375
2 0.1453125 0.32421875 0.06875 0.06875
2 0.23125 0.45078125 0.084375 0.0859375
2 0.39765625 0.19453125 0.084375 0.084375
2 0.2296875 0.896875 0.065625 0.084375
2 0.7203125 0.7203125 0.0625 0.115625
2 0.803125 0.5921875 0.0828125 0.0828125
2 0.5046875 0.73125 0.075 0.09375
2 0.225 0.8 0.0890625 0.0890625
2 0.80390625 0.79453125 0.0734375 0.1046875
2 0.53046875 0.58203125 0.06875 0.1015625
2 0.3453125 0.1625 0.0796875 0.0796875
2 0.475 0.45390625 0.084375 0.0859375
2 0.903125 0.31796875 0.0890625 0.0875
2 0.6484375 0.8390625 0.075 0.090625
2 0.59609375 0.59453125 0.0765625 0.0984375
2 0.15 0.74921875 0.0625 0.06875
2 0.86328125 0.22109375 0.0734375 0.10625
2 0.0375 0.209375 0.06875 0.06875
2 0.096875 0.34140625 0.084375 0.084375
2 0.875 0.69140625 0.06875 0.1125
2 0.8125 0.69921875 0.0796875 0.08125
2 0.83125 0.32890625 0.071875 0.1078125
2 0.8953125 0.453125 0.08125 0.09375
2 0.475 0.66953125 0.0640625 0.0640625
2 0.95078125 0.58671875 0.090625 0.0921875
2 0.47578125 0.57734375 0.084375 0.084375
2 0.14609375 0.66015625 0.0703125 0.1015625
2 0.06953125 0.25546875 0.059375 0.059375
2 0.33671875 0.80546875 0.0421875 0.0734375
2 0.94296875 0.48515625 0.096875 0.096875
2 0.86875 0.7953125 0.0875 0.0875
2 0.84609375 0.878125 0.0921875 0.090625
2 0.721875 0.05078125 0.06875 0.1015625
2 0.9625 0.2609375 0.075 0.084375
4 0.340625 0.2890625 0.090625 0.11875