3 0.6109375 0.1359375 0.06875 0.06875
3 0.16171875 0.38984375 0.078125 0.078125
3 0.14140625 0.84921875 0.06875 0.0953125
3 0.065625 0.25 0.075 0.075
3 0.70234375 0.24296875 0.0703125 0.0703125
3 0.434375 0.8171875 0.075 0.103125
3 0.06640625 0.1359375 0.08125 0.08125
3 0.86484375 0.35703125 0.078125 0.0796875
3 0.42109375 0.9015625 0.0671875 0.0875
3 0.83125 0.50078125 0.0625 0.1171875
3 0.60703125 0.5859375 0.075 0.075
3 0.89296875 0.24140625 0.0625 0.0796875
3 0.7484375 0.83203125 0.0625 0.1
3 0.17109375 0.2125 0.0796875 0.078125
3 0.6734375 0.15 0.065625 0.109375
3 0.5015625 0.47890625 0.08125 0.08125
3 0.246875 0.48359375 0.05625 0.090625
3 0.7984375 0.38515625 0.06875 0.090625
3 0.71875 0.32734375 0.0625 0.0921875
3 0.8671875 0.15 0.078125 0.0765625
3 0.38125 0.52421875 0.075 0.075
3 0.5546875 0.38203125 0.065625 0.1140625
3 0.6609375 0.39609375 0.059375 0.0890625
3 0.43671875 0.57890625 0.0671875 0.0671875
3 0.2390625 0.7484375 0.075 0.075
3 0.290625 0.928125 0.0875 0.0875
3 0.59375 0.453125 0.08125 0.08125
3 0.65 0.2953125 0.0796875 0.0796875
3 0.63125 0.20078125 0.065625 0.065625
3 0.7734375 0.459375 0.059375 0.10625
3 0.475 0.13359375 0.059375 0.1078125
3 0.7078125 0.4515625 0.0796875 0.0796875
3 0.32109375 0.37578125 0.0703125 0.1171875
3 0.10625 0.76796875 0.046875 0.090625
3 0.36953125 0.278125 0.05 0.121875
3 0.29453125 0.15703125 0.065625 0.065625
3 0.8046875 0.865625 0.0625 0.0875
3 0.23125 0.321875 0.059375 0.06875
3 0.271875 0.7859375 0.059375 0.06875
3 0.9234375 0.92421875 0.06875 0.06875
3 0.08125 0.47421875 0.0875 0.0890625
3 0.4125 0.3140625 0.05625 0.103125
3 0.63515625 0.47734375 0.0609375 0.0734375
3 0.821875 0.06484375 0.0859375 0.0859375
3 0.453125 0.52578125 0.0625 0.0734375
3 0.65859375 0.51640625 0.0671875 0.0671875
6 0.3328125 0.2671875 0.0921875 0.0921875
6 0.24453125 0.24921875 0.0890625 0.0890625
3 0.51015625 0.15234375 0.0765625 0.075
3 0.6609375 0.04375 0.059375 0.084375
3 0.234375 0.03671875 0.06875 0.071875