3 0.77578125 0.57109375 0.0734375 0.0953125
3 0.7875 0.828125 0.06875 0.090625
3 0.69375 0.7796875 0.0796875 0.0796875
3 0.82578125 0.7609375 0.0671875 0.078125
3 0.665625 0.415625 0.0765625 0.078125
3 0.75078125 0.65625 0.071875 0.071875
3 0.84453125 0.9015625 0.0765625 0.090625
3 0.165625 0.18671875 0.071875 0.0890625
3 0.91328125 0.8984375 0.0640625 0.08125
3 0.87421875 0.6890625 0.078125 0.078125
3 0.61875 0.884375 0.071875 0.090625
3 0.5640625 0.7390625 0.075 0.10625
3 0.39765625 0.825 0.0546875 0.08125
3 0.75390625 0.75234375 0.0609375 0.084375
3 0.38515625 0.3703125 0.0890625 0.0875
3 0.140625 0.10390625 0.0703125 0.06875
3 0.42578125 0.95 0.0765625 0.0765625
3 0.72265625 0.3171875 0.0578125 0.078125
3 0.3390625 0.871875 0.071875 0.1
3 0.7296875 0.46953125 0.0921875 0.0921875
3 0.5140625 0.14921875 0.053125 0.078125
3 0.5703125 0.12734375 0.065625 0.0859375
3 0.75703125 0.415625 0.071875 0.09375
3 0.578125 0.95703125 0.0625 0.0796875
3 0.45625 0.24609375 0.053125 0.0765625
3 0.91640625 0.48671875 0.0890625 0.0890625
3 0.44140625 0.32265625 0.0546875 0.0734375
3 0.2578125 0.890625 0.0796875 0.0796875
3 0.265625 0.1703125 0.0625 0.071875
3 0.0796875 0.81171875 0.0890625 0.0890625
3 0.2765625 0.10546875 0.0859375 0.0859375
3 0.32734375 0.128125 0.0875 0.0875
3 0.2953125 0.8046875 0.084375 0.084375
3 0.4921875 0.79921875 0.090625 0.090625
3 0.18203125 0.81796875 0.0703125 0.0703125
3 0.5359375 0.834375 0.0765625 0.0765625
3 0.1328125 0.59296875 0.071875 0.1015625
3 0.78203125 0.29296875 0.078125 0.0953125
3 0.39609375 0.25546875 0.0734375 0.1015625
3 0.59375 0.63828125 0.0765625 0.0765625
3 0.59921875 0.28828125 0.078125 0.078125
2 0.134375 0.75625 0.0921875 0.0921875
3 0.66875 0.27421875 0.075 0.075
3 0.56171875 0.20546875 0.0703125 0.090625
3 0.4953125 0.9171875 0.084375 0.084375
3 0.33125 0.64296875 0.071875 0.0890625
3 0.65078125 0.81484375 0.0734375 0.0953125
3 0.3171875 0.3640625 0.0734375 0.0734375
3 0.5453125 0.05390625 0.078125 0.078125
3 0.33828125 0.43984375 0.075 0.075
6 0.85625 0.51171875 0.08125 0.1140625
3 0.35625 0.72734375 0.0796875 0.0796875
6 0.45 0.7 0.121875 0.121875
6 0.22421875 0.46484375 0.0671875 0.0765625
3 0.240625 0.50078125 0.05625 0.0765625
6 0.609375 0.74296875 0.09375 0.09375
3 0.3359375 0.7609375 0.071875 0.090625
3 0.6234375 0.2203125 0.053125 0.0875
3 0.49296875 0.73671875 0.0734375 0.0734375
6 0.5171875 0.9015625 0.0984375 0.0984375
3 0.8734375 0.603125 0.053125 0.0875
3 0.9015625 0.58203125 0.075 0.075
3 0.059375 0.040625 0.053125 0.06875
3 0.078125 0.090625 0.0734375 0.0734375
3 0.0359375 0.10859375 0.06875 0.1
3 0.7609375 0.3859375 0.065625 0.096875
3 0.1171875 0.67109375 0.065625 0.0671875