3 0.54609375 0.6390625 0.078125 0.078125
3 0.2265625 0.43203125 0.06875 0.0921875
3 0.17578125 0.3125 0.059375 0.090625
3 0.10703125 0.66796875 0.08125 0.08125
3 0.3265625 0.7515625 0.065625 0.103125
3 0.184375 0.84453125 0.0859375 0.0875
3 0.69921875 0.1828125 0.0859375 0.0875
3 0.58515625 0.87109375 0.08125 0.08125
3 0.7640625 0.78515625 0.075 0.0875
3 0.41875 0.11484375 0.06875 0.0890625
3 0.5140625 0.71796875 0.078125 0.078125
3 0.10625 0.46328125 0.06875 0.1078125
3 0.778125 0.615625 0.05625 0.0875
3 0.9234375 0.93671875 0.078125 0.1046875
3 0.41171875 0.30703125 0.0703125 0.0796875
3 0.7890625 0.35546875 0.059375 0.0859375
3 0.93359375 0.54921875 0.078125 0.0796875
3 0.190625 0.6390625 0.065625 0.096875
3 0.69140625 0.74765625 0.075 0.0890625
3 0.2875 0.5171875 0.065625 0.090625
3 0.86875 0.22265625 0.078125 0.078125
3 0.615625 0.4578125 0.065625 0.0875
3 0.215625 0.05390625 0.071875 0.0828125
3 0.70859375 0.64921875 0.08125 0.08125
3 0.3625 0.51171875 0.0734375 0.0734375
3 0.915625 0.80703125 0.071875 0.0734375
3 0.3921875 0.7125 0.075 0.0765625
3 0.7375 0.871875 0.075 0.075
3 0.17265625 0.72578125 0.071875 0.071875
3 0.78125 0.934375 0.06875 0.075
3 0.0421875 0.15234375 0.065625 0.0828125
3 0.425 0.88984375 0.0734375 0.071875
3 0.70703125 0.5890625 0.0734375 0.071875
3 0.23671875 0.91015625 0.0515625 0.0796875
3 0.471875 0.84453125 0.078125 0.078125
3 0.5203125 0.1046875 0.0765625 0.0765625
3 0.478125 0.24609375 0.065625 0.0921875
3 0.23671875 0.1296875 0.078125 0.084375
3 0.21171875 0.21171875 0.0703125 0.0703125
3 0.9546875 0.12578125 0.065625 0.0828125
3 0.078125 0.0796875 0.0796875 0.0796875
3 0.28125 0.61796875 0.065625 0.0875
3 0.14140625 0.81484375 0.0578125 0.1171875
3 0.059375 0.22109375 0.0625 0.0828125
3 0.80390625 0.68203125 0.0765625 0.0765625
3 0.146875 0.075 0.0625 0.09375
3 0.259375 0.77578125 0.0625 0.0890625
3 0.54140625 0.45546875 0.075 0.075
3 0.903125 0.35625 0.08125 0.08125
3 0.128125 0.92578125 0.059375 0.078125
3 0.82265625 0.140625 0.0859375 0.084375
3 0.35078125 0.2453125 0.065625 0.096875
3 0.33125 0.88046875 0.065625 0.0890625
3 0.46484375 0.61875 0.078125 0.078125
3 0.9203125 0.72109375 0.078125 0.0796875
3 0.61328125 0.3453125 0.0640625 0.0875
3 0.61015625 0.0875 0.0640625 0.090625
3 0.4515625 0.79375 0.065625 0.103125
3 0.87890625 0.896875 0.08125 0.0828125
3 0.08359375 0.290625 0.0703125 0.096875
3 0.296875 0.3046875 0.071875 0.071875
3 0.5921875 0.81484375 0.059375 0.0859375
3 0.68828125 0.475 0.075 0.0734375
3 0.66875 0.89296875 0.078125 0.078125
3 0.8421875 0.7703125 0.0625 0.084375
3 0.64921875 0.7078125 0.0796875 0.0796875
3 0.54921875 0.26796875 0.0609375 0.0921875
3 0.5203125 0.82421875 0.05625 0.090625
3 0.35 0.6078125 0.0703125 0.0703125
3 0.9015625 0.12109375 0.06875 0.06875
3 0.0390625 0.7265625 0.078125 0.08125
3 0.38046875 0.834375 0.0546875 0.0875
3 0.61484375 0.57734375 0.0765625 0.0765625
3 0.16171875 0.53359375 0.071875 0.0734375
3 0.5984375 0.190625 0.059375 0.09375
3 0.45625 0.20859375 0.075 0.0921875
3 0.8078125 0.19296875 0.078125 0.078125
3 0.0703125 0.78984375 0.078125 0.078125
3 0.8453125 0.5953125 0.065625 0.1
3 0.24453125 0.296875 0.0703125 0.0703125
3 0.253125 0.71875 0.084375 0.084375
3 0.47578125 0.3578125 0.071875 0.0703125
3 0.29609375 0.18359375 0.0671875 0.0671875
3 0.309375 0.42734375 0.075 0.090625
3 0.88984375 0.0796875 0.0546875 0.096875
3 0.50625 0.54921875 0.084375 0.0984375
3 0.6765625 0.33359375 0.059375 0.0734375
3 0.9484375 0.65078125 0.084375 0.084375
3 0.42890625 0.4484375 0.06875 0.0703125
3 0.359375 0.2984375 0.06875 0.08125
3 0.8734375 0.6296875 0.0765625 0.0765625
3 0.0484375 0.309375 0.065625 0.075
3 0.453125 0.51171875 0.071875 0.071875
3 0.1140625 0.3375 0.078125 0.078125
3 0.4484375 0.66328125 0.046875 0.0921875
3 0.0609375 0.94140625 0.0796875 0.08125
3 0.76953125 0.14921875 0.04375 0.0921875
3 0.76796875 0.45546875 0.0734375 0.0734375
3 0.8890625 0.69140625 0.06875 0.0671875
3 0.78671875 0.5109375 0.078125 0.0765625
3 0.34375 0.4109375 0.0625 0.08125
3 0.2296875 0.54765625 0.04375 0.1171875
3 0.3625 0.94765625 0.075 0.075
6 0.74375 0.27578125 0.0953125 0.0953125
6 0.87265625 0.44453125 0.0796875 0.1046875
3 0.1421875 0.21640625 0.084375 0.084375
3 0.334375 0.1015625 0.071875 0.071875
3 0.0703125 0.83828125 0.053125 0.0671875
3 0.253125 0.87734375 0.046875 0.0828125
3 0.35234375 0.85859375 0.0671875 0.0734375
3 0.40078125 0.9671875 0.0671875 0.0625
3 0.85 0.8140625 0.046875 0.078125
3 0.66953125 0.84140625 0.0734375 0.071875
3 0.5953125 0.5484375 0.05625 0.075
3 0.5375 0.23984375 0.05 0.0796875
3 0.578125 0.16171875 0.05 0.0984375
3 0.58828125 0.05234375 0.0578125 0.075
3 0.2890625 0.2203125 0.071875 0.0734375
3 0.50859375 0.134375 0.078125 0.078125
3 0.44296875 0.0390625 0.0640625 0.0640625
3 0.5265625 0.4203125 0.05625 0.071875
3 0.4546875 0.3765625 0.06875 0.06875
3 0.415625 0.4140625 0.0671875 0.0671875
3 0.1921875 0.51953125 0.071875 0.0703125
3 0.8890625 0.32421875 0.059375 0.0859375
3 0.803125 0.0390625 0.0640625 0.0640625
3 0.65234375 0.35234375 0.0765625 0.0765625
3 0.31328125 0.33046875 0.0609375 0.078125
3 0.76953125 0.715625 0.071875 0.0703125
3 0.37734375 0.61328125 0.0609375 0.0765625
3 0.7109375 0.4984375 0.053125 0.078125