3 0.6390625 0.45390625 0.0875 0.06875
3 0.43203125 0.7734375 0.0921875 0.06875
3 0.3125 0.82421875 0.090625 0.059375
3 0.66796875 0.89296875 0.08125 0.08125
3 0.7515625 0.6734375 0.103125 0.065625
3 0.84453125 0.815625 0.0984375 0.075
3 0.1828125 0.30078125 0.0875 0.0859375
3 0.87109375 0.41484375 0.0953125 0.0671875
3 0.78515625 0.2359375 0.0875 0.075
3 0.11484375 0.58125 0.078125 0.078125
3 0.71796875 0.4859375 0.0890625 0.065625
3 0.46328125 0.89375 0.1078125 0.06875
3 0.615625 0.221875 0.0875 0.05625
3 0.93671875 0.0765625 0.1046875 0.078125
3 0.30703125 0.58828125 0.0796875 0.0703125
3 0.35546875 0.2109375 0.0859375 0.059375
3 0.54921875 0.06640625 0.0953125 0.0625
3 0.6390625 0.809375 0.096875 0.065625
3 0.74765625 0.30859375 0.0890625 0.075
3 0.5171875 0.7125 0.078125 0.078125
3 0.22265625 0.13125 0.078125 0.078125
3 0.4578125 0.384375 0.0875 0.065625
3 0.05390625 0.784375 0.0828125 0.071875
3 0.64921875 0.29140625 0.08125 0.08125
3 0.51171875 0.6375 0.0734375 0.0734375
3 0.80703125 0.084375 0.0734375 0.071875
3 0.7125 0.6078125 0.0875 0.065625
3 0.871875 0.2625 0.075 0.075
3 0.72578125 0.82734375 0.0796875 0.0640625
3 0.934375 0.21875 0.075 0.06875
3 0.15234375 0.9578125 0.0828125 0.065625
3 0.88984375 0.575 0.0859375 0.059375
3 0.5890625 0.29296875 0.08125 0.0640625
3 0.91015625 0.76328125 0.065625 0.065625
3 0.84453125 0.528125 0.090625 0.065625
3 0.1046875 0.4796875 0.090625 0.0625
3 0.24609375 0.521875 0.0921875 0.065625
3 0.1296875 0.76328125 0.084375 0.078125
3 0.21171875 0.78828125 0.0703125 0.0703125
3 0.12578125 0.0453125 0.0828125 0.065625
3 0.0796875 0.921875 0.090625 0.06875
3 0.61796875 0.71875 0.0765625 0.0765625
3 0.81484375 0.85859375 0.1171875 0.0578125
3 0.22109375 0.940625 0.0734375 0.071875
3 0.68203125 0.19609375 0.0765625 0.0765625
3 0.075 0.853125 0.09375 0.0625
3 0.77578125 0.740625 0.0890625 0.0625
3 0.45546875 0.45859375 0.075 0.075
3 0.35625 0.096875 0.08125 0.08125
3 0.92578125 0.871875 0.06875 0.06875
3 0.140625 0.17734375 0.084375 0.0859375
3 0.2453125 0.64921875 0.08125 0.08125
3 0.88046875 0.66875 0.078125 0.078125
3 0.61875 0.53515625 0.0875 0.0671875
3 0.72109375 0.0796875 0.0890625 0.06875
3 0.3453125 0.38671875 0.0875 0.0640625
3 0.0875 0.38984375 0.078125 0.078125
3 0.79375 0.5484375 0.084375 0.084375
3 0.896875 0.12109375 0.0828125 0.08125
3 0.290625 0.91640625 0.084375 0.084375
3 0.3046875 0.703125 0.071875 0.071875
3 0.81484375 0.4078125 0.071875 0.0734375
3 0.475 0.31171875 0.090625 0.0578125
3 0.89296875 0.33125 0.078125 0.078125
3 0.7703125 0.1578125 0.084375 0.0625
3 0.7078125 0.35078125 0.0875 0.0734375
3 0.26796875 0.45078125 0.0765625 0.0765625
3 0.82421875 0.4796875 0.090625 0.05625
3 0.6078125 0.65 0.084375 0.05625
3 0.12109375 0.0984375 0.0859375 0.053125
3 0.72734375 0.96171875 0.0890625 0.0734375
3 0.834375 0.61953125 0.0875 0.0546875
3 0.57734375 0.38515625 0.0765625 0.0765625
3 0.53359375 0.83828125 0.071875 0.071875
3 0.190625 0.4015625 0.09375 0.059375
3 0.20859375 0.54375 0.0921875 0.075
3 0.19296875 0.1921875 0.078125 0.078125
3 0.78984375 0.9296875 0.0859375 0.071875
3 0.5953125 0.1546875 0.1 0.065625
3 0.296875 0.75546875 0.0703125 0.0703125
3 0.71875 0.746875 0.096875 0.071875
3 0.3578125 0.52421875 0.084375 0.0578125
3 0.18359375 0.70390625 0.0734375 0.0609375
3 0.42734375 0.690625 0.0828125 0.0828125
3 0.0796875 0.11015625 0.096875 0.0546875
3 0.54921875 0.49375 0.0921875 0.090625
3 0.33359375 0.3234375 0.0734375 0.059375
3 0.65078125 0.0515625 0.0921875 0.075
3 0.4484375 0.57109375 0.08125 0.0578125
3 0.2984375 0.640625 0.075 0.075
3 0.6296875 0.1265625 0.090625 0.0625
3 0.309375 0.9515625 0.0703125 0.0703125
3 0.51171875 0.546875 0.071875 0.071875
3 0.3375 0.8859375 0.10625 0.05
3 0.66328125 0.5515625 0.0703125 0.06875
3 0.94140625 0.9390625 0.0953125 0.065625
3 0.14921875 0.23046875 0.0671875 0.06875
3 0.45546875 0.23203125 0.0734375 0.0734375
3 0.69140625 0.1109375 0.06875 0.0671875
3 0.5109375 0.21328125 0.0765625 0.078125
3 0.4109375 0.65625 0.08125 0.0625
3 0.54765625 0.7703125 0.1171875 0.04375
3 0.94765625 0.6375 0.075 0.075
6 0.27578125 0.25625 0.0953125 0.0953125
6 0.44453125 0.12734375 0.1046875 0.0796875
3 0.21640625 0.8578125 0.084375 0.084375
3 0.1015625 0.665625 0.071875 0.071875
3 0.83828125 0.9296875 0.0609375 0.0609375
3 0.87734375 0.746875 0.0828125 0.046875
3 0.85859375 0.64765625 0.0734375 0.0671875
3 0.9671875 0.59921875 0.0640625 0.0640625
3 0.8140625 0.15 0.0625 0.0625
3 0.84140625 0.33046875 0.0890625 0.05625
3 0.5484375 0.4046875 0.065625 0.065625
3 0.23984375 0.4625 0.065625 0.0640625
3 0.16171875 0.421875 0.075 0.075
3 0.05234375 0.41171875 0.065625 0.0671875
3 0.2203125 0.7109375 0.08125 0.065625
3 0.134375 0.49140625 0.096875 0.0609375
3 0.0390625 0.55703125 0.0640625 0.0640625
3 0.4203125 0.4734375 0.071875 0.05625
3 0.3765625 0.5453125 0.078125 0.059375
3 0.4140625 0.584375 0.065625 0.06875
3 0.51953125 0.8078125 0.0703125 0.071875
3 0.32421875 0.1109375 0.071875 0.0734375
3 0.0390625 0.196875 0.071875 0.05625
3 0.35234375 0.34765625 0.0765625 0.0765625
3 0.33046875 0.68671875 0.06875 0.0703125
3 0.715625 0.23046875 0.0703125 0.071875
3 0.61328125 0.62265625 0.06875 0.06875
3 0.4984375 0.2890625 0.078125 0.053125