3 0.1640625 0.87890625 0.071875 0.0875
3 0.8921875 0.234375 0.0921875 0.0921875
3 0.49375 0.67421875 0.084375 0.0828125
3 0.5953125 0.43671875 0.075 0.0984375
3 0.5625 0.15703125 0.090625 0.090625
3 0.79296875 0.3390625 0.078125 0.0796875
3 0.303125 0.809375 0.06875 0.09375
3 0.91015625 0.78515625 0.0953125 0.0953125
3 0.909375 0.59375 0.06875 0.09375
3 0.74375 0.646875 0.08125 0.08125
3 0.4265625 0.8375 0.071875 0.090625
3 0.575 0.5296875 0.075 0.0875
3 0.840625 0.6703125 0.065625 0.0875
3 0.16328125 0.3 0.0640625 0.090625
3 0.8140625 0.54375 0.0796875 0.0796875
3 0.3828125 0.928125 0.09375 0.09375
3 0.19765625 0.11953125 0.06875 0.06875
3 0.078125 0.71796875 0.065625 0.0828125
3 0.79765625 0.8875 0.065625 0.090625
3 0.771875 0.45 0.0625 0.09375
3 0.6875 0.375 0.075 0.10625
3 0.7203125 0.7765625 0.0875 0.0875
3 0.340625 0.11796875 0.0734375 0.0734375
3 0.86796875 0.88359375 0.0875 0.0875
3 0.3515625 0.21640625 0.08125 0.08125
3 0.0953125 0.6109375 0.06875 0.084375
3 0.27578125 0.6328125 0.090625 0.090625
3 0.15 0.19765625 0.0859375 0.0875
3 0.490625 0.80546875 0.08125 0.08125
3 0.959375 0.1046875 0.078125 0.078125
3 0.9234375 0.428125 0.078125 0.078125
3 0.66015625 0.86171875 0.09375 0.09375
3 0.47109375 0.95078125 0.084375 0.084375
3 0.0703125 0.290625 0.0828125 0.0828125
3 0.1 0.0984375 0.06875 0.096875
3 0.0640625 0.81875 0.071875 0.071875
3 0.4359375 0.17890625 0.0984375 0.1
3 0.725 0.0953125 0.0859375 0.0859375
3 0.346875 0.54609375 0.0828125 0.0828125
3 0.275 0.1671875 0.0859375 0.0859375
3 0.465625 0.0515625 0.090625 0.090625
3 0.8359375 0.4421875 0.059375 0.103125
3 0.82265625 0.7875 0.0859375 0.084375
3 0.6765625 0.2453125 0.084375 0.1
3 0.09375 0.40546875 0.06875 0.0609375
3 0.0875 0.50703125 0.075 0.075
3 0.871875 0.3546875 0.078125 0.1125
3 0.303125 0.52265625 0.0890625 0.0890625
3 0.79453125 0.7515625 0.0625 0.0625
3 0.22734375 0.48359375 0.09375 0.09375
3 0.253125 0.19921875 0.06875 0.0671875
3 0.1796875 0.4734375 0.071875 0.1125
5 0.5140625 0.378125 0.128125 0.128125