3 0.72265625 0.68828125 0.0828125 0.0609375
3 0.6734375 0.3109375 0.08125 0.08125
3 0.484375 0.42734375 0.071875 0.071875
3 0.54140625 0.51875 0.065625 0.0671875
3 0.4296875 0.52265625 0.075 0.0640625
3 0.86328125 0.828125 0.0859375 0.059375
3 0.46171875 0.58125 0.0828125 0.0625
3 0.5328125 0.04921875 0.084375 0.059375
3 0.49609375 0.9078125 0.0828125 0.059375
3 0.059375 0.6625 0.0875 0.0625
3 0.8078125 0.96015625 0.090625 0.0671875
3 0.4484375 0.68671875 0.090625 0.075
3 0.5453125 0.3125 0.0671875 0.0671875
3 0.5984375 0.86953125 0.0875 0.0625
3 0.1015625 0.47265625 0.096875 0.0765625
3 0.57109375 0.953125 0.084375 0.084375
3 0.34765625 0.0453125 0.078125 0.078125
3 0.28984375 0.1515625 0.0984375 0.06875
3 0.63828125 0.45703125 0.084375 0.0625
3 0.89609375 0.4609375 0.078125 0.078125
3 0.440625 0.83046875 0.0875 0.0703125
3 0.11875 0.08515625 0.0875 0.0796875
3 0.0953125 0.175 0.0828125 0.0828125
3 0.08984375 0.3546875 0.0890625 0.06875
3 0.290625 0.83125 0.09375 0.071875
3 0.94609375 0.62734375 0.06875 0.06875
3 0.18359375 0.2390625 0.078125 0.078125
3 0.0765625 0.71875 0.090625 0.059375
3 0.6078125 0.1859375 0.0734375 0.0734375
3 0.209375 0.9234375 0.078125 0.078125
3 0.0828125 0.0515625 0.09375 0.06875
3 0.58359375 0.6609375 0.0796875 0.053125
3 0.203125 0.37421875 0.096875 0.0625
3 0.69765625 0.23125 0.0734375 0.0734375
3 0.3984375 0.2515625 0.075 0.075
3 0.665625 0.728125 0.0875 0.0625
3 0.20078125 0.50625 0.08125 0.08125
3 0.6140625 0.7296875 0.065625 0.065625
3 0.31328125 0.59921875 0.0734375 0.071875
3 0.23828125 0.4671875 0.0984375 0.071875
3 0.46015625 0.10859375 0.0828125 0.0609375
3 0.7453125 0.36875 0.096875 0.0625
3 0.94296875 0.4125 0.071875 0.0703125
4 0.521875 0.18671875 0.08125 0.0828125
3 0.70703125 0.4828125 0.0828125 0.071875
3 0.8828125 0.2 0.096875 0.0625
3 0.228125 0.75546875 0.0875 0.0671875
3 0.06796875 0.9515625 0.078125 0.078125
3 0.94921875 0.24609375 0.0921875 0.0703125
3 0.1625 0.61484375 0.071875 0.0578125
3 0.1546875 0.80703125 0.0875 0.06875
3 0.43671875 0.2203125 0.0796875 0.078125
3 0.69296875 0.0546875 0.075 0.0734375
3 0.92578125 0.77734375 0.06875 0.0671875
3 0.94765625 0.71875 0.078125 0.078125
3 0.5453125 0.121875 0.0796875 0.0796875
3 0.878125 0.29921875 0.0875 0.0640625
3 0.77421875 0.4546875 0.0765625 0.078125
3 0.75546875 0.875 0.0859375 0.071875
3 0.86484375 0.37578125 0.078125 0.078125
3 0.7578125 0.075 0.0875 0.0625
3 0.89296875 0.6 0.0734375 0.05625
3 0.79609375 0.11015625 0.0625 0.0625
3 0.85546875 0.140625 0.0734375 0.0625
3 0.359375 0.9046875 0.0765625 0.0765625
3 0.1296875 0.5828125 0.096875 0.059375
3 0.64375 0.8203125 0.0703125 0.0703125
3 0.92578125 0.6609375 0.090625 0.05625
3 0.853125 0.275 0.08125 0.0625
3 0.77890625 0.228125 0.078125 0.078125
3 0.95 0.89375 0.1 0.06875
3 0.17265625 0.30703125 0.1078125 0.0515625
3 0.81796875 0.4015625 0.065625 0.065625
3 0.84140625 0.5453125 0.1265625 0.05625
3 0.95078125 0.10546875 0.0984375 0.0703125