3 0.23203125 0.609375 0.0796875 0.0625
3 0.15859375 0.21328125 0.08125 0.08125
3 0.68515625 0.68203125 0.0859375 0.0625
3 0.7640625 0.6125 0.09375 0.071875
3 0.41953125 0.46953125 0.078125 0.0578125
3 0.575 0.246875 0.084375 0.084375
3 0.8734375 0.3296875 0.0734375 0.0734375
3 0.325 0.0359375 0.071875 0.071875
3 0.79765625 0.3859375 0.084375 0.084375
3 0.18515625 0.6796875 0.071875 0.071875
3 0.4625 0.1203125 0.084375 0.065625
3 0.31484375 0.64921875 0.084375 0.084375
3 0.4953125 0.6875 0.078125 0.0796875
3 0.80078125 0.25859375 0.08125 0.08125
3 0.33828125 0.20234375 0.084375 0.0671875
3 0.47265625 0.5859375 0.075 0.075
3 0.8109375 0.76640625 0.08125 0.08125
6 0.5828125 0.43359375 0.09375 0.0953125
3 0.21796875 0.0734375 0.0859375 0.084375
3 0.09921875 0.8578125 0.078125 0.078125
3 0.19765625 0.29921875 0.0984375 0.0703125
3 0.95234375 0.9078125 0.06875 0.0703125
3 0.26328125 0.9 0.0796875 0.05625
3 0.8703125 0.81953125 0.0796875 0.0796875
3 0.8859375 0.0546875 0.071875 0.071875
3 0.6078125 0.95 0.0765625 0.0765625
3 0.54453125 0.565625 0.0609375 0.0625
3 0.6578125 0.3046875 0.084375 0.071875
3 0.671875 0.2390625 0.08125 0.08125
3 0.265625 0.39765625 0.075 0.0390625
3 0.79921875 0.196875 0.0671875 0.0671875
3 0.9453125 0.65703125 0.08125 0.0796875
3 0.92578125 0.778125 0.071875 0.071875
3 0.06328125 0.51796875 0.078125 0.078125
3 0.26171875 0.44140625 0.0828125 0.0453125
3 0.609375 0.6078125 0.0875 0.065625
3 0.77421875 0.034375 0.096875 0.06875
3 0.275 0.4234375 0.084375 0.053125
3 0.4796875 0.4359375 0.0640625 0.0640625
3 0.88828125 0.440625 0.084375 0.084375
3 0.221875 0.7578125 0.06875 0.06875
3 0.05859375 0.8953125 0.0765625 0.0765625
3 0.08828125 0.309375 0.065625 0.0671875
3 0.56640625 0.0359375 0.06875 0.0671875
3 0.64375 0.76015625 0.0890625 0.0890625
3 0.21328125 0.8640625 0.0984375 0.065625
3 0.0640625 0.94609375 0.0703125 0.071875
3 0.79765625 0.8859375 0.0796875 0.065625
3 0.1578125 0.80234375 0.06875 0.0703125
3 0.43046875 0.6953125 0.0734375 0.059375
3 0.67578125 0.12578125 0.0703125 0.0515625
3 0.46953125 0.2890625 0.0625 0.0625
3 0.878125 0.68125 0.078125 0.05
3 0.27421875 0.10859375 0.065625 0.065625
3 0.04765625 0.14296875 0.0640625 0.0640625
3 0.72421875 0.8140625 0.078125 0.0765625
3 0.47421875 0.76640625 0.0765625 0.0671875
3 0.3828125 0.91484375 0.0890625 0.0890625
3 0.81796875 0.66328125 0.0703125 0.0703125
3 0.08828125 0.4046875 0.071875 0.071875
3 0.11953125 0.93125 0.0625 0.0640625
3 0.18515625 0.48203125 0.0796875 0.0609375
3 0.33828125 0.3953125 0.0703125 0.053125
3 0.37109375 0.7296875 0.0640625 0.0640625
3 0.45078125 0.5375 0.0828125 0.05625
3 0.63203125 0.55625 0.0734375 0.053125
3 0.7140625 0.89609375 0.06875 0.06875
3 0.41875 0.7484375 0.08125 0.053125
3 0.31796875 0.53359375 0.075 0.075
3 0.8078125 0.1140625 0.0765625 0.0765625
3 0.19140625 0.96640625 0.0828125 0.0578125
3 0.72578125 0.484375 0.0671875 0.05625
3 0.2328125 0.1984375 0.059375 0.059375
3 0.17265625 0.38125 0.0984375 0.05625
3 0.11796875 0.55234375 0.0671875 0.0609375
3 0.5375 0.6296875 0.08125 0.065625
3 0.3265625 0.6921875 0.075 0.053125
3 0.53203125 0.1125 0.0625 0.0625
3 0.13203125 0.3546875 0.0703125 0.053125
3 0.70390625 0.55703125 0.0609375 0.0609375
3 0.365625 0.12734375 0.071875 0.053125
3 0.08046875 0.57734375 0.0703125 0.0484375
3 0.759375 0.11171875 0.078125 0.0765625
3 0.85859375 0.87265625 0.0671875 0.0546875
3 0.85859375 0.86484375 0.075 0.0546875
3 0.12109375 0.625 0.075 0.075
3 0.6265625 0.91875 0.059375 0.0625
3 0.54375 0.85859375 0.059375 0.059375
3 0.49765625 0.81484375 0.06875 0.06875
3 0.4546875 0.83359375 0.084375 0.0578125
3 0.415625 0.80859375 0.075 0.075
3 0.275 0.35390625 0.071875 0.071875
3 0.63671875 0.5265625 0.0734375 0.059375
3 0.565625 0.51875 0.0609375 0.0609375
3 0.559375 0.18125 0.0609375 0.0609375
3 0.825 0.146875 0.09375 0.05625
3 0.83984375 0.08125 0.0765625 0.09375
3 0.7125 0.08828125 0.06875 0.0515625
3 0.56796875 0.065625 0.075 0.05625
3 0.459375 0.265625 0.075 0.075
3 0.39453125 0.24453125 0.0796875 0.0578125
3 0.78359375 0.5125 0.0875 0.059375
3 0.51875 0.3296875 0.0609375 0.0609375
3 0.6265625 0.40625 0.084375 0.04375
3 0.42890625 0.21171875 0.0765625 0.0765625
3 0.22578125 0.36015625 0.065625 0.0640625
3 0.18203125 0.534375 0.071875 0.0703125
3 0.1203125 0.4484375 0.084375 0.05625
3 0.39453125 0.60078125 0.0796875 0.059375
3 0.38359375 0.54921875 0.0546875 0.13125
3 0.29453125 0.85 0.0765625 0.0765625
3 0.7015625 0.965625 0.071875 0.06875
3 0.96171875 0.9296875 0.06875 0.0671875
3 0.95859375 0.96875 0.0765625 0.059375
3 0.73203125 0.73125 0.0609375 0.0609375
3 0.771875 0.80859375 0.0796875 0.0796875
3 0.890625 0.7640625 0.075 0.05625
3 0.953125 0.7125 0.09375 0.071875
3 0.671875 0.709375 0.09375 0.08125
3 0.88828125 0.4015625 0.075 0.0765625
3 0.8671875 0.31328125 0.071875 0.0609375
3 0.9453125 0.0890625 0.075 0.059375
3 0.16484375 0.03125 0.0609375 0.0609375
3 0.221875 0.8109375 0.075 0.053125
0 0.3765625 0.8375 0.096875 0.06875
3 0.17109375 0.90859375 0.0734375 0.0671875