3 0.45859375 0.64296875 0.084375 0.084375
3 0.4171875 0.16796875 0.0625 0.1015625
3 0.2578125 0.58828125 0.0828125 0.0828125
3 0.61171875 0.91796875 0.0828125 0.0828125
3 0.16328125 0.50703125 0.0734375 0.0734375
3 0.47734375 0.88671875 0.0859375 0.0859375
3 0.57578125 0.815625 0.0671875 0.09375
3 0.7671875 0.5625 0.0625 0.084375
3 0.76015625 0.8890625 0.0734375 0.096875
3 0.85 0.10703125 0.06875 0.096875
3 0.34921875 0.5328125 0.059375 0.090625
3 0.21875 0.69453125 0.075 0.0734375
3 0.55859375 0.6046875 0.0703125 0.090625
3 0.190625 0.83828125 0.078125 0.078125
3 0.65234375 0.803125 0.071875 0.071875
3 0.08125 0.57421875 0.06875 0.0984375
3 0.675 0.73359375 0.059375 0.0828125
3 0.759375 0.40703125 0.06875 0.0890625
3 0.25625 0.25859375 0.0765625 0.078125
3 0.5546875 0.27421875 0.090625 0.090625
3 0.3359375 0.22578125 0.08125 0.1078125
3 0.325 0.12734375 0.06875 0.06875
3 0.228125 0.43203125 0.06875 0.0859375
3 0.1796875 0.23671875 0.0875 0.0875
3 0.74140625 0.665625 0.0734375 0.09375
3 0.940625 0.90078125 0.05625 0.0796875
3 0.4734375 0.2734375 0.059375 0.084375
3 0.9046875 0.8171875 0.071875 0.09375
3 0.53203125 0.17109375 0.084375 0.0859375
3 0.15390625 0.940625 0.0828125 0.096875
3 0.3875 0.8890625 0.05 0.06875
3 0.9546875 0.2265625 0.078125 0.078125
3 0.49375 0.78671875 0.059375 0.078125
3 0.259375 0.8703125 0.0640625 0.0640625
3 0.25625 0.73125 0.06875 0.1
3 0.209375 0.34453125 0.071875 0.0828125
3 0.33203125 0.64609375 0.0734375 0.1078125
3 0.96328125 0.57109375 0.0734375 0.0828125
3 0.815625 0.74140625 0.084375 0.109375
3 0.81796875 0.7984375 0.06875 0.103125
3 0.4625 0.04765625 0.0796875 0.0796875
3 0.92890625 0.49140625 0.0578125 0.0828125
3 0.9625 0.4265625 0.075 0.071875
3 0.6453125 0.2453125 0.0921875 0.0921875
6 0.43203125 0.4953125 0.1625 0.1609375