3 0.91953125 0.19296875 0.0859375 0.071875
3 0.659375 0.40546875 0.0875 0.0671875
3 0.91953125 0.66015625 0.0703125 0.0765625
3 0.0671875 0.7578125 0.0921875 0.0921875
3 0.46875 0.2703125 0.09375 0.065625
3 0.43515625 0.828125 0.1015625 0.05625
3 0.3515625 0.33125 0.0734375 0.0734375
3 0.46015625 0.6578125 0.0828125 0.084375
3 0.71953125 0.72890625 0.0796875 0.0609375
3 0.30234375 0.8078125 0.0765625 0.0765625
3 0.4609375 0.453125 0.075 0.075
3 0.81328125 0.78984375 0.071875 0.071875
3 0.6328125 0.7421875 0.084375 0.084375
3 0.30234375 0.73671875 0.0953125 0.071875
3 0.7453125 0.06015625 0.078125 0.0765625
3 0.315625 0.60546875 0.084375 0.0625
3 0.8265625 0.1515625 0.115625 0.065625
3 0.8046875 0.91484375 0.078125 0.0640625
3 0.8109375 0.21875 0.090625 0.090625
3 0.2953125 0.53125 0.0859375 0.0859375
3 0.7625 0.384375 0.08125 0.0625
3 0.05234375 0.58203125 0.0984375 0.059375
3 0.87578125 0.9625 0.075 0.075
3 0.20859375 0.74453125 0.0859375 0.0734375
3 0.846875 0.684375 0.08125 0.0625
3 0.23203125 0.8453125 0.0765625 0.0765625
3 0.3328125 0.39296875 0.084375 0.0578125
3 0.89453125 0.39375 0.084375 0.0859375
3 0.39296875 0.17890625 0.0953125 0.0609375
3 0.4734375 0.9578125 0.0875 0.084375
3 0.5734375 0.90234375 0.075 0.075
3 0.9515625 0.784375 0.08125 0.0625
3 0.11171875 0.70390625 0.0921875 0.0609375
3 0.87734375 0.86015625 0.0984375 0.0609375
3 0.18984375 0.38671875 0.078125 0.078125
3 0.2921875 0.08984375 0.0703125 0.0703125
3 0.88046875 0.1171875 0.0859375 0.0859375
3 0.36953125 0.275 0.0765625 0.0765625
3 0.340625 0.92421875 0.084375 0.0578125
3 0.46640625 0.38046875 0.0796875 0.0796875
3 0.5625 0.12109375 0.0765625 0.0765625
3 0.46171875 0.74140625 0.0703125 0.0703125
3 0.8484375 0.590625 0.0875 0.0625
3 0.7546875 0.46328125 0.0921875 0.09375
3 0.2359375 0.2609375 0.075 0.075
3 0.93359375 0.4640625 0.084375 0.059375
3 0.5703125 0.42578125 0.06875 0.06875
3 0.4046875 0.4984375 0.090625 0.071875
3 0.39765625 0.8921875 0.071875 0.071875
3 0.6859375 0.146875 0.109375 0.0625
3 0.78046875 0.65078125 0.0890625 0.0609375
3 0.73046875 0.2125 0.0828125 0.06875
3 0.51328125 0.03828125 0.0703125 0.0703125
3 0.0890625 0.43671875 0.0875 0.0875
3 0.065625 0.5125 0.090625 0.06875
3 0.9375 0.53828125 0.075 0.075
3 0.59453125 0.5390625 0.071875 0.071875
3 0.20546875 0.91328125 0.075 0.075
3 0.525 0.3578125 0.0765625 0.0765625
3 0.14453125 0.1265625 0.075 0.0734375
3 0.3953125 0.5453125 0.0796875 0.0796875
3 0.22578125 0.62734375 0.0796875 0.075
3 0.4109375 0.69296875 0.096875 0.0765625
3 0.8296875 0.04921875 0.078125 0.078125
3 0.828125 0.284375 0.078125 0.078125
3 0.59375 0.61171875 0.071875 0.071875
3 0.4234375 0.121875 0.06875 0.06875
3 0.21640625 0.04609375 0.0765625 0.0671875
3 0.09296875 0.82265625 0.078125 0.0625
3 0.10390625 0.26328125 0.0828125 0.0578125
3 0.8125 0.71875 0.0890625 0.0890625
3 0.846875 0.415625 0.075 0.05625
3 0.6484375 0.9515625 0.08125 0.071875
3 0.79609375 0.31015625 0.1 0.065625
3 0.6703125 0.215625 0.090625 0.0625
3 0.67421875 0.6734375 0.0953125 0.046875
3 0.5 0.89765625 0.1 0.071875
3 0.72109375 0.86640625 0.078125 0.078125
3 0.7375 0.953125 0.0734375 0.0734375
3 0.6703125 0.590625 0.078125 0.06875
3 0.58671875 0.3125 0.0734375 0.071875
3 0.265625 0.30859375 0.06875 0.06875
3 0.75703125 0.83125 0.0890625 0.05625
3 0.7640625 0.6203125 0.075 0.075
3 0.2890625 0.8921875 0.084375 0.065625
3 0.634375 0.0546875 0.0921875 0.0921875
3 0.80546875 0.5046875 0.0921875 0.06875
3 0.321875 0.2390625 0.071875 0.071875
3 0.521875 0.15390625 0.09375 0.0921875
3 0.69609375 0.8015625 0.0671875 0.065625
3 0.24296875 0.434375 0.0953125 0.0625
3 0.1046875 0.0421875 0.084375 0.0625
3 0.52734375 0.66953125 0.0921875 0.0609375
3 0.221875 0.16015625 0.08125 0.0671875
3 0.1359375 0.940625 0.0859375 0.0859375
3 0.2890625 0.446875 0.109375 0.06875
3 0.6125 0.08984375 0.090625 0.0640625
3 0.19609375 0.65078125 0.08125 0.08125
3 0.63046875 0.328125 0.0921875 0.065625
3 0.3640625 0.753125 0.0734375 0.0734375
3 0.12734375 0.61328125 0.075 0.0453125
3 0.4078125 0.2140625 0.0796875 0.0796875
3 0.940625 0.30703125 0.109375 0.0671875
3 0.471875 0.509375 0.0875 0.065625
3 0.4640625 0.778125 0.084375 0.084375
3 0.453125 0.5859375 0.078125 0.078125
3 0.884375 0.06484375 0.0890625 0.0875
3 0.14921875 0.32890625 0.0890625 0.0578125
3 0.0453125 0.04609375 0.0796875 0.078125
3 0.0484375 0.65078125 0.096875 0.0640625
3 0.5796875 0.765625 0.08125 0.065625
3 0.084375 0.1109375 0.090625 0.05
3 0.57890625 0.8359375 0.075 0.0734375
3 0.565625 0.23203125 0.0703125 0.071875
3 0.509375 0.58046875 0.08125 0.0578125