3 0.3515625 0.7546875 0.078125 0.078125
3 0.23203125 0.38125 0.1109375 0.06875
3 0.70234375 0.1125 0.06875 0.06875
3 0.4484375 0.53203125 0.096875 0.0703125
3 0.70703125 0.7890625 0.0890625 0.0625
3 0.74140625 0.7265625 0.084375 0.084375
3 0.3546875 0.10078125 0.09375 0.0671875
3 0.1171875 0.46484375 0.090625 0.0765625
3 0.26015625 0.70546875 0.08125 0.08125
3 0.35625 0.896875 0.084375 0.084375
3 0.88203125 0.57734375 0.0921875 0.0640625
3 0.915625 0.11171875 0.0765625 0.075
3 0.625 0.190625 0.090625 0.075
3 0.33671875 0.41171875 0.075 0.075
3 0.0734375 0.7765625 0.09375 0.059375
3 0.20078125 0.825 0.090625 0.06875
3 0.92890625 0.6859375 0.084375 0.0859375
3 0.55078125 0.95234375 0.1046875 0.0703125
3 0.9515625 0.49765625 0.084375 0.06875
3 0.515625 0.5078125 0.0875 0.065625
3 0.50703125 0.7515625 0.0890625 0.075
3 0.19453125 0.678125 0.1 0.065625
3 0.603125 0.0671875 0.103125 0.078125
3 0.646875 0.84921875 0.084375 0.084375
3 0.8703125 0.29375 0.0875 0.05625
3 0.91328125 0.23046875 0.075 0.075
3 0.8890625 0.378125 0.075 0.075
3 0.796875 0.36171875 0.09375 0.0640625
3 0.465625 0.3171875 0.084375 0.084375
3 0.4625 0.8140625 0.10625 0.065625
3 0.65234375 0.55625 0.0921875 0.0921875
3 0.52734375 0.6265625 0.1140625 0.0625
3 0.4578125 0.8734375 0.08125 0.08125
3 0.72265625 0.05625 0.096875 0.05625
3 0.9171875 0.796875 0.121875 0.06875
3 0.7234375 0.884375 0.0859375 0.0859375
3 0.184375 0.0828125 0.134375 0.096875
3 0.521875 0.665625 0.1125 0.0625
3 0.065625 0.65546875 0.11875 0.0546875
3 0.76953125 0.91875 0.1390625 0.05
2 0.80703125 0.209375 0.13125 0.1296875