3 0.2453125 0.3515625 0.071875 0.084375
3 0.61875 0.23203125 0.06875 0.1109375
3 0.8875 0.70234375 0.0625 0.0765625
3 0.46796875 0.4484375 0.0828125 0.0828125
3 0.2109375 0.70703125 0.0625 0.0890625
3 0.2734375 0.74140625 0.071875 0.0984375
3 0.89921875 0.3546875 0.08125 0.0796875
3 0.53515625 0.1171875 0.0828125 0.084375
3 0.29453125 0.26015625 0.0609375 0.1015625
3 0.103125 0.35625 0.084375 0.084375
3 0.42265625 0.88203125 0.078125 0.078125
3 0.88828125 0.915625 0.075 0.0765625
3 0.809375 0.625 0.075 0.090625
3 0.58828125 0.33671875 0.0640625 0.0875
3 0.2234375 0.0734375 0.0765625 0.0765625
3 0.175 0.20078125 0.06875 0.090625
3 0.3140625 0.92890625 0.0859375 0.084375
3 0.04765625 0.55078125 0.0703125 0.1046875
3 0.50234375 0.9515625 0.06875 0.084375
3 0.4921875 0.515625 0.0765625 0.0765625
3 0.2484375 0.50703125 0.08125 0.0828125
3 0.321875 0.19453125 0.0828125 0.0828125
3 0.9328125 0.603125 0.090625 0.090625
3 0.15078125 0.646875 0.084375 0.084375
3 0.70625 0.8703125 0.071875 0.071875
3 0.76953125 0.91328125 0.065625 0.084375
3 0.621875 0.8890625 0.053125 0.096875
3 0.63828125 0.796875 0.0640625 0.09375
3 0.6828125 0.465625 0.084375 0.084375
3 0.1859375 0.4625 0.0859375 0.084375
3 0.44375 0.65234375 0.0921875 0.0921875
3 0.3734375 0.52734375 0.0625 0.1140625
3 0.1265625 0.4578125 0.053125 0.109375
3 0.94375 0.72265625 0.05625 0.096875
3 0.203125 0.9171875 0.0953125 0.0953125
3 0.115625 0.7234375 0.0859375 0.0859375
3 0.9171875 0.184375 0.096875 0.134375
3 0.334375 0.521875 0.0875 0.0875
3 0.34453125 0.065625 0.0546875 0.11875
3 0.08125 0.76953125 0.09375 0.09375
2 0.790625 0.80703125 0.1296875 0.13125