3 0.0890625 0.7546875 0.0875 0.0859375
3 0.76953125 0.14765625 0.0953125 0.08125
3 0.28671875 0.85625 0.090625 0.0921875
3 0.84609375 0.0828125 0.1015625 0.078125
3 0.68984375 0.1203125 0.0828125 0.053125
3 0.91953125 0.52734375 0.0765625 0.0765625
3 0.80234375 0.4265625 0.0765625 0.075
3 0.89765625 0.39140625 0.1015625 0.0765625
3 0.1421875 0.2328125 0.096875 0.078125
3 0.1609375 0.71328125 0.0890625 0.090625
3 0.834375 0.240625 0.115625 0.071875
3 0.140625 0.4171875 0.0875 0.06875
3 0.521875 0.51640625 0.078125 0.0671875
3 0.85 0.5484375 0.0796875 0.0796875
3 0.9375 0.184375 0.096875 0.06875
3 0.32265625 0.253125 0.075 0.075
3 0.92890625 0.053125 0.0703125 0.071875
3 0.2609375 0.1734375 0.090625 0.059375
3 0.9453125 0.128125 0.096875 0.08125
3 0.4265625 0.0765625 0.090625 0.078125
3 0.77890625 0.5796875 0.0796875 0.065625
3 0.2 0.22109375 0.1 0.075
3 0.37734375 0.159375 0.084375 0.0859375
3 0.85546875 0.6328125 0.090625 0.0890625
3 0.3234375 0.74765625 0.0796875 0.0796875
3 0.48203125 0.75234375 0.0875 0.0875
3 0.44140625 0.8 0.1015625 0.06875
3 0.78203125 0.83046875 0.1078125 0.08125
3 0.83671875 0.734375 0.078125 0.0765625
3 0.76875 0.5015625 0.0796875 0.0796875
3 0.73359375 0.5640625 0.0890625 0.065625
3 0.65625 0.32734375 0.08125 0.0703125
3 0.28203125 0.44921875 0.0921875 0.0921875
3 0.83828125 0.87421875 0.0875 0.0875
3 0.80234375 0.6421875 0.0796875 0.08125
6 0.8703125 0.79609375 0.0953125 0.0953125
3 0.7375 0.36796875 0.10625 0.0796875
3 0.71171875 0.6875 0.0796875 0.0625
3 0.209375 0.371875 0.075 0.065625
3 0.25546875 0.32734375 0.0859375 0.0640625
3 0.696875 0.40078125 0.090625 0.065625
3 0.22578125 0.3046875 0.090625 0.071875
3 0.52578125 0.440625 0.084375 0.084375
3 0.48046875 0.5640625 0.0875 0.0890625
3 0.79140625 0.69140625 0.06875 0.06875
3 0.71640625 0.27265625 0.0953125 0.0765625
3 0.70546875 0.0359375 0.0765625 0.071875
6 0.66328125 0.46015625 0.0984375 0.0890625
6 0.2421875 0.0875 0.096875 0.08125
3 0.19453125 0.096875 0.06875 0.06875
3 0.3171875 0.059375 0.0703125 0.0703125
3 0.334375 0.090625 0.078125 0.06875
3 0.5390625 0.40703125 0.084375 0.084375
3 0.61484375 0.515625 0.090625 0.090625
3 0.7140625 0.5296875 0.0828125 0.0828125
3 0.734375 0.296875 0.078125 0.078125
3 0.49140625 0.815625 0.1 0.065625
3 0.48671875 0.93125 0.0890625 0.0890625
3 0.665625 0.93984375 0.09375 0.0921875
3 0.50625 0.884375 0.09375 0.06875
3 0.5578125 0.91953125 0.08125 0.0625
3 0.62578125 0.903125 0.0859375 0.0625
3 0.753125 0.95078125 0.0875 0.0546875
3 0.1171875 0.35390625 0.0875 0.0875