3 0.7546875 0.9109375 0.075 0.096875
3 0.14765625 0.23046875 0.0890625 0.0890625
3 0.85625 0.71328125 0.0921875 0.090625
3 0.0828125 0.15390625 0.078125 0.1015625
3 0.1203125 0.31015625 0.053125 0.0828125
3 0.52734375 0.08046875 0.0765625 0.0765625
3 0.4265625 0.19765625 0.071875 0.0796875
3 0.39140625 0.10234375 0.0765625 0.1015625
3 0.2328125 0.8578125 0.078125 0.096875
3 0.71328125 0.8390625 0.0765625 0.103125
3 0.240625 0.165625 0.09375 0.09375
3 0.4171875 0.859375 0.078125 0.078125
3 0.51640625 0.478125 0.071875 0.071875
3 0.5484375 0.15 0.08125 0.0796875
3 0.184375 0.0625 0.0828125 0.0828125
3 0.253125 0.67734375 0.071875 0.078125
3 0.053125 0.07109375 0.065625 0.0765625
3 0.1734375 0.7390625 0.075 0.075
3 0.128125 0.0546875 0.0890625 0.0890625
3 0.0765625 0.5734375 0.084375 0.084375
3 0.5796875 0.22109375 0.0734375 0.0734375
3 0.22109375 0.8 0.0875 0.0875
3 0.159375 0.62265625 0.06875 0.1015625
3 0.6328125 0.14453125 0.0890625 0.090625
3 0.74765625 0.6765625 0.0640625 0.09375
3 0.75234375 0.51796875 0.075 0.1015625
3 0.8 0.55859375 0.0859375 0.0859375
3 0.83046875 0.21796875 0.09375 0.09375
3 0.734375 0.16328125 0.0765625 0.078125
3 0.5015625 0.23125 0.0796875 0.0796875
3 0.5640625 0.26640625 0.065625 0.0890625
3 0.32734375 0.34375 0.0703125 0.08125
3 0.44921875 0.71796875 0.0921875 0.0921875
3 0.87421875 0.16171875 0.0875 0.0875
3 0.6421875 0.19765625 0.065625 0.0953125
6 0.79609375 0.1296875 0.0859375 0.103125
3 0.36796875 0.2625 0.0796875 0.10625
3 0.6875 0.28828125 0.0703125 0.0703125
3 0.371875 0.790625 0.0703125 0.0703125
3 0.32734375 0.74453125 0.0640625 0.0859375
3 0.40078125 0.303125 0.078125 0.078125
3 0.3046875 0.77421875 0.08125 0.08125
3 0.440625 0.47421875 0.084375 0.084375
3 0.5640625 0.51953125 0.0890625 0.0875
3 0.69140625 0.20859375 0.053125 0.0828125
3 0.27265625 0.28359375 0.0765625 0.0953125
3 0.0359375 0.29453125 0.071875 0.0765625
6 0.46015625 0.33671875 0.09375 0.09375
6 0.0875 0.7578125 0.0828125 0.096875
3 0.096875 0.80546875 0.06875 0.06875
3 0.059375 0.6828125 0.0703125 0.0703125
3 0.090625 0.665625 0.06875 0.078125
3 0.40703125 0.4609375 0.071875 0.096875
3 0.515625 0.38515625 0.075 0.1078125
3 0.5296875 0.2859375 0.0828125 0.0828125
3 0.296875 0.265625 0.078125 0.078125
3 0.815625 0.50859375 0.065625 0.1
3 0.93125 0.51328125 0.078125 0.1
3 0.93984375 0.334375 0.0921875 0.09375
3 0.884375 0.49375 0.06875 0.09375
3 0.91953125 0.4421875 0.071875 0.071875
3 0.903125 0.37421875 0.075 0.0734375
3 0.95078125 0.246875 0.0546875 0.0875
3 0.35390625 0.8828125 0.0609375 0.1125