3 0.4453125 0.765625 0.071875 0.1
3 0.66171875 0.58125 0.0703125 0.09375
3 0.034375 0.44453125 0.06875 0.0921875
3 0.1171875 0.54140625 0.065625 0.1046875
3 0.228125 0.26796875 0.0765625 0.0765625
3 0.8234375 0.5546875 0.06875 0.0875
3 0.8359375 0.21484375 0.065625 0.0921875
3 0.14921875 0.14921875 0.08125 0.08125
3 0.43828125 0.94140625 0.075 0.075
3 0.51328125 0.6109375 0.084375 0.084375
3 0.109375 0.43359375 0.084375 0.084375
3 0.71328125 0.27265625 0.0734375 0.1078125
3 0.7765625 0.146875 0.0828125 0.0828125
3 0.45859375 0.13125 0.06875 0.0875
3 0.0546875 0.55078125 0.084375 0.084375
3 0.4828125 0.246875 0.065625 0.090625
3 0.159375 0.3859375 0.071875 0.075
3 0.94765625 0.68203125 0.078125 0.078125
3 0.16015625 0.253125 0.084375 0.084375
3 0.52265625 0.78828125 0.0875 0.0875
3 0.3265625 0.071875 0.08125 0.078125
3 0.7203125 0.09765625 0.071875 0.0828125
3 0.93046875 0.23828125 0.084375 0.084375
3 0.8921875 0.4296875 0.065625 0.08125
3 0.4125 0.4390625 0.075 0.115625
3 0.77578125 0.66171875 0.0828125 0.0828125
3 0.53671875 0.259375 0.08125 0.08125
3 0.77734375 0.38359375 0.0796875 0.0796875
3 0.78984375 0.29609375 0.075 0.0828125
3 0.91640625 0.81953125 0.0859375 0.0859375
3 0.91640625 0.334375 0.0671875 0.075
3 0.81484375 0.6359375 0.084375 0.084375
3 0.61171875 0.2546875 0.0828125 0.0828125
3 0.69375 0.7328125 0.08125 0.078125
3 0.20078125 0.53203125 0.0671875 0.103125
3 0.08515625 0.77890625 0.084375 0.084375
3 0.353125 0.70390625 0.0875 0.078125
3 0.84296875 0.26171875 0.0765625 0.0765625
3 0.215625 0.74296875 0.084375 0.0859375
3 0.42109375 0.19921875 0.0671875 0.0890625
3 0.3734375 0.19296875 0.071875 0.0953125
3 0.61953125 0.6859375 0.071875 0.071875
3 0.51171875 0.15859375 0.0765625 0.0765625
3 0.0375 0.1109375 0.075 0.078125
3 0.67578125 0.34921875 0.0734375 0.0953125
3 0.48359375 0.053125 0.0859375 0.0859375
3 0.14921875 0.478125 0.0703125 0.084375
3 0.83203125 0.36171875 0.075 0.075
3 0.74765625 0.56796875 0.084375 0.084375
3 0.6140625 0.32109375 0.075 0.0765625
3 0.3171875 0.12265625 0.084375 0.084375
3 0.5625 0.04609375 0.084375 0.084375
3 0.11328125 0.04375 0.0765625 0.0875
3 0.771875 0.465625 0.084375 0.0859375
3 0.6703125 0.78125 0.065625 0.075
3 0.63125 0.75546875 0.090625 0.090625
4 0.25703125 0.44296875 0.0859375 0.0859375