3 0.796875 0.39453125 0.08125 0.08125
3 0.1328125 0.77421875 0.06875 0.06875
3 0.5859375 0.14140625 0.065625 0.0984375
3 0.334375 0.8734375 0.0875 0.090625
3 0.95625 0.4015625 0.06875 0.10625
3 0.146875 0.88515625 0.0796875 0.0796875
3 0.89765625 0.10546875 0.0734375 0.0734375
3 0.671875 0.521875 0.071875 0.10625
3 0.928125 0.31953125 0.071875 0.071875
3 0.21328125 0.85390625 0.0953125 0.0953125
3 0.7625 0.55703125 0.075 0.1046875
3 0.9234375 0.790625 0.071875 0.103125
3 0.7234375 0.3234375 0.078125 0.078125
3 0.490625 0.6203125 0.06875 0.096875
3 0.13984375 0.66640625 0.0796875 0.0921875
3 0.9125 0.87265625 0.084375 0.084375
3 0.3171875 0.48359375 0.0828125 0.084375
3 0.1609375 0.58359375 0.08125 0.0828125
3 0.06328125 0.8984375 0.0734375 0.078125
3 0.21796875 0.14921875 0.06875 0.0859375
3 0.0625 0.0890625 0.084375 0.0828125
3 0.4546875 0.24921875 0.08125 0.096875
3 0.2953125 0.234375 0.071875 0.109375
3 0.915625 0.590625 0.090625 0.090625
3 0.23046875 0.53046875 0.078125 0.0796875
3 0.69921875 0.24375 0.090625 0.090625
3 0.55546875 0.7546875 0.0703125 0.084375
3 0.1875 0.71484375 0.059375 0.1078125
3 0.94453125 0.209375 0.084375 0.084375
3 0.8703125 0.2328125 0.0828125 0.0828125
3 0.57109375 0.834375 0.096875 0.0953125
3 0.38671875 0.31015625 0.084375 0.084375
3 0.225 0.75703125 0.084375 0.084375
3 0.50625 0.76328125 0.08125 0.0796875
3 0.29765625 0.58046875 0.0640625 0.1046875
3 0.95078125 0.06796875 0.075 0.075
3 0.72109375 0.6234375 0.0796875 0.0625
3 0.521875 0.1796875 0.0890625 0.0890625
3 0.26953125 0.52421875 0.08125 0.08125
3 0.03984375 0.82265625 0.0796875 0.0828125
3 0.11875 0.953125 0.0765625 0.075
3 0.796875 0.64609375 0.075 0.0765625
3 0.628125 0.31015625 0.115625 0.0796875
3 0.359375 0.58515625 0.05625 0.1265625
3 0.240625 0.20546875 0.08125 0.08125
3 0.596875 0.0390625 0.06875 0.075
3 0.32265625 0.3203125 0.0953125 0.096875
3 0.5203125 0.125 0.0765625 0.0765625
3 0.396875 0.59296875 0.0796875 0.078125
3 0.72109375 0.7109375 0.0890625 0.11875
3 0.428125 0.559375 0.0984375 0.0984375
3 0.83828125 0.5921875 0.08125 0.08125
3 0.50625 0.07421875 0.0625 0.0765625