3 0.240625 0.1984375 0.096875 0.06875
3 0.0796875 0.55078125 0.078125 0.0625
3 0.221875 0.55390625 0.075 0.075
3 0.9359375 0.0609375 0.084375 0.065625
3 0.134375 0.7796875 0.084375 0.059375
3 0.65390625 0.4671875 0.0859375 0.075
3 0.9078125 0.7609375 0.075 0.075
3 0.428125 0.090625 0.1 0.065625
3 0.728125 0.33828125 0.084375 0.059375
3 0.3171875 0.0703125 0.075 0.075
3 0.1859375 0.7296875 0.090625 0.065625
3 0.1328125 0.4703125 0.08125 0.06875
3 0.934375 0.846875 0.08125 0.08125
3 0.65546875 0.37421875 0.0828125 0.0828125
3 0.17890625 0.06875 0.0828125 0.0828125
3 0.6953125 0.203125 0.090625 0.071875
3 0.475 0.25234375 0.0734375 0.075
3 0.86640625 0.42109375 0.0875 0.0765625
3 0.47421875 0.625 0.075 0.0765625
3 0.05 0.39375 0.071875 0.0703125
3 0.6140625 0.22421875 0.084375 0.065625
3 0.4078125 0.58828125 0.090625 0.0796875
0 0.4859375 0.365625 0.1015625 0.1015625
3 0.715625 0.05078125 0.08125 0.0703125
3 0.859375 0.571875 0.0765625 0.0765625
3 0.81484375 0.51171875 0.084375 0.084375
3 0.18515625 0.85 0.0828125 0.0828125
3 0.83984375 0.13203125 0.0734375 0.0734375
1 0.5140625 0.7421875 0.1 0.071875
3 0.73671875 0.27109375 0.0828125 0.05625
3 0.39765625 0.434375 0.0703125 0.0703125
3 0.721875 0.42578125 0.0703125 0.0703125
3 0.31328125 0.63828125 0.071875 0.071875
3 0.3921875 0.74296875 0.0734375 0.0734375
3 0.22578125 0.446875 0.0796875 0.065625
3 0.77265625 0.746875 0.0703125 0.0703125
3 0.88671875 0.1328125 0.0765625 0.059375
3 0.496875 0.5640625 0.071875 0.059375
3 0.946875 0.53046875 0.0828125 0.0828125
6 0.753125 0.91328125 0.11875 0.0796875
3 0.90078125 0.19375 0.065625 0.065625
3 0.87734375 0.896875 0.0859375 0.06875
3 0.5734375 0.053125 0.0734375 0.0734375
3 0.30625 0.5546875 0.084375 0.0625
3 0.2734375 0.25703125 0.071875 0.065625
3 0.67421875 0.93046875 0.065625 0.0671875
3 0.55546875 0.528125 0.0796875 0.059375
3 0.30546875 0.75859375 0.08125 0.08125
3 0.75078125 0.68203125 0.0859375 0.0703125
3 0.43515625 0.3921875 0.0703125 0.053125
3 0.28984375 0.39453125 0.0703125 0.0515625
3 0.809375 0.3375 0.0703125 0.0703125
3 0.40234375 0.03515625 0.0703125 0.0703125
3 0.66953125 0.77265625 0.0765625 0.0578125
3 0.421875 0.4671875 0.1 0.078125
3 0.1984375 0.58359375 0.084375 0.084375
3 0.2953125 0.503125 0.0875 0.065625
3 0.32109375 0.859375 0.059375 0.059375
3 0.72890625 0.50234375 0.0828125 0.0671875
3 0.428125 0.87421875 0.078125 0.0640625
3 0.41015625 0.91796875 0.0765625 0.059375
3 0.8328125 0.75 0.065625 0.05
3 0.71796875 0.12109375 0.059375 0.059375
3 0.13203125 0.91328125 0.0796875 0.0640625
3 0.63984375 0.60703125 0.0828125 0.08125
3 0.1640625 0.659375 0.065625 0.05
3 0.87890625 0.27578125 0.0671875 0.0546875
3 0.76640625 0.1453125 0.075 0.075
3 0.25703125 0.8390625 0.078125 0.078125
3 0.43671875 0.79765625 0.0765625 0.0765625
3 0.56015625 0.96171875 0.06875 0.06875
3 0.459375 0.8015625 0.08125 0.065625
3 0.3421875 0.2484375 0.071875 0.05625
3 0.20703125 0.49375 0.0796875 0.05625
6 0.32734375 0.1234375 0.0828125 0.0828125
3 0.50703125 0.8640625 0.0625 0.0625
3 0.3171875 0.91015625 0.065625 0.0578125
3 0.25625 0.125 0.078125 0.06875
3 0.0578125 0.92421875 0.065625 0.065625
3 0.95546875 0.6984375 0.0859375 0.05625
3 0.25546875 0.9015625 0.0609375 0.0625
3 0.553125 0.6 0.0671875 0.0671875
3 0.5984375 0.753125 0.06875 0.06875
3 0.19453125 0.93203125 0.065625 0.065625
3 0.240625 0.94765625 0.075 0.0515625
3 0.63671875 0.10703125 0.0875 0.0484375
3 0.5 0.925 0.065625 0.0625
3 0.84921875 0.7859375 0.075 0.05
3 0.9421875 0.4 0.075 0.071875
3 0.70390625 0.6421875 0.0640625 0.053125
3 0.384375 0.1703125 0.0671875 0.0671875
3 0.58359375 0.6609375 0.0765625 0.053125
3 0.63828125 0.6484375 0.06875 0.06875
3 0.0609375 0.9546875 0.0578125 0.0578125
3 0.37734375 0.284375 0.053125 0.053125
3 0.30078125 0.46171875 0.0765625 0.0734375
3 0.31875 0.790625 0.0703125 0.0703125