3 0.8015625 0.759375 0.06875 0.096875
3 0.44921875 0.9203125 0.0703125 0.0703125
3 0.44609375 0.778125 0.075 0.075
3 0.9390625 0.0640625 0.065625 0.084375
3 0.2203125 0.865625 0.071875 0.071875
3 0.5328125 0.34609375 0.075 0.0859375
3 0.2390625 0.0921875 0.065625 0.084375
3 0.909375 0.571875 0.065625 0.1
3 0.66171875 0.271875 0.071875 0.071875
3 0.9296875 0.6828125 0.075 0.075
3 0.2703125 0.8140625 0.065625 0.090625
3 0.5296875 0.8671875 0.075 0.075
3 0.153125 0.065625 0.08125 0.08125
3 0.62578125 0.34453125 0.0734375 0.0921875
3 0.93125 0.82109375 0.0828125 0.0828125
3 0.796875 0.3046875 0.071875 0.090625
3 0.74765625 0.525 0.075 0.0734375
3 0.57890625 0.13359375 0.0765625 0.0875
3 0.375 0.52578125 0.06875 0.0828125
3 0.60625 0.95 0.065625 0.075
3 0.77578125 0.3859375 0.065625 0.084375
3 0.41171875 0.5921875 0.0859375 0.0859375
0 0.634375 0.5140625 0.1015625 0.1015625
3 0.94921875 0.284375 0.075 0.075
3 0.428125 0.140625 0.0765625 0.0765625
3 0.48828125 0.18515625 0.071875 0.096875
3 0.15 0.81484375 0.075 0.0921875
3 0.86796875 0.16015625 0.0734375 0.0734375
1 0.2578125 0.4859375 0.071875 0.1
3 0.72890625 0.26328125 0.06875 0.06875
3 0.565625 0.60234375 0.05625 0.0859375
3 0.57421875 0.278125 0.0671875 0.075
3 0.36171875 0.68671875 0.071875 0.071875
3 0.25703125 0.6078125 0.0734375 0.0734375
3 0.553125 0.77421875 0.065625 0.0796875
3 0.253125 0.22734375 0.0703125 0.0703125
3 0.8671875 0.11328125 0.059375 0.0765625
3 0.4359375 0.503125 0.059375 0.071875
3 0.46953125 0.053125 0.0828125 0.0828125
6 0.08671875 0.246875 0.0796875 0.11875
3 0.80625 0.09921875 0.05625 0.0765625
3 0.103125 0.12265625 0.078125 0.078125
3 0.946875 0.4265625 0.06875 0.078125
3 0.4453125 0.69375 0.0734375 0.0734375
3 0.74296875 0.7265625 0.06875 0.06875
3 0.06953125 0.32578125 0.065625 0.065625
3 0.471875 0.44453125 0.059375 0.0796875
3 0.24140625 0.69453125 0.071875 0.090625
3 0.31796875 0.24921875 0.078125 0.078125
3 0.6078125 0.56484375 0.053125 0.0703125
3 0.60546875 0.71015625 0.0515625 0.0703125
3 0.6625 0.190625 0.0703125 0.0703125
3 0.96640625 0.5984375 0.0640625 0.078125
3 0.22734375 0.33046875 0.0578125 0.0765625
3 0.5328125 0.578125 0.078125 0.1
3 0.41640625 0.8015625 0.078125 0.090625
3 0.496875 0.7046875 0.0765625 0.0765625
3 0.140625 0.67890625 0.05 0.0671875
3 0.49765625 0.27109375 0.0671875 0.0828125
3 0.12578125 0.571875 0.071875 0.071875
3 0.08203125 0.58984375 0.06875 0.0671875
3 0.25 0.1671875 0.059375 0.05625
3 0.87890625 0.28203125 0.053125 0.0640625
3 0.08671875 0.86796875 0.0640625 0.0796875
3 0.39296875 0.36015625 0.08125 0.0828125
3 0.340625 0.8359375 0.05 0.065625
3 0.72421875 0.12109375 0.0546875 0.0671875
3 0.8546875 0.23359375 0.065625 0.0859375
3 0.1609375 0.74296875 0.065625 0.0890625
3 0.20234375 0.56328125 0.0671875 0.0859375
3 0.03828125 0.43984375 0.06875 0.06875
3 0.1984375 0.540625 0.065625 0.08125
3 0.7515625 0.6578125 0.0640625 0.0640625
3 0.50625 0.79296875 0.05625 0.0796875
6 0.8765625 0.67265625 0.0828125 0.0828125
3 0.1359375 0.49296875 0.0625 0.0625
3 0.08984375 0.6828125 0.0578125 0.065625
3 0.875 0.74375 0.0734375 0.0734375
3 0.07578125 0.9421875 0.0671875 0.0625
3 0.3015625 0.04453125 0.071875 0.0703125
3 0.0984375 0.74453125 0.059375 0.0640625
3 0.4 0.446875 0.05625 0.078125
3 0.246875 0.4015625 0.06875 0.06875
3 0.06796875 0.80546875 0.065625 0.065625
3 0.05234375 0.759375 0.0515625 0.075
3 0.89296875 0.36328125 0.06875 0.06875
3 0.075 0.5 0.0625 0.065625
3 0.2140625 0.15078125 0.0625 0.0625
3 0.6 0.0578125 0.0734375 0.0734375
3 0.3578125 0.29609375 0.0578125 0.059375
3 0.8296875 0.615625 0.0671875 0.0671875
3 0.3390625 0.41640625 0.065625 0.065625
3 0.3515625 0.36171875 0.06875 0.06875
3 0.0453125 0.9390625 0.0578125 0.0578125
3 0.715625 0.62265625 0.046875 0.059375
3 0.53828125 0.69921875 0.075 0.075
3 0.209375 0.68125 0.0625 0.078125