3 0.28515625 0.1625 0.0703125 0.0703125
3 0.43828125 0.65078125 0.0703125 0.0953125
3 0.3875 0.3828125 0.06875 0.090625
3 0.2171875 0.60078125 0.059375 0.0859375
3 0.121875 0.5890625 0.06875 0.084375
3 0.79453125 0.11015625 0.05625 0.0734375
3 0.44609375 0.3578125 0.0640625 0.08125
3 0.784375 0.7671875 0.078125 0.078125
3 0.36875 0.1015625 0.05 0.075
3 0.425 0.51796875 0.0625 0.0828125
3 0.42109375 0.1234375 0.05625 0.06875
3 0.71171875 0.2453125 0.0609375 0.078125
3 0.33828125 0.67265625 0.0609375 0.090625
3 0.0859375 0.353125 0.065625 0.065625
3 0.73359375 0.359375 0.0765625 0.0765625
3 0.671875 0.55234375 0.0625 0.0796875
3 0.12421875 0.49453125 0.0625 0.0890625
3 0.7578125 0.171875 0.0640625 0.0640625
3 0.4328125 0.76171875 0.078125 0.078125
3 0.340625 0.23984375 0.065625 0.090625
3 0.80859375 0.8578125 0.075 0.075
3 0.32265625 0.3296875 0.065625 0.065625
3 0.184375 0.13359375 0.0828125 0.0828125
3 0.69765625 0.61328125 0.0609375 0.0859375
3 0.05859375 0.496875 0.078125 0.0796875
3 0.9109375 0.91796875 0.0625 0.0890625
3 0.296875 0.62890625 0.0625 0.0859375
3 0.7609375 0.528125 0.05 0.09375
3 0.95625 0.76328125 0.071875 0.071875
3 0.90703125 0.11875 0.0625 0.0625
3 0.92421875 0.840625 0.071875 0.071875
3 0.065625 0.68671875 0.06875 0.084375
3 0.6046875 0.63046875 0.065625 0.0890625
3 0.1625 0.38125 0.0640625 0.0640625
3 0.1453125 0.6390625 0.08125 0.1125
3 0.14609375 0.25390625 0.0671875 0.0953125
3 0.12734375 0.7328125 0.071875 0.096875
3 0.671875 0.08671875 0.0640625 0.0640625
3 0.7984375 0.43671875 0.071875 0.075
3 0.44453125 0.859375 0.078125 0.078125
3 0.153125 0.85390625 0.059375 0.075
3 0.109375 0.41953125 0.06875 0.06875
3 0.61171875 0.2734375 0.0703125 0.096875
3 0.390625 0.18359375 0.075 0.0765625
3 0.559375 0.43125 0.0625 0.078125
3 0.8875 0.1953125 0.0765625 0.0765625
3 0.74140625 0.67734375 0.078125 0.078125
3 0.24296875 0.26328125 0.0875 0.0859375
3 0.0359375 0.61484375 0.0625 0.0921875
3 0.6734375 0.31640625 0.0765625 0.0765625
3 0.4953125 0.178125 0.075 0.0875
3 0.39765625 0.29921875 0.0625 0.0625
3 0.75078125 0.44609375 0.0515625 0.071875
3 0.68984375 0.1671875 0.078125 0.078125
3 0.1609375 0.3015625 0.065625 0.078125
3 0.890625 0.784375 0.071875 0.090625
3 0.4953125 0.2078125 0.071875 0.071875
3 0.15078125 0.76796875 0.0796875 0.0796875
3 0.9125 0.234375 0.071875 0.071875
3 0.8109375 0.28203125 0.0796875 0.0796875
3 0.27578125 0.2515625 0.0640625 0.084375
3 0.52421875 0.35859375 0.0734375 0.0734375
3 0.56796875 0.16796875 0.0671875 0.0703125
3 0.6578125 0.35234375 0.06875 0.0671875
3 0.0421875 0.41640625 0.078125 0.078125
4 0.3 0.89296875 0.0875 0.1328125
3 0.19296875 0.88984375 0.0625 0.0859375
3 0.15546875 0.94296875 0.0703125 0.0703125
3 0.25703125 0.3265625 0.0609375 0.0609375
3 0.203125 0.234375 0.08125 0.08125
6 0.121875 0.09921875 0.0875 0.0875
6 0.60859375 0.19296875 0.0921875 0.0921875
6 0.47265625 0.09609375 0.0890625 0.0890625
6 0.6953125 0.8984375 0.1375 0.153125
3 0.49765625 0.76796875 0.0609375 0.0859375
3 0.59609375 0.71796875 0.0765625 0.0765625
3 0.5875 0.76796875 0.075 0.075
3 0.5359375 0.73046875 0.053125 0.096875
3 0.63125 0.66484375 0.0703125 0.0703125
3 0.775 0.60625 0.078125 0.078125
3 0.853125 0.665625 0.075 0.0734375
3 0.871875 0.709375 0.0625 0.09375
3 0.79765625 0.61484375 0.0640625 0.0890625
3 0.6375 0.246875 0.06875 0.075
3 0.22421875 0.31015625 0.0671875 0.0859375
3 0.53203125 0.328125 0.08125 0.0796875
3 0.41953125 0.20234375 0.071875 0.071875
3 0.24296875 0.9515625 0.075 0.0875
3 0.3390625 0.04609375 0.053125 0.0703125
3 0.321875 0.0984375 0.05 0.06875
3 0.640625 0.1390625 0.0625 0.071875
3 0.44609375 0.05703125 0.065625 0.0796875
3 0.053125 0.08828125 0.05 0.0765625
3 0.0453125 0.15078125 0.065625 0.065625
3 0.8484375 0.56328125 0.059375 0.0828125
3 0.696875 0.43828125 0.0625 0.075
3 0.67265625 0.41953125 0.08125 0.08125
3 0.45390625 0.74609375 0.071875 0.071875