3 0.809375 0.8390625 0.08125 0.071875
3 0.340625 0.28984375 0.075 0.0765625
3 0.45390625 0.85234375 0.0875 0.0875
3 0.5140625 0.35703125 0.0859375 0.0859375
3 0.59765625 0.58828125 0.08125 0.08125
3 0.1125 0.9328125 0.08125 0.08125
3 0.36484375 0.3921875 0.0640625 0.103125
3 0.9109375 0.4765625 0.065625 0.090625
3 0.3453125 0.50859375 0.078125 0.0765625
3 0.76953125 0.25 0.0734375 0.0875
3 0.70390625 0.41640625 0.0828125 0.0828125
3 0.709375 0.08046875 0.084375 0.0828125
3 0.15859375 0.88671875 0.0703125 0.0953125
3 0.040625 0.528125 0.0625 0.090625
3 0.3640625 0.16328125 0.071875 0.0734375
3 0.5859375 0.2109375 0.0859375 0.0859375
3 0.34921875 0.55703125 0.0640625 0.1046875
3 0.21796875 0.1859375 0.08125 0.08125
3 0.134375 0.79296875 0.071875 0.0734375
3 0.275 0.9234375 0.0859375 0.0859375
3 0.27734375 0.29765625 0.0734375 0.0734375
3 0.5625 0.73984375 0.075 0.0984375
3 0.87890625 0.33203125 0.078125 0.078125
3 0.25546875 0.2125 0.0578125 0.09375
3 0.5875 0.08515625 0.0765625 0.075
3 0.5625 0.66328125 0.0796875 0.08125
3 0.65859375 0.60390625 0.0796875 0.0796875
3 0.57109375 0.3265625 0.078125 0.078125
3 0.50546875 0.50546875 0.09375 0.09375
3 0.1046875 0.25546875 0.065625 0.0921875
3 0.38203125 0.71640625 0.0703125 0.0859375
3 0.05078125 0.78125 0.084375 0.084375
3 0.28984375 0.503125 0.08125 0.08125
3 0.62578125 0.31484375 0.0828125 0.0890625
3 0.7125 0.69453125 0.084375 0.0828125
3 0.43203125 0.63515625 0.0640625 0.0828125
3 0.703125 0.81015625 0.075 0.0890625
3 0.33125 0.36796875 0.065625 0.1046875
3 0.56015625 0.159375 0.0765625 0.0765625
3 0.8296875 0.93984375 0.090625 0.0890625
3 0.41328125 0.92265625 0.0921875 0.078125
3 0.2890625 0.20859375 0.0859375 0.0859375
3 0.9203125 0.39140625 0.084375 0.0671875
3 0.20625 0.79296875 0.075 0.075
3 0.3234375 0.0984375 0.0828125 0.0828125
3 0.55 0.2453125 0.075 0.090625
3 0.82421875 0.38203125 0.084375 0.084375
3 0.078125 0.14296875 0.08125 0.1078125
3 0.215625 0.10546875 0.0875 0.0875
3 0.92109375 0.25390625 0.0921875 0.0921875
3 0.734375 0.5171875 0.06875 0.078125
3 0.296875 0.6515625 0.0828125 0.0828125
3 0.79140625 0.15078125 0.0875 0.0875
3 0.7875 0.73984375 0.078125 0.0828125
3 0.2296875 0.71171875 0.084375 0.084375
3 0.521875 0.76796875 0.071875 0.0953125
3 0.6765625 0.67109375 0.065625 0.1078125
3 0.75859375 0.4375 0.0796875 0.09375
3 0.25703125 0.83515625 0.090625 0.090625
3 0.8546875 0.4140625 0.0875 0.0875
3 0.3515625 0.6421875 0.071875 0.103125
3 0.325 0.7734375 0.0859375 0.0859375
3 0.2203125 0.84453125 0.071875 0.103125
3 0.8484375 0.7046875 0.0875 0.0875
3 0.253125 0.7453125 0.0703125 0.0703125
3 0.58515625 0.9171875 0.0640625 0.090625
3 0.7828125 0.49765625 0.0625 0.1203125
3 0.75859375 0.1609375 0.084375 0.0828125
3 0.615625 0.7984375 0.08125 0.103125
3 0.83046875 0.484375 0.0671875 0.09375
4 0.2078125 0.6046875 0.08125 0.08125
3 0.9125 0.15234375 0.08125 0.103125
3 0.88515625 0.76171875 0.0859375 0.0859375
3 0.5671875 0.0546875 0.0890625 0.0890625
3 0.734375 0.559375 0.065625 0.10625
3 0.80390625 0.68203125 0.103125 0.0703125
3 0.43125 0.6765625 0.0875 0.0875