3 0.621875 0.5359375 0.09375 0.075
3 0.4078125 0.0890625 0.078125 0.078125
3 0.47421875 0.8296875 0.078125 0.078125
3 0.346875 0.73828125 0.06875 0.06875
3 0.453125 0.3546875 0.075 0.075
3 0.93203125 0.27890625 0.0890625 0.0890625
3 0.55078125 0.7296875 0.071875 0.071875
3 0.4203125 0.7125 0.0765625 0.0765625
3 0.16328125 0.84453125 0.0765625 0.0765625
3 0.9015625 0.44609375 0.090625 0.090625
3 0.7234375 0.7484375 0.109375 0.078125
3 0.29765625 0.13359375 0.0859375 0.0734375
3 0.60703125 0.67421875 0.0734375 0.0734375
3 0.1703125 0.25546875 0.090625 0.0734375
3 0.890625 0.83125 0.090625 0.06875
3 0.0625 0.08046875 0.078125 0.0546875
3 0.60703125 0.80546875 0.08125 0.0796875
3 0.1328125 0.43203125 0.06875 0.06875
3 0.25390625 0.609375 0.0765625 0.078125
3 0.36953125 0.603125 0.084375 0.0625
3 0.62890625 0.73984375 0.0828125 0.0671875
4 0.828125 0.17890625 0.09375 0.0921875
3 0.0640625 0.9546875 0.071875 0.071875
3 0.3671875 0.25 0.0875 0.0625
3 0.71796875 0.16484375 0.08125 0.08125
3 0.07421875 0.4046875 0.1 0.078125
3 0.5265625 0.64609375 0.075 0.0765625
3 0.8203125 0.8703125 0.0734375 0.0734375
3 0.16640625 0.53359375 0.0796875 0.0625
4 0.5796875 0.28203125 0.090625 0.090625
3 0.1875 0.484375 0.08125 0.059375
3 0.27734375 0.22578125 0.090625 0.0734375
3 0.04375 0.5609375 0.078125 0.05625
3 0.85390625 0.946875 0.0953125 0.06875
3 0.05859375 0.62421875 0.078125 0.078125
3 0.234375 0.7140625 0.1 0.059375
3 0.38515625 0.33515625 0.071875 0.071875
3 0.50703125 0.2625 0.0875 0.06875
3 0.22109375 0.6640625 0.078125 0.078125
3 0.09296875 0.4765625 0.0796875 0.053125
3 0.0734375 0.88671875 0.0796875 0.08125
3 0.40390625 0.2828125 0.06875 0.06875
3 0.84140625 0.746875 0.090625 0.059375
3 0.746875 0.94921875 0.0875 0.0671875
3 0.3 0.65 0.071875 0.071875
3 0.87734375 0.76640625 0.1046875 0.0671875
3 0.25234375 0.22890625 0.0890625 0.0890625