3 0.7203125 0.478125 0.109375 0.078125
3 0.2453125 0.83984375 0.090625 0.0703125
3 0.16015625 0.40078125 0.0921875 0.090625
3 0.41796875 0.05625 0.078125 0.078125
3 0.0609375 0.371875 0.0875 0.0875
3 0.09453125 0.7375 0.0828125 0.08125
3 0.565625 0.478125 0.090625 0.090625
3 0.1984375 0.08203125 0.109375 0.071875
3 0.10078125 0.6265625 0.0875 0.0890625
3 0.6734375 0.72890625 0.109375 0.06875
3 0.36640625 0.83671875 0.084375 0.084375
3 0.409375 0.93515625 0.090625 0.0640625
3 0.10546875 0.55 0.1046875 0.075
3 0.653125 0.04140625 0.0875 0.0828125
3 0.35078125 0.228125 0.08125 0.08125
3 0.86328125 0.28046875 0.09375 0.09375
3 0.90234375 0.546875 0.1078125 0.075
3 0.553125 0.94921875 0.115625 0.0828125
3 0.48359375 0.90078125 0.084375 0.084375
3 0.72421875 0.26328125 0.084375 0.0859375
3 0.39453125 0.165625 0.0921875 0.075
3 0.90390625 0.19296875 0.0890625 0.0609375
3 0.72734375 0.1359375 0.08125 0.0796875
3 0.59453125 0.3359375 0.0796875 0.0796875
3 0.7515625 0.0625 0.0875 0.090625
3 0.67890625 0.58515625 0.0984375 0.0828125
3 0.434375 0.7734375 0.096875 0.065625
3 0.7765625 0.61015625 0.103125 0.1015625
3 0.61484375 0.61640625 0.084375 0.084375
3 0.89921875 0.396875 0.1078125 0.06875
3 0.28359375 0.13359375 0.0859375 0.0859375
3 0.62734375 0.2828125 0.0953125 0.078125
3 0.2671875 0.19921875 0.0875 0.075
3 0.5921875 0.13359375 0.090625 0.0734375
3 0.7046875 0.34140625 0.075 0.0734375
3 0.18828125 0.77421875 0.0953125 0.0734375
3 0.6328125 0.53203125 0.096875 0.0734375
3 0.20234375 0.64296875 0.090625 0.0671875
3 0.60390625 0.7984375 0.0953125 0.071875
3 0.14609375 0.83984375 0.103125 0.078125
3 0.5546875 0.73125 0.09375 0.075
3 0.7859375 0.5328125 0.08125 0.08125
3 0.315625 0.3453125 0.09375 0.09375
3 0.7578125 0.95 0.1 0.071875
3 0.31015625 0.8890625 0.0859375 0.075
3 0.21796875 0.5484375 0.0953125 0.0953125
3 0.69609375 0.221875 0.0984375 0.06875
3 0.88671875 0.71171875 0.078125 0.078125
3 0.50703125 0.5765625 0.1 0.078125
3 0.88671875 0.8546875 0.0796875 0.0796875
3 0.2734375 0.4984375 0.084375 0.05625
3 0.09765625 0.47265625 0.08125 0.0828125
3 0.078125 0.1734375 0.090625 0.065625
3 0.5859375 0.86328125 0.09375 0.0921875
3 0.890625 0.2078125 0.075 0.075
3 0.2859375 0.07109375 0.084375 0.084375
3 0.303125 0.96171875 0.090625 0.0609375
3 0.515625 0.7078125 0.0875 0.0875
3 0.69921875 0.86484375 0.0921875 0.0546875
3 0.92265625 0.3328125 0.0921875 0.065625
3 0.43046875 0.365625 0.078125 0.0796875
3 0.73203125 0.821875 0.0875 0.05625
3 0.9375 0.57890625 0.078125 0.078125
3 0.37265625 0.3484375 0.0984375 0.06875
5 0.46484375 0.278125 0.10625 0.10625
3 0.396875 0.40625 0.1 0.06875
3 0.95234375 0.1125 0.078125 0.0796875
3 0.87421875 0.6953125 0.090625 0.0625
3 0.6921875 0.36015625 0.078125 0.078125