3 0.521875 0.7203125 0.078125 0.109375
3 0.16015625 0.2453125 0.0703125 0.090625
3 0.59921875 0.16015625 0.075 0.1078125
3 0.94375 0.41796875 0.06875 0.0859375
3 0.628125 0.0609375 0.0875 0.0875
3 0.2625 0.09453125 0.06875 0.0953125
3 0.521875 0.565625 0.090625 0.090625
3 0.91796875 0.1984375 0.090625 0.090625
3 0.3734375 0.10078125 0.071875 0.1046875
3 0.27109375 0.6734375 0.06875 0.109375
3 0.16328125 0.36640625 0.071875 0.0953125
3 0.06484375 0.409375 0.0640625 0.090625
3 0.45 0.10546875 0.075 0.1046875
3 0.9609375 0.65390625 0.071875 0.1046875
3 0.771875 0.35078125 0.08125 0.08125
3 0.71953125 0.86328125 0.09375 0.09375
3 0.453125 0.90234375 0.0921875 0.090625
3 0.05078125 0.553125 0.0828125 0.115625
3 0.09921875 0.48359375 0.0796875 0.0890625
3 0.73671875 0.72421875 0.0734375 0.096875
3 0.834375 0.39453125 0.075 0.0921875
3 0.80703125 0.90390625 0.0609375 0.0890625
3 0.8640625 0.72734375 0.0796875 0.08125
3 0.6640625 0.59453125 0.0796875 0.0796875
3 0.9375 0.7515625 0.075 0.103125
3 0.41484375 0.67890625 0.0828125 0.0984375
3 0.2265625 0.434375 0.08125 0.08125
3 0.38984375 0.7765625 0.1015625 0.103125
3 0.38359375 0.61484375 0.084375 0.084375
3 0.603125 0.89921875 0.0875 0.0890625
3 0.86640625 0.28359375 0.0859375 0.0859375
3 0.7171875 0.62734375 0.0859375 0.0875
3 0.80078125 0.2671875 0.075 0.0875
3 0.86640625 0.5921875 0.0734375 0.090625
3 0.65859375 0.7046875 0.0640625 0.084375
3 0.22578125 0.18828125 0.084375 0.084375
3 0.46796875 0.6328125 0.0734375 0.096875
3 0.35703125 0.20234375 0.0671875 0.090625
3 0.2015625 0.60390625 0.071875 0.0953125
3 0.16015625 0.14609375 0.090625 0.090625
3 0.26875 0.5546875 0.075 0.09375
3 0.4671875 0.7859375 0.08125 0.08125
3 0.6546875 0.315625 0.08125 0.10625
3 0.05 0.7578125 0.071875 0.1
3 0.1109375 0.31015625 0.075 0.0859375
3 0.4515625 0.21796875 0.0953125 0.0953125
3 0.778125 0.69609375 0.06875 0.0984375
3 0.28828125 0.88671875 0.078125 0.078125
3 0.4234375 0.50703125 0.078125 0.1
3 0.1453125 0.88671875 0.071875 0.0875
3 0.5015625 0.2734375 0.05625 0.084375
3 0.52734375 0.09765625 0.0734375 0.090625
3 0.8265625 0.078125 0.078125 0.078125
3 0.13671875 0.5859375 0.0921875 0.09375
3 0.7921875 0.890625 0.065625 0.08125
3 0.92890625 0.2859375 0.0703125 0.1
3 0.03828125 0.303125 0.0609375 0.090625
3 0.2921875 0.515625 0.071875 0.103125
3 0.13515625 0.69921875 0.0734375 0.0734375
3 0.6671875 0.92265625 0.065625 0.0921875
3 0.634375 0.43046875 0.0796875 0.078125
3 0.178125 0.73203125 0.05625 0.0875
3 0.42109375 0.9375 0.0640625 0.090625
3 0.6515625 0.37265625 0.084375 0.0828125
5 0.721875 0.46484375 0.10625 0.10625
3 0.59375 0.396875 0.084375 0.084375
3 0.8875 0.95234375 0.0796875 0.078125
3 0.3046875 0.87421875 0.0765625 0.0765625
3 0.63984375 0.6921875 0.078125 0.078125