3 0.59375 0.43828125 0.075 0.0796875
3 0.64453125 0.23828125 0.075 0.075
3 0.9453125 0.80546875 0.0953125 0.0953125
3 0.21484375 0.55859375 0.0796875 0.0796875
3 0.628125 0.16640625 0.078125 0.0953125
3 0.13984375 0.446875 0.06875 0.090625
3 0.8421875 0.35234375 0.06875 0.0859375
3 0.7875 0.83125 0.0890625 0.0890625
3 0.4296875 0.79453125 0.071875 0.0953125
3 0.40859375 0.521875 0.0796875 0.0796875
3 0.8515625 0.47578125 0.084375 0.0734375
3 0.2890625 0.57734375 0.0796875 0.0796875
3 0.571875 0.35078125 0.06875 0.1015625
3 0.5140625 0.88046875 0.05625 0.0984375
3 0.3078125 0.23203125 0.0796875 0.078125
3 0.73203125 0.77890625 0.0765625 0.1078125
3 0.08046875 0.4734375 0.0875 0.0875
3 0.4578125 0.93984375 0.084375 0.0859375
3 0.559375 0.84375 0.0796875 0.0796875
3 0.7359375 0.2328125 0.0625 0.084375
3 0.82734375 0.4078125 0.096875 0.071875
3 0.1609375 0.365625 0.084375 0.075
3 0.51796875 0.559375 0.059375 0.0609375
3 0.08203125 0.18984375 0.0703125 0.0734375
3 0.640625 0.3328125 0.06875 0.09375
3 0.06484375 0.253125 0.0765625 0.078125
3 0.5734375 0.69296875 0.0734375 0.075
3 0.41640625 0.68359375 0.0953125 0.0890625
3 0.7953125 0.265625 0.090625 0.075
3 0.9109375 0.06171875 0.0875 0.0875
3 0.93203125 0.4171875 0.075 0.075
3 0.27421875 0.08671875 0.0796875 0.0921875
3 0.80546875 0.2109375 0.0765625 0.090625
3 0.0578125 0.121875 0.059375 0.06875
3 0.3640625 0.21796875 0.084375 0.084375
3 0.26015625 0.340625 0.0875 0.0859375
3 0.4921875 0.4671875 0.103125 0.084375
3 0.32421875 0.46953125 0.0671875 0.1015625
3 0.7328125 0.3578125 0.084375 0.065625
3 0.61953125 0.8890625 0.071875 0.0703125
3 0.5671875 0.5546875 0.0890625 0.0890625
3 0.3375 0.346875 0.05625 0.1125
3 0.434375 0.59765625 0.078125 0.0671875
3 0.30625 0.17578125 0.08125 0.0734375
3 0.14765625 0.1 0.078125 0.0796875
3 0.58671875 0.909375 0.0875 0.0875
3 0.6125 0.6 0.090625 0.0890625
3 0.70703125 0.43984375 0.0875 0.0875
3 0.40703125 0.1484375 0.090625 0.090625
3 0.73359375 0.94609375 0.0828125 0.0828125
3 0.4953125 0.72421875 0.090625 0.1078125
3 0.22734375 0.5015625 0.084375 0.084375
3 0.22265625 0.21640625 0.0671875 0.109375
3 0.2515625 0.2609375 0.053125 0.109375
3 0.8609375 0.14921875 0.078125 0.1078125
3 0.13984375 0.21328125 0.0703125 0.0921875
3 0.41875 0.66796875 0.071875 0.1109375
3 0.321875 0.0578125 0.0890625 0.0890625
3 0.65859375 0.4796875 0.0890625 0.075
3 0.87265625 0.92109375 0.0828125 0.0828125
3 0.03984375 0.053125 0.0796875 0.084375
3 0.153125 0.24765625 0.0875 0.0875
3 0.725 0.3203125 0.0734375 0.0734375
3 0.54140625 0.66953125 0.0765625 0.0765625
3 0.1546875 0.30859375 0.0828125 0.08125
3 0.18984375 0.29296875 0.0890625 0.0984375
3 0.85703125 0.62734375 0.0953125 0.0953125
3 0.6546875 0.6421875 0.078125 0.103125