3 0.88984375 0.8359375 0.0578125 0.090625
3 0.7578125 0.24765625 0.059375 0.0828125
3 0.93046875 0.23515625 0.075 0.075
3 0.35078125 0.8109375 0.078125 0.078125
3 0.25859375 0.61328125 0.0765625 0.0890625
3 0.4875 0.840625 0.0625 0.0875
3 0.6984375 0.2921875 0.075 0.075
4 0.22734375 0.29765625 0.078125 0.1046875
3 0.61875 0.9046875 0.071875 0.071875
3 0.68359375 0.1515625 0.08125 0.08125
3 0.3125 0.4796875 0.0875 0.0875
3 0.625 0.634375 0.06875 0.06875
3 0.3640625 0.40703125 0.090625 0.0890625
3 0.7234375 0.6828125 0.06875 0.09375
3 0.1625 0.40703125 0.06875 0.0921875
3 0.33203125 0.61953125 0.0859375 0.0859375
3 0.8078125 0.91171875 0.078125 0.078125
3 0.896875 0.5109375 0.0734375 0.0734375
3 0.2359375 0.109375 0.0765625 0.0765625
3 0.1328125 0.66484375 0.06875 0.084375
3 0.84921875 0.2421875 0.0671875 0.0671875
3 0.29921875 0.0578125 0.065625 0.065625
3 0.51953125 0.09609375 0.0546875 0.0734375
3 0.79609375 0.10859375 0.0828125 0.0828125
3 0.33359375 0.1796875 0.0828125 0.096875
3 0.46328125 0.11328125 0.075 0.075
3 0.75703125 0.7140625 0.0796875 0.0796875
3 0.12578125 0.49296875 0.08125 0.08125
3 0.321875 0.33515625 0.06875 0.090625
3 0.1140625 0.3359375 0.075 0.075
3 0.7859375 0.5546875 0.0625 0.084375
6 0.5921875 0.7265625 0.08125 0.109375
3 0.55078125 0.8359375 0.0671875 0.084375
3 0.75703125 0.9484375 0.071875 0.071875
3 0.7765625 0.44140625 0.065625 0.0859375
3 0.0703125 0.85546875 0.071875 0.0984375
3 0.75 0.528125 0.06875 0.090625
3 0.528125 0.60703125 0.0875 0.0875
3 0.05234375 0.278125 0.078125 0.078125
3 0.08828125 0.415625 0.0640625 0.0875
3 0.8984375 0.92578125 0.06875 0.0734375
3 0.078125 0.0796875 0.075 0.096875
3 0.653125 0.84609375 0.078125 0.0765625
3 0.42890625 0.1796875 0.0640625 0.075
3 0.21015625 0.1890625 0.0671875 0.0875
3 0.33671875 0.1 0.084375 0.084375
3 0.46640625 0.66171875 0.0640625 0.1140625