3 0.11015625 0.1640625 0.0578125 0.090625
3 0.2421875 0.75234375 0.059375 0.0828125
3 0.06953125 0.76484375 0.075 0.075
3 0.64921875 0.1890625 0.0703125 0.0875
3 0.74140625 0.38671875 0.0828125 0.0828125
3 0.5125 0.159375 0.075 0.075
3 0.3015625 0.7078125 0.075 0.075
4 0.77265625 0.70234375 0.078125 0.1046875
3 0.38125 0.0953125 0.0625 0.08125
3 0.31640625 0.8484375 0.0734375 0.090625
3 0.6875 0.5203125 0.0875 0.0875
3 0.375 0.365625 0.05625 0.08125
3 0.6359375 0.59296875 0.090625 0.0890625
3 0.2765625 0.3171875 0.06875 0.09375
3 0.8375 0.59296875 0.06875 0.0921875
3 0.66796875 0.38046875 0.0859375 0.0859375
3 0.1921875 0.08828125 0.065625 0.0921875
3 0.103125 0.4890625 0.0640625 0.084375
3 0.7640625 0.890625 0.0765625 0.0765625
3 0.8671875 0.33515625 0.0765625 0.0765625
3 0.15078125 0.7578125 0.0671875 0.0671875
3 0.70078125 0.9421875 0.065625 0.065625
3 0.48046875 0.90390625 0.0640625 0.0640625
3 0.20390625 0.89140625 0.0828125 0.0828125
3 0.66640625 0.8203125 0.0890625 0.0890625
3 0.53671875 0.88671875 0.065625 0.0828125
3 0.24296875 0.2859375 0.0796875 0.0796875
3 0.87421875 0.50703125 0.0734375 0.0890625
3 0.678125 0.66484375 0.0796875 0.0796875
3 0.8859375 0.6640625 0.075 0.075
3 0.2140625 0.4453125 0.0734375 0.0734375
6 0.4078125 0.2734375 0.08125 0.109375
3 0.44921875 0.1640625 0.0765625 0.0765625
3 0.24296875 0.0515625 0.071875 0.071875
3 0.2234375 0.55859375 0.065625 0.0859375
3 0.9296875 0.14453125 0.071875 0.0984375
3 0.25 0.471875 0.06875 0.090625
3 0.471875 0.39296875 0.0875 0.0875
3 0.94765625 0.721875 0.078125 0.078125
3 0.91171875 0.584375 0.075 0.0765625
3 0.1015625 0.07421875 0.06875 0.0734375
3 0.921875 0.9203125 0.075 0.096875
3 0.346875 0.15390625 0.0625 0.0921875
3 0.57109375 0.8203125 0.06875 0.06875
3 0.78984375 0.8109375 0.0671875 0.0875
3 0.66328125 0.9 0.0859375 0.084375
3 0.53359375 0.33828125 0.0890625 0.0890625