3 0.4015625 0.07890625 0.096875 0.0828125
3 0.875 0.26640625 0.09375 0.071875
3 0.29921875 0.8203125 0.0828125 0.0828125
3 0.084375 0.4359375 0.1 0.075
3 0.85625 0.18359375 0.0890625 0.0875
3 0.0859375 0.3609375 0.090625 0.090625
3 0.13515625 0.2375 0.0921875 0.06875
3 0.071875 0.571875 0.096875 0.096875
3 0.14921875 0.07265625 0.0828125 0.084375
3 0.421875 0.515625 0.084375 0.084375
3 0.81015625 0.3296875 0.0890625 0.0890625
3 0.7609375 0.62265625 0.090625 0.090625
3 0.68359375 0.6546875 0.1015625 0.06875
3 0.85078125 0.46875 0.0921875 0.090625
3 0.80703125 0.93203125 0.0796875 0.0796875
3 0.2703125 0.24921875 0.1 0.0734375
3 0.32734375 0.7421875 0.0828125 0.0625
3 0.61484375 0.3546875 0.1078125 0.071875
3 0.55546875 0.74765625 0.0921875 0.0703125
3 0.90859375 0.88515625 0.0953125 0.0625
3 0.284375 0.54375 0.0875 0.0875
3 0.43046875 0.42734375 0.0953125 0.0734375
3 0.821875 0.0609375 0.096875 0.071875
3 0.246875 0.9109375 0.096875 0.096875
3 0.2921875 0.6203125 0.090625 0.075
3 0.91953125 0.7078125 0.1015625 0.078125
3 0.3375 0.17890625 0.08125 0.08125
3 0.18203125 0.3921875 0.1046875 0.08125
3 0.85703125 0.7921875 0.1 0.071875
3 0.6015625 0.25546875 0.103125 0.0765625
3 0.21015625 0.94921875 0.078125 0.0796875
3 0.9109375 0.36171875 0.0828125 0.084375
3 0.21015625 0.5890625 0.084375 0.084375
3 0.13515625 0.95703125 0.0921875 0.0859375
3 0.46640625 0.79140625 0.0796875 0.0609375
3 0.49375 0.85546875 0.0828125 0.0828125
3 0.05703125 0.13515625 0.0921875 0.0921875
3 0.3265625 0.4453125 0.109375 0.071875
3 0.09296875 0.32265625 0.1078125 0.0640625
3 0.9578125 0.23515625 0.075 0.075
3 0.79453125 0.5515625 0.0921875 0.0921875
3 0.390625 0.8453125 0.0875 0.0875
3 0.6703125 0.734375 0.096875 0.0625
3 0.5046875 0.14375 0.0875 0.090625
3 0.7265625 0.9359375 0.090625 0.090625
3 0.821875 0.7015625 0.09375 0.071875
3 0.13828125 0.6578125 0.1015625 0.08125
3 0.45390625 0.2796875 0.0890625 0.071875
3 0.890625 0.5578125 0.084375 0.084375
3 0.72421875 0.71484375 0.1046875 0.0859375
3 0.746875 0.33984375 0.084375 0.084375
3 0.9390625 0.1609375 0.075 0.075
3 0.85703125 0.69140625 0.0921875 0.0703125
3 0.74765625 0.825 0.1 0.075
3 0.09140625 0.49375 0.078125 0.0765625
3 0.66796875 0.83671875 0.0984375 0.06875
3 0.690625 0.1359375 0.0890625 0.0890625
3 0.15703125 0.53046875 0.0921875 0.0609375
3 0.58828125 0.83359375 0.0890625 0.0828125
3 0.68828125 0.79140625 0.0921875 0.0921875
3 0.95078125 0.60625 0.0984375 0.09375
3 0.8890625 0.521875 0.0859375 0.0859375
5 0.6609375 0.090625 0.13125 0.10625
3 0.73125 0.09609375 0.0734375 0.075
3 0.34609375 0.375 0.0828125 0.04375
3 0.296875 0.33515625 0.090625 0.0640625
0 0.35078125 0.3234375 0.10625 0.1046875
3 0.38515625 0.2828125 0.0890625 0.046875