3 0.0703125 0.91171875 0.075 0.075
3 0.565625 0.58515625 0.0765625 0.0765625
3 0.75859375 0.24609375 0.0671875 0.0765625
3 0.8390625 0.54609375 0.059375 0.0765625
3 0.82109375 0.7796875 0.0609375 0.08125
3 0.4671875 0.26484375 0.0828125 0.0828125
3 0.478125 0.41328125 0.071875 0.0734375
3 0.07421875 0.82265625 0.0859375 0.084375
6 0.68984375 0.80859375 0.0859375 0.0859375
3 0.30625 0.5890625 0.059375 0.078125
3 0.6359375 0.4921875 0.065625 0.090625
3 0.1296875 0.66640625 0.071875 0.1015625
3 0.759375 0.59375 0.0625 0.09375
3 0.4109375 0.4390625 0.0703125 0.0703125
3 0.36875 0.71640625 0.06875 0.0890625
3 0.88046875 0.359375 0.078125 0.078125
3 0.73125 0.93671875 0.06875 0.0859375
3 0.23359375 0.478125 0.078125 0.078125
3 0.58203125 0.7546875 0.0703125 0.090625
3 0.3625 0.2390625 0.075 0.075
3 0.06171875 0.35703125 0.0671875 0.065625
3 0.4078125 0.0703125 0.065625 0.071875
3 0.365625 0.396875 0.059375 0.084375
3 0.346875 0.47421875 0.0765625 0.0765625
3 0.7421875 0.80078125 0.0671875 0.06875
3 0.55859375 0.50703125 0.059375 0.0734375
3 0.13125 0.81171875 0.075 0.075
3 0.634375 0.1546875 0.0609375 0.0609375
3 0.5421875 0.18984375 0.0671875 0.0671875
3 0.6625 0.73125 0.065625 0.075
3 0.24921875 0.66171875 0.06875 0.06875
3 0.828125 0.24765625 0.0734375 0.071875
3 0.21015625 0.11484375 0.0703125 0.0875
3 0.54375 0.94296875 0.078125 0.0828125
3 0.51953125 0.84453125 0.0546875 0.0671875
3 0.19609375 0.8734375 0.071875 0.071875
3 0.2109375 0.7328125 0.053125 0.06875
3 0.625 0.8046875 0.065625 0.084375
3 0.26640625 0.76953125 0.0640625 0.0796875
3 0.7421875 0.50703125 0.06875 0.0921875
3 0.95546875 0.68515625 0.0515625 0.0734375
3 0.190625 0.3640625 0.071875 0.071875
3 0.42734375 0.8671875 0.0703125 0.071875
3 0.6734375 0.63671875 0.071875 0.071875
3 0.0921875 0.61171875 0.059375 0.078125
3 0.25703125 0.27109375 0.0671875 0.065625
0 0.66640625 0.59296875 0.0953125 0.0953125
3 0.89609375 0.6890625 0.0609375 0.0625
3 0.290625 0.20703125 0.075 0.075
3 0.115625 0.23515625 0.0640625 0.0640625
3 0.11171875 0.12578125 0.0546875 0.0765625
0 0.9109375 0.2421875 0.08125 0.1
3 0.47421875 0.7390625 0.0578125 0.075
3 0.8171875 0.109375 0.059375 0.078125
3 0.16484375 0.53828125 0.0640625 0.0859375
3 0.7375 0.58671875 0.0671875 0.0671875
3 0.51640625 0.11953125 0.0828125 0.0828125
3 0.1375 0.31328125 0.071875 0.071875
3 0.06171875 0.74921875 0.059375 0.059375
3 0.615625 0.33046875 0.0625 0.0625
3 0.5265625 0.465625 0.065625 0.0625
3 0.28125 0.32734375 0.0625 0.0734375
3 0.9203125 0.71328125 0.059375 0.0828125
3 0.184375 0.43046875 0.05 0.0734375
3 0.4234375 0.72421875 0.0640625 0.065625
3 0.85859375 0.17578125 0.0734375 0.0734375
3 0.3921875 0.815625 0.0625 0.0625
3 0.2890625 0.51796875 0.053125 0.0703125
3 0.3140625 0.3609375 0.0625 0.078125
3 0.56015625 0.178125 0.06875 0.06875
3 0.86328125 0.084375 0.046875 0.071875
3 0.340625 0.86171875 0.046875 0.071875
3 0.55625 0.88828125 0.046875 0.071875
3 0.88125 0.2703125 0.08125 0.08125
3 0.83125 0.04453125 0.05625 0.0859375
3 0.89765625 0.88203125 0.0546875 0.0734375
3 0.275 0.41015625 0.05625 0.0734375
3 0.9078125 0.6140625 0.0625 0.071875
3 0.278125 0.93046875 0.0625 0.0828125
3 0.63203125 0.24375 0.0484375 0.075
3 0.15703125 0.73359375 0.0546875 0.0640625
6 0.58125 0.24453125 0.065625 0.1234375
6 0.6765625 0.21796875 0.06875 0.1296875
3 0.26796875 0.8421875 0.0609375 0.065625
3 0.475 0.80625 0.05625 0.0875
3 0.81015625 0.40234375 0.06875 0.0625
3 0.93046875 0.5484375 0.059375 0.059375
3 0.05390625 0.28984375 0.0578125 0.0625
3 0.15703125 0.11171875 0.059375 0.059375
3 0.5140625 0.040625 0.059375 0.075
3 0.765625 0.17890625 0.053125 0.053125
3 0.9 0.05859375 0.04375 0.0921875
3 0.92265625 0.11640625 0.0609375 0.075
3 0.6953125 0.23046875 0.0671875 0.06875
3 0.9578125 0.21328125 0.0578125 0.059375