3 0.08828125 0.0703125 0.075 0.075
3 0.41484375 0.565625 0.084375 0.06875
3 0.75390625 0.75859375 0.071875 0.071875
3 0.45390625 0.8390625 0.0765625 0.059375
3 0.2203125 0.82109375 0.0703125 0.0703125
3 0.73515625 0.4671875 0.090625 0.075
3 0.58671875 0.478125 0.084375 0.0625
3 0.17734375 0.07421875 0.084375 0.084375
6 0.19140625 0.68984375 0.0984375 0.0734375
3 0.4109375 0.30625 0.078125 0.059375
3 0.5078125 0.6359375 0.090625 0.065625
3 0.33359375 0.1296875 0.1015625 0.071875
3 0.40625 0.759375 0.078125 0.078125
3 0.5609375 0.4109375 0.0703125 0.0703125
3 0.28359375 0.36875 0.0890625 0.06875
3 0.640625 0.88046875 0.084375 0.071875
3 0.06328125 0.73125 0.078125 0.078125
3 0.521875 0.23359375 0.078125 0.078125
3 0.2453125 0.58203125 0.08125 0.08125
3 0.7609375 0.3625 0.075 0.075
3 0.64296875 0.06171875 0.071875 0.0609375
3 0.9296875 0.4078125 0.071875 0.065625
3 0.603125 0.365625 0.084375 0.059375
3 0.52578125 0.346875 0.0765625 0.0765625
3 0.19921875 0.7421875 0.06875 0.0671875
3 0.49296875 0.55859375 0.0734375 0.059375
3 0.18828125 0.13125 0.075 0.075
3 0.8453125 0.634375 0.0609375 0.0609375
3 0.81015625 0.5421875 0.0671875 0.0671875
3 0.26875 0.6625 0.075 0.065625
3 0.33828125 0.24921875 0.0703125 0.0671875
3 0.75234375 0.828125 0.0921875 0.053125
3 0.88515625 0.21015625 0.078125 0.078125
3 0.05703125 0.54375 0.0828125 0.078125
3 0.15546875 0.51953125 0.0609375 0.0609375
3 0.1265625 0.19609375 0.08125 0.0609375
3 0.2671875 0.2109375 0.0609375 0.0609375
3 0.1953125 0.625 0.075 0.075
3 0.23046875 0.26640625 0.0796875 0.0640625
3 0.49296875 0.7421875 0.08125 0.08125
3 0.31484375 0.95546875 0.0625 0.0625
3 0.6359375 0.190625 0.071875 0.071875
3 0.1328125 0.42734375 0.078125 0.0640625
3 0.36328125 0.6734375 0.0765625 0.065625
3 0.38828125 0.0921875 0.078125 0.059375
3 0.72890625 0.25703125 0.078125 0.0546875
0 0.40703125 0.66640625 0.1109375 0.0796875
3 0.3109375 0.89609375 0.0625 0.0609375
3 0.79296875 0.290625 0.0828125 0.06875
3 0.76484375 0.115625 0.0640625 0.0640625
3 0.87421875 0.11171875 0.0765625 0.0546875
0 0.7578125 0.9109375 0.090625 0.090625
3 0.2609375 0.47421875 0.065625 0.065625
3 0.890625 0.8171875 0.06875 0.06875
3 0.46171875 0.16484375 0.075 0.075
3 0.41328125 0.7375 0.0671875 0.0671875
3 0.88046875 0.51640625 0.0828125 0.0828125
3 0.68671875 0.1375 0.0890625 0.05625
3 0.25078125 0.06171875 0.0671875 0.053125
3 0.66953125 0.615625 0.0625 0.0625
3 0.534375 0.5265625 0.0625 0.0640625
3 0.67265625 0.28125 0.0734375 0.0625
3 0.28671875 0.9203125 0.071875 0.0703125
3 0.56953125 0.184375 0.0734375 0.05
3 0.27578125 0.4234375 0.0765625 0.053125
3 0.82421875 0.85859375 0.0734375 0.0734375
3 0.184375 0.3921875 0.0625 0.0625
3 0.48203125 0.2890625 0.0703125 0.053125
3 0.6390625 0.3140625 0.078125 0.0625
3 0.821875 0.56015625 0.06875 0.06875
3 0.915625 0.86328125 0.059375 0.059375
3 0.13828125 0.340625 0.059375 0.059375
3 0.11171875 0.55625 0.059375 0.059375
3 0.7296875 0.88125 0.08125 0.08125
3 0.95546875 0.83125 0.0859375 0.05625
3 0.11796875 0.89765625 0.0640625 0.0640625
3 0.58984375 0.275 0.0640625 0.065625
3 0.3859375 0.9078125 0.0671875 0.0671875
3 0.06953125 0.278125 0.071875 0.0734375
3 0.75625 0.63203125 0.075 0.0484375
3 0.26640625 0.15703125 0.0640625 0.0546875
6 0.75546875 0.58125 0.1234375 0.065625
6 0.78203125 0.6765625 0.1296875 0.06875
3 0.1578125 0.26796875 0.065625 0.0609375
3 0.19375 0.475 0.071875 0.071875
3 0.59765625 0.81015625 0.065625 0.065625
3 0.4515625 0.93046875 0.059375 0.059375
3 0.71015625 0.05390625 0.059375 0.0609375
3 0.88828125 0.15703125 0.0796875 0.0390625
3 0.959375 0.5140625 0.0671875 0.0671875
3 0.82109375 0.765625 0.0578125 0.05
3 0.94140625 0.9 0.06875 0.0671875
3 0.88359375 0.92265625 0.06875 0.06875
3 0.76953125 0.6953125 0.06875 0.0671875
3 0.78671875 0.9578125 0.0671875 0.05