3 0.90078125 0.5515625 0.075 0.0765625
3 0.81484375 0.54375 0.0796875 0.059375
3 0.83515625 0.7671875 0.071875 0.0703125
3 0.89375 0.69375 0.0875 0.08125
3 0.21796875 0.5921875 0.1046875 0.059375
3 0.8328125 0.08828125 0.08125 0.08125
3 0.9359375 0.065625 0.084375 0.084375
3 0.5328125 0.54921875 0.071875 0.0765625
3 0.3140625 0.6046875 0.0796875 0.0796875
3 0.6828125 0.60390625 0.090625 0.0703125
3 0.91484375 0.115625 0.0890625 0.0625
3 0.36796875 0.32578125 0.08125 0.08125
3 0.3296875 0.88046875 0.075 0.0734375
3 0.65625 0.5046875 0.0875 0.078125
3 0.7453125 0.46484375 0.065625 0.075
3 0.09140625 0.12265625 0.078125 0.078125
3 0.19140625 0.753125 0.0921875 0.0921875
3 0.27265625 0.6796875 0.071875 0.071875
3 0.3609375 0.5546875 0.078125 0.071875
3 0.740625 0.8875 0.075 0.08125
3 0.78359375 0.65859375 0.075 0.075
3 0.39296875 0.03671875 0.0828125 0.0734375
3 0.05234375 0.403125 0.0859375 0.0859375
3 0.5078125 0.234375 0.0765625 0.0765625
3 0.146875 0.8796875 0.096875 0.071875
3 0.13515625 0.3546875 0.1078125 0.065625
3 0.2203125 0.65546875 0.0796875 0.0796875
3 0.05546875 0.62578125 0.1015625 0.0640625
3 0.3890625 0.475 0.09375 0.09375
3 0.93984375 0.64609375 0.0921875 0.0703125
3 0.57890625 0.89453125 0.0875 0.0875
3 0.171875 0.271875 0.0875 0.0875
3 0.72890625 0.2359375 0.09375 0.09375
3 0.89453125 0.62109375 0.0828125 0.0828125
3 0.2390625 0.790625 0.0921875 0.0921875
3 0.56484375 0.2734375 0.0921875 0.071875
3 0.67421875 0.95546875 0.0796875 0.0890625
3 0.45078125 0.11796875 0.0953125 0.078125
3 0.6109375 0.246875 0.084375 0.0875
3 0.8140625 0.61640625 0.08125 0.08125
3 0.40078125 0.7546875 0.0875 0.0875
3 0.8625 0.4734375 0.09375 0.09375
3 0.90234375 0.8390625 0.109375 0.06875
3 0.825 0.4421875 0.084375 0.059375
3 0.92734375 0.90546875 0.075 0.075
3 0.63125 0.8203125 0.09375 0.078125
3 0.86484375 0.234375 0.0796875 0.0796875
3 0.60625 0.1140625 0.096875 0.090625
3 0.5234375 0.08125 0.08125 0.08125
3 0.8515625 0.30859375 0.084375 0.084375
3 0.5625 0.6 0.078125 0.090625
3 0.58125 0.06640625 0.084375 0.084375
3 0.09453125 0.8671875 0.0703125 0.084375
3 0.4890625 0.7453125 0.115625 0.05625
3 0.8078125 0.3625 0.0921875 0.0921875
3 0.8203125 0.40078125 0.09375 0.0609375
3 0.24453125 0.41953125 0.1 0.1
3 0.93515625 0.3078125 0.09375 0.0921875
3 0.50390625 0.828125 0.0875 0.0875
3 0.92265625 0.784375 0.0734375 0.075
3 0.4390625 0.153125 0.078125 0.05625
3 0.25625 0.4625 0.121875 0.05625
3 0.040625 0.88828125 0.08125 0.0703125
3 0.96015625 0.9234375 0.0671875 0.071875
3 0.80859375 0.23984375 0.1 0.1