3 0.4484375 0.90078125 0.059375 0.0921875
3 0.45625 0.81484375 0.06875 0.06875
3 0.2328125 0.83515625 0.0703125 0.071875
3 0.30625 0.89375 0.08125 0.0875
3 0.4078125 0.21796875 0.0828125 0.0828125
3 0.91171875 0.8328125 0.08125 0.08125
3 0.934375 0.9359375 0.0625 0.10625
3 0.45078125 0.5328125 0.0765625 0.071875
3 0.3953125 0.3140625 0.0796875 0.0796875
3 0.39609375 0.6828125 0.0703125 0.090625
3 0.884375 0.91484375 0.0625 0.0890625
3 0.67421875 0.36796875 0.08125 0.08125
3 0.11953125 0.3296875 0.075 0.075
3 0.4953125 0.65625 0.078125 0.0875
3 0.53515625 0.7453125 0.0703125 0.0703125
3 0.87734375 0.09140625 0.071875 0.0828125
3 0.246875 0.19140625 0.08125 0.1015625
3 0.3203125 0.27265625 0.05625 0.0859375
3 0.4453125 0.3609375 0.075 0.075
3 0.1125 0.740625 0.08125 0.075
3 0.34140625 0.78359375 0.06875 0.0796875
3 0.9671875 0.39375 0.0625 0.103125
3 0.596875 0.05234375 0.0859375 0.0859375
3 0.765625 0.5078125 0.078125 0.075
3 0.1203125 0.146875 0.084375 0.084375
3 0.6453125 0.13515625 0.065625 0.1078125
3 0.34453125 0.2203125 0.0578125 0.1
3 0.37421875 0.05546875 0.0828125 0.0828125
3 0.525 0.3890625 0.09375 0.09375
3 0.35390625 0.93984375 0.08125 0.08125
3 0.10546875 0.57890625 0.0875 0.0875
3 0.728125 0.171875 0.0875 0.0875
3 0.7640625 0.72890625 0.059375 0.128125
3 0.37890625 0.89453125 0.0734375 0.0921875
3 0.209375 0.2390625 0.0875 0.096875
3 0.7265625 0.56484375 0.08125 0.0828125
3 0.04453125 0.67421875 0.084375 0.084375
3 0.88203125 0.45078125 0.078125 0.0953125
3 0.753125 0.6109375 0.0875 0.084375
3 0.38359375 0.8140625 0.08125 0.08125
3 0.2453125 0.40078125 0.0875 0.0875
3 0.5265625 0.8625 0.09375 0.09375
3 0.1609375 0.90234375 0.0890625 0.0890625
3 0.5578125 0.825 0.059375 0.084375
3 0.09453125 0.92734375 0.0734375 0.0765625
3 0.1796875 0.63125 0.078125 0.09375
3 0.765625 0.86484375 0.075 0.084375
3 0.8859375 0.60625 0.090625 0.096875
3 0.91875 0.5234375 0.08125 0.08125
3 0.69140625 0.8515625 0.071875 0.096875
3 0.4 0.5625 0.084375 0.084375
3 0.93359375 0.58125 0.0828125 0.0875
3 0.1328125 0.09453125 0.084375 0.0703125
3 0.2546875 0.4890625 0.0859375 0.0859375
3 0.6375 0.8078125 0.075 0.109375
3 0.59921875 0.8203125 0.0609375 0.09375
3 0.58046875 0.24453125 0.0671875 0.1328125
3 0.6921875 0.93515625 0.090625 0.0953125
3 0.171875 0.50390625 0.08125 0.0953125
3 0.215625 0.92265625 0.075 0.0734375
3 0.846875 0.4390625 0.05625 0.078125
3 0.5375 0.25625 0.05625 0.121875
3 0.11171875 0.040625 0.075 0.075
3 0.0765625 0.96015625 0.071875 0.0671875
3 0.76015625 0.80859375 0.1 0.1