3 0.809375 0.05 0.0765625 0.0765625
3 0.36171875 0.32109375 0.084375 0.084375
3 0.5953125 0.37421875 0.084375 0.06875
3 0.23828125 0.6359375 0.1140625 0.078125
3 0.85078125 0.13125 0.0953125 0.065625
3 0.090625 0.73515625 0.1 0.0703125
3 0.8109375 0.31484375 0.075 0.075
3 0.28359375 0.0703125 0.084375 0.0625
3 0.38359375 0.1359375 0.0859375 0.065625
3 0.66484375 0.6140625 0.0984375 0.071875
3 0.50234375 0.92421875 0.103125 0.075
3 0.1 0.4609375 0.0875 0.0875
3 0.86015625 0.575 0.0953125 0.075
3 0.47734375 0.5578125 0.1046875 0.071875
3 0.734375 0.83125 0.0859375 0.0859375
3 0.06875 0.19140625 0.0828125 0.08125
3 0.40625 0.05234375 0.075 0.0765625
3 0.6828125 0.3484375 0.0765625 0.0765625
3 0.15703125 0.16796875 0.1078125 0.0625
3 0.653125 0.74296875 0.103125 0.0671875
3 0.23125 0.3421875 0.08125 0.08125
6 0.19296875 0.1046875 0.1078125 0.078125
3 0.77421875 0.128125 0.0859375 0.0859375
3 0.771875 0.71640625 0.084375 0.084375
3 0.8984375 0.8515625 0.103125 0.05625
3 0.71953125 0.6875 0.0859375 0.071875
3 0.60390625 0.9375 0.084375 0.084375
3 0.1046875 0.90546875 0.0921875 0.0921875
3 0.646875 0.08125 0.084375 0.084375
3 0.66015625 0.68125 0.075 0.0765625
4 0.884375 0.909375 0.0890625 0.0890625
3 0.75859375 0.634375 0.1109375 0.0625
3 0.7921875 0.58671875 0.103125 0.0703125
3 0.146875 0.3234375 0.090625 0.078125
3 0.72578125 0.88515625 0.1203125 0.059375
3 0.68671875 0.0328125 0.1234375 0.053125