3 0.05 0.809375 0.0765625 0.0765625
3 0.32109375 0.36171875 0.084375 0.084375
3 0.37421875 0.5953125 0.06875 0.084375
3 0.6359375 0.23828125 0.078125 0.1140625
3 0.13125 0.85078125 0.0796875 0.08125
3 0.73515625 0.090625 0.084375 0.084375
3 0.31484375 0.8109375 0.075 0.075
3 0.0703125 0.28359375 0.0734375 0.0734375
3 0.1359375 0.38359375 0.0765625 0.075
3 0.6140625 0.66484375 0.084375 0.0859375
3 0.92421875 0.50234375 0.075 0.103125
3 0.4609375 0.1 0.08125 0.09375
3 0.575 0.86015625 0.0859375 0.0859375
3 0.5578125 0.47734375 0.0890625 0.0875
3 0.83125 0.734375 0.0859375 0.0859375
3 0.19140625 0.06875 0.08125 0.0828125
3 0.05234375 0.40625 0.0765625 0.075
3 0.3484375 0.6828125 0.0765625 0.0765625
3 0.16796875 0.15703125 0.084375 0.084375
3 0.74296875 0.653125 0.0671875 0.103125
3 0.3421875 0.23125 0.078125 0.0875
6 0.1046875 0.19296875 0.078125 0.1078125
3 0.128125 0.77421875 0.075 0.096875
3 0.71640625 0.771875 0.084375 0.084375
3 0.8515625 0.8984375 0.05625 0.103125
3 0.6875 0.71953125 0.071875 0.0859375
3 0.9375 0.60390625 0.084375 0.084375
3 0.90546875 0.1046875 0.0625 0.121875
3 0.08125 0.646875 0.084375 0.084375
3 0.68125 0.66015625 0.0765625 0.075
4 0.909375 0.884375 0.0890625 0.0890625
3 0.634375 0.75859375 0.0625 0.1109375
3 0.58671875 0.7921875 0.0875 0.0875
3 0.3234375 0.146875 0.078125 0.090625
3 0.88515625 0.72578125 0.090625 0.090625
3 0.03828125 0.6875 0.0765625 0.0875