3 0.909375 0.165625 0.075 0.1
5 0.16875 0.16875 0.1 0.1
3 0.0609375 0.33671875 0.0984375 0.0984375
3 0.684375 0.28984375 0.078125 0.1015625
3 0.06953125 0.86484375 0.084375 0.1125
3 0.415625 0.565625 0.078125 0.1
3 0.8859375 0.6953125 0.09375 0.090625
3 0.2125 0.38671875 0.0875 0.109375
3 0.475 0.79765625 0.09375 0.09375
3 0.425 0.2390625 0.08125 0.115625
3 0.34375 0.54375 0.096875 0.096875
3 0.7328125 0.746875 0.0953125 0.09375
3 0.86953125 0.53359375 0.090625 0.090625
3 0.66953125 0.0921875 0.1 0.1
3 0.70078125 0.42265625 0.0921875 0.0921875
3 0.103125 0.07734375 0.0984375 0.0984375
3 0.7390625 0.2421875 0.084375 0.1125
3 0.5765625 0.89765625 0.0953125 0.0953125
3 0.5375 0.29140625 0.090625 0.090625
3 0.40234375 0.16796875 0.0921875 0.0921875
3 0.6 0.8234375 0.09375 0.0875
3 0.8109375 0.24453125 0.090625 0.0984375
3 0.875 0.42578125 0.0984375 0.1
3 0.7828125 0.73203125 0.103125 0.103125
3 0.275 0.08828125 0.10625 0.1046875
6 0.3375 0.12890625 0.10625 0.1265625
3 0.25859375 0.44921875 0.0796875 0.0921875
3 0.075 0.2359375 0.096875 0.096875
3 0.13359375 0.26484375 0.0796875 0.0984375
3 0.25625 0.534375 0.11875 0.121875
3 0.6125 0.7609375 0.1046875 0.1046875
3 0.69375 0.92265625 0.1 0.1046875