3 0.834375 0.909375 0.0875 0.0875
5 0.83125 0.16875 0.1 0.1
3 0.66328125 0.0609375 0.1109375 0.0875
3 0.71015625 0.684375 0.0890625 0.0890625
3 0.13515625 0.06953125 0.0984375 0.0984375
3 0.434375 0.415625 0.1 0.078125
3 0.3046875 0.8859375 0.090625 0.09375
3 0.61328125 0.2125 0.109375 0.0875
3 0.20234375 0.475 0.1171875 0.071875
3 0.7609375 0.425 0.115625 0.08125
3 0.45625 0.34375 0.096875 0.096875
3 0.253125 0.7328125 0.10625 0.084375
3 0.46640625 0.86953125 0.090625 0.090625
3 0.9078125 0.66953125 0.109375 0.0890625
3 0.57734375 0.70078125 0.0921875 0.0921875
3 0.92265625 0.103125 0.0984375 0.0984375
3 0.7578125 0.7390625 0.0984375 0.0984375
3 0.10234375 0.5765625 0.0953125 0.0953125
3 0.70859375 0.5375 0.1109375 0.071875
3 0.83203125 0.40234375 0.0921875 0.0921875
3 0.1765625 0.6 0.0875 0.09375
3 0.75546875 0.8109375 0.09375 0.09375
3 0.57421875 0.875 0.1 0.0984375
3 0.26796875 0.7828125 0.103125 0.103125
3 0.91171875 0.275 0.1046875 0.10625
6 0.87109375 0.3375 0.1265625 0.10625
3 0.55078125 0.25859375 0.0859375 0.0859375
3 0.7640625 0.075 0.096875 0.096875
3 0.73515625 0.13359375 0.0984375 0.0796875
3 0.465625 0.25625 0.1203125 0.1203125
3 0.2390625 0.6125 0.078125 0.13125
3 0.07734375 0.69375 0.103125 0.103125