3 0.821875 0.08515625 0.075 0.075
3 0.2140625 0.06640625 0.065625 0.0828125
3 0.94375 0.26953125 0.06875 0.0984375
3 0.35625 0.4359375 0.0765625 0.0765625
3 0.8890625 0.60703125 0.078125 0.078125
3 0.80078125 0.828125 0.075 0.1
3 0.9375 0.3625 0.08125 0.08125
3 0.475 0.07734375 0.0625 0.084375
3 0.24609375 0.559375 0.071875 0.0734375
3 0.25234375 0.68828125 0.0640625 0.084375
3 0.68828125 0.4890625 0.0765625 0.078125
3 0.8375 0.528125 0.0765625 0.0765625
3 0.115625 0.1265625 0.0625 0.078125
3 0.2 0.2609375 0.0796875 0.0796875
3 0.1921875 0.4203125 0.065625 0.090625
3 0.4390625 0.740625 0.065625 0.0875
3 0.63359375 0.1796875 0.084375 0.084375
3 0.91796875 0.45078125 0.0671875 0.1015625
3 0.86015625 0.38203125 0.0859375 0.0859375
3 0.5609375 0.8921875 0.05625 0.08125
3 0.8 0.65 0.075 0.08125
3 0.31875 0.6859375 0.05625 0.103125
3 0.58984375 0.840625 0.06875 0.096875
3 0.4296875 0.58515625 0.071875 0.1078125
3 0.653125 0.40625 0.053125 0.08125
3 0.796875 0.93515625 0.065625 0.0984375
3 0.4515625 0.3703125 0.059375 0.10625
3 0.75078125 0.1875 0.0609375 0.075
3 0.5234375 0.95546875 0.0703125 0.071875
3 0.3125 0.2109375 0.065625 0.065625
3 0.6921875 0.16796875 0.065625 0.1015625
3 0.58984375 0.2796875 0.0875 0.0859375
6 0.059375 0.06015625 0.075 0.0984375
3 0.7984375 0.2515625 0.05 0.065625
4 0.93359375 0.68359375 0.0859375 0.103125
3 0.9234375 0.16953125 0.0828125 0.0828125
3 0.03515625 0.41796875 0.0671875 0.0890625
3 0.1703125 0.165625 0.059375 0.059375
3 0.32578125 0.79765625 0.0828125 0.0828125
3 0.3828125 0.615625 0.059375 0.09375
3 0.1578125 0.55234375 0.084375 0.084375
3 0.70546875 0.30703125 0.0578125 0.0859375
3 0.490625 0.25546875 0.08125 0.08125
3 0.47890625 0.32265625 0.0578125 0.1078125
3 0.2359375 0.15703125 0.053125 0.1078125
3 0.40546875 0.146875 0.065625 0.065625
3 0.6375 0.28203125 0.06875 0.0796875
3 0.603125 0.04453125 0.065625 0.0859375