3 0.2578125 0.29921875 0.0765625 0.0765625
3 0.72734375 0.7796875 0.084375 0.0859375
3 0.73984375 0.6640625 0.084375 0.084375
3 0.284375 0.91796875 0.0828125 0.0828125
3 0.21171875 0.4234375 0.0734375 0.0734375
3 0.21953125 0.17890625 0.0859375 0.065625
3 0.50078125 0.4234375 0.075 0.0765625
3 0.23203125 0.52421875 0.090625 0.0640625
3 0.2984375 0.2078125 0.0875 0.0625
3 0.91484375 0.575 0.0890625 0.0875
3 0.3765625 0.1859375 0.078125 0.078125
3 0.65078125 0.88046875 0.084375 0.084375
3 0.38984375 0.775 0.0984375 0.0625
3 0.53984375 0.478125 0.078125 0.078125
3 0.64296875 0.46875 0.1 0.06875
3 0.3765625 0.92890625 0.0859375 0.084375
3 0.775 0.16640625 0.090625 0.06875
3 0.62578125 0.23984375 0.0921875 0.0703125
3 0.796875 0.25390625 0.1 0.0703125
3 0.29765625 0.1328125 0.0828125 0.065625
3 0.421875 0.646875 0.1 0.075
3 0.13125 0.4703125 0.0828125 0.0828125
3 0.725 0.571875 0.08125 0.08125
3 0.2265625 0.075 0.0859375 0.0859375
3 0.30703125 0.553125 0.0859375 0.071875
3 0.31796875 0.4375 0.0796875 0.0796875
3 0.63984375 0.15078125 0.0875 0.0875
3 0.5546875 0.56953125 0.08125 0.0796875
3 0.38046875 0.55078125 0.0828125 0.0703125
3 0.52265625 0.36640625 0.084375 0.0640625
3 0.8984375 0.875 0.078125 0.078125
3 0.38046875 0.39375 0.115625 0.078125
3 0.94296875 0.3578125 0.090625 0.0921875
3 0.4609375 0.0359375 0.078125 0.071875
3 0.43984375 0.3140625 0.0953125 0.084375
3 0.078125 0.7515625 0.078125 0.078125
3 0.115625 0.7703125 0.0828125 0.0828125
3 0.253125 0.0921875 0.08125 0.06875
4 0.4015625 0.35234375 0.1 0.0953125