3 0.23828125 0.578125 0.084375 0.084375
3 0.4625 0.8703125 0.0828125 0.0828125
3 0.3046875 0.20390625 0.0765625 0.078125
3 0.62265625 0.39609375 0.075 0.075
3 0.48671875 0.22109375 0.0921875 0.0921875
3 0.521875 0.89453125 0.06875 0.0984375
3 0.6890625 0.4015625 0.065625 0.065625
3 0.1328125 0.109375 0.084375 0.090625
3 0.7171875 0.9390625 0.071875 0.096875
3 0.6390625 0.88203125 0.0734375 0.0734375
3 0.459375 0.67578125 0.084375 0.084375
3 0.771875 0.31640625 0.065625 0.1140625
3 0.73359375 0.46328125 0.090625 0.090625
3 0.27890625 0.76953125 0.06875 0.1015625
3 0.21875 0.88359375 0.06875 0.1140625
3 0.8546875 0.1359375 0.065625 0.090625
3 0.946875 0.328125 0.090625 0.090625
3 0.534375 0.728125 0.071875 0.096875
3 0.4078125 0.60703125 0.071875 0.0859375
3 0.7203125 0.74375 0.065625 0.0875
3 0.53828125 0.42109375 0.08125 0.096875
3 0.77734375 0.85078125 0.08125 0.08125
3 0.6046875 0.69921875 0.09375 0.0921875
3 0.20390625 0.10859375 0.0734375 0.096875
3 0.0390625 0.409375 0.071875 0.078125
3 0.628125 0.22421875 0.0875 0.0875
3 0.9421875 0.87890625 0.078125 0.078125
3 0.090625 0.32890625 0.08125 0.0796875
3 0.2921875 0.08203125 0.075 0.0984375
3 0.2109375 0.34609375 0.084375 0.0828125
3 0.29140625 0.4140625 0.0765625 0.0765625
3 0.36171875 0.721875 0.0703125 0.09375
3 0.19765625 0.190625 0.0734375 0.0875
3 0.11328125 0.41484375 0.084375 0.084375
3 0.2765625 0.86640625 0.0828125 0.084375
3 0.15078125 0.6953125 0.0734375 0.096875
3 0.4171875 0.43125 0.0859375 0.0859375
3 0.203125 0.4296875 0.0828125 0.0828125
3 0.05 0.80078125 0.084375 0.084375
3 0.0671875 0.215625 0.075 0.103125
3 0.64296875 0.79296875 0.0796875 0.0984375
3 0.55234375 0.26640625 0.0828125 0.0828125
3 0.9359375 0.5296875 0.0828125 0.0828125
3 0.45546875 0.740625 0.0796875 0.06875
3 0.821875 0.475 0.065625 0.1
3 0.6890625 0.68671875 0.065625 0.1
3 0.44609375 0.11484375 0.0671875 0.096875
3 0.31171875 0.3265625 0.084375 0.084375
3 0.790625 0.75234375 0.075 0.0984375
3 0.36171875 0.06875 0.0703125 0.1125
3 0.16328125 0.79453125 0.0671875 0.1109375
3 0.65078125 0.13515625 0.0796875 0.0796875
3 0.34921875 0.48984375 0.090625 0.0921875
3 0.75703125 0.65234375 0.0703125 0.0703125
3 0.56640625 0.3203125 0.053125 0.096875
3 0.89375 0.446875 0.0875 0.0875
3 0.88671875 0.35234375 0.0625 0.1140625
3 0.1484375 0.29140625 0.071875 0.096875
3 0.18515625 0.5109375 0.09375 0.0921875
3 0.096875 0.52734375 0.075 0.0953125
3 0.8921875 0.5890625 0.053125 0.175
3 0.496875 0.38671875 0.1 0.1
3 0.396875 0.84140625 0.1015625 0.1015625
3 0.0515625 0.06171875 0.0921875 0.090625
3 0.1625 0.38828125 0.071875 0.0890625
3 0.965625 0.21328125 0.06875 0.0796875
3 0.31484375 0.471875 0.0859375 0.065625
3 0.31875 0.8390625 0.084375 0.08125
3 0.4828125 0.5421875 0.065625 0.096875
3 0.559375 0.6546875 0.0859375 0.0859375
4 0.53046875 0.50859375 0.0796875 0.08125
3 0.96953125 0.09453125 0.0578125 0.096875
3 0.41640625 0.10234375 0.078125 0.078125
3 0.12734375 0.34296875 0.084375 0.084375
3 0.3453125 0.803125 0.0828125 0.0828125
3 0.7765625 0.66796875 0.071875 0.0921875
3 0.0375 0.7609375 0.075 0.0875
3 0.11171875 0.74765625 0.103125 0.103125