3 0.23828125 0.421875 0.084375 0.084375
3 0.4625 0.1296875 0.06875 0.096875
3 0.3046875 0.79609375 0.065625 0.0890625
3 0.62265625 0.60390625 0.0640625 0.084375
3 0.48671875 0.77890625 0.0765625 0.1078125
3 0.521875 0.10546875 0.0828125 0.084375
3 0.6890625 0.5984375 0.0625 0.06875
3 0.1328125 0.890625 0.0875 0.0875
3 0.7171875 0.0609375 0.084375 0.084375
3 0.6390625 0.11796875 0.0609375 0.0859375
3 0.459375 0.32421875 0.084375 0.084375
3 0.771875 0.68359375 0.090625 0.090625
3 0.73359375 0.53671875 0.090625 0.090625
3 0.27890625 0.23046875 0.084375 0.084375
3 0.21875 0.11640625 0.06875 0.1140625
3 0.8546875 0.8640625 0.078125 0.078125
3 0.946875 0.671875 0.090625 0.090625
3 0.534375 0.271875 0.084375 0.084375
3 0.4078125 0.39296875 0.078125 0.0796875
3 0.7203125 0.25625 0.0765625 0.078125
3 0.53828125 0.57890625 0.0890625 0.0890625
3 0.77734375 0.14921875 0.0578125 0.1046875
3 0.6046875 0.30078125 0.075 0.1109375
3 0.20390625 0.89140625 0.084375 0.084375
3 0.0390625 0.590625 0.075 0.075
3 0.628125 0.77578125 0.0875 0.0875
3 0.9421875 0.12109375 0.06875 0.0890625
3 0.090625 0.67109375 0.06875 0.0921875
3 0.2921875 0.91796875 0.0875 0.0875
3 0.2109375 0.65390625 0.084375 0.0828125
3 0.29140625 0.5859375 0.0703125 0.08125
3 0.36171875 0.278125 0.0703125 0.09375
3 0.19765625 0.809375 0.08125 0.08125
3 0.11328125 0.58515625 0.0671875 0.1
3 0.2765625 0.13359375 0.059375 0.1078125
3 0.15078125 0.3046875 0.0734375 0.096875
3 0.4171875 0.56875 0.0859375 0.0859375
3 0.203125 0.5703125 0.08125 0.084375
3 0.05 0.19921875 0.071875 0.096875
3 0.0671875 0.784375 0.0890625 0.0890625
3 0.64296875 0.20703125 0.0796875 0.0984375
3 0.55234375 0.73359375 0.0640625 0.1015625
3 0.9359375 0.4703125 0.065625 0.1
3 0.45546875 0.259375 0.075 0.075
3 0.821875 0.525 0.065625 0.1
3 0.6890625 0.31328125 0.08125 0.0828125
3 0.44609375 0.88515625 0.0671875 0.096875
3 0.31171875 0.6734375 0.0859375 0.084375
3 0.790625 0.24765625 0.0875 0.0875
3 0.36171875 0.93125 0.0921875 0.0921875
3 0.16328125 0.20546875 0.0890625 0.0890625
3 0.65078125 0.86484375 0.0796875 0.0796875
3 0.34921875 0.51015625 0.078125 0.1046875
3 0.75703125 0.34765625 0.0703125 0.0703125
3 0.56640625 0.6796875 0.075 0.075
3 0.89375 0.553125 0.06875 0.10625
3 0.88671875 0.64765625 0.0625 0.1140625
3 0.1484375 0.70859375 0.071875 0.096875
3 0.18515625 0.4890625 0.0765625 0.109375
3 0.096875 0.47265625 0.075 0.0953125
3 0.8921875 0.4109375 0.1140625 0.1140625
3 0.496875 0.61328125 0.1 0.1
3 0.396875 0.15859375 0.1015625 0.1015625
3 0.0515625 0.93828125 0.059375 0.1234375
3 0.1625 0.61171875 0.08125 0.08125
3 0.96953125 0.7859375 0.0546875 0.103125
3 0.31484375 0.528125 0.0765625 0.0765625
3 0.31875 0.1609375 0.0828125 0.0828125
3 0.4828125 0.4578125 0.08125 0.08125
3 0.559375 0.3453125 0.0859375 0.0859375
4 0.53046875 0.49140625 0.0609375 0.1
3 0.96953125 0.90546875 0.0578125 0.096875
3 0.41640625 0.89765625 0.0546875 0.1015625
3 0.12734375 0.65703125 0.0765625 0.0921875
3 0.3453125 0.196875 0.065625 0.1
3 0.7765625 0.33203125 0.0828125 0.08125
3 0.0375 0.2390625 0.075 0.0875
3 0.11171875 0.25234375 0.103125 0.1046875