3 0.32890625 0.6640625 0.0984375 0.06875
3 0.13203125 0.53828125 0.0734375 0.0734375
3 0.24609375 0.57265625 0.0828125 0.0640625
3 0.528125 0.1265625 0.10625 0.065625
3 0.31953125 0.4640625 0.0828125 0.0625
3 0.31171875 0.321875 0.0875 0.0890625
3 0.54140625 0.7984375 0.08125 0.0796875
3 0.88203125 0.1125 0.075 0.08125
3 0.65234375 0.11640625 0.0921875 0.0921875
3 0.39296875 0.54609375 0.0953125 0.0796875
3 0.90625 0.4328125 0.08125 0.078125
3 0.56015625 0.65546875 0.0875 0.0875
3 0.6765625 0.24375 0.071875 0.071875
3 0.49453125 0.53671875 0.0859375 0.084375
3 0.22421875 0.38671875 0.0953125 0.0671875
3 0.41328125 0.45625 0.109375 0.05625
3 0.4125 0.10078125 0.115625 0.0734375
3 0.728125 0.08984375 0.090625 0.090625
3 0.58203125 0.33828125 0.071875 0.071875
3 0.8765625 0.84765625 0.109375 0.0796875
3 0.39453125 0.178125 0.071875 0.071875
3 0.6015625 0.2734375 0.0703125 0.0703125
3 0.56875 0.3890625 0.084375 0.084375
3 0.9140625 0.3671875 0.090625 0.090625
3 0.72890625 0.22109375 0.0859375 0.0828125
3 0.38671875 0.334375 0.0828125 0.08125
3 0.47734375 0.6125 0.0984375 0.078125
3 0.9015625 0.93046875 0.084375 0.0671875
3 0.41484375 0.246875 0.06875 0.0703125
3 0.50703125 0.96328125 0.0796875 0.0734375
3 0.128125 0.596875 0.0953125 0.0953125
3 0.7453125 0.3859375 0.084375 0.09375
3 0.396875 0.64375 0.08125 0.08125
3 0.4578125 0.17890625 0.1 0.0625
3 0.57734375 0.46875 0.090625 0.0921875
3 0.834375 0.2125 0.11875 0.065625
3 0.74140625 0.05234375 0.1 0.1
3 0.44140625 0.70390625 0.0890625 0.0875
3 0.51328125 0.21953125 0.08125 0.08125
3 0.69140625 0.365625 0.0921875 0.0921875
3 0.5328125 0.278125 0.0625 0.0625
3 0.21015625 0.8953125 0.09375 0.0953125
3 0.67890625 0.8703125 0.084375 0.0828125
3 0.678125 0.33125 0.090625 0.090625