3 0.76328125 0.55859375 0.0734375 0.0734375
3 0.11015625 0.62890625 0.0578125 0.0765625
3 0.796875 0.196875 0.071875 0.090625
3 0.575 0.68359375 0.0796875 0.08125
3 0.665625 0.1171875 0.0859375 0.0859375
3 0.209375 0.39453125 0.06875 0.0828125
3 0.428125 0.14140625 0.078125 0.078125
3 0.29375 0.240625 0.0859375 0.0859375
3 0.56328125 0.3296875 0.0703125 0.09375
3 0.5125 0.46484375 0.0875 0.0859375
6 0.72578125 0.0640625 0.08125 0.090625
3 0.5296875 0.2359375 0.065625 0.0875
3 0.3140625 0.1421875 0.0765625 0.0765625
3 0.31796875 0.884375 0.0609375 0.0875
3 0.0578125 0.69765625 0.075 0.0890625
3 0.446875 0.7890625 0.06875 0.0875
3 0.04296875 0.11484375 0.075 0.075
3 0.475 0.52734375 0.0625 0.0859375
3 0.50234375 0.3484375 0.071875 0.071875
3 0.284375 0.57109375 0.0765625 0.075
3 0.61796875 0.4734375 0.0578125 0.078125
3 0.81796875 0.8046875 0.0734375 0.075
3 0.60859375 0.8421875 0.06875 0.06875
3 0.78828125 0.4734375 0.0734375 0.090625
3 0.54765625 0.86875 0.0640625 0.08125
3 0.17578125 0.17109375 0.0734375 0.0984375
3 0.378125 0.24140625 0.0828125 0.084375
3 0.71171875 0.67265625 0.059375 0.059375
3 0.865625 0.74609375 0.0625 0.0921875
3 0.934375 0.5734375 0.059375 0.084375
3 0.25625 0.9203125 0.065625 0.065625
3 0.86875 0.50859375 0.075 0.0921875
6 0.19375 0.27265625 0.0953125 0.0953125
6 0.1890625 0.8359375 0.078125 0.1125
3 0.1796875 0.6984375 0.075 0.075
3 0.8859375 0.66328125 0.075 0.075
3 0.6671875 0.32578125 0.065625 0.078125
3 0.959375 0.95 0.0765625 0.0765625
3 0.37109375 0.9046875 0.0515625 0.084375
3 0.5984375 0.2484375 0.075 0.075
3 0.24453125 0.32578125 0.071875 0.071875
3 0.14296875 0.7796875 0.0671875 0.06875
3 0.07109375 0.3640625 0.0703125 0.084375
6 0.90859375 0.209375 0.08125 0.08125
3 0.515625 0.721875 0.05625 0.071875
3 0.484375 0.66796875 0.06875 0.06875
3 0.21484375 0.05546875 0.065625 0.065625
3 0.50703125 0.9296875 0.0671875 0.1
3 0.303125 0.35703125 0.071875 0.0859375
3 0.3859375 0.821875 0.065625 0.08125
3 0.4046875 0.40546875 0.0671875 0.06875
3 0.365625 0.3515625 0.0703125 0.0703125
3 0.9 0.953125 0.0625 0.078125
3 0.4234375 0.46875 0.065625 0.078125
3 0.2203125 0.62265625 0.0625 0.0859375
3 0.37890625 0.1484375 0.06875 0.096875
3 0.053125 0.90390625 0.059375 0.0953125
3 0.8875 0.09140625 0.06875 0.0765625
3 0.4453125 0.2625 0.065625 0.0875
3 0.934375 0.7140625 0.078125 0.078125
3 0.31875 0.696875 0.0625 0.06875
3 0.071875 0.821875 0.059375 0.06875
3 0.08046875 0.746875 0.0671875 0.090625
3 0.88984375 0.2703125 0.06875 0.06875
3 0.759375 0.6828125 0.05625 0.071875
3 0.7671875 0.81796875 0.071875 0.071875
3 0.4546875 0.60234375 0.06875 0.0671875
3 0.96484375 0.05703125 0.0703125 0.0734375
3 0.3453125 0.421875 0.065625 0.071875
6 0.784375 0.94609375 0.075 0.0984375
3 0.22421875 0.58828125 0.0578125 0.0828125
3 0.221875 0.1015625 0.0703125 0.0703125
3 0.03359375 0.22421875 0.0578125 0.0796875
3 0.6671875 0.259375 0.059375 0.06875
3 0.040625 0.18671875 0.071875 0.071875
3 0.84296875 0.4296875 0.0640625 0.06875
3 0.59921875 0.934375 0.0546875 0.078125
3 0.45390625 0.96328125 0.0640625 0.0640625
3 0.42421875 0.93984375 0.059375 0.059375
3 0.72109375 0.6296875 0.0484375 0.078125
3 0.7734375 0.753125 0.0671875 0.0671875
3 0.8453125 0.08203125 0.071875 0.071875
3 0.43125 0.55859375 0.05625 0.0765625
3 0.83984375 0.04453125 0.0796875 0.0703125
3 0.95234375 0.1578125 0.0703125 0.059375
3 0.82734375 0.39140625 0.065625 0.065625