3 0.29375 0.5125 0.059375 0.075
3 0.66015625 0.63046875 0.0875 0.0875
3 0.8546875 0.7546875 0.0640625 0.0640625
3 0.378125 0.83828125 0.065625 0.0859375
3 0.203125 0.62734375 0.06875 0.071875
3 0.56171875 0.83203125 0.075 0.075
3 0.621875 0.7984375 0.0625 0.071875
3 0.65390625 0.8828125 0.0609375 0.084375
3 0.26640625 0.321875 0.075 0.075
3 0.29296875 0.753125 0.078125 0.078125
3 0.20390625 0.85234375 0.0640625 0.0921875
3 0.2359375 0.54765625 0.078125 0.0765625
3 0.334375 0.41875 0.0875 0.0875
3 0.46640625 0.9234375 0.078125 0.078125
3 0.965625 0.17421875 0.059375 0.0796875
3 0.80546875 0.18984375 0.0625 0.0796875
3 0.6890625 0.08125 0.071875 0.084375
3 0.2234375 0.39765625 0.06875 0.1015625
3 0.04140625 0.45859375 0.075 0.075
3 0.50703125 0.78046875 0.0671875 0.0671875
3 0.91796875 0.49609375 0.0703125 0.0953125
3 0.378125 0.5859375 0.071875 0.075
3 0.66875 0.2734375 0.0625 0.103125
3 0.2265625 0.11015625 0.059375 0.078125
3 0.1953125 0.78671875 0.065625 0.0734375
3 0.22421875 0.70859375 0.0765625 0.0765625
3 0.15390625 0.46015625 0.071875 0.071875
3 0.3484375 0.90234375 0.071875 0.0765625
3 0.1953125 0.51875 0.06875 0.084375
3 0.85625 0.86015625 0.0765625 0.0765625
3 0.68359375 0.16640625 0.075 0.075
3 0.78828125 0.11328125 0.0609375 0.078125
3 0.471875 0.82890625 0.0625 0.0828125
3 0.71171875 0.8484375 0.06875 0.06875
3 0.0703125 0.13359375 0.065625 0.0828125
3 0.53046875 0.63515625 0.08125 0.08125
3 0.35078125 0.1421875 0.0640625 0.0875
3 0.8375 0.4296875 0.075 0.084375
3 0.1125 0.0703125 0.08125 0.08125
3 0.9 0.31875 0.0765625 0.0765625
3 0.840625 0.04921875 0.065625 0.0796875
3 0.76640625 0.35546875 0.0796875 0.0796875
3 0.74765625 0.5046875 0.0609375 0.084375
3 0.5375 0.9109375 0.071875 0.071875
3 0.05859375 0.3390625 0.08125 0.0796875
3 0.86171875 0.38671875 0.0703125 0.0859375
3 0.68359375 0.4984375 0.08125 0.08125
3 0.44921875 0.14921875 0.0609375 0.0953125
3 0.6921875 0.77265625 0.053125 0.0734375
3 0.18125 0.3796875 0.065625 0.065625
3 0.9609375 0.31015625 0.078125 0.0796875
3 0.46796875 0.27578125 0.0734375 0.0921875
3 0.79375 0.85390625 0.0625 0.0859375
3 0.05625 0.221875 0.0703125 0.0703125
3 0.2515625 0.19453125 0.08125 0.08125
3 0.1546875 0.1109375 0.078125 0.078125
3 0.15234375 0.14765625 0.0734375 0.0640625
3 0.4546875 0.7453125 0.06875 0.08125
3 0.38125 0.73828125 0.0609375 0.0625
3 0.74375 0.12734375 0.05625 0.0890625
3 0.146875 0.57109375 0.0625 0.0859375
3 0.75234375 0.43984375 0.084375 0.084375
3 0.8171875 0.56484375 0.071875 0.0921875
3 0.67890625 0.734375 0.0796875 0.078125
3 0.425 0.18125 0.0796875 0.0796875
3 0.66640625 0.41328125 0.084375 0.084375
3 0.1125 0.5375 0.0828125 0.0828125
3 0.609375 0.94453125 0.06875 0.1015625
3 0.165625 0.30703125 0.075 0.1015625
3 0.86328125 0.51796875 0.0640625 0.0640625
3 0.38359375 0.48359375 0.065625 0.065625
3 0.64609375 0.5515625 0.0765625 0.078125
3 0.465625 0.684375 0.08125 0.08125
3 0.23671875 0.2515625 0.0640625 0.078125
3 0.515625 0.5984375 0.0765625 0.0765625
3 0.8125 0.48359375 0.0625 0.0890625
3 0.0421875 0.3046875 0.078125 0.078125
3 0.1484375 0.290625 0.071875 0.09375
3 0.1 0.2359375 0.075 0.075
3 0.96640625 0.12734375 0.0671875 0.0734375
3 0.7640625 0.26484375 0.071875 0.0875
6 0.8875 0.16796875 0.1 0.1
6 0.48515625 0.35703125 0.0671875 0.1453125
6 0.0390625 0.05625 0.0625 0.1125
6 0.3953125 0.6546875 0.08125 0.096875
6 0.77265625 0.76015625 0.09375 0.09375
3 0.7640625 0.79921875 0.065625 0.0765625
3 0.5546875 0.95859375 0.059375 0.0796875
3 0.040625 0.81484375 0.06875 0.0703125
3 0.3453125 0.77578125 0.078125 0.0890625
3 0.425 0.7203125 0.053125 0.084375
3 0.75859375 0.30234375 0.0765625 0.0796875
3 0.9734375 0.5515625 0.053125 0.0875
3 0.95625 0.2640625 0.075 0.090625
3 0.7984375 0.81875 0.071875 0.090625
3 0.25390625 0.04765625 0.075 0.075