3 0.43359375 0.6203125 0.084375 0.0859375
3 0.83359375 0.57890625 0.0671875 0.0921875
3 0.08125 0.3515625 0.078125 0.109375
3 0.34765625 0.44296875 0.08125 0.08125
3 0.5984375 0.2796875 0.0765625 0.0765625
3 0.84140625 0.28359375 0.06875 0.06875
3 0.703125 0.29140625 0.090625 0.090625
3 0.86640625 0.8640625 0.075 0.075
3 0.740625 0.1953125 0.0671875 0.0671875
3 0.33359375 0.55390625 0.0796875 0.1046875
3 0.6390625 0.3609375 0.08125 0.08125
3 0.93515625 0.71796875 0.071875 0.071875
3 0.8921875 0.63828125 0.0703125 0.06875
3 0.0734375 0.615625 0.078125 0.075
3 0.62109375 0.88828125 0.0703125 0.0890625
3 0.5796875 0.43203125 0.090625 0.090625
3 0.7484375 0.50078125 0.065625 0.0796875
3 0.721875 0.38671875 0.0625 0.0890625
3 0.4640625 0.44765625 0.06875 0.0921875
3 0.60625 0.0640625 0.0796875 0.0796875
3 0.9390625 0.05625 0.0765625 0.0765625
3 0.1296875 0.46171875 0.0921875 0.0921875
3 0.16640625 0.52734375 0.075 0.075
3 0.36015625 0.665625 0.0703125 0.09375
3 0.234375 0.878125 0.08125 0.08125
3 0.21328125 0.4125 0.096875 0.096875
3 0.30625 0.89140625 0.078125 0.078125
3 0.496875 0.38828125 0.06875 0.096875
3 0.8703125 0.22734375 0.059375 0.0796875
3 0.565625 0.21640625 0.0875 0.0890625
3 0.78359375 0.4125 0.065625 0.065625
3 0.059375 0.153125 0.0765625 0.0765625
3 0.94453125 0.51328125 0.0640625 0.0796875
3 0.88125 0.3671875 0.075 0.078125
3 0.38203125 0.234375 0.0640625 0.1125
3 0.3890625 0.86171875 0.0734375 0.071875
3 0.2859375 0.7484375 0.084375 0.090625
3 0.159375 0.6171875 0.065625 0.0875
3 0.8828125 0.1203125 0.059375 0.071875
3 0.05 0.46015625 0.075 0.075
3 0.434375 0.515625 0.0828125 0.0828125
3 0.959375 0.26015625 0.075 0.0953125
3 0.31875 0.82578125 0.06875 0.0734375
3 0.1375 0.115625 0.084375 0.084375
3 0.80859375 0.1578125 0.075 0.075
3 0.40703125 0.27890625 0.0796875 0.0984375
3 0.69296875 0.94765625 0.0875 0.0875
3 0.34921875 0.94921875 0.0828125 0.0828125
3 0.2796875 0.9578125 0.0625 0.0625
3 0.52578125 0.75390625 0.0671875 0.0671875
3 0.91953125 0.284375 0.0921875 0.0921875
3 0.10546875 0.07734375 0.0828125 0.0828125
3 0.059375 0.0765625 0.0671875 0.0671875
3 0.42109375 0.040625 0.075 0.075
3 0.06171875 0.94765625 0.0734375 0.0953125
6 0.4625 0.18046875 0.0875 0.121875
6 0.58203125 0.71171875 0.1203125 0.1796875