3 0.64375 0.4796875 0.08125 0.08125
3 0.203125 0.06953125 0.090625 0.090625
3 0.66875 0.871875 0.0875 0.0875
3 0.0578125 0.48125 0.084375 0.084375
3 0.2359375 0.88359375 0.078125 0.0984375
3 0.1625 0.44609375 0.0921875 0.0921875
3 0.36953125 0.21015625 0.1 0.0953125
3 0.0484375 0.3578125 0.078125 0.103125
3 0.825 0.2921875 0.075 0.1
3 0.27890625 0.73359375 0.0875 0.0875
3 0.25859375 0.34453125 0.084375 0.1046875
3 0.1484375 0.92734375 0.090625 0.1046875
3 0.9140625 0.13984375 0.0921875 0.090625
3 0.3046875 0.93671875 0.09375 0.09375
3 0.234375 0.159375 0.090625 0.090625
3 0.5875 0.634375 0.090625 0.090625
3 0.0390625 0.8265625 0.078125 0.090625
5 0.57578125 0.51171875 0.1015625 0.1265625
3 0.66640625 0.61015625 0.0703125 0.1015625