3 0.4796875 0.64375 0.08125 0.08125
3 0.06953125 0.203125 0.090625 0.090625
3 0.871875 0.66875 0.10625 0.06875
3 0.48125 0.0578125 0.084375 0.084375
3 0.88359375 0.2359375 0.0890625 0.0875
3 0.44609375 0.1625 0.0921875 0.09375
3 0.21015625 0.36953125 0.0984375 0.096875
3 0.3578125 0.0484375 0.103125 0.078125
3 0.2921875 0.825 0.0875 0.0875
3 0.73359375 0.27890625 0.103125 0.0734375
3 0.34453125 0.25859375 0.09375 0.09375
3 0.92734375 0.1484375 0.096875 0.096875
3 0.13984375 0.9140625 0.1046875 0.078125
3 0.93671875 0.3046875 0.09375 0.09375
3 0.159375 0.234375 0.1 0.08125
3 0.634375 0.5875 0.1 0.08125
3 0.82734375 0.03984375 0.0859375 0.0796875
5 0.51171875 0.57578125 0.1265625 0.1015625
3 0.61015625 0.66640625 0.0859375 0.0859375