3 0.8421875 0.6578125 0.0796875 0.0796875
3 0.10859375 0.9453125 0.075 0.075
3 0.09609375 0.7109375 0.0734375 0.0875
3 0.06875 0.271875 0.0859375 0.0859375
3 0.271875 0.890625 0.0703125 0.0703125
3 0.78125 0.20703125 0.08125 0.0796875
3 0.725 0.60234375 0.075 0.0984375
3 0.8015625 0.3578125 0.065625 0.084375
3 0.7890625 0.48984375 0.06875 0.06875
3 0.3734375 0.51328125 0.0765625 0.078125
3 0.4859375 0.30703125 0.059375 0.0765625
3 0.803125 0.89609375 0.05625 0.1046875
3 0.69765625 0.44921875 0.0640625 0.078125
3 0.6484375 0.84296875 0.0796875 0.0796875
3 0.16953125 0.871875 0.075 0.0765625
3 0.9484375 0.17109375 0.071875 0.0921875
3 0.47265625 0.8984375 0.0546875 0.08125
3 0.4078125 0.1265625 0.06875 0.06875
3 0.84609375 0.765625 0.0703125 0.08125
3 0.334375 0.77421875 0.071875 0.071875
3 0.22578125 0.18046875 0.0640625 0.084375
3 0.290625 0.690625 0.078125 0.078125
3 0.90234375 0.4671875 0.0609375 0.078125
3 0.384375 0.8921875 0.084375 0.0828125
3 0.9515625 0.31171875 0.065625 0.0890625
3 0.515625 0.62109375 0.075 0.0734375
3 0.3234375 0.42890625 0.078125 0.078125
3 0.3140625 0.16640625 0.065625 0.0796875
3 0.8640625 0.403125 0.0625 0.1
6 0.8703125 0.87109375 0.071875 0.0953125
3 0.5609375 0.4390625 0.071875 0.075
3 0.546875 0.1703125 0.06875 0.090625
3 0.39140625 0.72734375 0.0703125 0.0921875
3 0.66328125 0.9359375 0.0546875 0.08125
3 0.903125 0.07578125 0.0625 0.0796875
0 0.69921875 0.709375 0.0828125 0.103125
3 0.14296875 0.10703125 0.0625 0.0625
3 0.2859375 0.825 0.08125 0.08125
3 0.53828125 0.36171875 0.071875 0.071875
3 0.1078125 0.42421875 0.0875 0.0875
3 0.1703125 0.6875 0.06875 0.075
3 0.07734375 0.578125 0.06875 0.06875
3 0.45078125 0.77890625 0.0671875 0.0671875
3 0.33828125 0.88984375 0.0765625 0.075
3 0.634375 0.05078125 0.05 0.0796875
6 0.6796875 0.09140625 0.084375 0.0828125
3 0.265625 0.39609375 0.0875 0.0859375
3 0.73515625 0.11640625 0.0609375 0.0796875
3 0.4046875 0.38203125 0.0640625 0.065625
3 0.58828125 0.66171875 0.0546875 0.084375
3 0.8859375 0.17265625 0.05625 0.0765625
3 0.43984375 0.68359375 0.05625 0.05625
3 0.1359375 0.28046875 0.071875 0.0703125
3 0.3234375 0.07578125 0.059375 0.0734375
3 0.4875 0.15859375 0.0625 0.0625
3 0.503125 0.7 0.0703125 0.06875
3 0.525 0.5328125 0.0625 0.1
3 0.3140625 0.2671875 0.071875 0.071875
3 0.5578125 0.7328125 0.0609375 0.0609375
3 0.9296875 0.62890625 0.084375 0.084375
3 0.53671875 0.51484375 0.0796875 0.0796875
3 0.77109375 0.671875 0.0703125 0.0875
3 0.5640625 0.83125 0.0796875 0.0796875
3 0.24453125 0.734375 0.075 0.0765625
3 0.60859375 0.9421875 0.0625 0.0625
3 0.76484375 0.0859375 0.0640625 0.090625
3 0.259375 0.04921875 0.065625 0.0921875
3 0.084375 0.03671875 0.0625 0.0734375
3 0.0328125 0.1078125 0.0609375 0.0609375
3 0.26171875 0.26484375 0.0421875 0.0890625
3 0.371875 0.20625 0.05 0.06875
3 0.36875 0.28984375 0.0671875 0.0671875
3 0.3390625 0.29140625 0.06875 0.06875
3 0.43671875 0.478125 0.0578125 0.06875
3 0.73515625 0.378125 0.0703125 0.0703125
3 0.61875 0.47578125 0.0625 0.0640625
3 0.6484375 0.49453125 0.0703125 0.06875
3 0.3125 0.57890625 0.0703125 0.0703125
3 0.1453125 0.64609375 0.06875 0.06875
3 0.9296875 0.78125 0.0828125 0.0828125
3 0.9015625 0.6921875 0.0609375 0.0609375
3 0.9015625 0.74375 0.0546875 0.053125
3 0.94921875 0.93046875 0.0625 0.0625
0 0.9328125 0.57109375 0.096875 0.0765625
6 0.6 0.78515625 0.1 0.078125
3 0.79296875 0.03671875 0.059375 0.0671875
3 0.18515625 0.03359375 0.0453125 0.0640625