3 0.8421875 0.3421875 0.06875 0.090625
3 0.10859375 0.0546875 0.0640625 0.084375
3 0.09609375 0.2890625 0.0796875 0.0796875
3 0.06875 0.728125 0.0859375 0.0859375
3 0.271875 0.109375 0.0703125 0.0703125
3 0.78125 0.79296875 0.06875 0.0921875
3 0.725 0.39765625 0.075 0.0984375
3 0.8015625 0.6421875 0.065625 0.084375
3 0.7890625 0.51015625 0.059375 0.0796875
3 0.3734375 0.48671875 0.0765625 0.078125
3 0.4859375 0.69296875 0.059375 0.0765625
3 0.803125 0.10390625 0.05625 0.1046875
3 0.69765625 0.55078125 0.0640625 0.078125
3 0.6484375 0.15703125 0.0796875 0.0796875
3 0.16953125 0.128125 0.0703125 0.08125
3 0.9484375 0.82890625 0.0828125 0.08125
3 0.47265625 0.1015625 0.06875 0.0671875
3 0.4078125 0.8734375 0.06875 0.06875
3 0.84609375 0.234375 0.0703125 0.08125
3 0.334375 0.22578125 0.071875 0.071875
3 0.22578125 0.81953125 0.0640625 0.084375
3 0.290625 0.309375 0.075 0.08125
3 0.90234375 0.5328125 0.0609375 0.078125
3 0.384375 0.1078125 0.0828125 0.0828125
3 0.9515625 0.68828125 0.0765625 0.078125
3 0.515625 0.37890625 0.065625 0.0828125
3 0.3234375 0.57109375 0.078125 0.078125
3 0.3140625 0.83359375 0.065625 0.0796875
3 0.8640625 0.596875 0.08125 0.08125
6 0.8703125 0.12890625 0.071875 0.0953125
3 0.5609375 0.5609375 0.071875 0.075
3 0.546875 0.8296875 0.0796875 0.0796875
3 0.39140625 0.27265625 0.08125 0.08125
3 0.66328125 0.0640625 0.06875 0.0671875
3 0.903125 0.92421875 0.071875 0.071875
0 0.69921875 0.290625 0.0921875 0.09375
3 0.14296875 0.89296875 0.0546875 0.0703125
3 0.2859375 0.175 0.071875 0.090625
3 0.53828125 0.63828125 0.071875 0.071875
3 0.1078125 0.57578125 0.078125 0.0953125
3 0.1703125 0.3125 0.06875 0.075
3 0.07734375 0.421875 0.06875 0.06875
3 0.45078125 0.22109375 0.0671875 0.0671875
3 0.33828125 0.11015625 0.0671875 0.084375
3 0.634375 0.94921875 0.065625 0.0640625
6 0.6796875 0.90859375 0.0828125 0.0828125
3 0.265625 0.60390625 0.0875 0.0859375
3 0.73515625 0.88359375 0.0609375 0.0796875
3 0.4046875 0.61796875 0.0640625 0.065625
3 0.58828125 0.33828125 0.06875 0.06875
3 0.8859375 0.82734375 0.05625 0.0765625
3 0.43984375 0.31640625 0.05625 0.05625
3 0.1359375 0.71953125 0.071875 0.0703125
3 0.3234375 0.92421875 0.059375 0.0734375
3 0.4875 0.84140625 0.0625 0.0625
3 0.503125 0.3 0.0703125 0.0703125
3 0.525 0.4671875 0.0625 0.1
3 0.3140625 0.7328125 0.053125 0.090625
3 0.5578125 0.2671875 0.059375 0.0625
3 0.9296875 0.37109375 0.078125 0.0890625
3 0.53671875 0.48515625 0.0765625 0.0828125
3 0.77109375 0.328125 0.0796875 0.0796875
3 0.5640625 0.16875 0.08125 0.08125
3 0.24453125 0.265625 0.075 0.0765625
3 0.60859375 0.0578125 0.0546875 0.071875
3 0.76484375 0.9140625 0.0640625 0.090625
3 0.259375 0.95078125 0.078125 0.078125
3 0.084375 0.96328125 0.06875 0.06875
3 0.0328125 0.8921875 0.0625 0.059375
3 0.26171875 0.73515625 0.065625 0.065625
3 0.371875 0.79375 0.059375 0.059375
3 0.36875 0.71015625 0.06875 0.0671875
3 0.3390625 0.70859375 0.05625 0.0796875
3 0.43671875 0.521875 0.0640625 0.0625
3 0.73515625 0.621875 0.0609375 0.078125
3 0.61875 0.52421875 0.0625 0.0640625
3 0.6484375 0.50546875 0.0703125 0.06875
3 0.3125 0.42109375 0.0703125 0.0703125
3 0.1453125 0.35390625 0.053125 0.084375
3 0.9296875 0.21875 0.059375 0.10625
3 0.9015625 0.3078125 0.059375 0.0625
3 0.9015625 0.25625 0.046875 0.0625
3 0.94921875 0.06953125 0.0625 0.0625
0 0.9328125 0.42890625 0.096875 0.0765625
6 0.6 0.21484375 0.1 0.078125
3 0.79296875 0.96328125 0.0625 0.0625
3 0.18515625 0.96640625 0.0546875 0.0546875