3 0.69765625 0.4203125 0.078125 0.078125
3 0.72265625 0.7609375 0.0890625 0.065625
3 0.86015625 0.371875 0.0734375 0.075
3 0.54609375 0.9515625 0.0859375 0.0625
3 0.090625 0.52734375 0.075 0.075
3 0.1328125 0.11015625 0.0671875 0.06875
3 0.6984375 0.2671875 0.084375 0.059375
3 0.6234375 0.6890625 0.08125 0.08125
3 0.27265625 0.4625 0.0953125 0.075
3 0.18046875 0.6 0.06875 0.06875
3 0.92890625 0.77890625 0.071875 0.071875
3 0.3796875 0.44453125 0.0734375 0.0734375
3 0.33046875 0.615625 0.0921875 0.078125
3 0.38515625 0.2046875 0.071875 0.0703125
3 0.590625 0.34296875 0.09375 0.075
3 0.475 0.2703125 0.084375 0.059375
3 0.43515625 0.359375 0.078125 0.0765625
4 0.51640625 0.5234375 0.096875 0.06875
3 0.20390625 0.33125 0.0875 0.06875
3 0.91875 0.62578125 0.0875 0.0640625
3 0.51953125 0.1171875 0.06875 0.06875
3 0.33984375 0.32109375 0.0765625 0.0765625
3 0.66796875 0.5984375 0.08125 0.08125
3 0.47109375 0.85703125 0.0828125 0.0671875
3 0.61484375 0.87265625 0.0703125 0.0703125
3 0.29609375 0.14609375 0.0796875 0.0703125
3 0.2125 0.3953125 0.078125 0.0625
3 0.33671875 0.7984375 0.0828125 0.065625
0 0.684375 0.09453125 0.109375 0.0796875
3 0.08046875 0.59609375 0.0859375 0.0640625
3 0.12578125 0.38125 0.0796875 0.06875
3 0.5953125 0.1515625 0.084375 0.065625
3 0.66171875 0.35703125 0.0703125 0.0578125
3 0.14765625 0.8921875 0.06875 0.06875
3 0.59765625 0.065625 0.0875 0.0875
3 0.078125 0.2328125 0.084375 0.065625
3 0.4640625 0.79375 0.0765625 0.0765625
3 0.58203125 0.21875 0.0796875 0.0625
3 0.81796875 0.12578125 0.075 0.075
3 0.90390625 0.890625 0.065625 0.0640625
3 0.0671875 0.3171875 0.075 0.075
3 0.8203125 0.4265625 0.0875 0.065625
3 0.38046875 0.146875 0.071875 0.0703125
3 0.865625 0.4671875 0.0875 0.071875
3 0.84609375 0.29296875 0.078125 0.0609375
3 0.71796875 0.89296875 0.0859375 0.0859375
3 0.509375 0.46953125 0.075 0.075
3 0.8453125 0.9203125 0.075 0.059375
3 0.14375 0.25 0.071875 0.059375
3 0.48828125 0.70859375 0.0765625 0.0578125
3 0.04921875 0.42421875 0.0984375 0.0703125
3 0.696875 0.8625 0.078125 0.078125
3 0.91328125 0.31796875 0.0734375 0.075
3 0.73828125 0.64453125 0.0609375 0.0609375
3 0.628125 0.81328125 0.071875 0.0703125
3 0.1421875 0.63671875 0.0703125 0.0703125
3 0.5640625 0.7703125 0.075 0.075
3 0.38359375 0.2625 0.0828125 0.05625
3 0.95078125 0.51875 0.0984375 0.06875
3 0.034375 0.6671875 0.06875 0.059375
3 0.775 0.38515625 0.084375 0.0703125
3 0.3875 0.06328125 0.08125 0.08125
3 0.4578125 0.053125 0.0875 0.05625
3 0.21875 0.80859375 0.075 0.0609375
3 0.2921875 0.94140625 0.078125 0.078125
3 0.1171875 0.04375 0.090625 0.0625
3 0.71484375 0.2078125 0.0734375 0.046875
3 0.67109375 0.95 0.0984375 0.0625
3 0.390625 0.865625 0.084375 0.06875
3 0.4484375 0.0984375 0.078125 0.065625
3 0.63828125 0.49453125 0.0984375 0.0546875
3 0.8890625 0.13203125 0.0703125 0.071875
3 0.35078125 0.9140625 0.06875 0.06875
1 0.87734375 0.1796875 0.103125 0.05
3 0.07109375 0.05625 0.078125 0.065625
6 0.2640625 0.76015625 0.1 0.0765625
3 0.284375 0.3234375 0.075 0.0875
3 0.20625 0.915625 0.075 0.0625
3 0.52265625 0.034375 0.0765625 0.06875
3 0.946875 0.96015625 0.0875 0.053125
3 0.73046875 0.559375 0.078125 0.0796875
3 0.6296875 0.765625 0.0671875 0.0671875
3 0.1453125 0.19765625 0.0875 0.0578125
3 0.71484375 0.36328125 0.0765625 0.0765625