3 0.5796875 0.30234375 0.065625 0.0921875
3 0.2390625 0.27734375 0.065625 0.0890625
3 0.628125 0.13984375 0.0625 0.084375
3 0.0484375 0.45390625 0.075 0.0734375
3 0.47265625 0.909375 0.06875 0.08125
3 0.88984375 0.8671875 0.06875 0.0671875
3 0.7328125 0.3015625 0.071875 0.071875
3 0.3109375 0.3765625 0.08125 0.08125
3 0.5375 0.72734375 0.075 0.0953125
3 0.4 0.81953125 0.0625 0.075
3 0.22109375 0.07109375 0.071875 0.071875
3 0.55546875 0.6203125 0.0734375 0.0734375
3 0.384375 0.66953125 0.084375 0.084375
3 0.7953125 0.61484375 0.0703125 0.071875
3 0.65703125 0.409375 0.075 0.09375
3 0.7296875 0.525 0.059375 0.084375
3 0.640625 0.56484375 0.0765625 0.078125
4 0.4765625 0.48359375 0.06875 0.096875
3 0.66875 0.79609375 0.06875 0.0875
3 0.37421875 0.08125 0.075 0.075
3 0.8828125 0.48046875 0.0625 0.0734375
3 0.67890625 0.66015625 0.0765625 0.0765625
3 0.4015625 0.33203125 0.08125 0.08125
3 0.14296875 0.52890625 0.0671875 0.0828125
3 0.12734375 0.38515625 0.0609375 0.0796875
3 0.85390625 0.70390625 0.075 0.075
3 0.6046875 0.7875 0.0703125 0.0703125
3 0.2015625 0.66328125 0.075 0.0734375
0 0.90546875 0.315625 0.09375 0.09375
3 0.40390625 0.91953125 0.075 0.075
3 0.61875 0.87421875 0.06875 0.0796875
3 0.8484375 0.4046875 0.075 0.075
3 0.64296875 0.33828125 0.0640625 0.0640625
3 0.1078125 0.85234375 0.06875 0.06875
3 0.934375 0.40234375 0.0875 0.0875
3 0.7671875 0.921875 0.065625 0.084375
3 0.20625 0.5359375 0.065625 0.0875
3 0.78125 0.41796875 0.0703125 0.071875
3 0.87421875 0.18203125 0.075 0.075
3 0.109375 0.09609375 0.0625 0.0671875
3 0.6828125 0.9328125 0.071875 0.078125
3 0.5734375 0.1796875 0.0765625 0.0765625
3 0.853125 0.61953125 0.0625 0.0796875
3 0.5328125 0.134375 0.0796875 0.0796875
3 0.70703125 0.15390625 0.06875 0.06875
3 0.10703125 0.28203125 0.0765625 0.0953125
3 0.53046875 0.490625 0.075 0.075
3 0.0796875 0.1546875 0.0671875 0.0671875
3 0.75 0.85625 0.065625 0.065625
3 0.29140625 0.51171875 0.0671875 0.0671875
3 0.57578125 0.95078125 0.084375 0.084375
3 0.1375 0.303125 0.078125 0.078125
3 0.68203125 0.08671875 0.075 0.0734375
3 0.35546875 0.26171875 0.0609375 0.0609375
3 0.18671875 0.371875 0.0703125 0.071875
3 0.36328125 0.8578125 0.065625 0.075
3 0.2296875 0.4359375 0.075 0.075
3 0.7375 0.61640625 0.06875 0.06875
3 0.48125 0.04921875 0.084375 0.0828125
3 0.3328125 0.965625 0.059375 0.06875
3 0.61484375 0.225 0.078125 0.078125
3 0.93671875 0.6125 0.08125 0.08125
3 0.946875 0.5421875 0.071875 0.071875
3 0.19140625 0.78125 0.0671875 0.06875
3 0.05859375 0.7078125 0.0640625 0.090625
3 0.95625 0.8828125 0.0625 0.090625
3 0.7921875 0.28515625 0.0609375 0.059375
3 0.05 0.32890625 0.08125 0.0796875
3 0.134375 0.609375 0.06875 0.084375
3 0.9015625 0.5515625 0.071875 0.071875
3 0.50546875 0.36171875 0.0765625 0.0765625
3 0.86796875 0.1109375 0.071875 0.0703125
3 0.0859375 0.64921875 0.06875 0.06875
1 0.8203125 0.12265625 0.0765625 0.0765625
3 0.94375 0.92890625 0.065625 0.078125
6 0.23984375 0.7359375 0.0890625 0.0890625
3 0.6765625 0.715625 0.08125 0.08125
3 0.084375 0.79375 0.06875 0.06875
3 0.96484375 0.478125 0.0703125 0.071875
3 0.03984375 0.053125 0.053125 0.0875
3 0.440625 0.26953125 0.0796875 0.078125
3 0.234375 0.3703125 0.059375 0.075
3 0.80234375 0.8546875 0.071875 0.071875
3 0.63671875 0.28515625 0.0765625 0.0765625