3 0.67734375 0.3578125 0.0921875 0.0625
3 0.11484375 0.79375 0.1109375 0.06875
3 0.86328125 0.30234375 0.0875 0.0703125
3 0.55859375 0.45078125 0.075 0.075
3 0.7546875 0.49453125 0.078125 0.078125
3 0.5421875 0.64609375 0.090625 0.0703125
3 0.8015625 0.05625 0.0734375 0.0734375
3 0.5328125 0.7390625 0.096875 0.06875
3 0.6578125 0.7078125 0.08125 0.075
3 0.37890625 0.865625 0.0921875 0.06875
3 0.84921875 0.815625 0.0765625 0.0765625
3 0.1625 0.6890625 0.1 0.046875
3 0.79140625 0.5703125 0.0921875 0.065625
3 0.4765625 0.3359375 0.109375 0.065625
3 0.30546875 0.153125 0.09375 0.09375
3 0.271875 0.4421875 0.0875 0.071875
3 0.7109375 0.26171875 0.0859375 0.0875
3 0.28046875 0.2125 0.0921875 0.075
3 0.31640625 0.8 0.084375 0.0828125
3 0.70546875 0.121875 0.084375 0.0875
3 0.3765625 0.653125 0.090625 0.065625
3 0.5015625 0.92109375 0.078125 0.0796875
3 0.31640625 0.60703125 0.078125 0.0515625
3 0.74609375 0.8203125 0.0828125 0.08125
3 0.453125 0.4484375 0.0859375 0.0859375
3 0.428125 0.215625 0.084375 0.065625
3 0.809375 0.4640625 0.096875 0.0625
3 0.2296875 0.5375 0.090625 0.084375
3 0.4234375 0.3796875 0.10625 0.071875
3 0.36796875 0.71875 0.08125 0.08125
3 0.3640625 0.4640625 0.109375 0.05
3 0.40390625 0.09609375 0.090625 0.090625
3 0.803125 0.16796875 0.06875 0.0921875
3 0.1265625 0.6359375 0.11875 0.0625
3 0.8546875 0.39921875 0.075 0.0734375
3 0.378125 0.7609375 0.08125 0.065625
3 0.671875 0.79921875 0.06875 0.06875
3 0.7640625 0.7859375 0.096875 0.075
3 0.72265625 0.384375 0.0875 0.0875
3 0.68984375 0.7484375 0.0921875 0.071875
3 0.75546875 0.07265625 0.078125 0.078125
3 0.75546875 0.9046875 0.0953125 0.059375
3 0.4796875 0.20703125 0.090625 0.0734375
3 0.11328125 0.059375 0.08125 0.0796875
3 0.6140625 0.528125 0.096875 0.06875
3 0.446875 0.70546875 0.0890625 0.0875
3 0.36953125 0.41796875 0.0921875 0.0921875
3 0.29609375 0.7015625 0.084375 0.084375
3 0.87265625 0.86640625 0.0828125 0.1046875
3 0.275 0.04453125 0.09375 0.0890625
3 0.878125 0.49609375 0.0875 0.0875
3 0.928125 0.39765625 0.1 0.0796875
3 0.6734375 0.6015625 0.078125 0.078125
3 0.45234375 0.15703125 0.1109375 0.0609375
3 0.12265625 0.45390625 0.096875 0.096875
3 0.63203125 0.27421875 0.0859375 0.0921875
3 0.90078125 0.73828125 0.103125 0.0734375
3 0.48828125 0.803125 0.0765625 0.078125
3 0.95859375 0.18828125 0.0734375 0.0765625
3 0.5734375 0.853125 0.0875 0.08125
3 0.56484375 0.20625 0.0796875 0.0796875
3 0.9109375 0.61484375 0.0828125 0.0828125
3 0.628125 0.95546875 0.10625 0.0671875
3 0.66953125 0.08671875 0.0796875 0.0796875
3 0.5359375 0.8109375 0.0859375 0.0859375
3 0.315625 0.65234375 0.06875 0.0703125
3 0.44296875 0.27890625 0.078125 0.078125
3 0.4984375 0.275 0.090625 0.090625
3 0.08984375 0.65859375 0.0890625 0.0828125
3 0.94140625 0.0578125 0.0953125 0.0953125
3 0.8734375 0.08671875 0.075 0.0921875
3 0.25078125 0.13125 0.09375 0.09375
3 0.61484375 0.58671875 0.0875 0.0875
3 0.9203125 0.175 0.08125 0.08125
3 0.065625 0.425 0.109375 0.06875
3 0.53828125 0.38046875 0.08125 0.08125
3 0.071875 0.0453125 0.090625 0.090625
3 0.6640625 0.53046875 0.09375 0.0734375
3 0.71796875 0.58046875 0.0703125 0.1046875
3 0.93515625 0.57734375 0.08125 0.08125
3 0.77578125 0.1671875 0.0921875 0.06875
3 0.7171875 0.0421875 0.09375 0.08125
3 0.62578125 0.084375 0.0734375 0.096875
3 0.5703125 0.93359375 0.075 0.1015625
3 0.34453125 0.9640625 0.0921875 0.071875