3 0.67734375 0.6421875 0.0921875 0.0625
3 0.11484375 0.20625 0.1109375 0.06875
3 0.86328125 0.69765625 0.0875 0.0703125
3 0.55859375 0.54921875 0.0890625 0.0609375
3 0.7546875 0.50546875 0.084375 0.0703125
3 0.5421875 0.35390625 0.0796875 0.08125
3 0.8015625 0.94375 0.078125 0.06875
3 0.5328125 0.2609375 0.096875 0.06875
3 0.6578125 0.2921875 0.08125 0.075
3 0.37890625 0.134375 0.0796875 0.08125
3 0.84921875 0.184375 0.0765625 0.0765625
3 0.1625 0.3109375 0.075 0.075
3 0.79140625 0.4296875 0.0921875 0.065625
3 0.4765625 0.6640625 0.0875 0.0875
3 0.30546875 0.846875 0.1125 0.075
3 0.271875 0.5578125 0.08125 0.0796875
3 0.7109375 0.73828125 0.0859375 0.0875
3 0.28046875 0.7875 0.0921875 0.075
3 0.31640625 0.2 0.084375 0.0828125
3 0.70546875 0.878125 0.0859375 0.0859375
3 0.3765625 0.346875 0.090625 0.065625
3 0.5015625 0.07890625 0.078125 0.0796875
3 0.31640625 0.39296875 0.078125 0.0515625
3 0.74609375 0.1796875 0.0890625 0.075
3 0.453125 0.5515625 0.1 0.071875
3 0.428125 0.784375 0.075 0.075
3 0.809375 0.5359375 0.096875 0.0625
3 0.2296875 0.4625 0.0875 0.0875
3 0.4234375 0.6203125 0.10625 0.071875
3 0.36796875 0.28125 0.08125 0.08125
3 0.3640625 0.5359375 0.0796875 0.0796875
3 0.40390625 0.90390625 0.090625 0.090625
3 0.803125 0.83203125 0.06875 0.0921875
3 0.1265625 0.3640625 0.11875 0.0625
3 0.8546875 0.60078125 0.075 0.0734375
3 0.378125 0.2390625 0.0734375 0.0734375
3 0.671875 0.20078125 0.06875 0.06875
3 0.7640625 0.2140625 0.096875 0.075
3 0.72265625 0.615625 0.0875 0.0875
3 0.68984375 0.2515625 0.0921875 0.071875
3 0.75546875 0.92734375 0.078125 0.078125
3 0.75546875 0.0953125 0.0953125 0.059375
3 0.4796875 0.79296875 0.08125 0.08125
3 0.11328125 0.940625 0.08125 0.0796875
3 0.6140625 0.471875 0.096875 0.06875
3 0.446875 0.29453125 0.0890625 0.0875
3 0.36953125 0.58203125 0.1203125 0.0640625
3 0.29609375 0.2984375 0.084375 0.084375
3 0.87265625 0.13359375 0.0828125 0.1046875
3 0.275 0.95546875 0.09375 0.0890625
3 0.878125 0.50390625 0.05625 0.1203125
3 0.928125 0.60234375 0.090625 0.0890625
3 0.6734375 0.3984375 0.084375 0.071875
3 0.45234375 0.84296875 0.1109375 0.0609375
3 0.12265625 0.54609375 0.096875 0.096875
3 0.63203125 0.72578125 0.0890625 0.0890625
3 0.90078125 0.26171875 0.103125 0.0734375
3 0.48828125 0.196875 0.0921875 0.0625
3 0.95859375 0.81171875 0.0734375 0.0765625
3 0.5734375 0.146875 0.084375 0.084375
3 0.56484375 0.79375 0.090625 0.06875
3 0.9109375 0.38515625 0.0828125 0.0828125
3 0.628125 0.04453125 0.10625 0.0671875
3 0.66953125 0.91328125 0.0828125 0.0765625
3 0.5359375 0.1890625 0.0859375 0.0859375
3 0.315625 0.34765625 0.090625 0.0484375
3 0.44296875 0.72109375 0.078125 0.078125
3 0.4984375 0.725 0.1 0.08125
3 0.08984375 0.34140625 0.0890625 0.0828125
3 0.94140625 0.9421875 0.1 0.090625
3 0.8734375 0.91328125 0.075 0.0921875
3 0.25078125 0.86875 0.0921875 0.09375
3 0.61484375 0.41328125 0.0796875 0.09375
3 0.9203125 0.825 0.078125 0.084375
3 0.065625 0.575 0.109375 0.06875
3 0.53828125 0.61953125 0.08125 0.08125
3 0.07265625 0.95546875 0.1078125 0.0765625
3 0.6640625 0.46953125 0.09375 0.0734375
3 0.71796875 0.41953125 0.0875 0.0875
3 0.93515625 0.42265625 0.084375 0.0796875
3 0.77578125 0.8328125 0.0921875 0.06875
3 0.7171875 0.9578125 0.09375 0.08125
3 0.62578125 0.915625 0.0859375 0.0859375
3 0.5703125 0.06640625 0.075 0.1015625
3 0.34375 0.03828125 0.08125 0.0765625