3 0.5234375 0.73984375 0.071875 0.071875
3 0.57421875 0.31953125 0.0671875 0.0953125
3 0.1984375 0.6015625 0.065625 0.078125
3 0.515625 0.22734375 0.06875 0.0953125
3 0.41328125 0.159375 0.084375 0.084375
3 0.58046875 0.85546875 0.059375 0.084375
3 0.515625 0.81484375 0.075 0.075
3 0.19609375 0.78203125 0.08125 0.08125
3 0.39609375 0.31171875 0.0671875 0.0875
3 0.515625 0.8921875 0.0625 0.08125
3 0.65390625 0.46640625 0.08125 0.08125
3 0.2421875 0.25703125 0.071875 0.0734375
3 0.3296875 0.34453125 0.065625 0.065625
3 0.896875 0.1953125 0.0625 0.078125
3 0.46015625 0.353125 0.0703125 0.1
3 0.1890625 0.3890625 0.075 0.096875
3 0.88984375 0.83046875 0.08125 0.08125
3 0.90234375 0.5484375 0.084375 0.0859375
3 0.040625 0.371875 0.071875 0.071875
3 0.7921875 0.2421875 0.09375 0.09375
3 0.3734375 0.4015625 0.06875 0.090625
3 0.8578125 0.70625 0.084375 0.084375
3 0.43359375 0.89609375 0.08125 0.103125
3 0.15859375 0.1015625 0.0875 0.0859375
3 0.1515625 0.67109375 0.0890625 0.0875
3 0.3 0.2546875 0.06875 0.10625
5 0.2921875 0.7234375 0.090625 0.115625
3 0.275 0.39453125 0.08125 0.0984375
3 0.31875 0.53125 0.075 0.090625