3 0.4765625 0.26015625 0.065625 0.078125
3 0.42578125 0.68046875 0.0671875 0.0953125
3 0.8015625 0.3984375 0.065625 0.078125
3 0.484375 0.77265625 0.06875 0.0953125
3 0.58671875 0.840625 0.084375 0.084375
3 0.41953125 0.14453125 0.071875 0.071875
3 0.484375 0.18515625 0.075 0.0765625
3 0.80390625 0.21796875 0.0703125 0.0921875
3 0.60390625 0.68828125 0.0671875 0.0875
3 0.484375 0.1078125 0.071875 0.071875
3 0.34609375 0.53359375 0.065625 0.0953125
3 0.7578125 0.74296875 0.0625 0.0828125
3 0.6703125 0.65546875 0.065625 0.065625
3 0.103125 0.8046875 0.0703125 0.0703125
3 0.53984375 0.646875 0.0703125 0.1
3 0.8109375 0.6109375 0.0859375 0.0875
3 0.11015625 0.16953125 0.0671875 0.0953125
3 0.09765625 0.4515625 0.084375 0.0859375
3 0.959375 0.628125 0.0625 0.08125
3 0.2078125 0.7578125 0.09375 0.09375
3 0.6265625 0.5984375 0.0796875 0.0796875
3 0.1421875 0.29375 0.071875 0.096875
3 0.56640625 0.10390625 0.08125 0.103125
3 0.84140625 0.8984375 0.0875 0.0859375
3 0.8484375 0.32890625 0.071875 0.1046875
3 0.7 0.7453125 0.06875 0.10625
5 0.7078125 0.2765625 0.103125 0.103125
3 0.725 0.60546875 0.090625 0.090625
3 0.68125 0.46875 0.0828125 0.0828125