3 0.19921875 0.453125 0.065625 0.0671875
3 0.7265625 0.25078125 0.0734375 0.071875
3 0.26875 0.4015625 0.06875 0.06875
3 0.3890625 0.42265625 0.0671875 0.06875
3 0.63984375 0.23125 0.0921875 0.0921875
3 0.88671875 0.39375 0.084375 0.084375
3 0.72734375 0.35 0.0859375 0.06875
3 0.821875 0.16015625 0.08125 0.08125
3 0.28515625 0.1734375 0.0765625 0.059375
3 0.88046875 0.86484375 0.08125 0.08125
3 0.50546875 0.8234375 0.0765625 0.0625
3 0.121875 0.46796875 0.08125 0.0671875
3 0.8828125 0.70859375 0.08125 0.0828125
3 0.53671875 0.95546875 0.075 0.075
3 0.24375 0.85859375 0.071875 0.071875
3 0.93359375 0.62109375 0.071875 0.071875
4 0.56875 0.16328125 0.1125 0.0796875
3 0.5828125 0.32421875 0.0875 0.0875
3 0.1546875 0.2921875 0.08125 0.06875
3 0.04921875 0.63046875 0.0765625 0.075
4 0.321875 0.2546875 0.1 0.08125
4 0.4921875 0.89375 0.0796875 0.0796875
3 0.18828125 0.77421875 0.0828125 0.05625
3 0.52109375 0.3828125 0.0734375 0.071875
3 0.56484375 0.05625 0.0828125 0.0625
3 0.08359375 0.83671875 0.0765625 0.0578125
3 0.43203125 0.64609375 0.084375 0.0609375
3 0.60234375 0.9109375 0.0703125 0.053125
3 0.83203125 0.4703125 0.0796875 0.065625
3 0.58671875 0.6125 0.078125 0.078125
3 0.6796875 0.809375 0.0703125 0.0703125
3 0.54765625 0.5234375 0.1078125 0.0625
3 0.21484375 0.10390625 0.0765625 0.0546875
3 0.75625 0.64921875 0.08125 0.0578125
3 0.32578125 0.58515625 0.059375 0.059375
3 0.51015625 0.51875 0.075 0.059375
3 0.25703125 0.559375 0.096875 0.059375
3 0.42265625 0.12578125 0.0796875 0.0671875
3 0.04765625 0.890625 0.0796875 0.059375
3 0.2109375 0.05 0.078125 0.053125
3 0.28671875 0.0484375 0.0796875 0.059375
3 0.38515625 0.76171875 0.0671875 0.0671875
3 0.353125 0.33359375 0.06875 0.0609375
3 0.55390625 0.446875 0.0671875 0.06875
3 0.4328125 0.85 0.06875 0.06875
3 0.36640625 0.10390625 0.0828125 0.0609375
3 0.26484375 0.70625 0.0765625 0.078125
3 0.4078125 0.5734375 0.071875 0.071875
3 0.69453125 0.6625 0.0765625 0.0765625
3 0.9171875 0.484375 0.078125 0.065625
3 0.54765625 0.7453125 0.065625 0.065625
4 0.29296875 0.3515625 0.084375 0.084375
3 0.40234375 0.03203125 0.0671875 0.0640625
3 0.72578125 0.59921875 0.0796875 0.0578125
3 0.1390625 0.084375 0.0796875 0.0796875
3 0.28046875 0.103125 0.0921875 0.06875
3 0.5765625 0.796875 0.071875 0.0734375
3 0.08203125 0.96484375 0.0734375 0.0703125
3 0.29140625 0.634375 0.0875 0.059375
3 0.4328125 0.21953125 0.0640625 0.0640625
3 0.9265625 0.0796875 0.0671875 0.0671875
3 0.09921875 0.03359375 0.0796875 0.0546875
3 0.121875 0.7296875 0.0671875 0.0671875
3 0.63984375 0.6140625 0.075 0.0734375
3 0.25625 0.68203125 0.071875 0.071875
3 0.4859375 0.6140625 0.065625 0.065625
3 0.73984375 0.88984375 0.05625 0.05625
3 0.2140625 0.7140625 0.071875 0.071875
3 0.171875 0.7140625 0.06875 0.053125