3 0.4890625 0.27265625 0.0890625 0.0875
3 0.246875 0.38046875 0.075 0.075
3 0.07734375 0.29921875 0.0578125 0.1015625
3 0.29453125 0.940625 0.0875 0.0859375
3 0.13203125 0.4796875 0.0640625 0.115625
3 0.234375 0.17109375 0.090625 0.090625
3 0.390625 0.30703125 0.0796875 0.078125
3 0.3796875 0.7390625 0.05625 0.0875
3 0.7828125 0.9125 0.08125 0.08125
3 0.9046875 0.91171875 0.078125 0.0953125
3 0.6546875 0.5671875 0.090625 0.090625
3 0.7625 0.76953125 0.0828125 0.0828125
3 0.87421875 0.73359375 0.0640625 0.084375
3 0.84375 0.65859375 0.0796875 0.0796875
3 0.1296875 0.2046875 0.065625 0.103125
3 0.1578125 0.73515625 0.084375 0.0859375
3 0.45625 0.08671875 0.065625 0.1171875
3 0.9046875 0.12421875 0.065625 0.115625
3 0.08359375 0.04453125 0.0734375 0.0859375
3 0.384375 0.16171875 0.0625 0.1296875
3 0.2359375 0.76640625 0.0625 0.1234375
3 0.13203125 0.8734375 0.0765625 0.15625
3 0.50625 0.834375 0.05625 0.115625
3 0.49921875 0.753125 0.0640625 0.128125
6 0.7984375 0.15234375 0.1140625 0.1125
3 0.740625 0.54921875 0.0625 0.1203125
3 0.578125 0.38984375 0.09375 0.0921875
3 0.14140625 0.28125 0.0875 0.0875
3 0.82421875 0.7515625 0.0875 0.0875