3 0.72734375 0.4890625 0.1046875 0.071875
3 0.61953125 0.246875 0.0890625 0.059375
3 0.70078125 0.07734375 0.1015625 0.0578125
3 0.059375 0.29453125 0.103125 0.0703125
3 0.5203125 0.13203125 0.090625 0.090625
3 0.82890625 0.234375 0.1078125 0.075
3 0.69296875 0.390625 0.078125 0.0796875
3 0.2609375 0.3796875 0.071875 0.071875
3 0.0875 0.7828125 0.090625 0.071875
3 0.08828125 0.9046875 0.0875 0.0875
3 0.4328125 0.6546875 0.090625 0.090625
3 0.23046875 0.7625 0.096875 0.06875
3 0.26640625 0.87421875 0.084375 0.0640625
3 0.34140625 0.84375 0.090625 0.06875
3 0.7953125 0.1296875 0.084375 0.084375
3 0.26484375 0.1578125 0.0859375 0.084375
3 0.91328125 0.45625 0.1171875 0.065625
3 0.87578125 0.9046875 0.090625 0.090625
3 0.95546875 0.08359375 0.0796875 0.0796875
3 0.83828125 0.384375 0.096875 0.096875
3 0.23359375 0.2359375 0.09375 0.09375
3 0.1265625 0.13203125 0.115625 0.115625
3 0.165625 0.50625 0.115625 0.05625
3 0.246875 0.49921875 0.128125 0.0640625
6 0.84765625 0.7984375 0.1546875 0.071875
3 0.45078125 0.740625 0.1203125 0.0625
3 0.61015625 0.578125 0.1140625 0.071875
3 0.71875 0.14140625 0.10625 0.0671875
3 0.2484375 0.82421875 0.0875 0.0875