3 0.228125 0.87421875 0.075 0.1046875
3 0.4125 0.80703125 0.06875 0.0984375
3 0.3390625 0.8375 0.059375 0.084375
3 0.78515625 0.1953125 0.0828125 0.115625
3 0.91875 0.77734375 0.06875 0.0984375
3 0.9296875 0.88515625 0.0875 0.0875
3 0.634375 0.84140625 0.0859375 0.0875
3 0.69609375 0.13671875 0.0671875 0.0953125
3 0.88671875 0.67578125 0.0796875 0.0796875
3 0.4765625 0.740625 0.071875 0.0875
3 0.13828125 0.09921875 0.0734375 0.1
3 0.671875 0.46328125 0.0765625 0.075
3 0.39140625 0.66875 0.0796875 0.0796875
3 0.41875 0.92109375 0.075 0.0921875
3 0.38515625 0.0609375 0.09375 0.0953125
3 0.7078125 0.7890625 0.075 0.1
3 0.62265625 0.1578125 0.0765625 0.0765625
3 0.55625 0.115625 0.05 0.090625
3 0.475 0.42265625 0.0953125 0.096875
3 0.3 0.915625 0.06875 0.096875
3 0.78203125 0.746875 0.0671875 0.084375
3 0.453125 0.65 0.0625 0.084375
3 0.30078125 0.49765625 0.0765625 0.0765625
3 0.94375 0.1671875 0.084375 0.0859375
3 0.60078125 0.50703125 0.075 0.075
3 0.78515625 0.046875 0.075 0.075
3 0.2671875 0.58359375 0.084375 0.1109375
3 0.7984375 0.92578125 0.0765625 0.0765625
3 0.77890625 0.6421875 0.0796875 0.10625
3 0.309375 0.646875 0.078125 0.1
3 0.05859375 0.1734375 0.0796875 0.109375
3 0.48515625 0.14453125 0.090625 0.0890625
3 0.575 0.57421875 0.05 0.078125
3 0.578125 0.2296875 0.071875 0.090625
3 0.77265625 0.31796875 0.090625 0.090625
3 0.6203125 0.59296875 0.0625 0.0921875
3 0.62265625 0.259375 0.078125 0.078125
3 0.915625 0.0828125 0.090625 0.090625
0 0.475 0.55234375 0.109375 0.1078125