3 0.865625 0.475 0.096875 0.06875
3 0.9140625 0.3390625 0.096875 0.071875
3 0.2734375 0.0703125 0.084375 0.065625
3 0.7734375 0.5375 0.096875 0.078125
3 0.925 0.2484375 0.103125 0.065625
3 0.428125 0.5390625 0.0828125 0.0828125
3 0.57734375 0.64453125 0.1015625 0.0734375
3 0.7734375 0.29609375 0.078125 0.078125
3 0.94140625 0.68125 0.0921875 0.078125
3 0.51640625 0.5234375 0.0765625 0.075
3 0.3953125 0.06953125 0.08125 0.08125
3 0.41796875 0.31875 0.0828125 0.0828125
3 0.71484375 0.8984375 0.1015625 0.071875
3 0.434375 0.434375 0.08125 0.08125
3 0.53359375 0.846875 0.0875 0.0875
3 0.14296875 0.709375 0.0875 0.05625
3 0.5265625 0.7640625 0.096875 0.071875
3 0.67734375 0.6046875 0.1125 0.078125
3 0.9203125 0.61640625 0.1 0.071875
3 0.434375 0.16640625 0.078125 0.078125
3 0.48671875 0.27421875 0.0875 0.0546875
3 0.1453125 0.51015625 0.084375 0.0859375
3 0.26953125 0.94765625 0.078125 0.078125
3 0.56640625 0.90546875 0.09375 0.09375
3 0.584375 0.759375 0.075 0.075
3 0.30546875 0.6875 0.0828125 0.0625
3 0.653125 0.17734375 0.06875 0.06875
3 0.41171875 0.6265625 0.1015625 0.06875
3 0.74765625 0.45234375 0.109375 0.0703125
3 0.15078125 0.30390625 0.0796875 0.0796875
3 0.05390625 0.38359375 0.08125 0.08125
3 0.3515625 0.1484375 0.096875 0.059375
3 0.69765625 0.4890625 0.1078125 0.0625
3 0.33671875 0.86171875 0.0890625 0.078125
3 0.71015625 0.759375 0.1 0.0984375
3 0.52265625 0.58515625 0.0921875 0.0671875
3 0.2421875 0.51484375 0.103125 0.08125
3 0.20546875 0.23984375 0.0734375 0.0796875
3 0.93359375 0.37890625 0.0875 0.0796875
3 0.6234375 0.53359375 0.115625 0.0671875
3 0.55234375 0.48984375 0.0875 0.0875
3 0.53125 0.175 0.10625 0.0625
3 0.56640625 0.415625 0.0984375 0.06875
3 0.10234375 0.65390625 0.075 0.075
3 0.121875 0.39453125 0.075 0.075
3 0.6703125 0.7125 0.0875 0.0875
3 0.2515625 0.4046875 0.084375 0.084375
3 0.15703125 0.07421875 0.0921875 0.0921875
3 0.1203125 0.22265625 0.075 0.075
3 0.20078125 0.42890625 0.084375 0.084375
3 0.5125 0.10078125 0.0875 0.0875
3 0.8109375 0.25 0.0875 0.0875
3 0.09453125 0.10703125 0.084375 0.084375
3 0.38515625 0.6890625 0.084375 0.084375
3 0.14921875 0.77578125 0.075 0.075
3 0.315625 0.60703125 0.075 0.075
3 0.32421875 0.41484375 0.0921875 0.0828125
3 0.5984375 0.1109375 0.096875 0.05
3 0.20234375 0.8890625 0.0875 0.0859375
3 0.9203125 0.7875 0.0984375 0.0984375
3 0.2171875 0.78828125 0.090625 0.078125
3 0.25703125 0.8484375 0.0859375 0.071875
3 0.703125 0.0796875 0.0703125 0.0703125
3 0.08203125 0.5953125 0.090625 0.071875
3 0.84765625 0.16875 0.1140625 0.084375
3 0.2796875 0.87890625 0.071875 0.059375
3 0.6296875 0.0609375 0.071875 0.071875
3 0.45390625 0.0625 0.071875 0.0875
3 0.73046875 0.2375 0.09375 0.09375
3 0.72109375 0.3671875 0.096875 0.096875
3 0.359375 0.19453125 0.0875 0.0875
3 0.5828125 0.19765625 0.078125 0.078125
3 0.0921875 0.84921875 0.078125 0.078125
3 0.490625 0.61328125 0.0875 0.0703125
3 0.13359375 0.5875 0.0859375 0.075
3 0.19140625 0.59765625 0.0765625 0.0765625
3 0.08828125 0.2734375 0.103125 0.103125
3 0.315625 0.225 0.103125 0.075
3 0.3640625 0.95546875 0.090625 0.0734375
3 0.3796875 0.8984375 0.11875 0.053125
3 0.2640625 0.61328125 0.090625 0.0703125
3 0.1765625 0.6578125 0.084375 0.059375
3 0.73359375 0.11015625 0.0734375 0.0890625
3 0.1265625 0.82265625 0.0953125 0.09375
3 0.21953125 0.340625 0.0921875 0.084375
3 0.821875 0.0421875 0.0875 0.084375
3 0.1671875 0.14375 0.096875 0.06875
3 0.64765625 0.8359375 0.09375 0.09375
3 0.6140625 0.0421875 0.0875 0.084375
3 0.47578125 0.084375 0.0875 0.0890625
3 0.21953125 0.6359375 0.084375 0.0828125