3 0.653125 0.3953125 0.096875 0.065625
3 0.89921875 0.56953125 0.0765625 0.0765625
3 0.66015625 0.2671875 0.1046875 0.071875
3 0.134375 0.58828125 0.090625 0.0671875
3 0.8171875 0.45859375 0.090625 0.065625
3 0.88203125 0.259375 0.071875 0.071875
3 0.7140625 0.8515625 0.078125 0.06875
3 0.08671875 0.625 0.0828125 0.0828125
3 0.50390625 0.56328125 0.08125 0.08125
3 0.65390625 0.325 0.0796875 0.0625
3 0.8890625 0.64921875 0.10625 0.0703125
3 0.6625 0.7078125 0.115625 0.0625
3 0.746875 0.296875 0.084375 0.084375
3 0.7234375 0.14609375 0.075 0.075
3 0.84296875 0.9328125 0.0828125 0.084375
3 0.57578125 0.340625 0.075 0.075
3 0.3375 0.90234375 0.0875 0.06875
3 0.2671875 0.43515625 0.109375 0.06875
3 0.4796875 0.7625 0.096875 0.071875
3 0.51640625 0.21953125 0.1046875 0.065625
3 0.14921875 0.3390625 0.0734375 0.075
3 0.1890625 0.4796875 0.109375 0.0625
3 0.91875 0.77109375 0.1 0.0765625
3 0.62109375 0.475 0.1046875 0.08125
3 0.415625 0.10625 0.084375 0.084375
3 0.8671875 0.85625 0.0796875 0.0796875
3 0.80625 0.1421875 0.08125 0.08125
3 0.44296875 0.08046875 0.078125 0.0671875
3 0.88359375 0.06796875 0.0875 0.0875
3 0.34609375 0.8375 0.0984375 0.0984375
3 0.56015625 0.4375 0.0921875 0.08125
3 0.2234375 0.1515625 0.0875 0.084375
3 0.32734375 0.76171875 0.1203125 0.0703125
3 0.4640625 0.903125 0.0796875 0.0796875
3 0.61015625 0.175 0.1046875 0.0625
3 0.2875 0.35859375 0.0703125 0.0703125
3 0.07421875 0.14296875 0.078125 0.0796875
3 0.27578125 0.3859375 0.1078125 0.05625
3 0.37421875 0.1859375 0.075 0.075
3 0.91484375 0.6921875 0.109375 0.065625
3 0.18359375 0.2328125 0.09375 0.09375
3 0.48984375 0.3421875 0.0984375 0.071875
3 0.79921875 0.6796875 0.109375 0.065625
3 0.3984375 0.390625 0.1 0.06875
3 0.825 0.3828125 0.09375 0.065625
3 0.77734375 0.76015625 0.090625 0.090625
3 0.41796875 0.8328125 0.0890625 0.071875
3 0.21640625 0.2984375 0.103125 0.078125
3 0.4171875 0.29921875 0.078125 0.0671875
3 0.39453125 0.965625 0.0890625 0.0578125
3 0.29609375 0.1625 0.0875 0.0859375
3 0.29765625 0.625 0.08125 0.0828125
3 0.7828125 0.8265625 0.1 0.065625
3 0.6109375 0.12109375 0.090625 0.090625
3 0.9328125 0.8328125 0.078125 0.078125
3 0.49453125 0.6765625 0.0875 0.0890625
3 0.0546875 0.44375 0.0921875 0.0921875
3 0.07578125 0.27109375 0.109375 0.0734375
3 0.62265625 0.93359375 0.1453125 0.0453125
3 0.54921875 0.121875 0.0703125 0.09375
3 0.8390625 0.09140625 0.103125 0.0828125
3 0.478125 0.18515625 0.075 0.075
3 0.178125 0.775 0.11875 0.0625
3 0.0734375 0.4953125 0.103125 0.05
3 0.43203125 0.1921875 0.0671875 0.06875
3 0.41640625 0.59296875 0.0859375 0.0859375
3 0.41953125 0.9265625 0.0953125 0.075
3 0.4984375 0.71484375 0.134375 0.0484375
3 0.34375 0.67421875 0.0875 0.0828125
3 0.1203125 0.8015625 0.128125 0.059375
3 0.053125 0.81640625 0.071875 0.0734375
3 0.4671875 0.6296875 0.0765625 0.0765625
3 0.45234375 0.37421875 0.090625 0.090625
3 0.8015625 0.7234375 0.08125 0.08125
3 0.490625 0.0953125 0.08125 0.08125
3 0.3859375 0.36171875 0.078125 0.0796875
3 0.12109375 0.32109375 0.0765625 0.0765625
3 0.371875 0.784375 0.1 0.0625
3 0.3734375 0.87734375 0.0859375 0.084375
3 0.53359375 0.96640625 0.1 0.0640625
3 0.396875 0.75703125 0.10625 0.0640625
3 0.38671875 0.64375 0.0890625 0.0890625
3 0.3734375 0.703125 0.0953125 0.0953125