3 0.346875 0.3953125 0.08125 0.08125
3 0.10078125 0.56953125 0.0953125 0.0578125
3 0.33984375 0.2671875 0.0875 0.0875
3 0.865625 0.58828125 0.090625 0.0671875
3 0.1828125 0.45859375 0.078125 0.078125
3 0.11796875 0.259375 0.0765625 0.06875
3 0.2859375 0.8515625 0.078125 0.06875
3 0.91328125 0.625 0.096875 0.06875
3 0.49609375 0.56328125 0.0921875 0.06875
3 0.34609375 0.325 0.0796875 0.0625
3 0.1109375 0.64921875 0.10625 0.0703125
3 0.3375 0.7078125 0.115625 0.0625
3 0.253125 0.296875 0.084375 0.084375
3 0.2765625 0.14609375 0.08125 0.0703125
3 0.15703125 0.9328125 0.0984375 0.06875
3 0.42421875 0.340625 0.0765625 0.075
3 0.6625 0.90234375 0.0875 0.06875
3 0.7328125 0.43515625 0.0890625 0.0890625
3 0.5203125 0.7625 0.084375 0.084375
3 0.48359375 0.21953125 0.0859375 0.084375
3 0.85078125 0.3390625 0.0890625 0.059375
3 0.8109375 0.4796875 0.0859375 0.0859375
3 0.08125 0.77109375 0.0890625 0.0875
3 0.37890625 0.475 0.09375 0.0921875
3 0.584375 0.10625 0.084375 0.084375
3 0.1328125 0.85625 0.09375 0.065625
3 0.19375 0.1421875 0.0875 0.075
3 0.55703125 0.08046875 0.071875 0.071875
3 0.11640625 0.06796875 0.096875 0.0765625
3 0.65390625 0.8375 0.1390625 0.0578125
3 0.43984375 0.4375 0.0875 0.0875
3 0.7765625 0.1515625 0.0859375 0.0859375
3 0.67265625 0.76171875 0.0953125 0.0953125
3 0.5359375 0.903125 0.084375 0.075
3 0.38984375 0.175 0.1046875 0.0625
3 0.7125 0.35859375 0.09375 0.046875
3 0.92578125 0.14296875 0.0875 0.0703125
3 0.72421875 0.3859375 0.0828125 0.08125
3 0.62578125 0.1859375 0.084375 0.065625
3 0.08515625 0.6921875 0.109375 0.065625
3 0.81640625 0.2328125 0.09375 0.09375
3 0.51015625 0.3421875 0.084375 0.084375
3 0.20078125 0.6796875 0.0875 0.0875
3 0.6015625 0.390625 0.1 0.06875
3 0.175 0.3828125 0.0796875 0.0796875
3 0.22265625 0.76015625 0.1109375 0.0703125
3 0.58203125 0.8328125 0.08125 0.0796875
3 0.78359375 0.2984375 0.090625 0.090625
3 0.5828125 0.29921875 0.078125 0.0671875
3 0.6046875 0.96484375 0.071875 0.0703125
3 0.70390625 0.1625 0.0875 0.0859375
3 0.70234375 0.625 0.0890625 0.075
3 0.2171875 0.8265625 0.0828125 0.08125
3 0.3890625 0.12109375 0.090625 0.090625
3 0.0671875 0.8328125 0.078125 0.078125
3 0.50546875 0.6765625 0.0875 0.0890625
3 0.9453125 0.44375 0.109375 0.075
3 0.92421875 0.27109375 0.090625 0.090625
3 0.37734375 0.93359375 0.0953125 0.0953125
3 0.45078125 0.121875 0.08125 0.08125
3 0.1609375 0.09140625 0.103125 0.0828125
3 0.521875 0.18515625 0.078125 0.071875
3 0.821875 0.775 0.11875 0.0625
3 0.9265625 0.4953125 0.103125 0.05
3 0.56796875 0.1921875 0.06875 0.06875
3 0.58359375 0.59296875 0.0859375 0.0859375
3 0.58046875 0.9265625 0.084375 0.0859375
3 0.5015625 0.71484375 0.134375 0.0484375
3 0.65625 0.67421875 0.0859375 0.084375
3 0.8796875 0.8015625 0.09375 0.09375
3 0.946875 0.81640625 0.084375 0.0609375
3 0.5328125 0.6296875 0.090625 0.0625
3 0.54765625 0.37421875 0.1078125 0.0734375
3 0.1984375 0.7234375 0.08125 0.08125
3 0.509375 0.0953125 0.08125 0.08125
3 0.6140625 0.36171875 0.078125 0.0796875
3 0.87890625 0.32109375 0.0765625 0.0765625
3 0.628125 0.784375 0.08125 0.08125
3 0.6265625 0.87734375 0.0859375 0.0859375
3 0.46640625 0.96640625 0.1 0.0640625
3 0.603125 0.75703125 0.10625 0.0640625
3 0.61328125 0.64375 0.0890625 0.0890625
3 0.6265625 0.703125 0.0953125 0.0953125