3 0.43359375 0.1890625 0.0984375 0.078125
3 0.140625 0.0703125 0.096875 0.078125
3 0.5859375 0.4984375 0.0890625 0.0875
3 0.8078125 0.81015625 0.096875 0.0765625
3 0.69765625 0.8078125 0.071875 0.0734375
3 0.6625 0.4515625 0.1 0.08125
3 0.078125 0.6234375 0.0890625 0.0890625
3 0.6265625 0.90859375 0.08125 0.08125
3 0.31875 0.07265625 0.096875 0.0734375
3 0.121875 0.6921875 0.096875 0.071875
3 0.48515625 0.575 0.090625 0.090625
3 0.803125 0.7078125 0.0765625 0.0765625
3 0.0921875 0.8453125 0.084375 0.084375
3 0.84453125 0.53984375 0.090625 0.0765625
3 0.89453125 0.63515625 0.1015625 0.0796875
3 0.06015625 0.9578125 0.0859375 0.084375
3 0.81171875 0.24453125 0.090625 0.090625
3 0.94609375 0.8375 0.0984375 0.06875
3 0.85390625 0.8890625 0.0875 0.0859375
3 0.73359375 0.05625 0.090625 0.075
3 0.17109375 0.925 0.0953125 0.06875
3 0.19609375 0.64375 0.084375 0.084375
3 0.8359375 0.3234375 0.0890625 0.0890625
3 0.45546875 0.4015625 0.0890625 0.0890625
3 0.9265625 0.7484375 0.10625 0.08125
3 0.33203125 0.77890625 0.0859375 0.0859375
3 0.42578125 0.75546875 0.1078125 0.0796875
3 0.559375 0.1765625 0.109375 0.078125
3 0.38515625 0.45859375 0.1015625 0.0828125
3 0.246875 0.21640625 0.0875 0.0734375
3 0.13828125 0.16171875 0.1078125 0.0734375
3 0.734375 0.9609375 0.096875 0.071875
3 0.72734375 0.58828125 0.0921875 0.0765625
3 0.63984375 0.09375 0.090625 0.0921875
3 0.75625 0.74296875 0.10625 0.0734375
3 0.79765625 0.48046875 0.084375 0.084375
3 0.13671875 0.5 0.08125 0.08125
3 0.7453125 0.34921875 0.096875 0.06875
3 0.08671875 0.3015625 0.08125 0.0796875
3 0.2234375 0.375 0.084375 0.071875
3 0.04609375 0.55859375 0.08125 0.08125
3 0.51484375 0.09609375 0.0921875 0.0609375
3 0.178125 0.87734375 0.09375 0.0734375
0 0.578125 0.865625 0.1109375 0.1109375
3 0.1234375 0.3921875 0.1 0.1
3 0.26796875 0.528125 0.090625 0.075
3 0.91171875 0.66875 0.0796875 0.0796875
3 0.5453125 0.3703125 0.0859375 0.0859375
3 0.4515625 0.94375 0.096875 0.075
3 0.1578125 0.7984375 0.0875 0.0875
3 0.23046875 0.71171875 0.0921875 0.0921875
3 0.48828125 0.04140625 0.0984375 0.0734375
3 0.46953125 0.2734375 0.0890625 0.0875
3 0.82890625 0.084375 0.096875 0.0953125
3 0.5578125 0.2953125 0.084375 0.084375
3 0.3046875 0.28203125 0.096875 0.0703125
3 0.246875 0.84609375 0.0875 0.0765625
3 0.39453125 0.67421875 0.1140625 0.0796875
3 0.9265625 0.49140625 0.090625 0.090625
3 0.10703125 0.5578125 0.1 0.071875
3 0.73671875 0.16484375 0.109375 0.0796875
3 0.70390625 0.87890625 0.1015625 0.0765625
3 0.04921875 0.1828125 0.08125 0.08125
3 0.2359375 0.32109375 0.0875 0.0875
3 0.8734375 0.9609375 0.0875 0.078125
3 0.4125 0.8328125 0.090625 0.078125
3 0.64296875 0.26484375 0.0984375 0.0796875
3 0.5734375 0.659375 0.084375 0.084375
3 0.6 0.05078125 0.0859375 0.0859375
3 0.36171875 0.2265625 0.0890625 0.065625
3 0.31796875 0.53359375 0.084375 0.084375
3 0.653125 0.23984375 0.0875 0.0671875
3 0.32265625 0.39609375 0.1078125 0.0765625
3 0.9265625 0.090625 0.084375 0.084375
3 0.334375 0.85 0.0828125 0.0828125
3 0.5234375 0.66015625 0.078125 0.0734375
3 0.48046875 0.94765625 0.09375 0.09375
3 0.93984375 0.11015625 0.078125 0.0796875
3 0.290625 0.30859375 0.08125 0.08125
3 0.15078125 0.93359375 0.090625 0.090625
3 0.3765625 0.81328125 0.1 0.084375
3 0.82734375 0.68828125 0.096875 0.0796875
3 0.26953125 0.2265625 0.0921875 0.08125