3 0.8109375 0.56640625 0.078125 0.0984375
3 0.9296875 0.859375 0.078125 0.096875
3 0.5015625 0.4140625 0.0890625 0.0890625
3 0.18984375 0.1921875 0.0765625 0.096875
3 0.1921875 0.30234375 0.0734375 0.071875
3 0.5484375 0.3375 0.08125 0.1
3 0.3765625 0.921875 0.078125 0.1
3 0.09140625 0.3734375 0.08125 0.08125
3 0.92734375 0.68125 0.0734375 0.096875
3 0.3078125 0.878125 0.084375 0.084375
3 0.425 0.51484375 0.08125 0.1015625
3 0.2921875 0.196875 0.065625 0.0875
3 0.1546875 0.9078125 0.078125 0.090625
3 0.46015625 0.15546875 0.0765625 0.090625
3 0.36484375 0.10546875 0.0796875 0.1015625
3 0.0421875 0.9390625 0.078125 0.09375
3 0.75546875 0.18828125 0.090625 0.090625
3 0.1625 0.05390625 0.06875 0.0984375
3 0.1109375 0.14609375 0.08125 0.0921875
3 0.94375 0.26640625 0.08125 0.0828125
3 0.075 0.82890625 0.06875 0.0953125
3 0.35625 0.80390625 0.084375 0.084375
3 0.6765625 0.1640625 0.0890625 0.0890625
3 0.5984375 0.54453125 0.075 0.103125
3 0.2515625 0.0734375 0.08125 0.10625
3 0.22109375 0.66796875 0.0796875 0.0921875
3 0.24453125 0.57421875 0.09375 0.09375
3 0.8234375 0.440625 0.078125 0.109375
3 0.54140625 0.61484375 0.0828125 0.1015625
3 0.78359375 0.753125 0.08125 0.08125
3 0.83828125 0.86171875 0.0734375 0.1078125
3 0.03984375 0.265625 0.0796875 0.084375
3 0.41171875 0.27265625 0.084375 0.084375
3 0.90625 0.36015625 0.08125 0.1015625
3 0.25703125 0.24375 0.090625 0.090625
3 0.51953125 0.20234375 0.084375 0.084375
3 0.5 0.86328125 0.071875 0.090625
3 0.65078125 0.2546875 0.06875 0.096875
3 0.6984375 0.91328125 0.0796875 0.08125
3 0.625 0.7765625 0.078125 0.078125
3 0.44140625 0.95390625 0.0765625 0.0859375
3 0.90390625 0.48515625 0.0765625 0.0765625
3 0.12265625 0.821875 0.0734375 0.09375
0 0.134375 0.421875 0.0875 0.134375
3 0.6078125 0.8765625 0.084375 0.115625
3 0.471875 0.73203125 0.075 0.090625
3 0.33125 0.08828125 0.0796875 0.0796875
3 0.6296875 0.4546875 0.075 0.096875
3 0.05625 0.5484375 0.0859375 0.0859375
3 0.2015625 0.8421875 0.075 0.1
3 0.28828125 0.76953125 0.0859375 0.0984375
3 0.9578125 0.5125 0.084375 0.0875
3 0.7265625 0.53046875 0.0875 0.0890625
3 0.915625 0.17109375 0.08125 0.1109375
3 0.7046875 0.4421875 0.075 0.09375
3 0.71796875 0.6953125 0.0703125 0.096875
3 0.15390625 0.753125 0.0765625 0.0875
3 0.32578125 0.60546875 0.096875 0.096875
3 0.50859375 0.0734375 0.090625 0.090625
3 0.4421875 0.89296875 0.0859375 0.0859375
3 0.83515625 0.26328125 0.0796875 0.109375
3 0.12109375 0.29609375 0.0890625 0.0890625
3 0.8171875 0.95078125 0.0828125 0.0796875
3 0.67890625 0.7640625 0.0875 0.0875
3 0.0390625 0.1265625 0.078125 0.0875
3 0.1671875 0.5875 0.084375 0.084375
3 0.73515625 0.35703125 0.0890625 0.0890625
3 0.340625 0.4265625 0.084375 0.084375
3 0.94921875 0.4 0.071875 0.1
3 0.7734375 0.63828125 0.065625 0.0890625
3 0.46640625 0.68203125 0.084375 0.084375
3 0.76015625 0.346875 0.0671875 0.0875
3 0.60390625 0.67734375 0.0921875 0.0921875
3 0.909375 0.0734375 0.084375 0.084375
3 0.15 0.665625 0.0828125 0.0828125
3 0.33984375 0.4765625 0.0734375 0.078125
3 0.05234375 0.51953125 0.09375 0.09375
3 0.88984375 0.06015625 0.0796875 0.0796875
3 0.69140625 0.709375 0.08125 0.08125
3 0.06640625 0.84921875 0.090625 0.090625
3 0.18671875 0.6234375 0.0921875 0.0921875
3 0.31171875 0.17265625 0.0796875 0.096875
3 0.7734375 0.73046875 0.0859375 0.0875