2 0.17734375 0.49296875 0.0703125 0.071875
2 0.83359375 0.21328125 0.0703125 0.0796875
2 0.71875 0.178125 0.0765625 0.0765625
2 0.0390625 0.61953125 0.0625 0.0828125
2 0.0640625 0.37109375 0.071875 0.0953125
2 0.5984375 0.903125 0.0828125 0.0828125
2 0.85390625 0.7953125 0.0859375 0.0859375
2 0.4875 0.90703125 0.0703125 0.071875
2 0.640625 0.3734375 0.075 0.075
2 0.79453125 0.5390625 0.0765625 0.096875
2 0.175 0.8109375 0.0859375 0.0859375
2 0.71953125 0.265625 0.06875 0.09375
2 0.675 0.703125 0.078125 0.078125
2 0.096875 0.73671875 0.0765625 0.075
2 0.51796875 0.51640625 0.0703125 0.0953125
2 0.3625 0.47109375 0.071875 0.071875
2 0.69609375 0.8375 0.0765625 0.078125
2 0.9046875 0.6125 0.075 0.09375
2 0.1578125 0.3484375 0.0734375 0.0734375
2 0.9390625 0.33359375 0.071875 0.071875
2 0.8765625 0.35078125 0.065625 0.0765625
2 0.17421875 0.115625 0.0609375 0.0875
2 0.925 0.05078125 0.071875 0.071875
2 0.6125 0.56640625 0.065625 0.065625
2 0.65 0.49296875 0.06875 0.06875
2 0.73359375 0.12578125 0.065625 0.065625
2 0.08515625 0.146875 0.0578125 0.071875
2 0.91484375 0.92109375 0.1 0.1
2 0.3078125 0.6984375 0.065625 0.065625
2 0.3140625 0.8546875 0.08125 0.084375
2 0.77265625 0.35234375 0.0765625 0.0765625
2 0.79453125 0.41328125 0.0515625 0.0765625
2 0.03359375 0.7328125 0.0671875 0.096875
2 0.85234375 0.94609375 0.078125 0.1078125
2 0.76015625 0.4625 0.065625 0.065625
2 0.365625 0.1921875 0.065625 0.065625
5 0.771875 0.92109375 0.0984375 0.0984375
1 0.5984375 0.43984375 0.075 0.1109375