2 0.17734375 0.50703125 0.0703125 0.071875
2 0.83359375 0.78671875 0.075 0.075
2 0.71875 0.821875 0.0765625 0.0765625
2 0.0390625 0.38046875 0.0734375 0.071875
2 0.0640625 0.62890625 0.071875 0.0953125
2 0.5984375 0.096875 0.06875 0.096875
2 0.85390625 0.2046875 0.0859375 0.0859375
2 0.4875 0.09296875 0.059375 0.0828125
2 0.640625 0.6265625 0.059375 0.090625
2 0.79453125 0.4609375 0.0859375 0.0875
2 0.175 0.1890625 0.075 0.0984375
2 0.71953125 0.734375 0.06875 0.09375
2 0.675 0.296875 0.078125 0.078125
2 0.096875 0.26328125 0.0625 0.0890625
2 0.51796875 0.48359375 0.0828125 0.0828125
2 0.3625 0.52890625 0.071875 0.071875
2 0.69609375 0.1625 0.0765625 0.078125
2 0.9046875 0.3875 0.084375 0.084375
2 0.1578125 0.6515625 0.0734375 0.0734375
2 0.9390625 0.66640625 0.071875 0.071875
2 0.8765625 0.64921875 0.0703125 0.071875
2 0.17421875 0.884375 0.0609375 0.0875
2 0.925 0.94921875 0.071875 0.071875
2 0.6125 0.43359375 0.059375 0.0734375
2 0.65 0.50703125 0.06875 0.0703125
2 0.73359375 0.87421875 0.065625 0.065625
2 0.08515625 0.853125 0.0578125 0.071875
2 0.91484375 0.07890625 0.1 0.1
2 0.3078125 0.3015625 0.065625 0.065625
2 0.3140625 0.1453125 0.0828125 0.0828125
2 0.77265625 0.64765625 0.0765625 0.0765625
2 0.79453125 0.58671875 0.0640625 0.0640625
2 0.0375 0.26640625 0.075 0.0828125
2 0.85234375 0.05390625 0.09375 0.09375
2 0.76015625 0.5375 0.065625 0.065625
2 0.365625 0.8078125 0.04375 0.0875
5 0.771875 0.07890625 0.084375 0.1125
1 0.5984375 0.56015625 0.09375 0.09375