3 0.78203125 0.4578125 0.0796875 0.090625
3 0.8125 0.61953125 0.06875 0.1015625
3 0.9109375 0.60546875 0.0875 0.0875
3 0.92109375 0.7 0.08125 0.08125
3 0.8640625 0.7609375 0.084375 0.09375
3 0.675 0.86328125 0.0875 0.1
3 0.5515625 0.76953125 0.08125 0.0953125
3 0.4953125 0.8421875 0.09375 0.09375
3 0.39375 0.5484375 0.075 0.090625
3 0.14375 0.46015625 0.0890625 0.0890625
3 0.1765625 0.3546875 0.0890625 0.0890625
3 0.17421875 0.240625 0.0703125 0.075
3 0.284375 0.3640625 0.0890625 0.0890625
3 0.28828125 0.1578125 0.09375 0.09375
3 0.4203125 0.1046875 0.084375 0.109375
3 0.4375 0.48671875 0.078125 0.0984375
3 0.50390625 0.57421875 0.096875 0.0796875
3 0.5125 0.66484375 0.078125 0.078125
3 0.62578125 0.57265625 0.0703125 0.0953125
3 0.65078125 0.47421875 0.0765625 0.1
3 0.7484375 0.93125 0.071875 0.103125
3 0.3140625 0.77109375 0.06875 0.1171875
3 0.259375 0.6453125 0.0890625 0.0890625
3 0.10546875 0.64609375 0.09375 0.09375
3 0.17265625 0.8109375 0.0875 0.0875
3 0.178125 0.70625 0.0875 0.1
3 0.13046875 0.153125 0.0765625 0.1
3 0.05234375 0.2359375 0.0703125 0.1
3 0.4 0.2921875 0.0796875 0.0796875
3 0.4140625 0.36484375 0.08125 0.0828125
3 0.7703125 0.32265625 0.0875 0.0890625
3 0.73046875 0.19453125 0.1015625 0.0875
3 0.70859375 0.09453125 0.0796875 0.1
3 0.621875 0.15390625 0.0890625 0.0875
3 0.578125 0.1578125 0.0796875 0.0796875
3 0.5390625 0.1671875 0.06875 0.090625
3 0.4984375 0.34609375 0.1 0.0859375
3 0.90078125 0.30703125 0.0703125 0.0921875
3 0.03515625 0.1421875 0.0703125 0.090625
3 0.1203125 0.05859375 0.075 0.0890625
3 0.32890625 0.0515625 0.0890625 0.1
3 0.04921875 0.05078125 0.0828125 0.0828125
3 0.94765625 0.23984375 0.0765625 0.1125
3 0.9453125 0.38203125 0.078125 0.078125
3 0.89765625 0.8359375 0.0828125 0.103125
3 0.5328125 0.39453125 0.078125 0.1046875
3 0.47890625 0.26015625 0.0890625 0.0890625
0 0.53203125 0.25859375 0.10625 0.10625
3 0.346875 0.94140625 0.06875 0.1046875
3 0.28046875 0.94921875 0.0671875 0.0984375
3 0.24609375 0.8421875 0.090625 0.0890625
3 0.7453125 0.0796875 0.090625 0.090625
3 0.834375 0.05390625 0.0625 0.0828125
3 0.80078125 0.06015625 0.06875 0.0953125
3 0.75234375 0.23984375 0.0671875 0.1234375