3 0.21796875 0.4578125 0.0796875 0.090625
3 0.1875 0.61953125 0.06875 0.1015625
3 0.0890625 0.60546875 0.0875 0.0875
3 0.07890625 0.7 0.08125 0.08125
3 0.1359375 0.7609375 0.0890625 0.0890625
3 0.325 0.86328125 0.0875 0.1
3 0.4484375 0.76953125 0.0875 0.0875
3 0.5046875 0.8421875 0.09375 0.09375
3 0.60625 0.5484375 0.075 0.090625
3 0.85625 0.46015625 0.090625 0.0890625
3 0.8234375 0.3546875 0.075 0.103125
3 0.82578125 0.240625 0.071875 0.0734375
3 0.715625 0.3640625 0.0875 0.090625
3 0.71171875 0.1578125 0.09375 0.09375
3 0.5796875 0.1046875 0.096875 0.096875
3 0.5625 0.48671875 0.0890625 0.0890625
3 0.49609375 0.57421875 0.0875 0.0875
3 0.4875 0.66484375 0.071875 0.0828125
3 0.37421875 0.57265625 0.0703125 0.0953125
3 0.34921875 0.47421875 0.0765625 0.1
3 0.2515625 0.93125 0.071875 0.103125
3 0.6859375 0.77109375 0.06875 0.1171875
3 0.740625 0.6453125 0.0890625 0.0890625
3 0.89453125 0.64609375 0.0765625 0.1109375
3 0.82734375 0.8109375 0.0875 0.0875
3 0.821875 0.70625 0.09375 0.09375
3 0.86953125 0.153125 0.0765625 0.1
3 0.94765625 0.2359375 0.084375 0.084375
3 0.6 0.2921875 0.075 0.084375
3 0.5859375 0.36484375 0.08125 0.0828125
3 0.2296875 0.32265625 0.0875 0.0890625
3 0.26953125 0.19453125 0.1015625 0.0875
3 0.29140625 0.09453125 0.0796875 0.1
3 0.378125 0.15390625 0.0890625 0.0875
3 0.421875 0.1578125 0.0796875 0.0796875
3 0.4609375 0.1671875 0.06875 0.090625
3 0.5015625 0.34609375 0.1 0.0859375
3 0.09921875 0.30703125 0.0703125 0.0921875
3 0.96484375 0.1421875 0.0703125 0.090625
3 0.8796875 0.05859375 0.08125 0.08125
3 0.67109375 0.0515625 0.09375 0.09375
3 0.95078125 0.05078125 0.0828125 0.0828125
3 0.05234375 0.23984375 0.0765625 0.1125
3 0.0546875 0.38203125 0.065625 0.0921875
3 0.10234375 0.8359375 0.0921875 0.0921875
3 0.4671875 0.39453125 0.0921875 0.0921875
3 0.52109375 0.26015625 0.0734375 0.1046875
0 0.46796875 0.25859375 0.1125 0.1015625
3 0.653125 0.94140625 0.06875 0.1046875
3 0.71953125 0.94921875 0.0671875 0.0984375
3 0.75390625 0.8421875 0.090625 0.0890625
3 0.2546875 0.0796875 0.071875 0.109375
3 0.165625 0.05390625 0.0734375 0.071875
3 0.19921875 0.06015625 0.08125 0.0828125
3 0.24765625 0.23984375 0.0953125 0.0953125