3 0.41015625 0.40546875 0.078125 0.0796875
3 0.88828125 0.10546875 0.090625 0.090625
3 0.65078125 0.2421875 0.0578125 0.075
3 0.56015625 0.83046875 0.0765625 0.0765625
3 0.4828125 0.2109375 0.05625 0.078125
3 0.3546875 0.79453125 0.075 0.075
3 0.51953125 0.32265625 0.075 0.075
3 0.45 0.27109375 0.053125 0.0875
3 0.79609375 0.90390625 0.059375 0.0765625
3 0.6828125 0.8953125 0.065625 0.1
3 0.315625 0.87890625 0.071875 0.1015625
3 0.55625 0.21328125 0.0828125 0.0828125
3 0.5296875 0.440625 0.06875 0.06875
6 0.9375 0.85703125 0.075 0.0828125
3 0.83125 0.53125 0.0796875 0.0796875
3 0.8359375 0.6375 0.084375 0.084375
3 0.45 0.90703125 0.05625 0.0828125
3 0.25625 0.3 0.0765625 0.0765625
3 0.4890625 0.8375 0.059375 0.1
3 0.27109375 0.73046875 0.0921875 0.0921875
3 0.6421875 0.5921875 0.0671875 0.0671875
3 0.45 0.55546875 0.084375 0.084375
3 0.86875 0.4625 0.0625 0.075
3 0.17734375 0.12109375 0.078125 0.078125
3 0.828125 0.421875 0.06875 0.075
3 0.05 0.6046875 0.0671875 0.0671875
3 0.6140625 0.4234375 0.0671875 0.0671875
3 0.94375 0.046875 0.071875 0.0703125
3 0.64296875 0.775 0.0640625 0.078125
3 0.2265625 0.15234375 0.059375 0.0765625
3 0.77734375 0.5703125 0.0671875 0.0671875
3 0.70390625 0.834375 0.084375 0.0859375
3 0.684375 0.6421875 0.071875 0.071875
3 0.6 0.56484375 0.053125 0.084375
3 0.49140625 0.50234375 0.071875 0.071875
3 0.0703125 0.80234375 0.0765625 0.078125
3 0.125 0.83515625 0.090625 0.090625
3 0.2578125 0.49140625 0.0625 0.0625
3 0.34453125 0.32421875 0.0703125 0.06875
3 0.5046875 0.05234375 0.059375 0.0859375
3 0.7125 0.36640625 0.05625 0.0796875
3 0.9125 0.7171875 0.0625 0.075
3 0.190625 0.23203125 0.06875 0.0796875
0 0.07578125 0.16953125 0.0890625 0.1140625
3 0.77421875 0.49140625 0.0671875 0.0671875
3 0.1484375 0.790625 0.090625 0.090625
3 0.9078125 0.565625 0.053125 0.071875
3 0.4890625 0.6453125 0.053125 0.078125
3 0.2953125 0.49296875 0.078125 0.078125
3 0.553125 0.4890625 0.0640625 0.0640625
3 0.853125 0.39375 0.0671875 0.06875
5 0.21953125 0.4296875 0.1 0.0984375
3 0.621875 0.89921875 0.0609375 0.0625
3 0.853125 0.8859375 0.0625 0.0625
3 0.60625 0.78359375 0.05625 0.0765625
3 0.3125 0.425 0.05 0.075
3 0.6 0.7046875 0.05625 0.090625
3 0.6375 0.38046875 0.053125 0.0671875
3 0.86328125 0.75703125 0.0578125 0.0671875
3 0.90859375 0.778125 0.071875 0.071875
3 0.309375 0.12578125 0.065625 0.0671875
3 0.975 0.43828125 0.05 0.0765625
3 0.778125 0.0875 0.0609375 0.0609375
3 0.5421875 0.909375 0.053125 0.075
3 0.75859375 0.81484375 0.0546875 0.0953125
3 0.9 0.6734375 0.0515625 0.0515625
3 0.8875 0.60234375 0.04375 0.0671875
0 0.81953125 0.121875 0.10625 0.10625
3 0.64765625 0.3171875 0.0546875 0.075
3 0.46640625 0.96484375 0.059375 0.0671875
3 0.503125 0.8984375 0.0703125 0.0703125
3 0.60859375 0.15390625 0.0421875 0.128125