3 0.58984375 0.59453125 0.078125 0.0796875
3 0.11171875 0.89453125 0.075 0.1046875
3 0.34921875 0.7578125 0.0578125 0.075
3 0.43984375 0.16953125 0.0765625 0.0765625
3 0.5171875 0.7890625 0.0671875 0.0671875
3 0.6453125 0.20546875 0.059375 0.0890625
3 0.48046875 0.67734375 0.075 0.075
3 0.55 0.72890625 0.0703125 0.0703125
3 0.20390625 0.09609375 0.06875 0.0671875
3 0.3171875 0.1046875 0.065625 0.1
3 0.684375 0.12109375 0.071875 0.1015625
3 0.44375 0.78671875 0.075 0.090625
3 0.4703125 0.559375 0.059375 0.078125
6 0.0625 0.14296875 0.075 0.0828125
3 0.16875 0.46875 0.071875 0.0875
3 0.1640625 0.3625 0.065625 0.1
3 0.55 0.09296875 0.06875 0.06875
3 0.74375 0.7 0.0625 0.090625
3 0.5109375 0.1625 0.0796875 0.0796875
3 0.72890625 0.26953125 0.0921875 0.0921875
3 0.3578125 0.4078125 0.0671875 0.0671875
3 0.55 0.44453125 0.084375 0.084375
3 0.13125 0.5375 0.0625 0.075
3 0.82265625 0.87890625 0.0671875 0.0890625
3 0.171875 0.578125 0.06875 0.075
3 0.95 0.3953125 0.0671875 0.0671875
3 0.3859375 0.5765625 0.0671875 0.0671875
3 0.05625 0.953125 0.0625 0.078125
3 0.35703125 0.225 0.071875 0.071875
3 0.7734375 0.84765625 0.0671875 0.06875
3 0.22265625 0.4296875 0.0578125 0.078125
3 0.29609375 0.165625 0.0640625 0.10625
3 0.315625 0.3578125 0.0625 0.08125
3 0.4 0.43515625 0.06875 0.06875
3 0.50859375 0.49765625 0.071875 0.071875
3 0.9296875 0.19765625 0.0765625 0.078125
3 0.875 0.16484375 0.090625 0.090625
3 0.7421875 0.50859375 0.059375 0.065625
3 0.65546875 0.67578125 0.0703125 0.06875
3 0.4953125 0.94765625 0.059375 0.0859375
3 0.2875 0.63359375 0.05625 0.0796875
3 0.0875 0.2828125 0.06875 0.06875
3 0.809375 0.76796875 0.075 0.0734375
0 0.92421875 0.83046875 0.0890625 0.1140625
3 0.22578125 0.50859375 0.0671875 0.0671875
3 0.8515625 0.209375 0.090625 0.090625
3 0.0921875 0.434375 0.0625 0.0625
3 0.5109375 0.3546875 0.065625 0.065625
3 0.7046875 0.50703125 0.065625 0.0890625
3 0.446875 0.5109375 0.0640625 0.0640625
3 0.146875 0.60625 0.053125 0.08125
5 0.78046875 0.5703125 0.0765625 0.121875
3 0.378125 0.10078125 0.0609375 0.0625
3 0.146875 0.1140625 0.0625 0.0625
3 0.39375 0.21640625 0.05625 0.0765625
3 0.6875 0.575 0.05 0.075
3 0.4 0.2953125 0.05625 0.090625
3 0.3625 0.61953125 0.059375 0.059375
3 0.13671875 0.24296875 0.0625 0.0625
3 0.09140625 0.221875 0.0578125 0.0875
3 0.690625 0.87421875 0.06875 0.065625
3 0.025 0.56171875 0.05 0.0765625
3 0.221875 0.9125 0.0609375 0.0609375
3 0.4578125 0.090625 0.053125 0.075
3 0.24140625 0.18515625 0.075 0.075
3 0.1 0.3265625 0.05 0.053125
3 0.1125 0.39765625 0.0546875 0.05625
0 0.18046875 0.878125 0.0671875 0.146875
3 0.35234375 0.6828125 0.065625 0.065625
3 0.53359375 0.03515625 0.0625 0.0625
3 0.496875 0.1015625 0.0703125 0.0703125
3 0.39140625 0.84609375 0.0859375 0.084375