3 0.10859375 0.53828125 0.059375 0.0828125
3 0.225 0.08046875 0.0859375 0.084375
3 0.140625 0.7140625 0.065625 0.084375
3 0.26796875 0.634375 0.075 0.075
3 0.1125 0.0953125 0.05625 0.084375
3 0.9453125 0.4453125 0.065625 0.084375
3 0.9015625 0.328125 0.0734375 0.0734375
3 0.40390625 0.2546875 0.0734375 0.078125
3 0.803125 0.24921875 0.0828125 0.0828125
3 0.06015625 0.46328125 0.06875 0.0859375
3 0.5125 0.95859375 0.065625 0.0640625
3 0.25 0.92734375 0.0765625 0.0765625
3 0.3953125 0.18046875 0.084375 0.084375
3 0.81640625 0.715625 0.08125 0.08125
3 0.3859375 0.88125 0.071875 0.0875
3 0.840625 0.8109375 0.065625 0.084375
3 0.384375 0.41875 0.0734375 0.0734375
3 0.0390625 0.871875 0.0625 0.090625
3 0.0515625 0.67265625 0.059375 0.078125
3 0.79140625 0.12109375 0.0890625 0.0890625
3 0.4140625 0.0984375 0.08125 0.08125
3 0.27578125 0.75703125 0.078125 0.078125
3 0.66484375 0.59765625 0.06875 0.06875
3 0.71328125 0.14140625 0.0703125 0.0703125
3 0.8390625 0.3515625 0.059375 0.084375
3 0.66640625 0.303125 0.078125 0.078125
3 0.171875 0.89375 0.071875 0.071875
3 0.47890625 0.50546875 0.06875 0.06875
3 0.44375 0.7046875 0.075 0.090625
3 0.7046875 0.24609375 0.059375 0.0796875
3 0.47421875 0.2234375 0.0671875 0.084375
3 0.74375 0.57578125 0.06875 0.090625
3 0.59140625 0.81875 0.0515625 0.071875
3 0.5453125 0.77734375 0.0625 0.0625
3 0.0421875 0.553125 0.059375 0.0875
3 0.184375 0.57265625 0.05625 0.0859375
3 0.44609375 0.9125 0.08125 0.0828125
3 0.1140625 0.63203125 0.0703125 0.0703125
3 0.17421875 0.83359375 0.075 0.075
3 0.546875 0.6921875 0.05625 0.071875
3 0.7328125 0.390625 0.071875 0.075
3 0.57421875 0.39765625 0.0609375 0.0828125
3 0.7 0.4859375 0.0671875 0.0671875
3 0.14921875 0.75234375 0.0609375 0.0859375
3 0.37890625 0.053125 0.078125 0.078125
3 0.8796875 0.75078125 0.053125 0.075
3 0.82890625 0.52890625 0.065625 0.065625
3 0.44609375 0.6171875 0.0625 0.078125
3 0.50078125 0.734375 0.059375 0.075
6 0.48984375 0.14140625 0.0890625 0.1046875
3 0.70234375 0.89765625 0.0578125 0.0765625
3 0.76328125 0.075 0.071875 0.071875
3 0.29375 0.1078125 0.0609375 0.0609375
3 0.409375 0.80546875 0.05625 0.0703125
3 0.1671875 0.25859375 0.071875 0.0828125
3 0.88046875 0.625 0.065625 0.065625
3 0.32890625 0.4125 0.0546875 0.071875
3 0.4671875 0.80390625 0.059375 0.0765625
3 0.73671875 0.79140625 0.0625 0.0625
3 0.925 0.60546875 0.0703125 0.0703125
3 0.753125 0.909375 0.05 0.078125
3 0.64453125 0.909375 0.075 0.075
3 0.33515625 0.09921875 0.05 0.0671875
3 0.23203125 0.3328125 0.0546875 0.071875
3 0.4171875 0.5484375 0.065625 0.08125
3 0.7671875 0.7453125 0.071875 0.0734375
3 0.16328125 0.39140625 0.059375 0.059375
3 0.065625 0.83125 0.0671875 0.0671875
3 0.5125 0.62421875 0.0625 0.0734375
3 0.725 0.4765625 0.05625 0.075
3 0.0953125 0.2828125 0.053125 0.071875
3 0.771875 0.4875 0.059375 0.071875
3 0.93125 0.0453125 0.0625 0.071875
3 0.6671875 0.08984375 0.0640625 0.0625
3 0.61875 0.03515625 0.0625 0.0625
3 0.05546875 0.12265625 0.059375 0.059375
3 0.04765625 0.0578125 0.065625 0.0640625
3 0.52890625 0.07265625 0.0578125 0.084375
3 0.58984375 0.09296875 0.0453125 0.0640625
3 0.30234375 0.25 0.0609375 0.0625
3 0.27109375 0.253125 0.084375 0.084375
3 0.16328125 0.203125 0.065625 0.0640625
3 0.23671875 0.2859375 0.0578125 0.0578125
3 0.1703125 0.3296875 0.065625 0.065625
6 0.05 0.3546875 0.08125 0.125
3 0.27890625 0.3953125 0.05 0.08125
3 0.49921875 0.29921875 0.0453125 0.0796875
3 0.4703125 0.34921875 0.05 0.071875
3 0.515625 0.3953125 0.05625 0.0625
3 0.646875 0.41640625 0.0625 0.059375
3 0.61640625 0.52265625 0.059375 0.059375
3 0.75625 0.66796875 0.053125 0.059375
3 0.85859375 0.58671875 0.0546875 0.0703125
6 0.8453125 0.078125 0.08125 0.140625
3 0.53984375 0.26640625 0.0953125 0.0953125
3 0.5796875 0.19921875 0.0625 0.0625
3 0.6140625 0.19453125 0.05625 0.0765625
3 0.6578125 0.19453125 0.06875 0.0734375
3 0.9671875 0.13828125 0.0625 0.1015625
3 0.6046875 0.77890625 0.059375 0.059375
3 0.54140625 0.57890625 0.0421875 0.0828125
3 0.71875 0.61484375 0.0640625 0.0625
3 0.6140625 0.890625 0.0640625 0.0640625
3 0.6828125 0.9671875 0.0609375 0.0609375
3 0.96796875 0.75859375 0.0640625 0.0703125
3 0.50078125 0.60546875 0.0765625 0.0765625
3 0.97734375 0.5953125 0.0453125 0.084375