3 0.8421875 0.790625 0.078125 0.09375
3 0.53671875 0.6203125 0.0671875 0.096875
3 0.55625 0.78984375 0.084375 0.0828125
3 0.64765625 0.621875 0.0734375 0.096875
3 0.8625 0.309375 0.084375 0.084375
3 0.5578125 0.1421875 0.071875 0.103125
3 0.75546875 0.521875 0.084375 0.084375
3 0.25625 0.3234375 0.0859375 0.0859375
3 0.109375 0.61328125 0.06875 0.1015625
3 0.65078125 0.0890625 0.0703125 0.109375
3 0.4046875 0.6984375 0.09375 0.09375
3 0.26875 0.6109375 0.0953125 0.0953125
3 0.8265625 0.42890625 0.078125 0.090625
3 0.378125 0.20703125 0.075 0.1078125
3 0.77109375 0.70078125 0.0640625 0.0984375
4 0.6859375 0.94140625 0.0953125 0.09375
3 0.7234375 0.7375 0.078125 0.090625
3 0.478125 0.88359375 0.0859375 0.0859375
3 0.4859375 0.38203125 0.071875 0.1046875
3 0.5484375 0.36875 0.0921875 0.09375
3 0.4375 0.82734375 0.075 0.1234375
3 0.6953125 0.478125 0.06875 0.096875
3 0.34296875 0.37578125 0.0734375 0.0921875
4 0.8640625 0.07265625 0.078125 0.1046875
3 0.74375 0.61328125 0.0859375 0.0859375