3 0.1578125 0.209375 0.078125 0.09375
3 0.46328125 0.3796875 0.0671875 0.096875
3 0.44375 0.21015625 0.084375 0.0828125
3 0.35234375 0.378125 0.084375 0.084375
3 0.1375 0.690625 0.084375 0.084375
3 0.4421875 0.8578125 0.071875 0.103125
3 0.24453125 0.478125 0.084375 0.084375
3 0.74375 0.6765625 0.075 0.096875
3 0.890625 0.38671875 0.06875 0.1015625
3 0.34921875 0.9109375 0.0703125 0.109375
3 0.5953125 0.3015625 0.078125 0.109375
3 0.73125 0.3890625 0.096875 0.0953125
3 0.1734375 0.57109375 0.084375 0.084375
3 0.621875 0.79296875 0.075 0.1078125
3 0.22890625 0.29921875 0.0640625 0.0984375
4 0.3140625 0.05859375 0.0953125 0.09375
3 0.2765625 0.2625 0.084375 0.084375
3 0.521875 0.11640625 0.06875 0.103125
3 0.5140625 0.61796875 0.071875 0.1046875
3 0.4515625 0.63125 0.0921875 0.09375
3 0.5625 0.17265625 0.075 0.1234375
3 0.3046875 0.521875 0.0828125 0.0828125
3 0.65703125 0.62421875 0.0734375 0.0921875
4 0.1359375 0.92734375 0.0921875 0.0921875
3 0.25625 0.38671875 0.075 0.0953125