3 0.78125 0.4109375 0.096875 0.078125
3 0.78046875 0.5109375 0.1046875 0.078125
3 0.265625 0.7078125 0.10625 0.071875
3 0.478125 0.41875 0.0921875 0.09375
3 0.5421875 0.6515625 0.103125 0.071875
3 0.87265625 0.290625 0.0875 0.0875
3 0.51328125 0.03671875 0.1015625 0.0671875
3 0.47109375 0.20390625 0.1046875 0.078125
3 0.43828125 0.56484375 0.1046875 0.0828125
3 0.36875 0.7875 0.090625 0.090625
3 0.42109375 0.13125 0.0921875 0.06875
3 0.16171875 0.21484375 0.0859375 0.0859375
3 0.596875 0.84296875 0.10625 0.0765625
3 0.67109375 0.51875 0.071875 0.0734375
3 0.70078125 0.60390625 0.1015625 0.0859375
3 0.321875 0.45546875 0.0765625 0.078125
3 0.4296875 0.4703125 0.0890625 0.0890625
3 0.59140625 0.496875 0.0921875 0.06875
3 0.78515625 0.0984375 0.084375 0.084375
5 0.78984375 0.22890625 0.1046875 0.1046875
0 0.70546875 0.88046875 0.125 0.125
3 0.653125 0.1375 0.10625 0.078125
3 0.21328125 0.64296875 0.090625 0.090625
5 0.5890625 0.26484375 0.109375 0.109375
3 0.63671875 0.63203125 0.090625 0.0671875
3 0.61171875 0.58203125 0.0859375 0.0703125
3 0.38046875 0.853125 0.08125 0.08125
3 0.921875 0.2640625 0.0765625 0.0765625
3 0.4953125 0.51953125 0.08125 0.08125
3 0.55625 0.5421875 0.09375 0.09375
3 0.7640625 0.134375 0.0875 0.0875
3 0.671875 0.34765625 0.084375 0.084375
3 0.26953125 0.634375 0.0875 0.0859375
3 0.6546875 0.33125 0.096875 0.075
3 0.81875 0.18125 0.08125 0.08125
3 0.49296875 0.265625 0.078125 0.0796875
0 0.2546875 0.51640625 0.103125 0.1265625
6 0.05703125 0.1609375 0.1109375 0.096875