5 0.55859375 0.48984375 0.109375 0.109375
3 0.478125 0.46171875 0.090625 0.0765625
3 0.4265625 0.5671875 0.0921875 0.0921875
3 0.34921875 0.5296875 0.0953125 0.071875
3 0.08359375 0.49921875 0.0890625 0.0890625
3 0.0828125 0.4328125 0.096875 0.065625
3 0.11328125 0.36484375 0.0796875 0.0765625
3 0.115625 0.26640625 0.0921875 0.09375
3 0.2046875 0.18203125 0.08125 0.08125
3 0.121875 0.07890625 0.096875 0.06875
3 0.18515625 0.040625 0.0828125 0.08125
3 0.31796875 0.08984375 0.1078125 0.0859375
3 0.16640625 0.46484375 0.0875 0.0875
3 0.25546875 0.45 0.0890625 0.075
3 0.28203125 0.478125 0.084375 0.084375
3 0.28671875 0.2984375 0.109375 0.071875
3 0.30234375 0.3625 0.1078125 0.075
3 0.4 0.4109375 0.08125 0.08125
3 0.39921875 0.3609375 0.08125 0.0796875
3 0.4296875 0.2046875 0.08125 0.08125
3 0.4671875 0.03671875 0.08125 0.0734375
3 0.46953125 0.3078125 0.1046875 0.071875
3 0.56875 0.35 0.1 0.08125
3 0.5640625 0.27265625 0.0875 0.0875
3 0.5453125 0.146875 0.0828125 0.0828125
3 0.60546875 0.2046875 0.0875 0.0875
3 0.634375 0.18125 0.084375 0.084375
3 0.69296875 0.23515625 0.0859375 0.0859375
3 0.82421875 0.10625 0.090625 0.071875
3 0.9015625 0.19296875 0.103125 0.0703125
3 0.94453125 0.05078125 0.0828125 0.0828125
3 0.778125 0.33046875 0.090625 0.0734375
3 0.75546875 0.3890625 0.078125 0.078125
3 0.72265625 0.459375 0.0953125 0.075
3 0.75078125 0.528125 0.1015625 0.075
3 0.8109375 0.4875 0.09375 0.075
3 0.88671875 0.36484375 0.090625 0.0640625
3 0.93125 0.41796875 0.0859375 0.0875
3 0.9296875 0.51640625 0.096875 0.0671875
3 0.9140625 0.7125 0.084375 0.084375
3 0.93515625 0.784375 0.0875 0.0875
3 0.61953125 0.5890625 0.084375 0.084375
3 0.77890625 0.6421875 0.0828125 0.0828125
3 0.725 0.7109375 0.11875 0.075
3 0.5734375 0.65859375 0.090625 0.090625
3 0.63515625 0.6578125 0.1046875 0.071875
3 0.11484375 0.6140625 0.0875 0.0890625
3 0.17890625 0.63046875 0.0859375 0.0859375
3 0.03984375 0.6578125 0.0765625 0.059375
3 0.14609375 0.68671875 0.096875 0.0734375
3 0.121875 0.75546875 0.0828125 0.0828125
3 0.10078125 0.82265625 0.0953125 0.0953125
3 0.11640625 0.909375 0.0796875 0.075
3 0.18984375 0.875 0.0875 0.0875
3 0.18515625 0.85546875 0.0859375 0.0859375
3 0.0546875 0.86875 0.096875 0.090625
3 0.28984375 0.7109375 0.0828125 0.05625
3 0.228125 0.784375 0.08125 0.08125
3 0.3015625 0.82734375 0.09375 0.09375
3 0.34921875 0.75625 0.0828125 0.08125
3 0.42890625 0.71640625 0.08125 0.08125
3 0.4359375 0.75 0.0859375 0.0859375
3 0.45859375 0.8203125 0.1046875 0.075
3 0.453125 0.93203125 0.0796875 0.08125
3 0.38125 0.9625 0.08125 0.075
3 0.53671875 0.8890625 0.0859375 0.084375
3 0.53125 0.7328125 0.09375 0.071875
3 0.6078125 0.80078125 0.103125 0.0703125
3 0.71953125 0.86796875 0.0796875 0.0796875
3 0.75 0.7984375 0.103125 0.075
3 0.828125 0.8375 0.075 0.075
3 0.90234375 0.96875 0.0984375 0.0625
3 0.8890625 0.9265625 0.09375 0.078125
3 0.83359375 0.90234375 0.09375 0.09375