2 0.4671875 0.09921875 0.075 0.075
2 0.578125 0.66015625 0.08125 0.08125
2 0.54453125 0.2953125 0.0875 0.0859375
2 0.4171875 0.1515625 0.084375 0.065625
2 0.06953125 0.52265625 0.0984375 0.0734375
2 0.0609375 0.65 0.08125 0.0625
2 0.4859375 0.25625 0.0765625 0.0765625
2 0.66171875 0.49140625 0.084375 0.084375
2 0.103125 0.3921875 0.08125 0.08125
2 0.871875 0.71484375 0.09375 0.0671875
2 0.78828125 0.353125 0.09375 0.0921875
2 0.859375 0.084375 0.0875 0.0875
2 0.37578125 0.55546875 0.0828125 0.0828125
2 0.85390625 0.80390625 0.0984375 0.075
2 0.94140625 0.1234375 0.0890625 0.090625
2 0.26796875 0.7578125 0.0890625 0.075
2 0.09609375 0.45625 0.0875 0.0875
2 0.1734375 0.68125 0.09375 0.071875
2 0.5015625 0.16953125 0.090625 0.0703125
2 0.725 0.696875 0.09375 0.075
2 0.88125 0.3875 0.0875 0.0875
2 0.6453125 0.140625 0.090625 0.06875
2 0.66875 0.06953125 0.08125 0.08125
2 0.50703125 0.3625 0.090625 0.0890625
2 0.56953125 0.1546875 0.0796875 0.078125
2 0.29765625 0.828125 0.103125 0.075
2 0.86875 0.8625 0.0859375 0.0859375
2 0.565625 0.4765625 0.0890625 0.0890625
2 0.34375 0.43671875 0.0875 0.0859375
2 0.30625 0.6078125 0.103125 0.08125
2 0.06484375 0.95390625 0.0984375 0.0828125
2 0.51484375 0.52109375 0.1 0.0734375
2 0.778125 0.42421875 0.090625 0.090625
2 0.70078125 0.22734375 0.1015625 0.0765625
2 0.2 0.43828125 0.08125 0.0734375
2 0.2328125 0.5828125 0.0890625 0.0890625
2 0.3921875 0.834375 0.09375 0.09375
2 0.6109375 0.5453125 0.096875 0.078125
2 0.38359375 0.4875 0.08125 0.08125
2 0.57890625 0.84140625 0.090625 0.090625
2 0.34140625 0.6640625 0.090625 0.0890625
2 0.7109375 0.10703125 0.090625 0.0734375
2 0.16484375 0.49765625 0.08125 0.08125
2 0.578125 0.890625 0.10625 0.075
2 0.2625 0.17265625 0.0875 0.065625
2 0.459375 0.47421875 0.09375 0.0828125
2 0.87890625 0.29921875 0.09375 0.09375
2 0.765625 0.65703125 0.09375 0.0921875
2 0.25625 0.46875 0.08125 0.090625
2 0.3109375 0.5171875 0.06875 0.084375
5 0.6625 0.615625 0.1 0.1
5 0.8546875 0.63125 0.11875 0.090625