3 0.48515625 0.40078125 0.0796875 0.0734375
3 0.0515625 0.5703125 0.1 0.078125
3 0.5921875 0.18125 0.1 0.0875
3 0.3703125 0.79296875 0.109375 0.0796875
3 0.17421875 0.765625 0.0765625 0.0765625
3 0.1484375 0.60625 0.109375 0.084375
3 0.37890625 0.06328125 0.08125 0.08125
3 0.06171875 0.390625 0.0921875 0.090625
3 0.11875 0.45 0.090625 0.090625
3 0.77109375 0.846875 0.096875 0.06875
3 0.80390625 0.67421875 0.0859375 0.0703125
3 0.77578125 0.778125 0.1140625 0.075
3 0.471875 0.8734375 0.103125 0.075
3 0.25546875 0.8921875 0.084375 0.0859375
3 0.49921875 0.20234375 0.0953125 0.0671875
3 0.7703125 0.09140625 0.1 0.0765625
3 0.3984375 0.5953125 0.090625 0.090625
3 0.4234375 0.44609375 0.10625 0.075
3 0.58828125 0.27734375 0.084375 0.084375
3 0.4234375 0.3453125 0.103125 0.078125
3 0.86953125 0.8921875 0.0984375 0.078125
3 0.91328125 0.49296875 0.0890625 0.0828125
3 0.303125 0.65546875 0.0875 0.0875
3 0.90625 0.9578125 0.096875 0.078125
3 0.6453125 0.909375 0.0859375 0.0859375
3 0.928125 0.85859375 0.09375 0.0734375
3 0.42421875 0.13359375 0.0859375 0.0859375
3 0.2046875 0.2828125 0.0875 0.0875
3 0.3375 0.49140625 0.075 0.0765625
3 0.32578125 0.2203125 0.0921875 0.09375
3 0.540625 0.69296875 0.090625 0.0890625
3 0.1578125 0.521875 0.1 0.078125
3 0.10234375 0.1296875 0.1046875 0.078125
3 0.27890625 0.75859375 0.0984375 0.0734375
3 0.425 0.29375 0.1 0.08125
3 0.24921875 0.48359375 0.0890625 0.0890625
3 0.334375 0.92890625 0.1 0.071875
3 0.77578125 0.2734375 0.1 0.075
3 0.8171875 0.56875 0.0828125 0.0828125
3 0.740625 0.30234375 0.1 0.0734375
3 0.7328125 0.1359375 0.090625 0.090625
3 0.75859375 0.6359375 0.08125 0.0796875
3 0.9109375 0.575 0.109375 0.075
3 0.84140625 0.434375 0.109375 0.075
3 0.80078125 0.45625 0.08125 0.08125
3 0.58984375 0.590625 0.075 0.075
3 0.23984375 0.834375 0.0984375 0.071875
3 0.04375 0.2234375 0.08125 0.071875
3 0.81640625 0.42109375 0.1015625 0.0734375
3 0.921875 0.45859375 0.1 0.0765625
3 0.29140625 0.4953125 0.0875 0.0859375
3 0.853125 0.509375 0.0875 0.0875