3 0.59921875 0.51484375 0.0734375 0.0796875
3 0.4296875 0.9484375 0.078125 0.1
3 0.81875 0.4078125 0.0875 0.1
3 0.20703125 0.6296875 0.09375 0.09375
3 0.234375 0.82578125 0.06875 0.084375
3 0.39375 0.8515625 0.096875 0.096875
3 0.93671875 0.62109375 0.0703125 0.0921875
3 0.609375 0.93828125 0.090625 0.0921875
3 0.55 0.88125 0.090625 0.090625
3 0.153125 0.22890625 0.0828125 0.0828125
3 0.32578125 0.19609375 0.0703125 0.0859375
3 0.221875 0.22421875 0.075 0.1140625
3 0.1265625 0.528125 0.075 0.103125
3 0.1078125 0.74453125 0.0859375 0.084375
3 0.79765625 0.50078125 0.0671875 0.0953125
3 0.90859375 0.2296875 0.0765625 0.1
3 0.4046875 0.6015625 0.090625 0.090625
3 0.55390625 0.5765625 0.075 0.10625
3 0.72265625 0.41171875 0.084375 0.084375
3 0.6546875 0.5765625 0.090625 0.090625
3 0.1078125 0.13046875 0.078125 0.0984375
3 0.50703125 0.08671875 0.0859375 0.0859375
3 0.34453125 0.696875 0.0765625 0.1
3 0.04296875 0.09453125 0.0859375 0.0859375
3 0.090625 0.3546875 0.06875 0.103125
3 0.14140625 0.071875 0.0734375 0.09375
3 0.86640625 0.57578125 0.0859375 0.0859375
3 0.7171875 0.7953125 0.0875 0.0875
3 0.50859375 0.6625 0.0765625 0.075
3 0.7796875 0.67421875 0.09375 0.0921875
3 0.30703125 0.459375 0.0765625 0.103125
3 0.478125 0.8421875 0.0890625 0.0890625
3 0.8703125 0.89765625 0.090625 0.090625
3 0.24140625 0.72109375 0.0859375 0.0859375
3 0.70625 0.575 0.090625 0.090625
3 0.51640625 0.75078125 0.0890625 0.0890625
3 0.07109375 0.665625 0.0859375 0.0859375
3 0.7265625 0.22421875 0.075 0.1
3 0.43125 0.1828125 0.06875 0.096875
3 0.69765625 0.259375 0.0875 0.0875
3 0.8640625 0.2671875 0.071875 0.109375
3 0.3640625 0.24140625 0.084375 0.0765625
3 0.425 0.0890625 0.090625 0.090625
3 0.565625 0.15859375 0.075 0.109375
3 0.54375 0.19921875 0.0625 0.1015625
3 0.409375 0.41015625 0.065625 0.0828125
3 0.165625 0.76015625 0.071875 0.0984375
3 0.7765625 0.95625 0.071875 0.08125
3 0.57890625 0.18359375 0.0875 0.0875
3 0.54140625 0.078125 0.0765625 0.1
3 0.5046875 0.70859375 0.0859375 0.0875
3 0.490625 0.146875 0.0875 0.0875