3 0.12578125 0.640625 0.0890625 0.090625
3 0.7921875 0.6640625 0.084375 0.084375
3 0.18984375 0.70390625 0.0953125 0.0765625
3 0.23203125 0.2859375 0.1109375 0.071875
3 0.6234375 0.35625 0.0890625 0.0875
3 0.140625 0.746875 0.0953125 0.0953125
3 0.21953125 0.4859375 0.1109375 0.078125
3 0.40703125 0.7109375 0.1046875 0.078125
3 0.2734375 0.5609375 0.096875 0.06875
3 0.371875 0.934375 0.090625 0.090625
3 0.8125 0.6046875 0.0875 0.06875
3 0.20078125 0.88671875 0.1078125 0.0796875
3 0.71171875 0.753125 0.090625 0.0890625
3 0.7296875 0.34296875 0.096875 0.0734375
3 0.5015625 0.215625 0.1 0.078125
3 0.70703125 0.5109375 0.0859375 0.059375
3 0.159375 0.3390625 0.0828125 0.0828125
3 0.51796875 0.93359375 0.0921875 0.0921875
3 0.4984375 0.0671875 0.0859375 0.0859375
3 0.89296875 0.575 0.090625 0.06875
3 0.25625 0.9265625 0.0734375 0.0734375
3 0.54609375 0.1703125 0.0828125 0.084375
3 0.72109375 0.528125 0.075 0.075
3 0.71171875 0.0921875 0.0984375 0.078125
3 0.15390625 0.56875 0.1109375 0.08125
3 0.51796875 0.371875 0.0828125 0.0828125
3 0.421875 0.35625 0.103125 0.075
3 0.309375 0.23515625 0.1 0.0859375
3 0.38984375 0.5078125 0.0921875 0.078125
3 0.2328125 0.803125 0.090625 0.090625
3 0.053125 0.69765625 0.0859375 0.0859375
6 0.7796875 0.1234375 0.140625 0.084375
6 0.72109375 0.4015625 0.0953125 0.096875
6 0.565625 0.5828125 0.1125 0.1125
6 0.55078125 0.86875 0.146875 0.10625
3 0.3671875 0.9125 0.06875 0.0703125
3 0.13515625 0.1171875 0.1015625 0.078125
3 0.1265625 0.190625 0.090625 0.0625
3 0.24453125 0.18984375 0.0921875 0.071875
3 0.43359375 0.26171875 0.0828125 0.0828125
3 0.0609375 0.35859375 0.090625 0.090625
3 0.1453125 0.25546875 0.078125 0.0640625
3 0.421875 0.30546875 0.075 0.075
3 0.5578125 0.40390625 0.0703125 0.06875
3 0.49453125 0.47421875 0.0828125 0.0828125
3 0.95078125 0.4234375 0.0828125 0.071875
3 0.509375 0.75078125 0.075 0.0734375
3 0.6390625 0.4375 0.06875 0.06875
3 0.6140625 0.50703125 0.0875 0.065625
3 0.503125 0.5359375 0.075 0.075
3 0.55859375 0.453125 0.078125 0.0796875
3 0.55390625 0.51015625 0.075 0.0765625
3 0.49609375 0.684375 0.084375 0.06875
3 0.5640625 0.6921875 0.075 0.075
3 0.51484375 0.80625 0.0859375 0.0625
3 0.33515625 0.5109375 0.0859375 0.065625
3 0.25234375 0.828125 0.0828125 0.06875