3 0.57890625 0.078125 0.0609375 0.084375
3 0.4578125 0.56953125 0.0734375 0.0734375
3 0.578125 0.546875 0.05625 0.08125
3 0.26875 0.47109375 0.059375 0.0828125
3 0.95 0.4984375 0.0625 0.084375
3 0.16171875 0.06640625 0.06875 0.06875
3 0.14375 0.91328125 0.0796875 0.08125
3 0.1765625 0.6453125 0.071875 0.071875
3 0.76171875 0.5875 0.05625 0.075
3 0.85 0.2515625 0.05625 0.08125
3 0.040625 0.6046875 0.059375 0.078125
3 0.6796875 0.6453125 0.06875 0.06875
3 0.3609375 0.48828125 0.084375 0.084375
3 0.6078125 0.36875 0.0796875 0.0796875
3 0.2265625 0.32265625 0.08125 0.0828125
3 0.4609375 0.7046875 0.075 0.084375
3 0.78125 0.69921875 0.08125 0.08125
3 0.80703125 0.196875 0.0734375 0.075
3 0.890625 0.75 0.090625 0.0890625
3 0.93359375 0.87734375 0.0671875 0.084375
3 0.390625 0.8296875 0.075 0.10625
3 0.65625 0.4890625 0.059375 0.078125
3 0.4390625 0.44609375 0.0875 0.0875
3 0.13671875 0.4390625 0.0828125 0.0828125
3 0.10703125 0.81640625 0.078125 0.078125
3 0.05546875 0.12421875 0.084375 0.084375
3 0.3171875 0.828125 0.059375 0.08125
3 0.509375 0.42734375 0.0625 0.0984375
3 0.84296875 0.646875 0.084375 0.084375
3 0.5296875 0.90546875 0.059375 0.0859375
3 0.1625 0.53203125 0.075 0.075
3 0.42578125 0.34609375 0.0640625 0.0859375
3 0.48125 0.3296875 0.0828125 0.0828125
3 0.9359375 0.58203125 0.0734375 0.071875
3 0.703125 0.15859375 0.0859375 0.0859375
3 0.465625 0.9609375 0.06875 0.06875
3 0.40859375 0.9234375 0.0578125 0.078125
3 0.225 0.7140625 0.06875 0.06875
3 0.7078125 0.48828125 0.065625 0.0953125
3 0.75078125 0.2734375 0.0796875 0.0796875
3 0.0421875 0.23828125 0.065625 0.0671875
3 0.25703125 0.815625 0.0671875 0.09375
3 0.646875 0.24140625 0.0625 0.0625
3 0.51640625 0.29453125 0.0703125 0.0953125
3 0.75390625 0.46484375 0.0703125 0.090625
3 0.346875 0.75234375 0.0828125 0.084375
3 0.89375 0.953125 0.06875 0.078125
3 0.578125 0.753125 0.075 0.078125
3 0.58984375 0.23984375 0.0546875 0.0921875
3 0.8578125 0.49921875 0.075 0.075
3 0.0375 0.7328125 0.075 0.078125
3 0.72734375 0.8109375 0.0703125 0.090625
3 0.12734375 0.23203125 0.0734375 0.084375
4 0.08984375 0.37734375 0.0734375 0.1140625
3 0.8171875 0.54375 0.0796875 0.0796875
3 0.10078125 0.76640625 0.071875 0.0703125
3 0.9578125 0.6921875 0.078125 0.0796875
3 0.0453125 0.3265625 0.065625 0.084375
3 0.7015625 0.24921875 0.05 0.0890625
3 0.46328125 0.04296875 0.0609375 0.084375
3 0.453125 0.875 0.0765625 0.0765625
3 0.8625 0.6140625 0.075 0.075
3 0.6890625 0.8171875 0.0625 0.0875
3 0.29375 0.34140625 0.1125 0.071875
6 0.8984375 0.2890625 0.0875 0.109375
3 0.753125 0.23203125 0.06875 0.06875
3 0.125 0.3109375 0.05625 0.071875
3 0.65703125 0.1890625 0.0515625 0.05625