3 0.2875 0.290625 0.09375 0.08125
3 0.7859375 0.62265625 0.0921875 0.090625
3 0.63515625 0.50546875 0.1046875 0.0671875
3 0.23359375 0.83125 0.1015625 0.06875
3 0.33828125 0.12109375 0.084375 0.084375
3 0.14609375 0.03515625 0.0953125 0.0609375
3 0.171875 0.71015625 0.1 0.0734375
2 0.1671875 0.215625 0.13125 0.09375
3 0.31640625 0.453125 0.0890625 0.090625
3 0.89765625 0.315625 0.0921875 0.09375
3 0.80390625 0.5171875 0.0921875 0.090625
3 0.240625 0.7640625 0.090625 0.071875
3 0.60390625 0.8046875 0.0984375 0.078125
3 0.88203125 0.43125 0.084375 0.084375
3 0.8609375 0.95859375 0.096875 0.0734375
3 0.31953125 0.6578125 0.1 0.0984375
3 0.834375 0.3671875 0.109375 0.075
3 0.1390625 0.803125 0.096875 0.075
3 0.67421875 0.6984375 0.1078125 0.084375
3 0.33515625 0.575 0.0984375 0.06875
3 0.63984375 0.371875 0.1109375 0.0875
3 0.77890625 0.94765625 0.078125 0.078125
3 0.0859375 0.75625 0.09375 0.075
3 0.7296875 0.1390625 0.0921875 0.0921875
3 0.92421875 0.50078125 0.1109375 0.0859375
3 0.3015625 0.9265625 0.103125 0.08125
3 0.703125 0.6234375 0.0828125 0.0828125
3 0.90390625 0.76484375 0.0875 0.0875
3 0.1515625 0.37421875 0.103125 0.0703125
3 0.54296875 0.1453125 0.1171875 0.08125
3 0.45625 0.22265625 0.0953125 0.096875
3 0.74375 0.40625 0.125 0.075
3 0.42734375 0.04375 0.0875 0.0875
3 0.4171875 0.6515625 0.103125 0.084375
3 0.8609375 0.75 0.0890625 0.0890625
3 0.0796875 0.3203125 0.090625 0.090625
3 0.5484375 0.38671875 0.096875 0.096875
3 0.07265625 0.45625 0.1015625 0.078125
3 0.815625 0.1765625 0.1 0.090625
3 0.646875 0.88125 0.103125 0.084375
3 0.93828125 0.928125 0.0828125 0.0828125
3 0.33984375 0.053125 0.096875 0.06875
3 0.296875 0.896875 0.09375 0.06875
3 0.253125 0.096875 0.0875 0.0859375
3 0.6703125 0.8171875 0.0890625 0.0890625
3 0.52734375 0.74375 0.1046875 0.078125
3 0.865625 0.56484375 0.096875 0.0984375
3 0.8859375 0.86796875 0.125 0.0703125
3 0.45390625 0.63828125 0.0984375 0.0734375
3 0.703125 0.153125 0.0890625 0.0890625
3 0.23046875 0.41171875 0.1078125 0.0765625
3 0.81875 0.86875 0.09375 0.0921875