3 0.2921875 0.728125 0.071875 0.071875
3 0.51796875 0.22421875 0.0703125 0.0703125
3 0.93359375 0.39453125 0.071875 0.071875
3 0.728125 0.7953125 0.0765625 0.0765625
3 0.76640625 0.1109375 0.078125 0.078125
3 0.1015625 0.8484375 0.08125 0.08125
3 0.3390625 0.08203125 0.078125 0.078125
3 0.1625 0.3078125 0.084375 0.059375
3 0.6765625 0.878125 0.084375 0.0625
3 0.33671875 0.33203125 0.0921875 0.0671875
3 0.06796875 0.04765625 0.0828125 0.0640625
3 0.5546875 0.6015625 0.075 0.075
3 0.5203125 0.87578125 0.090625 0.0609375
3 0.4984375 0.1328125 0.096875 0.059375
3 0.5953125 0.46640625 0.0796875 0.078125
3 0.6484375 0.62265625 0.078125 0.078125
3 0.7921875 0.62890625 0.078125 0.0796875
3 0.6359375 0.3921875 0.0734375 0.0734375
3 0.44765625 0.40390625 0.075 0.075
3 0.71796875 0.178125 0.0734375 0.0734375
3 0.38359375 0.4875 0.1 0.0625
3 0.4703125 0.3328125 0.103125 0.065625
3 0.9265625 0.709375 0.090625 0.06875
3 0.90703125 0.0515625 0.0828125 0.059375
3 0.4421875 0.72890625 0.09375 0.0609375
3 0.61328125 0.2390625 0.0671875 0.0671875
3 0.353125 0.82265625 0.0796875 0.08125
3 0.10546875 0.69921875 0.0734375 0.0734375
3 0.73671875 0.26875 0.0796875 0.05625
3 0.5359375 0.4328125 0.078125 0.0625
3 0.86015625 0.33515625 0.0859375 0.0546875
3 0.23671875 0.05078125 0.075 0.075
3 0.8734375 0.8328125 0.090625 0.059375
3 0.81640625 0.42109375 0.0859375 0.0609375
3 0.17421875 0.678125 0.0859375 0.0859375
3 0.471875 0.5609375 0.0875 0.071875
3 0.42890625 0.61328125 0.0875 0.0875
3 0.75078125 0.384375 0.078125 0.078125
3 0.359375 0.40546875 0.0703125 0.0703125
3 0.09375 0.9453125 0.075 0.075
3 0.24296875 0.259375 0.0765625 0.0765625
3 0.4890625 0.48359375 0.0703125 0.06875
3 0.30703125 0.52265625 0.0828125 0.0828125
3 0.4703125 0.65859375 0.075 0.0734375
3 0.22890625 0.6328125 0.0828125 0.065625
3 0.5265625 0.08828125 0.109375 0.0703125
3 0.20546875 0.5609375 0.0875 0.0875
3 0.3578125 0.659375 0.0796875 0.0796875
3 0.82734375 0.78671875 0.0796875 0.0515625
3 0.2046875 0.4328125 0.078125 0.059375
3 0.41796875 0.22265625 0.08125 0.0796875
3 0.8203125 0.3046875 0.096875 0.065625
3 0.62734375 0.9546875 0.0671875 0.0671875
3 0.58515625 0.72265625 0.0796875 0.0578125
3 0.6984375 0.03359375 0.09375 0.0671875
3 0.36953125 0.2265625 0.0765625 0.075
3 0.67265625 0.21875 0.084375 0.0625
3 0.67890625 0.48125 0.0796875 0.0796875
3 0.29140625 0.25 0.075 0.075
3 0.32578125 0.57265625 0.090625 0.065625
3 0.9578125 0.140625 0.078125 0.078125
3 0.765625 0.44609375 0.1 0.0703125
3 0.21015625 0.50703125 0.0921875 0.0671875
3 0.534375 0.69296875 0.103125 0.0859375
3 0.28984375 0.6484375 0.0625 0.0640625
6 0.6171875 0.12265625 0.06875 0.0578125
3 0.62265625 0.1546875 0.0796875 0.040625
3 0.03203125 0.309375 0.0640625 0.06875
3 0.23984375 0.96953125 0.0859375 0.0578125