3 0.82578125 0.709375 0.09375 0.0921875
3 0.61796875 0.9078125 0.0890625 0.06875
3 0.903125 0.64609375 0.0875 0.0671875
3 0.578125 0.6359375 0.0875 0.0625
3 0.740625 0.18515625 0.09375 0.0734375
3 0.39296875 0.959375 0.0921875 0.06875
3 0.23984375 0.36484375 0.1078125 0.0796875
3 0.65703125 0.690625 0.0828125 0.0625
3 0.87890625 0.9 0.0859375 0.065625
3 0.465625 0.45078125 0.071875 0.0734375
3 0.74296875 0.79140625 0.0890625 0.0890625
3 0.81796875 0.60234375 0.0875 0.0890625
3 0.62578125 0.5625 0.084375 0.084375
3 0.5609375 0.3453125 0.09375 0.09375
3 0.79921875 0.5125 0.0703125 0.0703125
3 0.51953125 0.95625 0.0859375 0.084375
3 0.13671875 0.56328125 0.0765625 0.0765625
3 0.165625 0.165625 0.0734375 0.0734375
3 0.79453125 0.34140625 0.071875 0.071875
3 0.59375 0.24765625 0.090625 0.0921875
3 0.9046875 0.23125 0.0765625 0.0765625
3 0.3109375 0.309375 0.0828125 0.0828125
3 0.11484375 0.86328125 0.0984375 0.0984375
3 0.6984375 0.2609375 0.071875 0.071875
3 0.878125 0.16796875 0.0765625 0.078125
3 0.71953125 0.55625 0.0875 0.0875
3 0.35 0.11640625 0.078125 0.075
3 0.53046875 0.1234375 0.078125 0.078125
3 0.63046875 0.121875 0.0875 0.0859375
3 0.17578125 0.60703125 0.0765625 0.0671875
3 0.19765625 0.953125 0.1140625 0.084375
3 0.3625 0.59765625 0.084375 0.0859375
3 0.85234375 0.0515625 0.078125 0.0796875
3 0.3265625 0.246875 0.090625 0.090625
3 0.80546875 0.2703125 0.1078125 0.071875
3 0.48984375 0.69296875 0.1015625 0.0890625
3 0.07578125 0.16484375 0.0828125 0.0828125
3 0.959375 0.8625 0.08125 0.075
3 0.68203125 0.9703125 0.0921875 0.059375
3 0.05234375 0.91171875 0.0921875 0.071875
3 0.278125 0.603125 0.08125 0.084375
6 0.4671875 0.58515625 0.115625 0.0953125