3 0.221875 0.46953125 0.075 0.075
3 0.3625 0.1015625 0.0625 0.09375
3 0.2875 0.41640625 0.078125 0.078125
3 0.1828125 0.5703125 0.065625 0.078125
3 0.128125 0.64609375 0.04375 0.0890625
3 0.47890625 0.71171875 0.075 0.075
3 0.21875 0.3828125 0.0625 0.08125
3 0.8546875 0.8515625 0.078125 0.0765625
3 0.4390625 0.109375 0.08125 0.08125
3 0.41171875 0.2203125 0.0734375 0.0734375
3 0.33671875 0.1890625 0.078125 0.0796875
3 0.7890625 0.8953125 0.075 0.075
3 0.9578125 0.30859375 0.0671875 0.065625
3 0.21328125 0.83046875 0.08125 0.08125
3 0.2390625 0.93046875 0.059375 0.0984375
3 0.3203125 0.7671875 0.059375 0.096875
3 0.315625 0.89609375 0.0625 0.0859375
3 0.91015625 0.4 0.078125 0.078125
3 0.078125 0.3546875 0.05625 0.078125
3 0.484375 0.3 0.05625 0.08125
3 0.25625 0.56171875 0.0765625 0.0765625
3 0.721875 0.25390625 0.0625 0.0671875
3 0.1015625 0.2640625 0.0625 0.090625
3 0.60546875 0.35859375 0.0765625 0.075
3 0.915625 0.17109375 0.0625 0.078125
3 0.21875 0.29140625 0.0703125 0.0703125
3 0.134375 0.17265625 0.0671875 0.0671875
3 0.59375 0.67734375 0.06875 0.0859375
3 0.9484375 0.471875 0.0703125 0.0703125
3 0.2484375 0.06015625 0.0734375 0.071875
3 0.3828125 0.8625 0.065625 0.0875
3 0.6546875 0.40859375 0.059375 0.059375
3 0.4703125 0.19296875 0.059375 0.0828125
3 0.83203125 0.63984375 0.071875 0.0734375
3 0.53359375 0.16953125 0.0640625 0.0828125
3 0.75078125 0.1265625 0.0796875 0.084375
3 0.49453125 0.47734375 0.0796875 0.0796875
3 0.8546875 0.25546875 0.065625 0.0796875
3 0.3546875 0.50546875 0.053125 0.0765625
3 0.30078125 0.72265625 0.0796875 0.1046875
3 0.28125 0.3171875 0.059375 0.065625
3 0.71640625 0.5796875 0.0640625 0.0640625
3 0.87265625 0.32734375 0.0671875 0.0671875
3 0.78125 0.571875 0.0703125 0.0703125
3 0.64375 0.16484375 0.0625 0.0875
3 0.55 0.7859375 0.075 0.071875
3 0.39375 0.33359375 0.065625 0.0921875
3 0.48515625 0.07578125 0.0609375 0.0703125
3 0.66484375 0.759375 0.0546875 0.0875
3 0.81171875 0.8015625 0.078125 0.078125
3 0.4359375 0.43515625 0.0765625 0.078125
3 0.68046875 0.17265625 0.0640625 0.1015625
3 0.66953125 0.36484375 0.065625 0.065625
3 0.221875 0.64453125 0.0625 0.0890625
3 0.56953125 0.44453125 0.0625 0.0625
3 0.5640625 0.93671875 0.071875 0.071875
3 0.25625 0.19921875 0.078125 0.078125
3 0.4984375 0.3828125 0.053125 0.08125
3 0.928125 0.61484375 0.06875 0.0890625
3 0.390625 0.5078125 0.0734375 0.0734375
3 0.075 0.59296875 0.05625 0.0859375
3 0.63671875 0.07421875 0.075 0.075
3 0.846875 0.94140625 0.06875 0.0828125
3 0.9140625 0.79296875 0.075 0.075
3 0.48125 0.91875 0.071875 0.071875
3 0.746875 0.36875 0.0734375 0.0734375
3 0.32421875 0.27890625 0.0765625 0.0765625
3 0.621875 0.82265625 0.0734375 0.071875
3 0.1796875 0.74296875 0.0765625 0.0765625
3 0.5515625 0.11640625 0.0671875 0.0671875
3 0.40546875 0.63359375 0.0578125 0.0859375
3 0.671875 0.07734375 0.075 0.075
3 0.703125 0.46796875 0.0765625 0.0765625
3 0.20546875 0.14765625 0.0515625 0.078125
3 0.178125 0.8859375 0.0734375 0.0734375
3 0.85 0.07734375 0.0625 0.0546875
3 0.8265625 0.43515625 0.0625 0.0625
3 0.5546875 0.29921875 0.075 0.075
3 0.5953125 0.85390625 0.059375 0.0890625
3 0.28359375 0.5046875 0.06875 0.06875
3 0.71875 0.6734375 0.06875 0.075
3 0.6734375 0.915625 0.0703125 0.0703125
3 0.103125 0.89765625 0.065625 0.0765625
3 0.71640625 0.95546875 0.0765625 0.0796875
3 0.3375 0.615625 0.0625 0.08125
3 0.6703125 0.64140625 0.078125 0.078125
3 0.36875 0.70703125 0.0625 0.0796875
3 0.9203125 0.709375 0.059375 0.078125
3 0.79375 0.30078125 0.053125 0.0703125
3 0.45703125 0.5671875 0.0515625 0.084375
3 0.39921875 0.91796875 0.075 0.075
3 0.34296875 0.378125 0.084375 0.084375
3 0.6171875 0.76796875 0.08125 0.0796875
3 0.06484375 0.1484375 0.0765625 0.096875
3 0.60390625 0.17109375 0.0515625 0.078125
3 0.08984375 0.79609375 0.0828125 0.0828125
6 0.77578125 0.47265625 0.0734375 0.0984375
3 0.1296875 0.09296875 0.0703125 0.0703125
3 0.8375 0.15078125 0.06875 0.06875
3 0.41484375 0.78359375 0.075 0.075
3 0.828125 0.7296875 0.065625 0.0875
3 0.12265625 0.4859375 0.0578125 0.090625
3 0.82109375 0.54921875 0.06875 0.06875
3 0.63671875 0.5796875 0.0765625 0.075
3 0.6359375 0.27265625 0.065625 0.0671875
3 0.05078125 0.440625 0.08125 0.08125
3 0.8609375 0.546875 0.0625 0.075
3 0.8890625 0.95078125 0.0609375 0.0609375
3 0.871875 0.9578125 0.06875 0.06875
3 0.9171875 0.9484375 0.059375 0.078125
3 0.94609375 0.95859375 0.0609375 0.0734375
3 0.63046875 0.95703125 0.06875 0.06875
3 0.64375 0.9265625 0.0640625 0.0640625
3 0.7390625 0.9375 0.071875 0.090625
3 0.05625 0.9515625 0.071875 0.071875
3 0.07890625 0.8203125 0.0625 0.059375
3 0.16328125 0.77578125 0.053125 0.084375
3 0.15625 0.740625 0.059375 0.08125
3 0.05234375 0.79765625 0.0671875 0.0671875
3 0.48359375 0.59296875 0.0609375 0.0859375
3 0.4984375 0.425 0.075 0.075
3 0.7390625 0.709375 0.0765625 0.0765625
3 0.6734375 0.72421875 0.0703125 0.071875
3 0.6453125 0.83046875 0.0671875 0.065625
3 0.16640625 0.9265625 0.06875 0.06875
3 0.14765625 0.64453125 0.065625 0.065625
3 0.184375 0.54296875 0.0640625 0.0640625
3 0.08125 0.4 0.075 0.075
3 0.06015625 0.55625 0.0765625 0.0765625
3 0.115625 0.53671875 0.065625 0.0640625
3 0.08359375 0.4484375 0.0578125 0.084375
3 0.36796875 0.421875 0.0765625 0.075
3 0.43125 0.3828125 0.0625 0.071875
3 0.45859375 0.2984375 0.078125 0.078125
3 0.46953125 0.2765625 0.065625 0.065625
3 0.284375 0.2875 0.075 0.075
3 0.2984375 0.06796875 0.0625 0.0640625
3 0.36171875 0.0765625 0.0515625 0.078125
3 0.56796875 0.12421875 0.0703125 0.0765625
3 0.79921875 0.2171875 0.053125 0.078125
3 0.959375 0.64453125 0.065625 0.0734375
3 0.32421875 0.59296875 0.0578125 0.0859375
3 0.96796875 0.51796875 0.0640625 0.0671875
3 0.8828125 0.52421875 0.059375 0.0859375
3 0.784375 0.37890625 0.059375 0.071875
3 0.9265625 0.75078125 0.06875 0.06875
3 0.8984375 0.740625 0.059375 0.084375
3 0.85546875 0.728125 0.0703125 0.071875
3 0.8765625 0.6453125 0.0703125 0.071875
3 0.578125 0.47109375 0.05625 0.0734375
3 0.8796875 0.56953125 0.053125 0.0765625
3 0.8421875 0.509375 0.065625 0.078125
3 0.93828125 0.309375 0.0546875 0.078125
3 0.82109375 0.3984375 0.0625 0.084375
3 0.9203125 0.21328125 0.0625 0.0734375
3 0.77265625 0.26953125 0.0859375 0.0859375
3 0.7625 0.390625 0.05625 0.0625
3 0.7078125 0.51796875 0.0671875 0.0671875
3 0.640625 0.4359375 0.05625 0.06875
3 0.728125 0.5015625 0.065625 0.0640625
3 0.6046875 0.57265625 0.06875 0.0671875
3 0.56484375 0.49296875 0.0703125 0.0703125
3 0.57578125 0.56015625 0.0671875 0.0671875
3 0.54921875 0.54609375 0.04375 0.078125
3 0.871875 0.353125 0.05 0.059375
3 0.7859375 0.2765625 0.0625 0.08125
3 0.559375 0.25859375 0.0625 0.1109375
3 0.48671875 0.671875 0.0703125 0.0703125
3 0.4015625 0.59140625 0.059375 0.0890625
3 0.14140625 0.05625 0.0734375 0.071875
3 0.19609375 0.19765625 0.0578125 0.090625
3 0.321875 0.55703125 0.059375 0.0828125
3 0.25 0.6328125 0.065625 0.078125
3 0.190625 0.91875 0.06875 0.071875
3 0.4609375 0.9140625 0.059375 0.071875
3 0.32109375 0.87109375 0.075 0.075
3 0.56953125 0.9109375 0.0578125 0.084375
3 0.39375 0.7328125 0.0734375 0.0734375
3 0.49765625 0.603125 0.071875 0.071875
3 0.28203125 0.13359375 0.078125 0.1078125
3 0.84375 0.2296875 0.0765625 0.0765625
3 0.6125 0.2578125 0.0625 0.0625
3 0.63125 0.24609375 0.071875 0.0703125
3 0.4546875 0.20859375 0.071875 0.071875
3 0.03828125 0.2125 0.0765625 0.0765625
3 0.03125 0.1109375 0.0625 0.0625
3 0.03203125 0.059375 0.0609375 0.06875
3 0.1078125 0.14765625 0.071875 0.0828125
3 0.03203125 0.4734375 0.0640625 0.075
3 0.625 0.68125 0.065625 0.065625
3 0.4390625 0.86640625 0.0484375 0.0828125
3 0.43046875 0.94765625 0.0625 0.0625
3 0.3734375 0.94140625 0.0734375 0.075
3 0.18515625 0.153125 0.06875 0.06875
3 0.24375 0.2984375 0.0734375 0.0734375
3 0.6140625 0.12890625 0.0828125 0.0828125
3 0.4109375 0.034375 0.0625 0.0625