3 0.59375 0.59453125 0.096875 0.0703125
3 0.75546875 0.2203125 0.0984375 0.071875
3 0.21875 0.15234375 0.09375 0.0703125
3 0.253125 0.91484375 0.08125 0.0703125
3 0.8484375 0.1515625 0.103125 0.078125
3 0.5171875 0.109375 0.0828125 0.0828125
3 0.42578125 0.1953125 0.1015625 0.075
4 0.70234375 0.3140625 0.1046875 0.078125
3 0.7953125 0.08125 0.103125 0.0625
3 0.9328125 0.72578125 0.0796875 0.0796875
3 0.57578125 0.20625 0.0859375 0.084375
3 0.85625 0.34296875 0.08125 0.08125
3 0.50234375 0.7890625 0.084375 0.0859375
4 0.4625 0.3296875 0.0921875 0.0921875
3 0.17109375 0.27109375 0.103125 0.0796875
3 0.340625 0.90234375 0.09375 0.0765625
3 0.75703125 0.57265625 0.0890625 0.0890625
3 0.5546875 0.378125 0.090625 0.090625
3 0.58125 0.73671875 0.109375 0.0703125
3 0.103125 0.32109375 0.090625 0.090625
3 0.11796875 0.41953125 0.096875 0.0765625
3 0.9515625 0.4953125 0.090625 0.071875
3 0.28515625 0.26875 0.0875 0.0875
3 0.0953125 0.6203125 0.08125 0.08125
4 0.3046875 0.40546875 0.103125 0.0828125
3 0.87421875 0.534375 0.0984375 0.0875
3 0.39453125 0.49140625 0.0890625 0.0703125
3 0.21640625 0.41796875 0.090625 0.0890625
3 0.80625 0.8765625 0.0875 0.059375
3 0.728125 0.4734375 0.078125 0.109375
3 0.94921875 0.065625 0.0921875 0.084375
3 0.17421875 0.9125 0.084375 0.084375
3 0.88359375 0.75703125 0.0859375 0.0859375
3 0.35078125 0.3515625 0.0859375 0.065625
3 0.7984375 0.92578125 0.096875 0.0578125