3 0.65390625 0.51015625 0.0921875 0.0703125
3 0.37578125 0.859375 0.0796875 0.078125
3 0.7140625 0.2859375 0.090625 0.071875
3 0.478125 0.36640625 0.0765625 0.078125
3 0.45390625 0.15 0.078125 0.078125
3 0.053125 0.17265625 0.0828125 0.084375
3 0.46328125 0.95 0.0875 0.071875
3 0.0515625 0.909375 0.06875 0.06875
3 0.37109375 0.2125 0.071875 0.071875
3 0.93515625 0.85390625 0.08125 0.08125
3 0.63984375 0.60078125 0.0703125 0.0703125
3 0.90078125 0.7359375 0.0703125 0.0703125
3 0.50234375 0.65859375 0.08125 0.08125
3 0.3171875 0.07421875 0.06875 0.06875
3 0.6765625 0.778125 0.0671875 0.0671875
3 0.82109375 0.3578125 0.0890625 0.065625
3 0.22421875 0.75859375 0.078125 0.0703125
3 0.12265625 0.24140625 0.0703125 0.0703125
3 0.90703125 0.10390625 0.0671875 0.0671875
3 0.6296875 0.26953125 0.090625 0.06875
3 0.1 0.1703125 0.090625 0.071875
3 0.35390625 0.58671875 0.075 0.075
3 0.84921875 0.2859375 0.084375 0.071875
3 0.1609375 0.58828125 0.0828125 0.084375
3 0.83046875 0.1421875 0.0921875 0.065625
3 0.19296875 0.76953125 0.0734375 0.0734375
3 0.18203125 0.70546875 0.0828125 0.0609375
3 0.5734375 0.10234375 0.075 0.0640625
6 0.84453125 0.8421875 0.084375 0.084375
3 0.18359375 0.16796875 0.065625 0.065625
3 0.1078125 0.3046875 0.08125 0.08125
3 0.46015625 0.79375 0.0890625 0.075
3 0.1015625 0.859375 0.065625 0.065625
3 0.4796875 0.7578125 0.0734375 0.0734375
3 0.25234375 0.184375 0.075 0.075
3 0.06015625 0.6953125 0.0953125 0.071875
3 0.32578125 0.396875 0.0765625 0.06875
3 0.75078125 0.4515625 0.075 0.075
3 0.6453125 0.0875 0.075 0.075
3 0.78828125 0.5671875 0.0921875 0.059375
3 0.684375 0.346875 0.071875 0.0625
3 0.26015625 0.11953125 0.0921875 0.0765625
3 0.71640625 0.059375 0.0859375 0.05625
3 0.68828125 0.640625 0.071875 0.0703125
3 0.3796875 0.115625 0.0734375 0.0734375
3 0.19921875 0.2625 0.0890625 0.06875
3 0.2890625 0.8921875 0.0875 0.06875
3 0.2171875 0.40546875 0.084375 0.0640625
3 0.73984375 0.11171875 0.0703125 0.071875
3 0.321875 0.309375 0.078125 0.078125
3 0.7203125 0.87421875 0.0734375 0.0734375
3 0.59140625 0.8671875 0.0734375 0.059375
3 0.58671875 0.17265625 0.0625 0.0625
3 0.2296875 0.8265625 0.065625 0.065625
3 0.60859375 0.765625 0.0578125 0.059375
3 0.19609375 0.08671875 0.0859375 0.0671875
3 0.084375 0.4140625 0.08125 0.065625
3 0.89296875 0.45546875 0.0828125 0.0828125
3 0.17734375 0.86484375 0.0703125 0.0484375
3 0.603125 0.91875 0.0703125 0.0703125
3 0.2828125 0.3796875 0.0703125 0.0703125
3 0.875 0.92421875 0.06875 0.05
6 0.5203125 0.13828125 0.0875 0.065625
3 0.61953125 0.95546875 0.0796875 0.0546875
3 0.75390625 0.54296875 0.0625 0.0609375
3 0.046875 0.6328125 0.071875 0.059375
3 0.746875 0.165625 0.06875 0.06875
3 0.54375 0.80546875 0.0671875 0.065625
3 0.1140625 0.04375 0.078125 0.078125
3 0.8203125 0.95703125 0.071875 0.0484375
3 0.89921875 0.43828125 0.0671875 0.0578125
3 0.8453125 0.77109375 0.078125 0.0578125
3 0.86640625 0.490625 0.0984375 0.06875
3 0.0921875 0.0390625 0.08125 0.078125
3 0.85859375 0.58515625 0.078125 0.0765625
3 0.9578125 0.35390625 0.075 0.075
3 0.6390625 0.8296875 0.075 0.075
3 0.6859375 0.73203125 0.065625 0.065625
3 0.91875 0.27421875 0.0703125 0.0703125
3 0.81640625 0.41796875 0.090625 0.0484375
3 0.61171875 0.2234375 0.0703125 0.05
3 0.4046875 0.0265625 0.071875 0.053125
3 0.21796875 0.296875 0.0671875 0.0671875
3 0.2375 0.9640625 0.084375 0.059375
3 0.65390625 0.8640625 0.0859375 0.06875
3 0.8734375 0.2234375 0.06875 0.06875
3 0.84140625 0.52578125 0.0875 0.05625
3 0.78984375 0.5171875 0.0765625 0.0625
3 0.0671875 0.7234375 0.075 0.059375
3 0.103125 0.371875 0.065625 0.05