3 0.9125 0.8453125 0.096875 0.071875
3 0.2390625 0.55546875 0.084375 0.084375
3 0.7234375 0.48671875 0.090625 0.0671875
3 0.1859375 0.234375 0.0875 0.071875
3 0.3125 0.846875 0.08125 0.08125
3 0.23359375 0.16875 0.08125 0.08125
3 0.75859375 0.06171875 0.0921875 0.0671875
3 0.371875 0.78203125 0.078125 0.078125
3 0.4875 0.171875 0.0859375 0.0859375
3 0.7828125 0.3625 0.075 0.0765625
3 0.31328125 0.1109375 0.075 0.075
3 0.10078125 0.23125 0.0671875 0.0671875
3 0.2828125 0.2484375 0.0671875 0.0671875
3 0.50859375 0.86953125 0.071875 0.071875
3 0.0859375 0.07734375 0.084375 0.084375
3 0.784375 0.7671875 0.075 0.075
3 0.82734375 0.196875 0.0796875 0.08125
3 0.6890625 0.3890625 0.115625 0.071875
3 0.246875 0.778125 0.1 0.08125
3 0.2171875 0.0828125 0.0875 0.075
3 0.5515625 0.703125 0.0796875 0.0796875
3 0.51796875 0.56328125 0.0890625 0.065625
3 0.14921875 0.40390625 0.090625 0.090625
3 0.0921875 0.47265625 0.090625 0.0640625
3 0.4953125 0.74140625 0.078125 0.078125
3 0.1390625 0.13984375 0.071875 0.0609375
3 0.84921875 0.6875 0.0796875 0.0796875
3 0.38046875 0.05234375 0.1265625 0.0640625
3 0.1546875 0.91328125 0.096875 0.0640625
3 0.94296875 0.5078125 0.0859375 0.059375
3 0.47578125 0.09296875 0.0921875 0.0671875
3 0.61640625 0.35390625 0.071875 0.071875
3 0.40703125 0.19140625 0.090625 0.0609375
3 0.6015625 0.6546875 0.0734375 0.0734375
3 0.7453125 0.6921875 0.078125 0.078125
3 0.1859375 0.7109375 0.09375 0.065625
3 0.6453125 0.53203125 0.09375 0.0609375
3 0.05234375 0.78046875 0.0921875 0.0703125
3 0.21796875 0.653125 0.0984375 0.065625
3 0.8234375 0.559375 0.1 0.06875
3 0.31796875 0.6046875 0.084375 0.0828125
3 0.2171875 0.8671875 0.08125 0.08125
3 0.7328125 0.3015625 0.065625 0.065625
3 0.678125 0.6046875 0.0734375 0.0734375
3 0.04453125 0.303125 0.0765625 0.075
3 0.1484375 0.60234375 0.084375 0.0828125
3 0.2796875 0.44296875 0.1 0.0640625
3 0.91484375 0.075 0.0796875 0.065625
3 0.73984375 0.8390625 0.084375 0.065625
3 0.9125 0.4171875 0.084375 0.084375
3 0.6671875 0.8609375 0.084375 0.084375
3 0.6734375 0.93203125 0.0859375 0.0859375
3 0.77578125 0.4359375 0.075 0.0765625
3 0.2234375 0.38046875 0.0796875 0.078125
3 0.90859375 0.3421875 0.0671875 0.065625
3 0.32421875 0.52265625 0.0828125 0.0671875
3 0.390625 0.5625 0.065625 0.06875
3 0.07734375 0.653125 0.0984375 0.059375
3 0.57578125 0.1296875 0.0875 0.065625
3 0.6828125 0.109375 0.084375 0.075
3 0.1265625 0.81875 0.090625 0.06875
3 0.72109375 0.21171875 0.08125 0.08125
3 0.87421875 0.7890625 0.084375 0.065625
3 0.32890625 0.91015625 0.0796875 0.0796875
3 0.29296875 0.6796875 0.071875 0.053125
3 0.45234375 0.5515625 0.0671875 0.0625
3 0.32890625 0.3625 0.071875 0.0734375
3 0.17734375 0.50703125 0.0828125 0.0828125
3 0.290625 0.3203125 0.09375 0.065625
3 0.78203125 0.88828125 0.065625 0.065625
3 0.59296875 0.24375 0.0921875 0.065625
3 0.75703125 0.65390625 0.078125 0.078125
3 0.684375 0.68984375 0.096875 0.0671875
3 0.409375 0.703125 0.0828125 0.08125
3 0.3921875 0.63671875 0.071875 0.0640625
3 0.603125 0.06875 0.0765625 0.0765625
3 0.0703125 0.56015625 0.078125 0.0609375
3 0.85234375 0.94296875 0.090625 0.05
3 0.134375 0.33515625 0.1125 0.065625
3 0.95234375 0.67578125 0.0890625 0.0671875
3 0.50859375 0.6171875 0.0734375 0.075
3 0.60859375 0.45546875 0.0921875 0.0921875
3 0.56171875 0.93984375 0.06875 0.06875
3 0.82265625 0.125 0.0859375 0.05625
3 0.8546875 0.4125 0.0828125 0.0828125
3 0.8453125 0.4921875 0.09375 0.071875
3 0.534375 0.7953125 0.0578125 0.0578125
3 0.90546875 0.14453125 0.0796875 0.078125
3 0.7734375 0.9515625 0.071875 0.071875
3 0.93203125 0.6296875 0.0953125 0.065625
3 0.17265625 0.3109375 0.1 0.071875
3 0.55703125 0.31171875 0.078125 0.078125
3 0.821875 0.44609375 0.0734375 0.071875
3 0.7265625 0.58125 0.084375 0.075
3 0.62734375 0.278125 0.0921875 0.065625
3 0.66875 0.296875 0.096875 0.0625
3 0.08671875 0.728125 0.078125 0.078125
3 0.42734375 0.9625 0.0796875 0.075
3 0.115625 0.625 0.084375 0.06875
3 0.46328125 0.6453125 0.078125 0.0765625
3 0.69453125 0.76796875 0.071875 0.071875
3 0.403125 0.37421875 0.078125 0.078125
3 0.4984375 0.4734375 0.084375 0.084375
3 0.7796875 0.29921875 0.0796875 0.08125
3 0.87109375 0.28125 0.084375 0.0859375
3 0.93359375 0.034375 0.0734375 0.06875
3 0.87265625 0.1703125 0.0859375 0.05625
3 0.4875 0.3828125 0.1125 0.059375
3 0.871875 0.91484375 0.0625 0.0671875
3 0.56875 0.49453125 0.09375 0.071875
3 0.596875 0.19921875 0.0875 0.0734375
3 0.8765625 0.55390625 0.0875 0.0875
3 0.61640625 0.8640625 0.0921875 0.059375
4 0.6140625 0.78828125 0.0890625 0.0890625
6 0.48046875 0.4140625 0.09375 0.09375
3 0.55625 0.96328125 0.071875 0.0546875
3 0.8953125 0.6203125 0.090625 0.059375
3 0.8765625 0.325 0.0734375 0.0734375
3 0.89765625 0.253125 0.071875 0.071875
3 0.77734375 0.134375 0.0953125 0.059375
3 0.63203125 0.103125 0.0921875 0.0625
3 0.58125 0.04296875 0.075 0.0734375
3 0.55078125 0.16875 0.084375 0.0625
3 0.50546875 0.08046875 0.0625 0.0625
3 0.61640625 0.553125 0.0796875 0.05
3 0.73671875 0.2328125 0.0734375 0.0734375
3 0.53515625 0.3296875 0.0671875 0.065625
3 0.48046875 0.33125 0.071875 0.0734375
3 0.365625 0.36875 0.071875 0.071875
3 0.33125 0.43828125 0.071875 0.071875
3 0.359375 0.92578125 0.0703125 0.071875
3 0.1953125 0.903125 0.0765625 0.0765625
3 0.28515625 0.7046875 0.1203125 0.065625
3 0.35078125 0.62578125 0.0796875 0.0609375
3 0.6546875 0.6203125 0.078125 0.053125
3 0.81015625 0.96796875 0.0671875 0.0640625
3 0.9328125 0.771875 0.084375 0.05625
3 0.10859375 0.15 0.0828125 0.05625
3 0.0765625 0.2484375 0.090625 0.059375
3 0.046875 0.5953125 0.0578125 0.0578125
3 0.2953125 0.221875 0.06875 0.05