3 0.80625 0.85703125 0.103125 0.0796875
3 0.4671875 0.2203125 0.115625 0.078125
3 0.33671875 0.20625 0.090625 0.090625
3 0.634375 0.446875 0.103125 0.084375
3 0.05546875 0.13125 0.0921875 0.09375
3 0.68046875 0.828125 0.096875 0.0953125
3 0.34375 0.309375 0.0875 0.08125
3 0.5921875 0.72109375 0.0953125 0.0953125
3 0.8109375 0.3890625 0.09375 0.09375
3 0.75 0.10078125 0.1 0.0859375
3 0.128125 0.959375 0.0875 0.08125
3 0.1703125 0.21015625 0.1 0.0765625
3 0.15390625 0.54296875 0.096875 0.0890625
3 0.909375 0.6953125 0.09375 0.078125
3 0.44765625 0.72109375 0.0921875 0.09375
3 0.58984375 0.6765625 0.096875 0.096875
3 0.3578125 0.7953125 0.0953125 0.0953125
3 0.43671875 0.4859375 0.1234375 0.071875
3 0.8140625 0.67890625 0.1 0.0828125
3 0.521875 0.37578125 0.0921875 0.0921875
6 0.76640625 0.62734375 0.10625 0.10625
3 0.76953125 0.728125 0.0921875 0.0921875
3 0.634375 0.93046875 0.0953125 0.0953125
3 0.475 0.7921875 0.090625 0.090625
3 0.04296875 0.49765625 0.0859375 0.0859375
3 0.26875 0.3546875 0.090625 0.090625
3 0.24140625 0.04765625 0.0953125 0.0953125
3 0.1515625 0.671875 0.0984375 0.1
3 0.16875 0.35546875 0.090625 0.090625
3 0.7359375 0.49765625 0.096875 0.096875
3 0.49296875 0.62734375 0.1046875 0.065625
3 0.7171875 0.78359375 0.0796875 0.0796875
3 0.8921875 0.24921875 0.078125 0.1
3 0.62890625 0.075 0.0984375 0.096875
3 0.06484375 0.21484375 0.096875 0.08125
3 0.13046875 0.87421875 0.09375 0.09375
3 0.86796875 0.8515625 0.090625 0.090625
3 0.81328125 0.4859375 0.084375 0.0859375
3 0.484375 0.665625 0.1125 0.06875
3 0.865625 0.603125 0.1 0.0953125
3 0.43828125 0.4203125 0.103125 0.078125
3 0.21640625 0.65546875 0.0875 0.0875
3 0.8875 0.14140625 0.065625 0.1140625
3 0.853125 0.08203125 0.1046875 0.1046875