3 0.80625 0.14296875 0.103125 0.0796875
3 0.4671875 0.7796875 0.115625 0.078125
3 0.33671875 0.79375 0.0890625 0.09375
3 0.634375 0.553125 0.09375 0.09375
3 0.05546875 0.86875 0.0921875 0.09375
3 0.68046875 0.171875 0.096875 0.0953125
3 0.34375 0.690625 0.084375 0.084375
3 0.5921875 0.27890625 0.0953125 0.0953125
3 0.8109375 0.6109375 0.09375 0.09375
3 0.75 0.89921875 0.1 0.0859375
3 0.128125 0.040625 0.0875 0.08125
3 0.1703125 0.78984375 0.0875 0.0890625
3 0.15390625 0.45703125 0.09375 0.09375
3 0.909375 0.3046875 0.09375 0.078125
3 0.44765625 0.27890625 0.0921875 0.09375
3 0.58984375 0.3234375 0.096875 0.096875
3 0.3578125 0.2046875 0.109375 0.08125
3 0.43671875 0.5140625 0.0984375 0.0984375
3 0.8140625 0.32109375 0.090625 0.090625
3 0.521875 0.62421875 0.1 0.084375
6 0.76640625 0.37265625 0.1203125 0.09375
3 0.76953125 0.271875 0.0921875 0.09375
3 0.634375 0.06953125 0.103125 0.0859375
3 0.475 0.2078125 0.103125 0.078125
3 0.04296875 0.5015625 0.0859375 0.0875
3 0.26875 0.6453125 0.090625 0.090625
3 0.24140625 0.95234375 0.0953125 0.0953125
3 0.1515625 0.328125 0.090625 0.10625
3 0.16875 0.64453125 0.090625 0.090625
3 0.7359375 0.50234375 0.096875 0.096875
3 0.49296875 0.37265625 0.0859375 0.084375
3 0.7171875 0.21640625 0.075 0.084375
3 0.8921875 0.75078125 0.078125 0.1
3 0.62890625 0.925 0.0984375 0.096875
3 0.06484375 0.78515625 0.0890625 0.0890625
3 0.13046875 0.12578125 0.09375 0.09375
3 0.86796875 0.1484375 0.1015625 0.078125
3 0.81328125 0.5140625 0.084375 0.0859375
3 0.484375 0.334375 0.090625 0.090625
3 0.865625 0.396875 0.1 0.09375
3 0.43828125 0.5796875 0.090625 0.090625
3 0.21640625 0.34453125 0.0796875 0.09375
3 0.8875 0.85859375 0.065625 0.1140625
3 0.853125 0.91796875 0.09375 0.1140625