3 0.7390625 0.8921875 0.0859375 0.0859375
3 0.49296875 0.07578125 0.0796875 0.065625
3 0.103125 0.19375 0.090625 0.0625
3 0.64765625 0.6890625 0.084375 0.084375
3 0.86875 0.91171875 0.09375 0.0828125
3 0.65703125 0.8328125 0.090625 0.0890625
3 0.20703125 0.2671875 0.0984375 0.071875
3 0.88984375 0.453125 0.103125 0.075
3 0.24140625 0.6734375 0.103125 0.084375
3 0.2109375 0.8109375 0.115625 0.078125
3 0.3546875 0.4109375 0.1 0.071875
3 0.87265625 0.621875 0.1015625 0.075
3 0.76328125 0.3453125 0.109375 0.075
3 0.3 0.35390625 0.090625 0.0671875
3 0.4796875 0.9078125 0.078125 0.078125
3 0.56796875 0.59921875 0.0921875 0.0796875
3 0.52578125 0.6671875 0.0859375 0.0859375
3 0.5859375 0.1171875 0.08125 0.08125
3 0.85234375 0.83828125 0.1015625 0.0734375
3 0.4 0.7375 0.1125 0.06875
3 0.6515625 0.6 0.096875 0.06875
3 0.7859375 0.58984375 0.096875 0.0703125
3 0.3015625 0.865625 0.1 0.075
3 0.259375 0.209375 0.0875 0.0890625
3 0.42734375 0.46015625 0.1015625 0.0734375
3 0.11015625 0.1046875 0.0921875 0.0921875
3 0.4703125 0.525 0.10625 0.06875
3 0.8546875 0.18515625 0.096875 0.0671875
3 0.8109375 0.6734375 0.103125 0.065625
3 0.33671875 0.7921875 0.090625 0.0921875
3 0.75 0.93046875 0.0875 0.0859375
3 0.45 0.60234375 0.09375 0.0734375
3 0.50859375 0.31328125 0.1 0.1
3 0.87890625 0.69140625 0.0875 0.0875
3 0.72890625 0.228125 0.090625 0.090625
3 0.79375 0.0546875 0.078125 0.078125
3 0.68046875 0.7640625 0.0984375 0.071875
3 0.35703125 0.15 0.0953125 0.078125
3 0.67421875 0.51640625 0.1 0.1
3 0.3875 0.8953125 0.0875 0.065625
3 0.3625 0.62578125 0.090625 0.090625
3 0.2546875 0.37734375 0.096875 0.0765625
3 0.21328125 0.13984375 0.0953125 0.0765625
3 0.371875 0.540625 0.08125 0.08125
3 0.5140625 0.74140625 0.103125 0.0828125
3 0.92734375 0.1421875 0.0890625 0.0875
3 0.05625 0.46015625 0.1125 0.0734375
3 0.64921875 0.1140625 0.0953125 0.065625
3 0.79140625 0.51875 0.0875 0.0859375
3 0.76953125 0.1359375 0.0984375 0.071875
3 0.6015625 0.72421875 0.0828125 0.0828125
3 0.69765625 0.40390625 0.1109375 0.0796875
3 0.28515625 0.08046875 0.1078125 0.0609375
3 0.2234375 0.734375 0.103125 0.08125
3 0.34375 0.25390625 0.0859375 0.084375
3 0.1640625 0.11015625 0.09375 0.075
3 0.76015625 0.7484375 0.08125 0.08125
3 0.2984375 0.57734375 0.0734375 0.071875
3 0.4859375 0.40625 0.0859375 0.0859375
3 0.86953125 0.25234375 0.0828125 0.0828125
3 0.07421875 0.73671875 0.0921875 0.0921875
3 0.09296875 0.7765625 0.0921875 0.0921875
3 0.36484375 0.4703125 0.0875 0.0875
3 0.853125 0.50390625 0.071875 0.0609375
3 0.34921875 0.9265625 0.0859375 0.059375
3 0.1765625 0.734375 0.10625 0.075
3 0.525 0.37265625 0.10625 0.05625
3 0.059375 0.55625 0.0921875 0.0921875
3 0.48515625 0.5921875 0.1109375 0.075
3 0.08046875 0.31328125 0.1015625 0.059375
3 0.35859375 0.9625 0.1140625 0.05625
3 0.27109375 0.64453125 0.0875 0.0875
3 0.45546875 0.34140625 0.075 0.075
3 0.4015625 0.25390625 0.0828125 0.0828125
5 0.428125 0.14765625 0.1125 0.0828125
3 0.0625 0.4859375 0.09375 0.06875
3 0.51796875 0.4375 0.08125 0.08125
3 0.5234375 0.75546875 0.0875 0.0890625
3 0.953125 0.7890625 0.0828125 0.0828125