3 0.825 0.2578125 0.0859375 0.0859375
3 0.3421875 0.1921875 0.08125 0.08125
3 0.2796875 0.1203125 0.065625 0.090625
3 0.8671875 0.1015625 0.08125 0.08125
3 0.340625 0.88828125 0.071875 0.0875
3 0.709375 0.29609375 0.0890625 0.0875
3 0.315625 0.7859375 0.084375 0.084375
3 0.9546875 0.50703125 0.059375 0.0796875
3 0.921875 0.41796875 0.075 0.1
3 0.73203125 0.7421875 0.075 0.075
3 0.415625 0.6921875 0.075 0.078125
3 0.24375 0.49453125 0.05625 0.0828125
3 0.1265625 0.42890625 0.071875 0.0703125
3 0.44609375 0.24921875 0.0875 0.0875
3 0.6640625 0.05078125 0.06875 0.06875
3 0.65546875 0.86953125 0.075 0.075
3 0.1296875 0.3328125 0.071875 0.09375
3 0.1640625 0.59609375 0.0859375 0.084375
3 0.36875 0.5546875 0.075 0.075
3 0.55703125 0.10625 0.084375 0.084375
3 0.809375 0.70859375 0.0859375 0.0859375
3 0.56640625 0.9203125 0.078125 0.078125
3 0.5046875 0.784375 0.0828125 0.0828125
3 0.17109375 0.5015625 0.071875 0.0875
3 0.42421875 0.41484375 0.0890625 0.0890625
3 0.2890625 0.6578125 0.0828125 0.0828125
3 0.7484375 0.17890625 0.084375 0.1109375
3 0.5734375 0.72578125 0.08125 0.08125
3 0.79453125 0.85 0.0734375 0.08125
3 0.7 0.15078125 0.0734375 0.0734375
3 0.2109375 0.78203125 0.0875 0.0890625
3 0.44140625 0.14296875 0.0859375 0.0859375
3 0.4859375 0.3421875 0.084375 0.084375
3 0.753125 0.9453125 0.06875 0.109375
3 0.76484375 0.55234375 0.0796875 0.0890625
3 0.95078125 0.6640625 0.0609375 0.078125
3 0.91015625 0.19453125 0.0734375 0.1125
3 0.196875 0.68359375 0.059375 0.0796875
3 0.0796875 0.7546875 0.0875 0.0875
3 0.2484375 0.58125 0.075 0.075
3 0.8421875 0.7875 0.0859375 0.0859375
3 0.084375 0.24140625 0.090625 0.090625
3 0.196875 0.09453125 0.1 0.1
3 0.53203125 0.69140625 0.0546875 0.0984375
3 0.4890625 0.08515625 0.078125 0.109375
3 0.91796875 0.5953125 0.0875 0.0875
3 0.3421875 0.62890625 0.090625 0.090625
3 0.8078125 0.50859375 0.0796875 0.08125
0 0.45859375 0.54921875 0.0984375 0.1125
2 0.6234375 0.58671875 0.0578125 0.059375