3 0.7421875 0.825 0.1 0.071875
3 0.8078125 0.3421875 0.096875 0.065625
3 0.8796875 0.2796875 0.078125 0.078125
3 0.8984375 0.8671875 0.08125 0.08125
3 0.11171875 0.340625 0.0875 0.071875
3 0.70390625 0.709375 0.0875 0.0890625
3 0.2140625 0.315625 0.096875 0.071875
3 0.49296875 0.9546875 0.0796875 0.059375
3 0.58203125 0.921875 0.1 0.075
3 0.2578125 0.73203125 0.084375 0.0640625
3 0.3078125 0.415625 0.0765625 0.0765625
3 0.50546875 0.24375 0.0828125 0.05625
3 0.57109375 0.1265625 0.0765625 0.065625
3 0.75078125 0.44609375 0.096875 0.078125
3 0.94921875 0.6640625 0.078125 0.059375
3 0.13046875 0.65546875 0.0765625 0.0734375
3 0.6671875 0.1296875 0.09375 0.071875
3 0.40390625 0.1640625 0.084375 0.0859375
3 0.4453125 0.36875 0.08125 0.06875
3 0.89375 0.55703125 0.084375 0.084375
3 0.29140625 0.809375 0.090625 0.08125
3 0.0796875 0.56640625 0.084375 0.0703125
3 0.215625 0.5046875 0.08125 0.084375
3 0.4984375 0.17109375 0.0875 0.071875
3 0.58515625 0.42421875 0.1015625 0.0765625
3 0.3421875 0.2890625 0.096875 0.06875
3 0.82109375 0.7484375 0.1109375 0.084375
3 0.27421875 0.5734375 0.0921875 0.071875
3 0.15 0.79453125 0.08125 0.0734375
3 0.84921875 0.7 0.0734375 0.0734375
3 0.21796875 0.2109375 0.1 0.078125
3 0.85703125 0.44140625 0.0859375 0.0859375
3 0.6578125 0.4859375 0.084375 0.084375
3 0.0546875 0.753125 0.0875 0.0875
3 0.44765625 0.76484375 0.0890625 0.0796875
3 0.3359375 0.95078125 0.06875 0.06875
3 0.80546875 0.91015625 0.1125 0.0734375
3 0.31640625 0.196875 0.0796875 0.059375
3 0.2453125 0.0796875 0.1 0.075
3 0.41875 0.2484375 0.075 0.075
3 0.2125 0.8421875 0.0875 0.084375
3 0.75859375 0.084375 0.090625 0.090625
3 0.90546875 0.196875 0.1046875 0.09375
3 0.30859375 0.53203125 0.0765625 0.0765625
3 0.91484375 0.4890625 0.109375 0.078125
3 0.4046875 0.91796875 0.078125 0.0984375
3 0.37109375 0.3421875 0.1015625 0.078125
3 0.49140625 0.8078125 0.0828125 0.078125
0 0.45078125 0.45859375 0.10625 0.1046875
2 0.41328125 0.6234375 0.059375 0.0578125