3 0.5703125 0.3046875 0.071875 0.090625
3 0.896875 0.1671875 0.084375 0.084375
3 0.5953125 0.4 0.0875 0.0875
3 0.4703125 0.82265625 0.0765625 0.078125
3 0.51796875 0.740625 0.0609375 0.08125
3 0.409375 0.25078125 0.06875 0.0953125
3 0.93515625 0.70703125 0.078125 0.0953125
3 0.9375 0.45703125 0.075 0.0859375
3 0.309375 0.825 0.05 0.08125
3 0.41484375 0.390625 0.05625 0.075
3 0.76328125 0.4078125 0.084375 0.0859375
3 0.0640625 0.7453125 0.0765625 0.0765625
3 0.2359375 0.31171875 0.065625 0.0765625
3 0.3234375 0.90859375 0.06875 0.0828125
3 0.128125 0.1109375 0.0734375 0.0734375
3 0.478125 0.57734375 0.06875 0.1015625
3 0.74609375 0.18125 0.06875 0.0703125
3 0.40625 0.77890625 0.06875 0.06875
3 0.38125 0.53203125 0.0671875 0.06875
3 0.04921875 0.26640625 0.0671875 0.065625
3 0.771875 0.74453125 0.075 0.075
3 0.82890625 0.5640625 0.0625 0.0640625
3 0.80859375 0.14921875 0.0609375 0.0765625
3 0.3453125 0.678125 0.075 0.075
3 0.19609375 0.8234375 0.059375 0.059375
3 0.13125 0.7875 0.0625 0.075
3 0.3921875 0.85546875 0.065625 0.084375
3 0.503125 0.309375 0.0734375 0.0734375
6 0.9421875 0.55234375 0.065625 0.1125
3 0.68046875 0.1765625 0.0734375 0.090625
3 0.2609375 0.05078125 0.065625 0.0953125
3 0.153125 0.371875 0.0671875 0.0671875
3 0.5921875 0.70078125 0.0703125 0.0703125
3 0.1953125 0.1203125 0.0765625 0.0765625
3 0.03359375 0.12890625 0.0609375 0.084375
3 0.3953125 0.1015625 0.0625 0.078125
0 0.7328125 0.67578125 0.090625 0.1046875
3 0.64375 0.68046875 0.06875 0.0828125
3 0.3046875 0.48203125 0.075 0.0734375
3 0.52265625 0.16875 0.0625 0.075
3 0.353125 0.42734375 0.0625 0.0953125
3 0.81875 0.94140625 0.078125 0.0765625
3 0.58046875 0.12578125 0.0734375 0.0734375
3 0.8140625 0.70234375 0.065625 0.0875
3 0.74765625 0.0765625 0.065625 0.065625
3 0.8453125 0.78359375 0.0875 0.0875
3 0.08359375 0.39609375 0.0546875 0.0765625
3 0.23671875 0.64765625 0.0609375 0.0609375
6 0.2078125 0.4078125 0.075 0.103125
3 0.70234375 0.61875 0.0671875 0.0671875
6 0.0703125 0.56015625 0.075 0.1078125
3 0.31640625 0.0734375 0.0515625 0.065625
3 0.6984375 0.38359375 0.05625 0.078125
3 0.10546875 0.46484375 0.0640625 0.0640625
3 0.434375 0.50390625 0.0765625 0.075
3 0.2578125 0.44765625 0.059375 0.0703125
3 0.49453125 0.0765625 0.0796875 0.078125
3 0.6828125 0.95 0.0671875 0.0671875
3 0.59765625 0.48046875 0.0671875 0.0671875
3 0.4296875 0.88203125 0.0671875 0.0671875
3 0.11796875 0.21796875 0.0546875 0.065625
3 0.92734375 0.2484375 0.0640625 0.084375
3 0.46015625 0.11953125 0.059375 0.0828125
3 0.24609375 0.83125 0.0609375 0.078125
3 0.86953125 0.2484375 0.0546875 0.078125
3 0.25859375 0.73125 0.0703125 0.0703125
3 0.09921875 0.896875 0.0765625 0.0765625
3 0.415625 0.1625 0.065625 0.065625
3 0.76875 0.9296875 0.071875 0.075
3 0.4109375 0.58359375 0.0765625 0.0765625
3 0.88203125 0.40625 0.0671875 0.053125
3 0.2015625 0.20859375 0.053125 0.0765625
3 0.93515625 0.30859375 0.06875 0.06875
3 0.065625 0.328125 0.059375 0.059375
3 0.64453125 0.115625 0.0671875 0.06875
3 0.39140625 0.87578125 0.0640625 0.0953125
3 0.1859375 0.7203125 0.08125 0.08125
3 0.62734375 0.5921875 0.06875 0.0671875
3 0.03359375 0.20078125 0.059375 0.0703125
3 0.1203125 0.57421875 0.0625 0.0625
3 0.2484375 0.52265625 0.05625 0.0546875
3 0.3625 0.3640625 0.053125 0.065625
3 0.5515625 0.05703125 0.0625 0.0625
3 0.66015625 0.0609375 0.053125 0.053125
3 0.878125 0.52890625 0.04375 0.1421875
3 0.97109375 0.91171875 0.0578125 0.0796875
3 0.8109375 0.85078125 0.0765625 0.0765625
3 0.6859375 0.54453125 0.08125 0.0546875
3 0.72109375 0.9109375 0.06875 0.06875
3 0.7234375 0.853125 0.0640625 0.0640625
3 0.80859375 0.47109375 0.0890625 0.0890625
3 0.64921875 0.371875 0.0609375 0.0609375
3 0.3265625 0.54609375 0.0671875 0.065625
3 0.3421875 0.60234375 0.0625 0.0640625
3 0.79609375 0.265625 0.065625 0.0671875
3 0.8203125 0.2328125 0.05625 0.05625
3 0.834375 0.3203125 0.0671875 0.0671875
3 0.8390625 0.4390625 0.059375 0.071875
3 0.821875 0.37734375 0.053125 0.065625
3 0.4671875 0.1609375 0.071875 0.071875
3 0.53046875 0.10390625 0.071875 0.071875
3 0.140625 0.3171875 0.05 0.059375
3 0.04296875 0.925 0.0640625 0.071875
3 0.04453125 0.8671875 0.0578125 0.09375
3 0.16796875 0.9328125 0.059375 0.065625
3 0.125 0.9671875 0.06875 0.065625
3 0.2453125 0.89609375 0.0640625 0.0640625
3 0.1375 0.88046875 0.05 0.0671875
3 0.18984375 0.8859375 0.059375 0.078125
3 0.33515625 0.0515625 0.0484375 0.0625
3 0.70703125 0.06875 0.0546875 0.109375