3 0.1109375 0.5203125 0.06875 0.090625
3 0.08828125 0.63515625 0.0703125 0.1078125
3 0.91640625 0.7296875 0.0859375 0.0859375
3 0.35625 0.32890625 0.075 0.1015625
3 0.7234375 0.89609375 0.06875 0.0921875
3 0.7921875 0.3625 0.065625 0.09375
3 0.4140625 0.63359375 0.065625 0.0875
3 0.68828125 0.21796875 0.090625 0.090625
3 0.69296875 0.45078125 0.0828125 0.109375
3 0.2890625 0.80390625 0.0734375 0.0734375
3 0.67421875 0.8265625 0.0734375 0.09375
3 0.190625 0.096875 0.075 0.1
3 0.51171875 0.90703125 0.06875 0.0984375
3 0.22421875 0.646875 0.0828125 0.08125
3 0.30390625 0.21171875 0.0859375 0.0859375
3 0.9296875 0.3046875 0.071875 0.1
3 0.61640625 0.0953125 0.0765625 0.096875
3 0.1578125 0.34296875 0.071875 0.1
3 0.5984375 0.35625 0.0625 0.0875
3 0.525 0.42578125 0.078125 0.1109375
3 0.72578125 0.64140625 0.0734375 0.0921875
3 0.63046875 0.90703125 0.0640625 0.0890625
3 0.6640625 0.73046875 0.065625 0.0890625
3 0.8171875 0.68046875 0.0796875 0.078125
3 0.53984375 0.07890625 0.0890625 0.0890625
3 0.15 0.70546875 0.084375 0.0859375
3 0.0453125 0.48515625 0.0734375 0.071875
3 0.18046875 0.909375 0.0671875 0.09375
3 0.81328125 0.2609375 0.0765625 0.1
3 0.88359375 0.6203125 0.0796875 0.0796875
3 0.26640625 0.72578125 0.0734375 0.0984375
3 0.91953125 0.8625 0.071875 0.0734375
3 0.734375 0.3421875 0.08125 0.08125
3 0.2015625 0.23046875 0.0875 0.0875
3 0.79140625 0.7921875 0.0875 0.0875
3 0.146875 0.815625 0.0890625 0.0890625
3 0.03671875 0.10703125 0.0734375 0.0828125
3 0.25625 0.39765625 0.078125 0.1015625
3 0.109375 0.05859375 0.059375 0.0828125
3 0.5140625 0.60546875 0.08125 0.08125
3 0.04375 0.22734375 0.0875 0.0921875
3 0.09140625 0.85625 0.0796875 0.078125
3 0.73984375 0.725 0.090625 0.0890625
3 0.33515625 0.940625 0.0703125 0.1
3 0.0671875 0.9265625 0.078125 0.090625
3 0.4921875 0.67734375 0.078125 0.1015625
3 0.44765625 0.8796875 0.0546875 0.078125
3 0.45 0.80703125 0.05625 0.075
3 0.86640625 0.06484375 0.0796875 0.1109375
3 0.3578125 0.84140625 0.0859375 0.0859375
3 0.3796875 0.9046875 0.065625 0.065625
0 0.58671875 0.75390625 0.10625 0.10625
6 0.40703125 0.27734375 0.13125 0.13125