3 0.76796875 0.153125 0.0859375 0.08125
3 0.48984375 0.23671875 0.0859375 0.0859375
3 0.53046875 0.696875 0.1140625 0.08125
3 0.58515625 0.2 0.0890625 0.0890625
3 0.0875 0.321875 0.1 0.084375
3 0.85703125 0.35078125 0.0890625 0.06875
3 0.8578125 0.18125 0.1 0.0875
3 0.890625 0.75 0.0953125 0.0953125
3 0.3359375 0.5125 0.1125 0.075
3 0.6890625 0.1765625 0.0765625 0.0765625
3 0.67734375 0.24375 0.1046875 0.075
3 0.878125 0.271875 0.1 0.0875
3 0.715625 0.82421875 0.090625 0.0890625
3 0.603125 0.8984375 0.0890625 0.0890625
3 0.4984375 0.55 0.0984375 0.0984375
3 0.38046875 0.3734375 0.1109375 0.078125
3 0.48828125 0.82109375 0.09375 0.09375
3 0.51015625 0.62890625 0.0921875 0.0671875
3 0.603125 0.47734375 0.1 0.078125
3 0.89140625 0.66875 0.1015625 0.08125
3 0.25703125 0.04140625 0.0921875 0.0828125
3 0.18984375 0.634375 0.1046875 0.06875
3 0.5 0.45859375 0.1 0.0765625
3 0.53984375 0.28046875 0.0984375 0.0984375
3 0.2296875 0.1875 0.09375 0.06875
3 0.19453125 0.29921875 0.0953125 0.09375
3 0.16953125 0.546875 0.1046875 0.075
3 0.35859375 0.94765625 0.0875 0.0875
3 0.81640625 0.41015625 0.090625 0.090625
3 0.69921875 0.4875 0.084375 0.084375
3 0.809375 0.5859375 0.0921875 0.0921875
3 0.1421875 0.2203125 0.09375 0.09375
3 0.2390625 0.25625 0.090625 0.090625
3 0.7 0.71953125 0.1 0.0734375
3 0.23671875 0.93984375 0.0921875 0.0921875
3 0.4703125 0.38515625 0.103125 0.078125
3 0.66796875 0.3046875 0.096875 0.096875
3 0.63984375 0.78125 0.096875 0.0953125
3 0.1515625 0.690625 0.1 0.0625
3 0.28359375 0.8 0.1171875 0.059375
3 0.32578125 0.0984375 0.096875 0.096875
3 0.7359375 0.5359375 0.078125 0.09375
3 0.20859375 0.7625 0.1359375 0.071875
6 0.54921875 0.3703125 0.1265625 0.1125
3 0.28203125 0.3859375 0.09375 0.0921875
3 0.4234375 0.46953125 0.09375 0.0984375
3 0.63671875 0.41484375 0.0875 0.0875
3 0.759375 0.628125 0.121875 0.0625
3 0.4578125 0.1359375 0.078125 0.078125
3 0.7953125 0.54140625 0.090625 0.0765625
3 0.38046875 0.2359375 0.096875 0.096875
3 0.60390625 0.73203125 0.1203125 0.0921875
3 0.32109375 0.25546875 0.078125 0.1015625
3 0.68671875 0.3703125 0.10625 0.10625
3 0.14921875 0.8703125 0.09375 0.0953125
3 0.384375 0.15390625 0.084375 0.0875
3 0.4484375 0.190625 0.09375 0.09375
6 0.77734375 0.69140625 0.1609375 0.1125
3 0.95703125 0.31953125 0.0859375 0.0859375