3 0.76796875 0.846875 0.0828125 0.084375
3 0.48984375 0.76328125 0.0859375 0.0859375
3 0.53046875 0.303125 0.1140625 0.08125
3 0.58515625 0.8 0.0890625 0.0890625
3 0.0875 0.678125 0.1 0.084375
3 0.85703125 0.64921875 0.0890625 0.06875
3 0.8578125 0.81875 0.1 0.0875
3 0.890625 0.25 0.0953125 0.0953125
3 0.3359375 0.4875 0.09375 0.09375
3 0.6890625 0.8234375 0.0875 0.065625
3 0.67734375 0.75625 0.1046875 0.075
3 0.878125 0.728125 0.09375 0.09375
3 0.715625 0.17578125 0.1 0.0796875
3 0.603125 0.1015625 0.0890625 0.0890625
3 0.4984375 0.45 0.128125 0.06875
3 0.38046875 0.6265625 0.09375 0.0953125
3 0.48828125 0.17890625 0.109375 0.0765625
3 0.51015625 0.37109375 0.0796875 0.0796875
3 0.603125 0.52265625 0.1 0.078125
3 0.89140625 0.33125 0.090625 0.090625
3 0.25703125 0.95859375 0.0921875 0.0828125
3 0.18984375 0.365625 0.1046875 0.06875
3 0.5 0.54140625 0.1 0.0765625
3 0.53984375 0.71953125 0.1171875 0.0796875
3 0.2296875 0.8125 0.08125 0.08125
3 0.19453125 0.70078125 0.0953125 0.09375
3 0.16953125 0.453125 0.0890625 0.090625
3 0.35859375 0.05234375 0.0875 0.0875
3 0.81640625 0.58984375 0.1015625 0.0796875
3 0.69921875 0.5125 0.0953125 0.075
3 0.809375 0.4140625 0.0921875 0.0921875
3 0.1421875 0.7796875 0.096875 0.090625
3 0.2390625 0.74375 0.090625 0.090625
3 0.7 0.28046875 0.0859375 0.0875
3 0.23671875 0.06015625 0.0921875 0.0921875
3 0.4703125 0.61484375 0.090625 0.090625
3 0.66796875 0.6953125 0.125 0.06875
3 0.63984375 0.21875 0.1171875 0.075
3 0.1515625 0.309375 0.1 0.0625
3 0.28359375 0.2 0.0875 0.0875
3 0.32578125 0.9015625 0.096875 0.096875
3 0.7359375 0.4640625 0.0859375 0.0859375
3 0.20859375 0.2375 0.103125 0.103125
6 0.54921875 0.6296875 0.1203125 0.11875
3 0.28203125 0.6140625 0.09375 0.0921875
3 0.4234375 0.53046875 0.09375 0.0984375
3 0.63671875 0.58515625 0.0984375 0.0765625
3 0.759375 0.371875 0.0921875 0.0921875
3 0.4578125 0.8640625 0.078125 0.078125
3 0.7953125 0.45859375 0.090625 0.0765625
3 0.38046875 0.7640625 0.096875 0.096875
3 0.60390625 0.26796875 0.10625 0.10625
3 0.32109375 0.74453125 0.078125 0.1015625
3 0.68671875 0.6296875 0.10625 0.10625
3 0.14921875 0.1296875 0.0890625 0.1
3 0.384375 0.84609375 0.084375 0.0875
3 0.4484375 0.809375 0.09375 0.09375
6 0.77734375 0.30859375 0.1375 0.1375
3 0.9578125 0.6796875 0.084375 0.0875