3 0.253125 0.1421875 0.071875 0.071875
3 0.13671875 0.13046875 0.0890625 0.059375
3 0.6953125 0.1015625 0.1 0.065625
3 0.3484375 0.2765625 0.075 0.075
3 0.453125 0.55859375 0.075 0.075
3 0.85390625 0.815625 0.08125 0.08125
3 0.48046875 0.6328125 0.075 0.0734375
3 0.58828125 0.85703125 0.0984375 0.0734375
3 0.84140625 0.67734375 0.0890625 0.071875
3 0.6125 0.05 0.09375 0.071875
3 0.496875 0.72265625 0.096875 0.0640625
3 0.2890625 0.634375 0.0875 0.0875
3 0.10078125 0.515625 0.0859375 0.071875
3 0.6703125 0.26328125 0.071875 0.071875
3 0.40546875 0.8890625 0.0984375 0.065625
3 0.36484375 0.428125 0.0796875 0.078125
3 0.684375 0.496875 0.078125 0.0625
3 0.13828125 0.8828125 0.0953125 0.065625
3 0.60859375 0.4609375 0.0859375 0.059375
3 0.2984375 0.21484375 0.078125 0.078125
3 0.21484375 0.075 0.0953125 0.0625
3 0.74453125 0.6234375 0.0765625 0.0765625
3 0.3140625 0.940625 0.090625 0.0625
3 0.31171875 0.7140625 0.1015625 0.071875
3 0.5921875 0.184375 0.075 0.075
3 0.3890625 0.65703125 0.08125 0.08125
3 0.509375 0.2515625 0.0859375 0.0859375
3 0.39375 0.7203125 0.0734375 0.0734375
3 0.0703125 0.95546875 0.096875 0.0703125
3 0.2015625 0.60078125 0.071875 0.0578125
3 0.809375 0.38125 0.1 0.071875
3 0.78828125 0.50234375 0.0703125 0.0640625
3 0.6765625 0.1875 0.084375 0.06875
3 0.0734375 0.29765625 0.06875 0.06875
3 0.0671875 0.36640625 0.0828125 0.084375
3 0.371875 0.3484375 0.103125 0.071875
3 0.41796875 0.4875 0.078125 0.0796875
3 0.10859375 0.5890625 0.090625 0.0625
3 0.359375 0.55859375 0.09375 0.0640625
3 0.4921875 0.859375 0.084375 0.0625
3 0.60546875 0.7625 0.078125 0.078125
3 0.51640625 0.79140625 0.078125 0.078125
3 0.91328125 0.37421875 0.078125 0.078125
3 0.540625 0.57421875 0.084375 0.065625
3 0.4484375 0.1484375 0.096875 0.075
3 0.11796875 0.059375 0.0859375 0.06875
3 0.60390625 0.5328125 0.084375 0.071875
3 0.928125 0.86015625 0.071875 0.071875
3 0.19140625 0.4171875 0.078125 0.078125
3 0.5828125 0.93671875 0.084375 0.0640625
3 0.54921875 0.346875 0.096875 0.06875
3 0.4015625 0.7703125 0.075 0.075
3 0.88046875 0.9125 0.0765625 0.0625
3 0.90703125 0.521875 0.071875 0.071875
3 0.3796875 0.1703125 0.096875 0.071875
3 0.61484375 0.6203125 0.0921875 0.0625
3 0.80234375 0.1296875 0.0828125 0.0625
3 0.68203125 0.93125 0.075 0.075
3 0.9390625 0.66015625 0.08125 0.06875
3 0.07421875 0.434375 0.08125 0.0828125
3 0.25390625 0.25703125 0.071875 0.071875
3 0.846875 0.4390625 0.0796875 0.0796875
3 0.11640625 0.65078125 0.084375 0.084375
3 0.7625 0.16015625 0.090625 0.0734375
3 0.80625 0.9546875 0.06875 0.06875
3 0.8953125 0.5953125 0.078125 0.078125
3 0.26640625 0.45625 0.075 0.0765625
3 0.6515625 0.5828125 0.096875 0.059375
3 0.690625 0.67421875 0.08125 0.0609375
3 0.21171875 0.953125 0.0859375 0.05
3 0.88046875 0.321875 0.078125 0.0796875
3 0.915625 0.0640625 0.084375 0.078125
3 0.7515625 0.8078125 0.08125 0.0703125
3 0.2484375 0.89296875 0.084375 0.0609375
3 0.78125 0.3078125 0.06875 0.06875
3 0.33515625 0.053125 0.084375 0.0625
3 0.09765625 0.7640625 0.071875 0.0703125
3 0.2890625 0.8265625 0.078125 0.078125
3 0.72265625 0.40859375 0.0859375 0.0546875
3 0.47265625 0.053125 0.1015625 0.06875
3 0.45 0.3953125 0.0765625 0.078125
3 0.04375 0.16015625 0.0796875 0.0796875
3 0.9359375 0.25859375 0.1 0.0734375
3 0.90390625 0.17734375 0.078125 0.078125
3 0.421875 0.96171875 0.09375 0.0640625
3 0.3140625 0.35390625 0.084375 0.0828125
3 0.778125 0.05 0.075 0.075
3 0.20390625 0.3484375 0.0984375 0.071875
3 0.88828125 0.73515625 0.075 0.0765625
3 0.17109375 0.8125 0.1 0.0625
3 0.67265625 0.71328125 0.08125 0.0828125
3 0.83984375 0.85625 0.0796875 0.0796875
3 0.91875 0.7625 0.08125 0.06875
3 0.19609375 0.67265625 0.0796875 0.0671875
3 0.94921875 0.5703125 0.08125 0.0796875
3 0.03984375 0.8296875 0.0796875 0.075
3 0.13515625 0.42734375 0.0890625 0.0609375
3 0.303125 0.0796875 0.08125 0.08125
3 0.1875 0.50703125 0.0640625 0.0625
3 0.92109375 0.1484375 0.0859375 0.0859375
3 0.27109375 0.521875 0.0875 0.053125
3 0.8296875 0.0359375 0.08125 0.071875
3 0.50859375 0.0359375 0.0734375 0.071875
3 0.23359375 0.721875 0.078125 0.05625
6 0.76953125 0.428125 0.0609375 0.0625
6 0.22421875 0.7953125 0.0859375 0.05625
6 0.23125 0.49453125 0.08125 0.0609375
3 0.16171875 0.94765625 0.06875 0.06875
3 0.27578125 0.871875 0.06875 0.0703125
3 0.7109375 0.821875 0.0640625 0.0640625
3 0.721875 0.96953125 0.071875 0.0609375
3 0.78046875 0.93046875 0.075 0.075
3 0.909375 0.4984375 0.06875 0.06875
3 0.7421875 0.31328125 0.05625 0.0578125
3 0.4890625 0.4125 0.071875 0.071875
3 0.7046875 0.475 0.0640625 0.0640625
3 0.8234375 0.5046875 0.065625 0.075
3 0.86484375 0.171875 0.071875 0.071875
3 0.13359375 0.74609375 0.0921875 0.0578125
3 0.1 0.2828125 0.06875 0.06875
3 0.16015625 0.3484375 0.0640625 0.0640625
3 0.23671875 0.76015625 0.078125 0.078125
3 0.35703125 0.071875 0.0921875 0.0625
3 0.0421875 0.7078125 0.06875 0.06875
3 0.2640625 0.55625 0.0609375 0.0609375