3 0.7046875 0.23515625 0.075 0.075
3 0.61328125 0.29765625 0.090625 0.075
3 0.51796875 0.1375 0.0890625 0.078125
3 0.46796875 0.9296875 0.08125 0.08125
3 0.89765625 0.58203125 0.084375 0.084375
3 0.11953125 0.1875 0.0921875 0.090625
3 0.64765625 0.6625 0.084375 0.084375
3 0.73359375 0.1328125 0.084375 0.078125
3 0.29765625 0.87265625 0.0890625 0.0703125
3 0.5671875 0.53125 0.084375 0.08125
3 0.3765625 0.29140625 0.103125 0.0703125
3 0.815625 0.16484375 0.084375 0.084375
3 0.378125 0.36484375 0.09375 0.078125
3 0.9015625 0.35234375 0.103125 0.075
3 0.24140625 0.82265625 0.090625 0.0921875
3 0.61328125 0.8390625 0.09375 0.09375
3 0.16328125 0.78828125 0.08125 0.08125
3 0.81484375 0.64453125 0.0953125 0.0953125
3 0.2390625 0.55859375 0.109375 0.0765625
3 0.6421875 0.39140625 0.090625 0.0921875
3 0.2078125 0.70234375 0.090625 0.103125
3 0.05703125 0.68671875 0.084375 0.0765625
3 0.1578125 0.6859375 0.0921875 0.0921875
1 0.690625 0.76796875 0.10625 0.10625