3 0.4921875 0.728125 0.065625 0.1
3 0.47578125 0.83515625 0.075 0.075
3 0.175 0.29765625 0.06875 0.0859375
3 0.93359375 0.90078125 0.059375 0.0859375
3 0.096875 0.4640625 0.071875 0.0703125
3 0.7546875 0.384375 0.065625 0.096875
3 0.128125 0.12890625 0.0734375 0.0734375
3 0.2140625 0.11015625 0.065625 0.0890625
3 0.15625 0.425 0.0625 0.09375
3 0.52578125 0.9078125 0.065625 0.096875
3 0.5375 0.79296875 0.05625 0.0828125
3 0.3609375 0.76015625 0.053125 0.0734375
3 0.69375 0.8171875 0.0921875 0.0921875
3 0.04921875 0.83046875 0.0875 0.0875
3 0.46796875 0.58984375 0.0765625 0.075
3 0.86875 0.29453125 0.0765625 0.0765625
3 0.8203125 0.36015625 0.071875 0.0921875
3 0.30625 0.19765625 0.071875 0.071875
3 0.2625 0.04296875 0.05 0.0734375
3 0.68828125 0.7359375 0.071875 0.071875
3 0.190625 0.6859375 0.071875 0.090625
3 0.040625 0.6453125 0.0703125 0.0875
3 0.421875 0.77578125 0.05625 0.0859375
3 0.82265625 0.44375 0.0625 0.0625
3 0.05546875 0.08359375 0.075 0.075
3 0.6890625 0.08125 0.065625 0.0875
3 0.38125 0.253125 0.059375 0.08125
3 0.6578125 0.6671875 0.06875 0.0703125
3 0.128125 0.36171875 0.0734375 0.0734375
3 0.05390625 0.9140625 0.0703125 0.06875
3 0.628125 0.91171875 0.071875 0.0859375
3 0.1171875 0.6546875 0.065625 0.090625
3 0.81640625 0.146875 0.0734375 0.0734375
3 0.659375 0.16328125 0.0734375 0.0734375
3 0.4515625 0.44140625 0.065625 0.065625
3 0.5125 0.19921875 0.0625 0.0875
3 0.15625 0.209375 0.065625 0.0875
3 0.57421875 0.3328125 0.071875 0.071875
3 0.91171875 0.659375 0.05 0.09375
3 0.4203125 0.91484375 0.065625 0.0765625
3 0.2046875 0.59921875 0.0609375 0.0625
3 0.08046875 0.2046875 0.0765625 0.078125
3 0.87265625 0.56484375 0.0640625 0.0640625
3 0.3265625 0.68359375 0.0828125 0.08125
3 0.790625 0.615625 0.065625 0.065625
3 0.4109375 0.68046875 0.0734375 0.0734375
3 0.0546875 0.5265625 0.071875 0.071875
3 0.83203125 0.20234375 0.075 0.075
3 0.43359375 0.53515625 0.084375 0.084375
3 0.46171875 0.13984375 0.0703125 0.06875
3 0.53984375 0.590625 0.0640625 0.0875
3 0.91015625 0.3984375 0.06875 0.0671875
3 0.434375 0.20703125 0.071875 0.071875
3 0.6109375 0.303125 0.0671875 0.0671875
3 0.31640625 0.8375 0.0703125 0.09375
3 0.22578125 0.215625 0.078125 0.078125
3 0.7203125 0.63828125 0.065625 0.0953125
3 0.53359375 0.43203125 0.06875 0.06875
3 0.371875 0.16796875 0.0765625 0.0765625
3 0.8875 0.1734375 0.071875 0.071875
3 0.4921875 0.33359375 0.059375 0.071875
3 0.4375 0.05078125 0.075 0.0890625
3 0.6234375 0.7390625 0.0765625 0.0765625
3 0.784375 0.8984375 0.075 0.075
3 0.240625 0.15390625 0.0625 0.084375
3 0.3328125 0.36953125 0.06875 0.06875
3 0.3109375 0.453125 0.0625 0.096875
3 0.32578125 0.096875 0.065625 0.084375
3 0.77578125 0.29921875 0.0671875 0.0671875
3 0.2515625 0.47109375 0.05625 0.0703125
3 0.2171875 0.91171875 0.0625 0.0640625
3 0.11875 0.81953125 0.0625 0.0671875
3 0.371875 0.56484375 0.06875 0.0828125
3 0.27109375 0.5578125 0.078125 0.078125
3 0.83671875 0.84453125 0.078125 0.078125
3 0.88125 0.91796875 0.08125 0.0828125
3 0.59296875 0.9390625 0.0640625 0.078125
3 0.19375 0.5171875 0.046875 0.084375
3 0.54296875 0.51484375 0.0609375 0.0765625
3 0.2640625 0.728125 0.065625 0.065625
3 0.896875 0.12109375 0.06875 0.0671875
3 0.1484375 0.74921875 0.0765625 0.0765625
3 0.421875 0.36171875 0.065625 0.0640625
3 0.5796875 0.590625 0.0625 0.078125
3 0.78515625 0.26953125 0.05 0.0859375
3 0.63671875 0.8171875 0.059375 0.071875
3 0.2625 0.34140625 0.059375 0.0828125
3 0.61328125 0.5546875 0.0609375 0.075
3 0.6296875 0.45078125 0.065625 0.0828125
3 0.840625 0.70859375 0.065625 0.0734375
3 0.0765625 0.54921875 0.078125 0.078125
3 0.0859375 0.35234375 0.059375 0.090625
3 0.18984375 0.840625 0.0625 0.0640625
3 0.7234375 0.4703125 0.0765625 0.0765625
3 0.95625 0.0484375 0.0625 0.078125
3 0.12109375 0.2828125 0.065625 0.065625
3 0.6875 0.2796875 0.08125 0.08125
3 0.59140625 0.66953125 0.0796875 0.0796875
3 0.51640625 0.0671875 0.0609375 0.08125
3 0.53515625 0.66484375 0.0828125 0.0828125
3 0.77265625 0.5359375 0.0734375 0.0734375
3 0.19296875 0.2109375 0.0640625 0.09375
3 0.69375 0.88828125 0.05625 0.0765625
3 0.60546875 0.20078125 0.0578125 0.075
3 0.93828125 0.8125 0.0671875 0.075
3 0.70703125 0.30546875 0.0609375 0.0828125
3 0.0421875 0.41953125 0.053125 0.1015625
3 0.27578125 0.9421875 0.065625 0.065625
3 0.44453125 0.28671875 0.0625 0.0828125
3 0.6890625 0.390625 0.0765625 0.0765625
3 0.06953125 0.76015625 0.078125 0.078125
3 0.8921875 0.49921875 0.05625 0.0734375
3 0.8453125 0.64140625 0.0859375 0.0859375
3 0.34609375 0.58828125 0.0625 0.0625
3 0.55078125 0.384375 0.0640625 0.0875
3 0.3109375 0.24921875 0.0640625 0.0625
3 0.9515625 0.4515625 0.071875 0.071875
3 0.23125 0.35546875 0.0796875 0.0796875
3 0.496875 0.453125 0.075 0.075
3 0.35546875 0.9125 0.0546875 0.1
3 0.58515625 0.83046875 0.06875 0.0796875
3 0.39609375 0.04140625 0.0734375 0.0734375
6 0.6234375 0.08125 0.0875 0.08125
3 0.0625 0.1796875 0.075 0.078125
3 0.140625 0.12265625 0.0625 0.0640625
3 0.9671875 0.23046875 0.05625 0.0796875
3 0.77265625 0.07890625 0.059375 0.059375
6 0.6109375 0.12734375 0.096875 0.0796875
6 0.4015625 0.8484375 0.0875 0.1
6 0.2109375 0.76328125 0.1 0.1
3 0.27578125 0.821875 0.0640625 0.078125
3 0.10390625 0.5484375 0.075 0.075
3 0.03203125 0.33828125 0.0546875 0.0828125
3 0.09765625 0.26015625 0.0703125 0.0859375
3 0.23515625 0.24140625 0.0546875 0.0796875
3 0.3875 0.13984375 0.0734375 0.071875
3 0.34609375 0.0921875 0.0671875 0.078125
3 0.44375 0.16640625 0.0640625 0.065625
3 0.3796875 0.29296875 0.0796875 0.078125
3 0.29765625 0.3390625 0.0765625 0.0765625
3 0.3390625 0.4078125 0.06875 0.06875
3 0.3234375 0.49140625 0.0671875 0.06875
3 0.7640625 0.703125 0.078125 0.078125
3 0.2390625 0.43515625 0.0734375 0.075
3 0.221875 0.40390625 0.0625 0.0796875
3 0.1734375 0.03984375 0.0796875 0.0796875
3 0.87109375 0.08671875 0.0640625 0.0859375
3 0.940625 0.0546875 0.053125 0.0625
3 0.8125 0.053125 0.065625 0.065625
3 0.96640625 0.3640625 0.0671875 0.071875
3 0.96328125 0.41640625 0.0734375 0.0765625
3 0.8921875 0.40546875 0.065625 0.065625
3 0.8015625 0.4484375 0.065625 0.065625
3 0.89453125 0.58203125 0.0640625 0.078125
3 0.93203125 0.65234375 0.0609375 0.0609375
3 0.96328125 0.80390625 0.0734375 0.0703125
3 0.8109375 0.93515625 0.071875 0.071875
3 0.471875 0.93359375 0.059375 0.0734375
3 0.253125 0.9171875 0.0796875 0.0796875
3 0.0796875 0.91640625 0.065625 0.0796875
3 0.1015625 0.75546875 0.0703125 0.071875
3 0.26015625 0.6828125 0.0546875 0.071875
3 0.1671875 0.7734375 0.065625 0.065625
3 0.16796875 0.86640625 0.0578125 0.0859375
3 0.13515625 0.88203125 0.0671875 0.0671875
3 0.3453125 0.86640625 0.0734375 0.0734375
3 0.17890625 0.53515625 0.0703125 0.0703125
3 0.29921875 0.53671875 0.0734375 0.0734375
3 0.1359375 0.5609375 0.071875 0.071875
3 0.29140625 0.62734375 0.065625 0.065625
3 0.6125 0.4265625 0.0609375 0.0609375
3 0.3921875 0.54375 0.059375 0.06875
3 0.4328125 0.67265625 0.053125 0.0640625
3 0.50625 0.51484375 0.078125 0.0703125
3 0.52265625 0.62734375 0.05 0.0640625
3 0.63671875 0.59609375 0.06875 0.06875
3 0.9109375 0.18828125 0.05625 0.0734375
3 0.9046875 0.2140625 0.059375 0.084375
3 0.503125 0.31171875 0.065625 0.0640625
3 0.41484375 0.39453125 0.075 0.075
3 0.403125 0.34296875 0.075 0.075
3 0.9140625 0.4828125 0.071875 0.09375
3 0.8578125 0.62109375 0.059375 0.0828125
3 0.85703125 0.73359375 0.0578125 0.0828125
3 0.8375 0.73984375 0.0625 0.0625
3 0.87265625 0.82890625 0.06875 0.06875
3 0.88828125 0.96171875 0.0515625 0.0703125
3 0.9046875 0.81640625 0.065625 0.065625
3 0.6390625 0.55546875 0.078125 0.059375
3 0.57265625 0.68671875 0.0640625 0.0734375
3 0.58984375 0.73046875 0.075 0.075
3 0.440625 0.76328125 0.059375 0.059375
3 0.134375 0.653125 0.05625 0.075
3 0.6796875 0.965625 0.0609375 0.0609375
3 0.7390625 0.61484375 0.071875 0.071875
3 0.76875 0.4609375 0.075 0.075
3 0.65078125 0.4734375 0.059375 0.059375
3 0.71875 0.57734375 0.059375 0.0796875
3 0.78359375 0.5859375 0.06875 0.06875
3 0.7265625 0.53125 0.075 0.075
3 0.61796875 0.82734375 0.0703125 0.078125
3 0.96328125 0.72109375 0.0734375 0.0734375
3 0.30234375 0.96015625 0.05625 0.0578125
3 0.5890625 0.190625 0.065625 0.0640625
3 0.94140625 0.48671875 0.053125 0.053125
3 0.728125 0.9 0.034375 0.0875
3 0.325 0.6109375 0.0578125 0.059375
3 0.64921875 0.62890625 0.071875 0.071875
3 0.56171875 0.1921875 0.0609375 0.0609375
3 0.7515625 0.1828125 0.065625 0.071875
3 0.7640625 0.20234375 0.05625 0.0734375
3 0.7796875 0.234375 0.053125 0.075
3 0.6703125 0.22109375 0.059375 0.0578125
3 0.6765625 0.33359375 0.059375 0.0796875
3 0.525 0.1109375 0.05625 0.075
3 0.4796875 0.25703125 0.053125 0.0953125
3 0.52109375 0.09140625 0.0578125 0.0828125
3 0.2765625 0.05859375 0.0703125 0.0703125
3 0.703125 0.43359375 0.0734375 0.0734375
3 0.61953125 0.26875 0.0703125 0.0703125
3 0.6921875 0.85078125 0.059375 0.0671875
3 0.8328125 0.2234375 0.06875 0.06875
3 0.809375 0.12578125 0.05625 0.071875