3 0.46796875 0.5671875 0.090625 0.090625
3 0.68828125 0.628125 0.096875 0.0953125
0 0.30625 0.61015625 0.1015625 0.1015625
3 0.78671875 0.3921875 0.0671875 0.090625
3 0.2890625 0.3953125 0.0734375 0.0734375
3 0.3734375 0.48203125 0.084375 0.084375
3 0.2203125 0.2046875 0.06875 0.09375
3 0.24921875 0.11328125 0.0859375 0.0859375
3 0.7078125 0.29453125 0.071875 0.1046875
3 0.578125 0.86953125 0.0828125 0.0828125
3 0.61484375 0.58828125 0.084375 0.084375
3 0.1734375 0.72421875 0.071875 0.1015625
3 0.4890625 0.45859375 0.065625 0.0921875
3 0.09296875 0.87890625 0.084375 0.084375
3 0.925 0.80703125 0.075 0.103125
0 0.40390625 0.20546875 0.109375 0.109375
3 0.8265625 0.840625 0.096875 0.096875
3 0.44375 0.09765625 0.06875 0.096875
3 0.11796875 0.38671875 0.0890625 0.0890625
3 0.09296875 0.484375 0.0765625 0.10625
3 0.784375 0.09609375 0.08125 0.1125
3 0.6578125 0.0796875 0.075 0.096875
3 0.6109375 0.78515625 0.08125 0.0859375
3 0.91015625 0.33125 0.075 0.109375
3 0.38125 0.38984375 0.08125 0.08125
3 0.29296875 0.85546875 0.09375 0.09375
3 0.3515625 0.06796875 0.075 0.0921875
3 0.8046875 0.66484375 0.0890625 0.090625
3 0.2359375 0.88828125 0.0890625 0.0875
3 0.946875 0.69921875 0.075 0.1125
3 0.490625 0.76171875 0.06875 0.103125
3 0.03203125 0.07265625 0.0609375 0.075
3 0.5453125 0.2921875 0.090625 0.090625
3 0.2984375 0.70078125 0.084375 0.0875
3 0.48984375 0.3203125 0.0703125 0.09375
3 0.57578125 0.065625 0.075 0.09375
3 0.5296875 0.18359375 0.078125 0.0921875
3 0.896875 0.528125 0.065625 0.1375
5 0.5875 0.17578125 0.09375 0.1359375
3 0.68125 0.20859375 0.05625 0.0765625
3 0.5828125 0.74453125 0.0875 0.0859375
3 0.87265625 0.159375 0.0921875 0.0875
3 0.31484375 0.809375 0.0921875 0.10625
3 0.559375 0.94453125 0.096875 0.0890625
3 0.8984375 0.2515625 0.096875 0.096875
3 0.86640625 0.05703125 0.0953125 0.0953125
3 0.9609375 0.53125 0.078125 0.090625
3 0.15546875 0.93359375 0.071875 0.1140625
2 0.109375 0.24609375 0.1 0.1421875