3 0.23984375 0.1390625 0.0859375 0.090625
3 0.96171875 0.42109375 0.0765625 0.0828125
3 0.559375 0.809375 0.0875 0.0875
3 0.9125 0.50078125 0.06875 0.096875
3 0.65 0.284375 0.075 0.09375
3 0.909375 0.83671875 0.08125 0.08125
3 0.2296875 0.3359375 0.0875 0.0875
3 0.359375 0.9203125 0.075 0.103125
3 0.384375 0.31328125 0.075 0.1046875
3 0.2 0.88515625 0.075 0.0921875
3 0.4234375 0.621875 0.078125 0.090625
3 0.27421875 0.4046875 0.0734375 0.096875
3 0.5203125 0.39375 0.075 0.109375
3 0.4390625 0.45078125 0.0953125 0.096875
3 0.69921875 0.371875 0.09375 0.09375
3 0.3375 0.35546875 0.08125 0.0921875
3 0.4953125 0.6359375 0.071875 0.1
3 0.80234375 0.44609375 0.0765625 0.1078125
3 0.5671875 0.49453125 0.075 0.0953125
3 0.896875 0.6765625 0.075 0.096875
3 0.3109375 0.68359375 0.090625 0.0921875
3 0.55 0.92734375 0.084375 0.1015625
3 0.0640625 0.828125 0.065625 0.0875
3 0.6515625 0.54375 0.078125 0.103125
3 0.7625 0.6265625 0.08125 0.103125
3 0.4890625 0.86484375 0.0890625 0.0890625
3 0.8859375 0.0828125 0.08125 0.10625
3 0.14453125 0.5140625 0.090625 0.090625
3 0.9359375 0.79609375 0.0890625 0.0875
3 0.39765625 0.7890625 0.08125 0.08125
3 0.1046875 0.0796875 0.08125 0.090625
3 0.665625 0.8125 0.0796875 0.0796875
3 0.303125 0.8671875 0.084375 0.0875
5 0.803125 0.7734375 0.096875 0.1125
3 0.58046875 0.0671875 0.075 0.096875
3 0.7703125 0.89765625 0.090625 0.0984375
3 0.26328125 0.7984375 0.0875 0.0875
3 0.90625 0.94140625 0.09375 0.09375
3 0.5 0.52109375 0.06875 0.0953125
3 0.3265625 0.771875 0.075 0.090625
3 0.7546875 0.07578125 0.0625 0.1109375
3 0.2375 0.05 0.084375 0.084375
3 0.0796875 0.29921875 0.084375 0.0859375
3 0.5546875 0.340625 0.0890625 0.0890625
3 0.38671875 0.68984375 0.0796875 0.0796875
3 0.18203125 0.48046875 0.0890625 0.0890625
3 0.71953125 0.08359375 0.0640625 0.0953125
3 0.0859375 0.403125 0.075 0.1
3 0.7078125 0.9546875 0.075 0.0765625
3 0.86328125 0.54140625 0.0671875 0.1171875
3 0.7890625 0.85234375 0.078125 0.0890625
3 0.7953125 0.69921875 0.071875 0.0890625
6 0.14921875 0.30546875 0.0796875 0.1484375
6 0.5671875 0.60390625 0.0875 0.1296875