3 0.346875 0.96015625 0.084375 0.0609375
3 0.32109375 0.86875 0.0859375 0.071875
3 0.153125 0.09375 0.0875 0.078125
3 0.75703125 0.740625 0.0859375 0.075
3 0.2828125 0.05859375 0.090625 0.0703125
3 0.8046875 0.63046875 0.0875 0.0875
3 0.7515625 0.03984375 0.090625 0.0703125
3 0.71328125 0.94453125 0.090625 0.0671875
3 0.07578125 0.571875 0.0765625 0.0703125
3 0.41953125 0.30078125 0.084375 0.0671875
3 0.54765625 0.72109375 0.0921875 0.0765625
3 0.14921875 0.54296875 0.0765625 0.078125
3 0.43671875 0.68046875 0.075 0.075
3 0.89453125 0.871875 0.0953125 0.06875
3 0.8140625 0.80546875 0.078125 0.0640625
3 0.57265625 0.2015625 0.0828125 0.08125
3 0.7078125 0.64765625 0.096875 0.0671875
3 0.4484375 0.58359375 0.1125 0.0734375
3 0.1203125 0.778125 0.08125 0.08125
3 0.27265625 0.56875 0.0859375 0.0875
3 0.3546875 0.8015625 0.071875 0.059375
6 0.6546875 0.11171875 0.096875 0.096875
3 0.621875 0.7125 0.0859375 0.0859375
3 0.1 0.75390625 0.084375 0.084375
3 0.82421875 0.7375 0.078125 0.0765625
6 0.7234375 0.16015625 0.09375 0.09375
3 0.796875 0.91953125 0.0828125 0.0828125
3 0.765625 0.5796875 0.090625 0.065625
3 0.83046875 0.52265625 0.078125 0.078125
3 0.4515625 0.7390625 0.090625 0.071875
3 0.76484375 0.43515625 0.0984375 0.0671875
3 0.22890625 0.18359375 0.1078125 0.078125
3 0.93671875 0.33671875 0.0796875 0.0796875
3 0.83046875 0.928125 0.0890625 0.06875
3 0.40234375 0.6390625 0.0984375 0.071875
3 0.95546875 0.79140625 0.0859375 0.0734375
3 0.2015625 0.7703125 0.096875 0.053125
3 0.18515625 0.9625 0.0796875 0.075
3 0.49453125 0.61640625 0.0953125 0.084375
6 0.1546875 0.325 0.109375 0.109375
6 0.91484375 0.70625 0.1 0.1015625
6 0.48359375 0.77421875 0.103125 0.103125
6 0.2734375 0.68203125 0.09375 0.0953125
6 0.2765625 0.80390625 0.0859375 0.0859375
3 0.3046875 0.74453125 0.078125 0.0671875
3 0.284375 0.33671875 0.078125 0.078125
3 0.28359375 0.37890625 0.08125 0.0796875
3 0.19609375 0.365625 0.084375 0.084375
3 0.228125 0.2890625 0.08125 0.065625
3 0.203125 0.24296875 0.065625 0.065625
3 0.8203125 0.15390625 0.09375 0.0671875
3 0.80390625 0.115625 0.078125 0.05625
3 0.35 0.32265625 0.08125 0.0546875