3 0.03984375 0.653125 0.0609375 0.084375
3 0.13125 0.67890625 0.0796875 0.078125
3 0.90625 0.846875 0.078125 0.0875
3 0.259375 0.24296875 0.08125 0.08125
3 0.94140625 0.7171875 0.08125 0.0796875
3 0.36953125 0.1953125 0.0703125 0.103125
3 0.959375 0.24765625 0.08125 0.0796875
3 0.05546875 0.28671875 0.078125 0.078125
3 0.428125 0.92421875 0.0734375 0.071875
3 0.69921875 0.58046875 0.075 0.075
3 0.27890625 0.45234375 0.0765625 0.0921875
3 0.45703125 0.85078125 0.071875 0.0828125
3 0.31953125 0.56328125 0.075 0.075
3 0.128125 0.10546875 0.06875 0.0953125
3 0.19453125 0.1859375 0.0703125 0.071875
3 0.7984375 0.42734375 0.08125 0.0828125
3 0.35234375 0.2921875 0.0671875 0.096875
3 0.41640625 0.5515625 0.09375 0.09375
3 0.221875 0.8796875 0.075 0.0875
3 0.43125 0.72734375 0.071875 0.1015625
3 0.1984375 0.6453125 0.059375 0.071875
6 0.88828125 0.3453125 0.096875 0.096875
3 0.2875 0.378125 0.071875 0.1
3 0.24609375 0.9 0.0734375 0.09375
3 0.2625 0.17578125 0.0765625 0.078125
6 0.83984375 0.2765625 0.09375 0.09375
3 0.08046875 0.203125 0.0828125 0.0828125
3 0.4203125 0.234375 0.065625 0.090625
3 0.47734375 0.16953125 0.078125 0.078125
3 0.2609375 0.5484375 0.071875 0.090625
3 0.56484375 0.23515625 0.0671875 0.0984375
3 0.81640625 0.77109375 0.09375 0.09375
3 0.66328125 0.06328125 0.0796875 0.0796875
3 0.071875 0.16953125 0.06875 0.0890625
3 0.3609375 0.59765625 0.0859375 0.084375
3 0.20859375 0.04453125 0.0796875 0.0796875
3 0.2296875 0.7984375 0.075 0.075
3 0.0359375 0.815625 0.071875 0.0875
3 0.38359375 0.50546875 0.084375 0.0953125
6 0.675 0.8453125 0.109375 0.109375
6 0.29375 0.08515625 0.1 0.1015625
6 0.22578125 0.51640625 0.103125 0.103125
6 0.31796875 0.7265625 0.0953125 0.09375
6 0.19609375 0.7234375 0.0640625 0.109375
3 0.25546875 0.6953125 0.071875 0.071875
3 0.66328125 0.715625 0.0671875 0.090625
3 0.62109375 0.71640625 0.0796875 0.08125
3 0.634375 0.80390625 0.06875 0.1
3 0.7109375 0.771875 0.0734375 0.0734375
3 0.75703125 0.796875 0.0515625 0.078125
3 0.84609375 0.1796875 0.08125 0.0796875
3 0.884375 0.19609375 0.05625 0.078125
3 0.67734375 0.65 0.06875 0.0671875