3 0.259375 0.38203125 0.090625 0.090625
3 0.38203125 0.39140625 0.0921875 0.0921875
3 0.4390625 0.45 0.10625 0.075
3 0.39375 0.58125 0.09375 0.06875
3 0.39453125 0.659375 0.0859375 0.075
3 0.4609375 0.5328125 0.0796875 0.0796875
3 0.515625 0.5453125 0.084375 0.071875
3 0.61015625 0.5890625 0.0953125 0.071875
3 0.75234375 0.4640625 0.075 0.0765625
3 0.884375 0.44296875 0.09375 0.0671875
3 0.8828125 0.51015625 0.096875 0.0609375
3 0.8046875 0.14765625 0.0828125 0.08125
3 0.67265625 0.246875 0.0921875 0.08125
3 0.6203125 0.16953125 0.096875 0.096875
3 0.7109375 0.06328125 0.0796875 0.0796875
3 0.62265625 0.0375 0.0984375 0.075
3 0.51328125 0.04140625 0.0890625 0.0828125
3 0.4234375 0.19296875 0.115625 0.0671875
3 0.2390625 0.28984375 0.0859375 0.0875
3 0.17265625 0.1765625 0.1078125 0.078125
3 0.2296875 0.15078125 0.075 0.075
3 0.30390625 0.08515625 0.0921875 0.0921875
3 0.40234375 0.096875 0.0796875 0.0796875
3 0.3578125 0.26796875 0.103125 0.0828125
3 0.309375 0.225 0.084375 0.084375
3 0.13203125 0.54453125 0.0875 0.0875
3 0.046875 0.58046875 0.08125 0.08125
3 0.61171875 0.375 0.0953125 0.075
3 0.7171875 0.71015625 0.090625 0.090625
3 0.765625 0.65625 0.078125 0.078125
3 0.80390625 0.62109375 0.0984375 0.0703125
3 0.84453125 0.7703125 0.0921875 0.09375
3 0.8578125 0.23125 0.08125 0.08125
3 0.53203125 0.30859375 0.078125 0.078125
3 0.6078125 0.315625 0.0921875 0.0921875
3 0.92421875 0.35078125 0.078125 0.078125
3 0.9078125 0.3015625 0.0921875 0.0921875
3 0.88828125 0.8796875 0.0921875 0.071875
3 0.88828125 0.94296875 0.0921875 0.071875
3 0.79140625 0.9625 0.0953125 0.06875
3 0.6359375 0.8578125 0.1125 0.071875
3 0.56015625 0.73125 0.084375 0.084375
3 0.51640625 0.9359375 0.0828125 0.071875
3 0.47421875 0.88125 0.0890625 0.06875
3 0.43828125 0.80703125 0.084375 0.084375
3 0.31796875 0.9515625 0.090625 0.0921875
3 0.2703125 0.9375 0.0828125 0.0828125
3 0.1484375 0.8875 0.0703125 0.0703125
3 0.0484375 0.95078125 0.0765625 0.0765625
3 0.071875 0.43828125 0.103125 0.0796875
3 0.08515625 0.8140625 0.0734375 0.109375
3 0.053125 0.8171875 0.0796875 0.0796875
3 0.95390625 0.125 0.08125 0.08125
0 0.70234375 0.35625 0.1015625 0.090625
3 0.27421875 0.759375 0.065625 0.09375
3 0.3375 0.7921875 0.0875 0.0875
3 0.28203125 0.67890625 0.1015625 0.0796875
3 0.3578125 0.75 0.08125 0.08125
3 0.32421875 0.7140625 0.0796875 0.0796875
1 0.20703125 0.7359375 0.1109375 0.115625
3 0.603125 0.80078125 0.103125 0.084375
3 0.63515625 0.803125 0.090625 0.090625