3 0.1890625 0.0875 0.10625 0.075
3 0.75546875 0.4890625 0.090625 0.090625
3 0.46875 0.42578125 0.096875 0.0953125
3 0.84296875 0.490625 0.0984375 0.08125
3 0.51796875 0.2984375 0.0953125 0.0875
3 0.15390625 0.3359375 0.1015625 0.071875
3 0.58984375 0.44765625 0.090625 0.090625
3 0.14921875 0.4109375 0.075 0.075
3 0.409375 0.2078125 0.103125 0.084375
3 0.05703125 0.25859375 0.0890625 0.06875
3 0.24765625 0.03984375 0.1046875 0.0796875
3 0.33515625 0.3484375 0.1125 0.084375
3 0.1546875 0.70390625 0.103125 0.078125
3 0.10390625 0.634375 0.0921875 0.0921875
3 0.35546875 0.6203125 0.09375 0.09375
3 0.40546875 0.47265625 0.096875 0.096875
3 0.79921875 0.1234375 0.096875 0.096875
3 0.896875 0.0375 0.1 0.075
3 0.2328125 0.51796875 0.0890625 0.090625
3 0.2359375 0.84921875 0.10625 0.0734375
3 0.4359375 0.6578125 0.115625 0.08125
3 0.67265625 0.15078125 0.08125 0.08125
0 0.58359375 0.1890625 0.096875 0.096875
3 0.6515625 0.240625 0.0921875 0.0921875
3 0.8765625 0.54921875 0.096875 0.0953125
3 0.3984375 0.846875 0.1 0.1
3 0.1546875 0.546875 0.10625 0.078125
3 0.92734375 0.165625 0.096875 0.0953125
3 0.70546875 0.296875 0.1015625 0.0875
3 0.6953125 0.0546875 0.0953125 0.0953125
3 0.10390625 0.95859375 0.0859375 0.0828125
3 0.775 0.31328125 0.0953125 0.0953125
3 0.65703125 0.8515625 0.115625 0.078125
3 0.65859375 0.7859375 0.1078125 0.078125
3 0.5671875 0.80625 0.09375 0.1
5 0.24921875 0.75625 0.1203125 0.1
3 0.640625 0.6734375 0.103125 0.084375
3 0.48984375 0.17578125 0.084375 0.084375
3 0.24765625 0.6875 0.1015625 0.05
3 0.54296875 0.08515625 0.0953125 0.075
3 0.41796875 0.95625 0.0875 0.0875