3 0.1609375 0.7625 0.0703125 0.0703125
3 0.64453125 0.56328125 0.08125 0.08125
3 0.35625 0.6296875 0.06875 0.06875
3 0.5203125 0.50078125 0.071875 0.071875
3 0.14140625 0.2421875 0.06875 0.06875
3 0.165625 0.375 0.071875 0.071875
3 0.809375 0.15 0.0734375 0.0734375
3 0.06953125 0.14453125 0.08125 0.08125
3 0.0546875 0.59453125 0.084375 0.0609375
3 0.94609375 0.4765625 0.0984375 0.075
3 0.0890625 0.5109375 0.084375 0.065625
3 0.47109375 0.7828125 0.0984375 0.071875
3 0.70078125 0.38671875 0.0921875 0.0703125
3 0.515625 0.1265625 0.08125 0.08125
4 0.78359375 0.24296875 0.0921875 0.090625
3 0.13828125 0.92109375 0.0984375 0.0671875
3 0.32421875 0.8609375 0.0703125 0.071875
3 0.90390625 0.5609375 0.0890625 0.059375
3 0.33125 0.44765625 0.09375 0.0578125
3 0.453125 0.325 0.084375 0.084375
3 0.5703125 0.89921875 0.08125 0.0734375
3 0.53515625 0.29765625 0.0890625 0.0734375
3 0.934375 0.08984375 0.08125 0.06875
3 0.61328125 0.759375 0.0953125 0.0625
1 0.8234375 0.4828125 0.0921875 0.0921875
3 0.4640625 0.24921875 0.0765625 0.078125
3 0.15390625 0.4640625 0.0796875 0.0796875
3 0.74453125 0.625 0.0953125 0.078125
3 0.2484375 0.796875 0.078125 0.0625
3 0.8875 0.3234375 0.103125 0.078125
3 0.62578125 0.2640625 0.0859375 0.0625
3 0.4921875 0.40546875 0.075 0.075
3 0.21171875 0.24609375 0.0859375 0.071875
3 0.17109375 0.846875 0.065625 0.065625
3 0.165625 0.0453125 0.0703125 0.0703125
3 0.30234375 0.4953125 0.08125 0.08125
3 0.228125 0.62578125 0.084375 0.084375
3 0.3578125 0.278125 0.090625 0.06875
3 0.4875 0.06484375 0.090625 0.0609375
3 0.29921875 0.22421875 0.0703125 0.0703125
3 0.159375 0.90703125 0.071875 0.071875
3 0.6921875 0.221875 0.071875 0.071875
3 0.4390625 0.096875 0.071875 0.071875
3 0.65859375 0.11171875 0.0703125 0.0703125
3 0.65234375 0.88828125 0.0640625 0.0640625
3 0.56640625 0.82109375 0.0734375 0.0734375
3 0.45546875 0.9390625 0.0890625 0.071875
3 0.3734375 0.203125 0.075 0.0734375
3 0.24296875 0.92578125 0.0859375 0.0671875
3 0.38203125 0.1546875 0.0921875 0.059375
3 0.35625 0.09765625 0.09375 0.0703125
3 0.4453125 0.90234375 0.090625 0.0671875
3 0.0578125 0.2453125 0.0890625 0.0890625
3 0.25703125 0.51875 0.0625 0.0609375
3 0.8578125 0.6625 0.096875 0.06875
3 0.375 0.3703125 0.0640625 0.0640625
3 0.8546875 0.73984375 0.09375 0.0640625
3 0.45390625 0.44375 0.1015625 0.071875
3 0.0890625 0.8296875 0.0796875 0.0796875
3 0.83671875 0.06953125 0.0734375 0.0703125
3 0.7703125 0.0703125 0.084375 0.071875
3 0.8765625 0.703125 0.096875 0.065625
3 0.92265625 0.60859375 0.0859375 0.0734375
3 0.63984375 0.2015625 0.0859375 0.084375
3 0.0609375 0.52265625 0.090625 0.0671875
3 0.2796875 0.89296875 0.075 0.075
3 0.33671875 0.92421875 0.0671875 0.0671875
3 0.04609375 0.80390625 0.065625 0.0640625
3 0.9140625 0.096875 0.078125 0.06875
3 0.69296875 0.96640625 0.090625 0.0671875
3 0.9625 0.7890625 0.071875 0.071875