3 0.4125 0.44296875 0.0671875 0.0671875
3 0.57890625 0.56171875 0.0734375 0.075
3 0.09609375 0.403125 0.0796875 0.059375
3 0.24765625 0.51875 0.0953125 0.059375
3 0.37890625 0.5109375 0.075 0.075
3 0.32890625 0.3 0.0703125 0.071875
3 0.06171875 0.1046875 0.084375 0.084375
3 0.371875 0.1546875 0.090625 0.071875
3 0.5984375 0.765625 0.09375 0.075
3 0.60703125 0.44453125 0.075 0.0609375
3 0.18671875 0.04296875 0.0828125 0.084375
6 0.9359375 0.57734375 0.109375 0.0765625
3 0.86796875 0.27578125 0.0859375 0.0671875
3 0.69765625 0.925 0.0875 0.065625
3 0.4484375 0.72265625 0.0828125 0.084375
3 0.45859375 0.54296875 0.078125 0.078125
3 0.228125 0.2234375 0.103125 0.065625
3 0.76171875 0.684375 0.0921875 0.06875
3 0.48984375 0.63203125 0.0796875 0.0796875
3 0.52734375 0.33046875 0.0765625 0.0734375
3 0.64609375 0.86640625 0.0890625 0.0640625
3 0.67421875 0.33203125 0.0796875 0.0796875
3 0.53515625 0.96015625 0.0828125 0.0796875
3 0.80390625 0.17421875 0.0765625 0.0765625
3 0.25625 0.80078125 0.09375 0.06875
3 0.77421875 0.2421875 0.0859375 0.065625
6 0.0828125 0.265625 0.0890625 0.0890625
3 0.75859375 0.3875 0.0921875 0.05625
3 0.1796875 0.38359375 0.0765625 0.078125
3 0.1203125 0.6765625 0.06875 0.06875
3 0.66796875 0.159375 0.0796875 0.0796875
3 0.81484375 0.43125 0.0828125 0.08125
3 0.76953125 0.9578125 0.065625 0.065625
3 0.50234375 0.803125 0.1015625 0.075
2 0.76328125 0.09921875 0.1140625 0.09375
3 0.6421875 0.1265625 0.0796875 0.0796875
3 0.2765625 0.175 0.065625 0.05
3 0.44375 0.11875 0.08125 0.08125
3 0.9546875 0.3375 0.08125 0.06875
3 0.090625 0.9578125 0.08125 0.078125
3 0.46171875 0.4859375 0.0703125 0.046875
5 0.5140625 0.1390625 0.09375 0.115625
3 0.5984375 0.275 0.084375 0.08125
3 0.7671875 0.7953125 0.1 0.1
3 0.43828125 0.08359375 0.0796875 0.0796875
3 0.3109375 0.034375 0.0671875 0.0671875
3 0.4 0.034375 0.075 0.06875
3 0.93046875 0.03203125 0.0703125 0.0640625