3 0.6921875 0.19609375 0.075 0.0984375
3 0.3625 0.14765625 0.075 0.0765625
3 0.10078125 0.4109375 0.0828125 0.08125
3 0.84375 0.12578125 0.08125 0.0828125
3 0.459375 0.33828125 0.071875 0.0984375
3 0.7875 0.25390625 0.06875 0.0890625
3 0.4203125 0.61484375 0.065625 0.0796875
3 0.4484375 0.1484375 0.0859375 0.0859375
3 0.559375 0.11796875 0.0859375 0.0875
3 0.128125 0.93359375 0.090625 0.0890625
3 0.5171875 0.23203125 0.0828125 0.08125
3 0.66875 0.64765625 0.0796875 0.0796875
3 0.19609375 0.5015625 0.084375 0.0828125
3 0.78671875 0.8046875 0.084375 0.084375
3 0.8078125 0.33984375 0.065625 0.078125
3 0.728125 0.29609375 0.06875 0.0890625
3 0.890625 0.35234375 0.075 0.0890625
3 0.13203125 0.5546875 0.0671875 0.115625
3 0.221875 0.221875 0.090625 0.090625
3 0.959375 0.784375 0.08125 0.08125
3 0.95625 0.9390625 0.084375 0.08125
3 0.06015625 0.9015625 0.09375 0.0921875
3 0.22421875 0.76171875 0.0875 0.0875
3 0.3015625 0.22734375 0.075 0.075
3 0.140625 0.6921875 0.090625 0.090625
3 0.4078125 0.50859375 0.078125 0.103125
3 0.909375 0.80859375 0.06875 0.103125
3 0.9609375 0.13359375 0.078125 0.078125
3 0.3078125 0.31640625 0.0734375 0.0921875
3 0.4625 0.528125 0.078125 0.090625
3 0.496875 0.44921875 0.0890625 0.0875
3 0.42421875 0.22265625 0.0765625 0.0953125
3 0.2140625 0.40546875 0.08125 0.08125
3 0.7609375 0.5296875 0.1 0.1
3 0.23671875 0.33046875 0.0859375 0.0859375