3 0.3078125 0.80390625 0.075 0.0984375
3 0.6375 0.85234375 0.075 0.075
3 0.89921875 0.5890625 0.08125 0.08125
3 0.15625 0.87421875 0.08125 0.0828125
3 0.540625 0.66171875 0.071875 0.0984375
3 0.2125 0.74609375 0.078125 0.0796875
3 0.5796875 0.38515625 0.071875 0.071875
3 0.5515625 0.8515625 0.078125 0.09375
3 0.440625 0.88203125 0.08125 0.0921875
3 0.871875 0.06640625 0.08125 0.0984375
3 0.4828125 0.76796875 0.065625 0.0984375
3 0.33125 0.35234375 0.075 0.0828125
3 0.80390625 0.4984375 0.084375 0.0828125
3 0.21328125 0.1953125 0.084375 0.084375
3 0.1921875 0.66015625 0.065625 0.078125
3 0.271875 0.70390625 0.0796875 0.0796875
3 0.109375 0.64765625 0.08125 0.08125
3 0.86796875 0.4453125 0.0671875 0.115625
3 0.778125 0.778125 0.090625 0.090625
3 0.03984375 0.21640625 0.0625 0.0984375
3 0.04375 0.0609375 0.06875 0.096875
3 0.93984375 0.0984375 0.0828125 0.103125
3 0.77578125 0.23828125 0.0890625 0.0859375
3 0.6984375 0.77265625 0.075 0.075
3 0.859375 0.3078125 0.090625 0.090625
3 0.5921875 0.49140625 0.078125 0.103125
3 0.090625 0.19140625 0.0875 0.0859375
3 0.0390625 0.86640625 0.06875 0.0859375
3 0.6921875 0.68359375 0.071875 0.0921875
3 0.5375 0.471875 0.084375 0.084375
3 0.503125 0.55078125 0.103125 0.0734375
3 0.57578125 0.77734375 0.0765625 0.0953125
3 0.7859375 0.59453125 0.08125 0.08125
3 0.2390625 0.4703125 0.065625 0.134375
3 0.76328125 0.66953125 0.0859375 0.0859375