5 0.3328125 0.29921875 0.09375 0.0921875
3 0.47578125 0.60703125 0.090625 0.090625
3 0.94453125 0.6578125 0.0984375 0.078125
3 0.609375 0.453125 0.08125 0.08125
3 0.82734375 0.621875 0.0875 0.0875
3 0.18828125 0.2203125 0.09375 0.09375
3 0.21171875 0.62109375 0.09375 0.09375
3 0.559375 0.76953125 0.103125 0.075
3 0.32578125 0.41953125 0.0984375 0.075
3 0.7390625 0.95390625 0.09375 0.0921875
3 0.059375 0.48203125 0.0859375 0.0875
3 0.50234375 0.08984375 0.090625 0.090625
3 0.36640625 0.378125 0.0828125 0.084375
3 0.57734375 0.24609375 0.084375 0.084375
3 0.18203125 0.809375 0.1140625 0.0875
3 0.35 0.0984375 0.084375 0.0828125
3 0.0640625 0.81953125 0.096875 0.0765625
3 0.54453125 0.6546875 0.1078125 0.08125
3 0.70546875 0.4890625 0.0984375 0.078125
3 0.3515625 0.5859375 0.078125 0.078125
3 0.64375 0.61484375 0.09375 0.0734375
3 0.41328125 0.46328125 0.1 0.0828125
3 0.3390625 0.7875 0.103125 0.08125
3 0.93125 0.47734375 0.090625 0.090625
3 0.04609375 0.08515625 0.0921875 0.0765625
3 0.23203125 0.27109375 0.0921875 0.0671875
3 0.8890625 0.44296875 0.0921875 0.09375
3 0.21328125 0.4265625 0.0875 0.0859375
3 0.37421875 0.85 0.0875 0.0875
3 0.4671875 0.71328125 0.084375 0.084375
3 0.23828125 0.9375 0.1078125 0.078125
3 0.55703125 0.95625 0.084375 0.084375
3 0.625 0.07578125 0.10625 0.0765625
3 0.85390625 0.3234375 0.0953125 0.09375
3 0.95546875 0.246875 0.0765625 0.0765625
3 0.5546875 0.884375 0.0734375 0.0734375
3 0.17265625 0.3515625 0.0953125 0.065625
3 0.3609375 0.69609375 0.0890625 0.090625
3 0.7296875 0.62734375 0.0890625 0.0890625
3 0.4796875 0.31640625 0.109375 0.0734375
3 0.59375 0.90625 0.1125 0.05625