3 0.31953125 0.76796875 0.0796875 0.0796875
3 0.571875 0.2109375 0.0875 0.071875
3 0.10703125 0.72109375 0.096875 0.096875
3 0.503125 0.68125 0.0875 0.0625
3 0.40859375 0.6 0.096875 0.078125
3 0.41484375 0.7171875 0.090625 0.0921875
3 0.153125 0.54375 0.084375 0.084375
3 0.540625 0.896875 0.096875 0.071875
3 0.44609375 0.90703125 0.078125 0.078125
3 0.77265625 0.05625 0.0859375 0.059375
3 0.11640625 0.64296875 0.0921875 0.09375
3 0.28046875 0.36484375 0.109375 0.0796875
3 0.84921875 0.13828125 0.0875 0.0875
3 0.5109375 0.15625 0.10625 0.078125
3 0.46171875 0.784375 0.0765625 0.05625
3 0.184375 0.81640625 0.0890625 0.0890625
3 0.91015625 0.2109375 0.0796875 0.071875
3 0.0609375 0.92109375 0.084375 0.0671875
3 0.18984375 0.74296875 0.075 0.075
2 0.79296875 0.26875 0.075 0.075
3 0.90234375 0.31484375 0.0921875 0.0765625
3 0.44140625 0.528125 0.1 0.075
3 0.865625 0.0578125 0.0875 0.0875
3 0.4640625 0.42890625 0.096875 0.0796875
3 0.80703125 0.1171875 0.0875 0.0875
3 0.1265625 0.8265625 0.0828125 0.0828125
3 0.27109375 0.2640625 0.0796875 0.0796875
3 0.1828125 0.90625 0.078125 0.078125
3 0.628125 0.59921875 0.103125 0.0671875
3 0.75234375 0.17734375 0.0890625 0.0703125
3 0.4078125 0.47265625 0.0765625 0.0765625
3 0.5296875 0.47109375 0.0921875 0.0921875
3 0.04453125 0.79609375 0.08125 0.08125
3 0.653125 0.934375 0.0734375 0.0734375
3 0.20078125 0.4875 0.078125 0.078125
3 0.17734375 0.16328125 0.0828125 0.0828125
3 0.76953125 0.771875 0.090625 0.0890625
3 0.08125 0.5015625 0.0609375 0.0609375
3 0.09375 0.1609375 0.09375 0.071875
6 0.66796875 0.14453125 0.10625 0.10625
3 0.27265625 0.934375 0.090625 0.08125
3 0.52578125 0.56640625 0.1046875 0.0734375
3 0.6609375 0.88203125 0.0875 0.0875
3 0.85859375 0.56328125 0.084375 0.084375
3 0.74140625 0.21875 0.0796875 0.053125
6 0.6109375 0.10234375 0.128125 0.0984375
6 0.13359375 0.39296875 0.1484375 0.0796875
3 0.1390625 0.46015625 0.0875 0.0578125
3 0.0921875 0.43359375 0.0875 0.0703125
3 0.1921875 0.88125 0.0765625 0.0765625
6 0.54609375 0.53359375 0.103125 0.103125
6 0.72890625 0.8015625 0.1265625 0.0875
3 0.84921875 0.9046875 0.0765625 0.075
3 0.80625 0.84921875 0.096875 0.0890625
3 0.71953125 0.87734375 0.075 0.075
3 0.196875 0.07890625 0.10625 0.0734375