3 0.5203125 0.09453125 0.096875 0.0765625
3 0.39453125 0.7828125 0.071875 0.071875
3 0.54609375 0.3703125 0.0765625 0.0765625
3 0.1796875 0.8296875 0.09375 0.09375
3 0.46171875 0.7234375 0.084375 0.084375
3 0.7703125 0.5640625 0.096875 0.078125
3 0.515625 0.23984375 0.075 0.075
3 0.60703125 0.1546875 0.1046875 0.075
3 0.696875 0.20625 0.0875 0.0875
3 0.68984375 0.27578125 0.0953125 0.0703125
3 0.17421875 0.446875 0.1046875 0.078125
3 0.53984375 0.82109375 0.090625 0.090625
3 0.27734375 0.82890625 0.084375 0.084375
3 0.45 0.15546875 0.0765625 0.075
3 0.43046875 0.51953125 0.0890625 0.0890625
3 0.1 0.7484375 0.0890625 0.0890625
3 0.57109375 0.60859375 0.096875 0.0765625
3 0.25546875 0.903125 0.0984375 0.071875
3 0.68203125 0.4578125 0.1109375 0.071875
3 0.4296875 0.04609375 0.084375 0.084375
3 0.21640625 0.584375 0.0703125 0.0703125
3 0.63203125 0.33203125 0.08125 0.08125
3 0.875 0.778125 0.090625 0.0921875
3 0.87421875 0.27890625 0.0875 0.0875
3 0.06484375 0.3203125 0.1015625 0.071875
3 0.446875 0.62265625 0.075 0.0578125
3 0.25 0.4921875 0.0671875 0.0671875
3 0.584375 0.046875 0.065625 0.065625
3 0.7265625 0.51875 0.065625 0.065625
3 0.9296875 0.5125 0.08125 0.08125
3 0.15390625 0.36953125 0.0828125 0.0828125
3 0.440625 0.24140625 0.09375 0.0734375
3 0.4515625 0.290625 0.09375 0.071875
3 0.40078125 0.96171875 0.0796875 0.0765625
3 0.36796875 0.53359375 0.0890625 0.0890625
3 0.80859375 0.63515625 0.0796875 0.0609375
6 0.60390625 0.5453125 0.1171875 0.071875
3 0.37421875 0.6515625 0.0859375 0.0859375
0 0.6515625 0.084375 0.0921875 0.0921875
3 0.340625 0.4921875 0.0875 0.0875
3 0.19296875 0.759375 0.1 0.075
3 0.2984375 0.3390625 0.06875 0.06875
3 0.59140625 0.28203125 0.1015625 0.0703125
3 0.85625 0.5609375 0.084375 0.065625
3 0.38125 0.37421875 0.078125 0.078125
3 0.09453125 0.64375 0.0859375 0.0859375
3 0.37421875 0.19140625 0.078125 0.078125
3 0.2953125 0.22578125 0.096875 0.0671875
3 0.3765625 0.11875 0.090625 0.06875
3 0.3078125 0.4078125 0.078125 0.0625
3 0.8671875 0.59140625 0.096875 0.0703125
3 0.5109375 0.9625 0.078125 0.0625
3 0.578125 0.6453125 0.0859375 0.0859375
3 0.46171875 0.6828125 0.0703125 0.0703125
3 0.484375 0.453125 0.0734375 0.0734375
3 0.65078125 0.621875 0.065625 0.0640625
6 0.76796875 0.85625 0.096875 0.078125
6 0.79140625 0.13515625 0.1 0.1453125
3 0.590625 0.3171875 0.084375 0.059375
3 0.5828125 0.43984375 0.084375 0.0640625
3 0.390625 0.2328125 0.0875 0.065625
3 0.3484375 0.14921875 0.065625 0.065625
3 0.09375 0.4765625 0.09375 0.0625
3 0.26171875 0.421875 0.0921875 0.075
3 0.403125 0.4265625 0.0734375 0.0734375
3 0.396875 0.3265625 0.084375 0.05625
3 0.3625 0.3078125 0.084375 0.084375
3 0.32734375 0.2765625 0.0765625 0.0765625
3 0.26328125 0.33359375 0.084375 0.0703125
3 0.76484375 0.0484375 0.078125 0.0765625
3 0.64296875 0.83046875 0.078125 0.0578125
3 0.29921875 0.571875 0.078125 0.078125
3 0.321875 0.609375 0.0875 0.0625
3 0.1609375 0.62265625 0.06875 0.06875
3 0.1984375 0.659375 0.078125 0.059375
3 0.121875 0.6828125 0.071875 0.071875
3 0.178125 0.7125 0.0875 0.0640625
3 0.278125 0.65859375 0.084375 0.084375
3 0.71015625 0.7015625 0.084375 0.059375
3 0.671875 0.9625 0.075 0.0625
3 0.5609375 0.9046875 0.0765625 0.0765625
3 0.32890625 0.9390625 0.065625 0.059375
3 0.5921875 0.8734375 0.096875 0.065625
3 0.66640625 0.89921875 0.0828125 0.0640625
3 0.6078125 0.93125 0.059375 0.0625
3 0.7140625 0.79921875 0.084375 0.065625
3 0.82109375 0.72734375 0.0953125 0.0640625
3 0.71953125 0.65 0.065625 0.065625
3 0.39921875 0.45078125 0.078125 0.0484375
3 0.84765625 0.378125 0.084375 0.0859375
3 0.94296875 0.36171875 0.0734375 0.0734375
3 0.89140625 0.4375 0.078125 0.078125
3 0.9046875 0.40390625 0.103125 0.0609375
3 0.85546875 0.46640625 0.0828125 0.0640625
3 0.9359375 0.5609375 0.075 0.075
3 0.9578125 0.5828125 0.071875 0.0703125
3 0.55078125 0.40546875 0.06875 0.06875
3 0.5109375 0.4609375 0.065625 0.065625
3 0.5671875 0.490625 0.078125 0.078125