3 0.4890625 0.04453125 0.090625 0.0890625
3 0.4390625 0.659375 0.071875 0.071875
3 0.490625 0.21328125 0.08125 0.08125
3 0.60546875 0.24453125 0.0953125 0.0734375
3 0.89921875 0.7953125 0.0984375 0.078125
3 0.94765625 0.225 0.103125 0.075
3 0.33515625 0.1171875 0.0953125 0.078125
3 0.0640625 0.15859375 0.103125 0.0734375
3 0.5140625 0.7453125 0.096875 0.075
3 0.27578125 0.8625 0.096875 0.06875
3 0.8203125 0.40078125 0.078125 0.0796875
3 0.4765625 0.45625 0.0859375 0.0859375
3 0.65546875 0.1421875 0.0921875 0.06875
3 0.38671875 0.3421875 0.084375 0.084375
3 0.64765625 0.484375 0.0828125 0.075
3 0.8890625 0.6828125 0.084375 0.084375
3 0.865625 0.87734375 0.1 0.071875
3 0.5984375 0.90078125 0.1 0.0828125
3 0.946875 0.465625 0.096875 0.06875
3 0.11640625 0.771875 0.0828125 0.0828125
3 0.4484375 0.10234375 0.0828125 0.084375
3 0.25546875 0.553125 0.090625 0.090625
3 0.4265625 0.7828125 0.075 0.075
3 0.1265625 0.85 0.084375 0.084375
3 0.621875 0.81796875 0.0875 0.0875
3 0.084375 0.0421875 0.090625 0.084375
3 0.5578125 0.69140625 0.090625 0.0703125
3 0.57734375 0.4390625 0.0859375 0.084375
3 0.55234375 0.50703125 0.0828125 0.0828125
3 0.21328125 0.1140625 0.1 0.078125
3 0.71640625 0.08828125 0.0890625 0.071875
3 0.16484375 0.89609375 0.0890625 0.071875
3 0.55078125 0.1765625 0.08125 0.08125
3 0.1359375 0.7265625 0.10625 0.08125
3 0.525 0.3546875 0.1125 0.078125
2 0.73359375 0.5796875 0.1546875 0.096875
3 0.68515625 0.26953125 0.1046875 0.0765625
3 0.11015625 0.1109375 0.1 0.078125
3 0.33203125 0.04140625 0.1078125 0.0703125
3 0.85234375 0.58828125 0.0953125 0.0625
3 0.55625 0.11171875 0.0765625 0.0765625
3 0.07890625 0.61875 0.1046875 0.0625
3 0.80078125 0.1171875 0.078125 0.078125
3 0.17421875 0.3078125 0.090625 0.071875
3 0.14921875 0.925 0.0890625 0.075
3 0.86484375 0.64140625 0.103125 0.0671875