0 0.77109375 0.5390625 0.0953125 0.096875
3 0.08046875 0.45625 0.0765625 0.0765625
3 0.86015625 0.3921875 0.1046875 0.075
3 0.63203125 0.43828125 0.0859375 0.0859375
3 0.3265625 0.75859375 0.084375 0.0828125
3 0.8109375 0.04140625 0.0875 0.0828125
3 0.56328125 0.17265625 0.1015625 0.0671875
3 0.59765625 0.10390625 0.0953125 0.0734375
3 0.93203125 0.78203125 0.096875 0.096875
3 0.62265625 0.54375 0.084375 0.0828125
3 0.32421875 0.4515625 0.0984375 0.0984375
3 0.92421875 0.94765625 0.078125 0.078125
3 0.37265625 0.29375 0.09375 0.09375
3 0.0984375 0.04921875 0.090625 0.078125
3 0.72578125 0.57265625 0.0984375 0.0765625
3 0.4671875 0.4171875 0.0875 0.0875
3 0.471875 0.878125 0.09375 0.09375
3 0.728125 0.92109375 0.0859375 0.0875
3 0.12265625 0.7296875 0.0921875 0.0734375
3 0.51015625 0.5421875 0.1015625 0.090625
3 0.203125 0.278125 0.090625 0.06875
3 0.71796875 0.20234375 0.0984375 0.0796875
3 0.16640625 0.06484375 0.0890625 0.0796875
3 0.584375 0.4875 0.1 0.06875
3 0.81171875 0.21171875 0.0859375 0.0859375
3 0.925 0.703125 0.10625 0.078125
3 0.52265625 0.32890625 0.0875 0.0875
3 0.53046875 0.46171875 0.0984375 0.0734375
3 0.84296875 0.73359375 0.0875 0.0875
3 0.70625 0.46875 0.090625 0.090625
3 0.3265625 0.66953125 0.075 0.075
3 0.66171875 0.9171875 0.1078125 0.0796875
3 0.1953125 0.834375 0.0765625 0.0765625
3 0.83671875 0.790625 0.1015625 0.075
3 0.9546875 0.4875 0.0796875 0.08125
3 0.165625 0.8125 0.0859375 0.0859375
3 0.715625 0.4125 0.103125 0.075
3 0.07734375 0.30234375 0.071875 0.071875
3 0.15390625 0.34453125 0.0921875 0.0796875
3 0.15703125 0.3109375 0.090625 0.08125
3 0.18046875 0.08984375 0.0890625 0.0890625