0 0.5390625 0.22890625 0.096875 0.0953125
3 0.45625 0.91953125 0.0765625 0.0765625
3 0.3921875 0.13984375 0.075 0.1046875
3 0.43828125 0.36796875 0.0828125 0.0890625
3 0.75859375 0.6734375 0.0703125 0.096875
3 0.04140625 0.1890625 0.0828125 0.0875
3 0.17265625 0.43671875 0.0671875 0.1015625
3 0.10390625 0.40234375 0.0734375 0.0953125
3 0.78203125 0.06796875 0.0890625 0.1046875
3 0.54375 0.37734375 0.0828125 0.084375
3 0.4515625 0.67578125 0.084375 0.1125
3 0.94765625 0.07578125 0.0671875 0.0875
3 0.29375 0.62734375 0.075 0.1125
3 0.04921875 0.9015625 0.078125 0.090625
3 0.57265625 0.27421875 0.0875 0.0875
3 0.4171875 0.5328125 0.078125 0.096875
3 0.878125 0.528125 0.08125 0.10625
3 0.92109375 0.271875 0.0734375 0.1
3 0.7296875 0.87734375 0.0828125 0.08125
3 0.5421875 0.48984375 0.096875 0.096875
3 0.278125 0.796875 0.0796875 0.0796875
3 0.20234375 0.28203125 0.0796875 0.0984375
3 0.06484375 0.83359375 0.084375 0.084375
3 0.4875 0.415625 0.06875 0.1
3 0.21171875 0.18828125 0.0734375 0.0984375
3 0.703125 0.075 0.078125 0.10625
3 0.32890625 0.47734375 0.0703125 0.1046875
3 0.46171875 0.46953125 0.0859375 0.0859375
3 0.73359375 0.15703125 0.075 0.0984375
3 0.46875 0.29375 0.090625 0.090625
3 0.66953125 0.6734375 0.075 0.075
3 0.9171875 0.33828125 0.09375 0.0921875
3 0.834375 0.8046875 0.065625 0.0875
3 0.790625 0.16328125 0.075 0.1015625
3 0.4875 0.0453125 0.06875 0.090625
3 0.8125 0.834375 0.0859375 0.0859375
3 0.4125 0.284375 0.0890625 0.0890625
3 0.30234375 0.92265625 0.071875 0.071875
3 0.34453125 0.84609375 0.0859375 0.0859375
3 0.3109375 0.84296875 0.0859375 0.0859375
3 0.08984375 0.81953125 0.0890625 0.0890625