3 0.5703125 0.41328125 0.06875 0.06875
3 0.7671875 0.253125 0.0734375 0.0734375
3 0.80078125 0.3234375 0.0546875 0.084375
3 0.540625 0.33125 0.06875 0.0671875
3 0.121875 0.81171875 0.0703125 0.0703125
3 0.21171875 0.19453125 0.065625 0.065625
3 0.57890625 0.71015625 0.0765625 0.0984375
3 0.54375 0.0828125 0.06875 0.096875
3 0.8296875 0.60390625 0.06875 0.0703125
3 0.3609375 0.25234375 0.059375 0.0796875
3 0.34609375 0.93671875 0.0625 0.0859375
3 0.90546875 0.61953125 0.0734375 0.0984375
3 0.80625 0.1484375 0.0734375 0.0734375
3 0.41328125 0.90625 0.0671875 0.096875
3 0.95703125 0.3390625 0.071875 0.090625
3 0.4296875 0.759375 0.08125 0.0828125
3 0.7515625 0.77109375 0.0796875 0.0796875
3 0.4515625 0.5046875 0.075 0.075
3 0.053125 0.3609375 0.0625 0.071875
3 0.675 0.646875 0.0765625 0.0765625
3 0.421875 0.26171875 0.06875 0.06875
4 0.29140625 0.7203125 0.0765625 0.103125
3 0.52109375 0.796875 0.0796875 0.0796875
3 0.653125 0.8546875 0.05 0.096875
3 0.51015625 0.58203125 0.0515625 0.0859375
3 0.21171875 0.94375 0.0671875 0.08125
3 0.25703125 0.2375 0.08125 0.08125
3 0.1578125 0.87734375 0.06875 0.06875
3 0.6953125 0.91640625 0.0703125 0.071875
3 0.771875 0.859375 0.0703125 0.0703125
3 0.13359375 0.165625 0.0859375 0.0859375
3 0.85234375 0.74375 0.0640625 0.103125
3 0.353125 0.68671875 0.071875 0.071875
3 0.94609375 0.80703125 0.071875 0.0984375
3 0.83828125 0.2203125 0.0703125 0.096875
6 0.35546875 0.51328125 0.0828125 0.1078125
3 0.17578125 0.1328125 0.078125 0.078125
3 0.46796875 0.303125 0.0578125 0.075
3 0.48125 0.9296875 0.06875 0.084375
3 0.184375 0.80390625 0.059375 0.0828125
3 0.040625 0.80390625 0.06875 0.084375
3 0.4546875 0.10234375 0.06875 0.0703125
3 0.3140625 0.4765625 0.06875 0.06875
3 0.696875 0.56796875 0.0703125 0.071875
3 0.6328125 0.0765625 0.071875 0.071875
3 0.096875 0.45546875 0.075 0.0890625
3 0.25546875 0.52890625 0.071875 0.075
3 0.07421875 0.20859375 0.071875 0.071875
3 0.7015625 0.28671875 0.065625 0.0640625
4 0.8875 0.17421875 0.084375 0.084375
3 0.225 0.33671875 0.071875 0.0875
3 0.921875 0.53046875 0.06875 0.0859375
3 0.28046875 0.3140625 0.065625 0.065625
3 0.478125 0.87734375 0.0640625 0.0625
3 0.70703125 0.09296875 0.0671875 0.0765625
3 0.09375 0.73359375 0.059375 0.0953125
3 0.0546875 0.1859375 0.08125 0.0796875
3 0.94140625 0.13828125 0.071875 0.071875
3 0.2578125 0.90546875 0.0609375 0.0609375
3 0.54375 0.9296875 0.05625 0.071875
3 0.6796875 0.77578125 0.0765625 0.078125
3 0.9671875 0.7203125 0.065625 0.06875
3 0.3984375 0.63359375 0.059375 0.059375
3 0.2953125 0.39609375 0.0625 0.0625
3 0.46875 0.33515625 0.05625 0.0671875
3 0.71640625 0.71328125 0.0578125 0.0578125
4 0.2 0.38046875 0.0890625 0.0890625
3 0.3 0.23203125 0.06875 0.0921875
3 0.80625 0.6875 0.0609375 0.0609375
3 0.5046875 0.678125 0.046875 0.075
3 0.96015625 0.54921875 0.0796875 0.0859375
3 0.96953125 0.20859375 0.0484375 0.071875
3 0.2515625 0.4734375 0.071875 0.071875
3 0.2484375 0.40390625 0.0765625 0.075
3 0.196875 0.3265625 0.0703125 0.0703125