3 0.58671875 0.4296875 0.06875 0.06875
3 0.746875 0.2328125 0.08125 0.065625
3 0.6765625 0.19921875 0.084375 0.0546875
3 0.66875 0.459375 0.0671875 0.06875
3 0.18828125 0.878125 0.0796875 0.0625
3 0.80546875 0.78828125 0.065625 0.065625
3 0.28984375 0.42109375 0.0984375 0.0765625
3 0.9171875 0.45625 0.096875 0.06875
3 0.39609375 0.1703125 0.06875 0.06875
3 0.74765625 0.6390625 0.0703125 0.06875
3 0.06328125 0.65390625 0.0859375 0.0625
3 0.38046875 0.09453125 0.0984375 0.0734375
3 0.8515625 0.19375 0.0734375 0.0734375
3 0.09375 0.58671875 0.096875 0.0671875
3 0.6609375 0.04296875 0.090625 0.071875
3 0.240625 0.5703125 0.09375 0.071875
3 0.22890625 0.2484375 0.0796875 0.0796875
3 0.4953125 0.5484375 0.075 0.075
3 0.6390625 0.946875 0.0671875 0.0671875
3 0.353125 0.325 0.0765625 0.0765625
3 0.73828125 0.578125 0.06875 0.06875
4 0.2796875 0.70859375 0.103125 0.0765625
3 0.203125 0.47890625 0.0796875 0.0796875
3 0.1453125 0.346875 0.0734375 0.0734375
3 0.41796875 0.48984375 0.0859375 0.0515625
3 0.05625 0.78828125 0.08125 0.0671875
3 0.7625 0.74296875 0.1 0.0609375
3 0.12265625 0.8421875 0.0796875 0.05625
3 0.08359375 0.3046875 0.0765625 0.065625
3 0.140625 0.228125 0.0703125 0.0703125
3 0.834375 0.86640625 0.096875 0.075
3 0.25625 0.14765625 0.0828125 0.084375
3 0.31328125 0.646875 0.071875 0.071875
3 0.19296875 0.05390625 0.0984375 0.071875
3 0.7796875 0.16171875 0.096875 0.0703125
6 0.48671875 0.64453125 0.0953125 0.0953125
3 0.8671875 0.82421875 0.0875 0.0703125
3 0.696875 0.53203125 0.0671875 0.065625
3 0.0703125 0.51875 0.0765625 0.0765625
3 0.19609375 0.815625 0.071875 0.0703125
3 0.19609375 0.959375 0.0765625 0.0765625
3 0.89765625 0.5453125 0.0703125 0.06875
3 0.5234375 0.6859375 0.06875 0.06875
3 0.43203125 0.303125 0.0796875 0.0625
3 0.9234375 0.3671875 0.071875 0.071875
3 0.54453125 0.903125 0.0828125 0.08125
3 0.47109375 0.74453125 0.0734375 0.0734375
3 0.79140625 0.92578125 0.071875 0.071875
3 0.71328125 0.2984375 0.0640625 0.065625
4 0.82578125 0.1125 0.084375 0.084375
3 0.66328125 0.775 0.0875 0.071875
3 0.46953125 0.078125 0.0765625 0.0765625
3 0.6859375 0.71953125 0.065625 0.065625
3 0.12265625 0.521875 0.0765625 0.05
3 0.90703125 0.29296875 0.071875 0.071875
3 0.26640625 0.90625 0.078125 0.0765625
3 0.8140625 0.9453125 0.0875 0.071875
3 0.86171875 0.05859375 0.071875 0.071875
3 0.09453125 0.7421875 0.0703125 0.053125
3 0.0703125 0.45625 0.071875 0.05625
3 0.22421875 0.3203125 0.0828125 0.071875
3 0.28046875 0.03125 0.0796875 0.05625
3 0.36640625 0.6015625 0.065625 0.053125
3 0.60390625 0.7046875 0.071875 0.053125
3 0.66484375 0.53125 0.0625 0.0625
3 0.28671875 0.28359375 0.0578125 0.0578125
4 0.61953125 0.8 0.103125 0.075
3 0.76796875 0.7 0.0921875 0.06875
3 0.3125 0.19375 0.071875 0.05
3 0.321875 0.4953125 0.075 0.046875
3 0.4515625 0.03515625 0.10625 0.0671875
3 0.79140625 0.03046875 0.071875 0.0484375
3 0.5265625 0.7484375 0.078125 0.065625
3 0.59609375 0.7515625 0.075 0.0765625
3 0.6734375 0.803125 0.08125 0.059375