3 0.0609375 0.18828125 0.078125 0.0765625
3 0.54140625 0.53984375 0.075 0.0984375
3 0.13046875 0.7140625 0.0640625 0.1
3 0.2015625 0.6109375 0.0796875 0.0796875
3 0.45078125 0.484375 0.071875 0.071875
3 0.8859375 0.70625 0.0765625 0.0765625
3 0.671875 0.76171875 0.06875 0.0890625
3 0.45546875 0.83984375 0.075 0.075
3 0.30078125 0.5046875 0.0671875 0.0875
3 0.04140625 0.39140625 0.0828125 0.0859375
3 0.9390625 0.26640625 0.065625 0.0859375
1 0.20859375 0.13125 0.0796875 0.109375
3 0.43046875 0.76171875 0.0703125 0.096875
3 0.590625 0.1265625 0.06875 0.090625
3 0.3640625 0.60390625 0.078125 0.078125
3 0.1109375 0.928125 0.059375 0.08125
3 0.4046875 0.25078125 0.0796875 0.08125
3 0.87109375 0.271875 0.0640625 0.075
3 0.07265625 0.7484375 0.0640625 0.096875
3 0.796875 0.37890625 0.0828125 0.0828125
3 0.76796875 0.9125 0.0640625 0.071875
3 0.5234375 0.25625 0.071875 0.071875
3 0.66171875 0.178125 0.0671875 0.084375
3 0.146875 0.0671875 0.071875 0.071875
3 0.95 0.83515625 0.0796875 0.08125
3 0.90546875 0.18359375 0.0703125 0.0921875
3 0.26875 0.5875 0.0671875 0.0671875
3 0.2921875 0.27421875 0.075 0.075
3 0.84609375 0.1421875 0.0515625 0.071875
3 0.890625 0.61953125 0.0625 0.0765625
1 0.3515625 0.31640625 0.071875 0.1203125
3 0.39375 0.38828125 0.06875 0.0703125
3 0.384375 0.47265625 0.065625 0.0953125
3 0.828125 0.465625 0.06875 0.096875
3 0.778125 0.6796875 0.06875 0.096875
3 0.75546875 0.34140625 0.0640625 0.0796875
3 0.7453125 0.42734375 0.059375 0.0828125
3 0.28984375 0.821875 0.0765625 0.08125
3 0.6640625 0.640625 0.065625 0.0875
3 0.63515625 0.25 0.0640625 0.065625
3 0.6125 0.39921875 0.065625 0.078125
3 0.75390625 0.58046875 0.0640625 0.0984375
3 0.49609375 0.425 0.0640625 0.0875
3 0.6484375 0.6203125 0.078125 0.078125
3 0.190625 0.77890625 0.06875 0.0703125
3 0.68203125 0.878125 0.065625 0.065625
3 0.353125 0.69140625 0.06875 0.06875
3 0.778125 0.86015625 0.0734375 0.0734375
3 0.8609375 0.79140625 0.084375 0.084375
3 0.475 0.6046875 0.05625 0.071875
3 0.76875 0.49765625 0.075 0.0765625
3 0.68125 0.71484375 0.06875 0.096875
3 0.734375 0.73203125 0.06875 0.0828125
3 0.90078125 0.93203125 0.075 0.075
3 0.03515625 0.11171875 0.059375 0.059375
3 0.578125 0.21796875 0.05625 0.0765625
3 0.9390625 0.47734375 0.040625 0.0796875
3 0.88046875 0.87421875 0.0703125 0.0828125
3 0.19765625 0.36171875 0.0546875 0.0703125
3 0.3984375 0.5296875 0.053125 0.071875
3 0.4125 0.0453125 0.05 0.06875
3 0.49453125 0.09140625 0.0640625 0.0640625
3 0.54921875 0.0625 0.059375 0.059375
3 0.65703125 0.321875 0.0625 0.0609375
3 0.24921875 0.43359375 0.0640625 0.0640625
3 0.909375 0.5484375 0.06875 0.071875
3 0.81953125 0.73984375 0.0703125 0.0828125
3 0.6078125 0.82578125 0.06875 0.0796875
3 0.36953125 0.79765625 0.071875 0.071875
3 0.45859375 0.28984375 0.0578125 0.0671875
3 0.415625 0.3453125 0.05625 0.084375
3 0.5828125 0.909375 0.0625 0.06875
3 0.6375 0.8875 0.05625 0.075
3 0.09140625 0.065625 0.0609375 0.075
3 0.2234375 0.540625 0.053125 0.075
3 0.80625 0.60390625 0.05 0.0640625
3 0.03046875 0.56640625 0.0546875 0.0671875
3 0.03125 0.63046875 0.05 0.0609375
3 0.71328125 0.91796875 0.0546875 0.0796875
3 0.7859375 0.79375 0.0578125 0.0578125
3 0.18671875 0.29375 0.0546875 0.06875
3 0.11015625 0.40078125 0.0578125 0.0703125
3 0.696875 0.234375 0.0625 0.0625
3 0.55546875 0.36171875 0.078125 0.078125
3 0.05 0.30859375 0.046875 0.075
3 0.4640625 0.3765625 0.06875 0.06875
3 0.47109375 0.16171875 0.05625 0.05625
3 0.509375 0.1921875 0.0625 0.071875
3 0.5234375 0.13046875 0.0625 0.0578125
3 0.125 0.546875 0.053125 0.05625
3 0.0796875 0.57421875 0.0375 0.0546875
3 0.88203125 0.4234375 0.0484375 0.059375
3 0.95859375 0.9609375 0.0609375 0.059375
3 0.11640625 0.0296875 0.05 0.059375
3 0.9109375 0.475 0.0609375 0.0609375
6 0.58359375 0.290625 0.0796875 0.0875