3 0.9390625 0.81171875 0.078125 0.0765625
3 0.45859375 0.46015625 0.075 0.0984375
3 0.86953125 0.2859375 0.0828125 0.08125
3 0.7984375 0.3890625 0.065625 0.09375
3 0.54921875 0.515625 0.0609375 0.08125
3 0.1140625 0.29375 0.0765625 0.075
3 0.328125 0.23828125 0.078125 0.078125
3 0.54453125 0.16015625 0.0671875 0.0828125
3 0.69921875 0.4953125 0.0671875 0.0875
3 0.95859375 0.60859375 0.0828125 0.0859375
3 0.0609375 0.73359375 0.075 0.075
1 0.79140625 0.86875 0.0796875 0.109375
3 0.56953125 0.23828125 0.0703125 0.096875
3 0.409375 0.8734375 0.06875 0.090625
3 0.6359375 0.39609375 0.065625 0.0890625
3 0.8890625 0.071875 0.0703125 0.0703125
3 0.5953125 0.74921875 0.071875 0.0890625
3 0.12890625 0.728125 0.0703125 0.0703125
3 0.92734375 0.2515625 0.0640625 0.096875
3 0.203125 0.62109375 0.0828125 0.0828125
3 0.23203125 0.0875 0.0671875 0.06875
3 0.4765625 0.74375 0.065625 0.078125
3 0.33828125 0.821875 0.075 0.075
3 0.853125 0.9328125 0.059375 0.084375
3 0.05 0.16484375 0.071875 0.0890625
3 0.09453125 0.81640625 0.0703125 0.0921875
3 0.73125 0.4125 0.05625 0.078125
3 0.7078125 0.72578125 0.065625 0.0859375
3 0.15390625 0.8578125 0.0625 0.0625
3 0.109375 0.38046875 0.06875 0.06875
1 0.6484375 0.68359375 0.096875 0.096875
3 0.60625 0.61171875 0.06875 0.0703125
3 0.615625 0.52734375 0.08125 0.08125
3 0.171875 0.534375 0.06875 0.096875
3 0.221875 0.3203125 0.0828125 0.0828125
3 0.24453125 0.65859375 0.071875 0.071875
3 0.2546875 0.57265625 0.059375 0.0828125
3 0.71015625 0.178125 0.0765625 0.08125
3 0.3359375 0.359375 0.0765625 0.0765625
3 0.36484375 0.75 0.0640625 0.065625
3 0.3875 0.60078125 0.065625 0.078125
3 0.24609375 0.41953125 0.08125 0.08125
3 0.50390625 0.575 0.0640625 0.0875
3 0.3515625 0.3796875 0.071875 0.084375
3 0.809375 0.22109375 0.0703125 0.0703125
3 0.31796875 0.121875 0.065625 0.065625
3 0.646875 0.30859375 0.06875 0.06875
3 0.221875 0.13984375 0.0734375 0.0734375
3 0.1390625 0.20859375 0.084375 0.084375
3 0.525 0.3953125 0.05625 0.071875
3 0.23125 0.50234375 0.075 0.0765625
3 0.31875 0.28515625 0.0828125 0.0828125
3 0.265625 0.26796875 0.06875 0.0828125
3 0.09921875 0.06796875 0.071875 0.0796875
3 0.96484375 0.88828125 0.059375 0.059375
3 0.421875 0.78203125 0.0671875 0.0671875
3 0.0609375 0.52265625 0.040625 0.0796875
3 0.11953125 0.12578125 0.0765625 0.0765625
3 0.80234375 0.63828125 0.0625 0.0625
3 0.6015625 0.4703125 0.053125 0.071875
3 0.5875 0.9546875 0.05 0.06875
3 0.50546875 0.90859375 0.0640625 0.0640625
3 0.45078125 0.9375 0.059375 0.059375
3 0.34296875 0.678125 0.0625 0.0609375
3 0.75078125 0.56640625 0.0640625 0.0640625
3 0.090625 0.4515625 0.0703125 0.0703125
3 0.18046875 0.26015625 0.0703125 0.0828125
3 0.3921875 0.17421875 0.06875 0.0796875
3 0.63046875 0.20234375 0.0578125 0.0859375
3 0.54140625 0.71015625 0.0625 0.0625
3 0.584375 0.6546875 0.05625 0.084375
3 0.4171875 0.090625 0.0625 0.06875
3 0.3625 0.1125 0.05625 0.075
3 0.90859375 0.934375 0.0609375 0.075
3 0.7765625 0.459375 0.053125 0.075
3 0.19375 0.39609375 0.05625 0.05625
3 0.96953125 0.43359375 0.0546875 0.0671875
3 0.96875 0.36953125 0.05625 0.0546875
3 0.28671875 0.08203125 0.0671875 0.0671875
3 0.2140625 0.20625 0.053125 0.0625
3 0.81328125 0.70625 0.0609375 0.0609375
3 0.88984375 0.59921875 0.0640625 0.0640625
3 0.303125 0.765625 0.059375 0.065625
3 0.44453125 0.63828125 0.0828125 0.075
3 0.95 0.69140625 0.0609375 0.0609375
3 0.5359375 0.6234375 0.053125 0.084375
3 0.52890625 0.83828125 0.05625 0.05625
3 0.490625 0.8078125 0.06875 0.065625
3 0.4765625 0.86953125 0.0609375 0.059375
3 0.875 0.453125 0.053125 0.05625
3 0.9203125 0.42578125 0.0375 0.0546875
3 0.11796875 0.5765625 0.053125 0.053125
3 0.04140625 0.0390625 0.0609375 0.059375
3 0.88359375 0.9703125 0.05 0.059375
3 0.0890625 0.525 0.053125 0.06875
6 0.41640625 0.709375 0.0796875 0.0875