3 0.528125 0.678125 0.1 0.08125
3 0.4234375 0.05078125 0.09375 0.09375
3 0.62265625 0.8796875 0.090625 0.0890625
3 0.259375 0.95625 0.08125 0.08125
3 0.52578125 0.2546875 0.0953125 0.071875
3 0.67734375 0.73203125 0.0875 0.0875
3 0.56015625 0.60390625 0.1015625 0.0796875
3 0.2421875 0.878125 0.0875 0.0875
3 0.4453125 0.19375 0.090625 0.06875
3 0.78515625 0.8375 0.09375 0.09375
3 0.16484375 0.2046875 0.0859375 0.071875
3 0.903125 0.9609375 0.096875 0.075
3 0.06328125 0.29765625 0.08125 0.08125
3 0.49609375 0.765625 0.078125 0.078125
3 0.86171875 0.7859375 0.090625 0.090625
3 0.9203125 0.83359375 0.071875 0.071875
3 0.92421875 0.5421875 0.1078125 0.075
3 0.2359375 0.5859375 0.08125 0.08125
3 0.2703125 0.221875 0.084375 0.084375
3 0.46796875 0.90234375 0.090625 0.090625
3 0.44453125 0.3515625 0.1078125 0.071875
3 0.74453125 0.25625 0.0734375 0.0625
3 0.759375 0.959375 0.08125 0.08125
3 0.76796875 0.46953125 0.084375 0.084375
3 0.765625 0.19453125 0.1125 0.0765625
3 0.37109375 0.884375 0.1 0.078125
3 0.08984375 0.3953125 0.0953125 0.075
3 0.9484375 0.15 0.0828125 0.084375
3 0.85859375 0.61640625 0.1046875 0.0703125
3 0.39765625 0.7046875 0.1 0.1
3 0.41953125 0.9515625 0.0828125 0.0828125
3 0.21171875 0.803125 0.0875 0.0875
3 0.128125 0.7546875 0.1 0.0734375
3 0.43046875 0.26328125 0.0921875 0.0734375
3 0.89140625 0.25703125 0.071875 0.071875
3 0.30859375 0.62890625 0.084375 0.084375
3 0.7671875 0.77734375 0.0875 0.0734375
3 0.540625 0.39609375 0.109375 0.0765625
3 0.53203125 0.47734375 0.096875 0.0734375
3 0.77734375 0.08125 0.09375 0.09375
3 0.64453125 0.36484375 0.09375 0.09375
3 0.925 0.08046875 0.1 0.0734375
3 0.86875 0.9 0.0875 0.075
3 0.7859375 0.54609375 0.0875 0.0875
3 0.86875 0.0984375 0.078125 0.0796875
3 0.846875 0.56015625 0.1 0.0765625
3 0.59765625 0.15390625 0.1109375 0.075
3 0.76328125 0.7078125 0.078125 0.0765625
3 0.58046875 0.946875 0.084375 0.084375
3 0.2109375 0.26015625 0.096875 0.06875
3 0.1171875 0.05 0.084375 0.084375
3 0.34765625 0.34765625 0.1015625 0.0734375
3 0.71796875 0.49375 0.1078125 0.075
3 0.71171875 0.3234375 0.0875 0.0875
3 0.5453125 0.15625 0.08125 0.084375
3 0.70703125 0.428125 0.0796875 0.078125
3 0.2109375 0.75390625 0.084375 0.0859375
3 0.6734375 0.43828125 0.0890625 0.0890625
3 0.8578125 0.2765625 0.09375 0.065625
3 0.81015625 0.25859375 0.0703125 0.075
3 0.08359375 0.46484375 0.0703125 0.0703125
0 0.84765625 0.484375 0.090625 0.090625
3 0.24296875 0.7296875 0.0890625 0.06875
3 0.70859375 0.38125 0.090625 0.090625
3 0.05546875 0.79453125 0.078125 0.078125