3 0.321875 0.528125 0.08125 0.1
3 0.94921875 0.4234375 0.078125 0.109375
3 0.1203125 0.62265625 0.078125 0.1015625
3 0.04375 0.259375 0.071875 0.090625
3 0.7453125 0.52578125 0.0828125 0.0828125
3 0.26796875 0.67734375 0.0765625 0.0984375
3 0.39609375 0.56015625 0.0796875 0.1015625
3 0.121875 0.2421875 0.071875 0.1046875
3 0.80625 0.4453125 0.06875 0.090625
3 0.1625 0.78515625 0.0953125 0.09375
3 0.7953125 0.16484375 0.071875 0.0859375
3 0.040625 0.90390625 0.08125 0.0859375
3 0.70234375 0.06328125 0.0703125 0.0921875
3 0.234375 0.49609375 0.078125 0.078125
3 0.2140625 0.86171875 0.071875 0.1078125
3 0.16640625 0.9203125 0.0671875 0.075
3 0.4578125 0.92421875 0.090625 0.090625
3 0.4140625 0.2359375 0.08125 0.08125
3 0.778125 0.2703125 0.06875 0.1
3 0.09765625 0.46796875 0.08125 0.1015625
3 0.6484375 0.44453125 0.090625 0.0890625
3 0.74375 0.74453125 0.06875 0.06875
3 0.040625 0.75859375 0.0703125 0.0953125
3 0.53046875 0.76796875 0.071875 0.0984375
3 0.80546875 0.765625 0.0765625 0.1125
3 0.115625 0.37109375 0.0890625 0.0890625
3 0.6046875 0.08984375 0.075 0.0953125
3 0.85 0.9484375 0.0828125 0.0828125
3 0.38359375 0.85859375 0.0875 0.0875
3 0.2953125 0.39765625 0.1 0.1
3 0.0484375 0.41953125 0.0828125 0.0828125
3 0.196875 0.21171875 0.075 0.1
3 0.2453125 0.128125 0.0859375 0.0859375
3 0.73671875 0.43046875 0.0828125 0.0828125
3 0.74296875 0.89140625 0.071875 0.071875
3 0.37109375 0.30859375 0.071875 0.0984375
3 0.22265625 0.7671875 0.0734375 0.0875
3 0.60390625 0.540625 0.0765625 0.109375
3 0.52265625 0.53203125 0.0859375 0.084375
3 0.91875 0.77734375 0.075 0.1140625
3 0.63515625 0.64453125 0.09375 0.09375
3 0.91953125 0.925 0.0875 0.0859375
3 0.1 0.86875 0.075 0.0875
3 0.45390625 0.7859375 0.0734375 0.1
3 0.9015625 0.86875 0.0796875 0.0796875
3 0.43984375 0.846875 0.0890625 0.0890625
3 0.84609375 0.59765625 0.09375 0.09375
3 0.2921875 0.76328125 0.065625 0.0890625
3 0.053125 0.58046875 0.084375 0.084375
3 0.73984375 0.2109375 0.06875 0.096875
3 0.95 0.1171875 0.084375 0.084375
3 0.65234375 0.34765625 0.0875 0.0875
3 0.50625 0.71796875 0.090625 0.090625
3 0.6765625 0.71171875 0.071875 0.103125
3 0.84375 0.5453125 0.0828125 0.0828125
3 0.571875 0.70703125 0.065625 0.0921875
3 0.24609375 0.2109375 0.0796875 0.090625
3 0.56171875 0.6734375 0.0890625 0.0890625
3 0.7234375 0.8578125 0.0796875 0.0796875
3 0.74140625 0.81015625 0.071875 0.0734375
3 0.53515625 0.08359375 0.0703125 0.0703125
0 0.515625 0.84765625 0.0921875 0.090625
3 0.2703125 0.24296875 0.078125 0.078125
3 0.61875 0.70859375 0.075 0.1046875
3 0.20546875 0.05546875 0.0734375 0.0828125