3 0.8421875 0.5796875 0.103125 0.065625
3 0.27890625 0.1109375 0.065625 0.0671875
3 0.690625 0.37421875 0.0734375 0.0734375
3 0.8765625 0.34921875 0.090625 0.0765625
3 0.30078125 0.56875 0.0953125 0.06875
3 0.1828125 0.7875 0.0921875 0.0921875
3 0.30234375 0.3203125 0.075 0.075
3 0.74140625 0.18984375 0.0828125 0.084375
3 0.1796875 0.71875 0.075 0.075
3 0.809375 0.22890625 0.071875 0.0640625
3 0.56796875 0.3015625 0.0796875 0.059375
3 0.76171875 0.70546875 0.0796875 0.0796875
3 0.746875 0.5984375 0.1 0.071875
3 0.44765625 0.9421875 0.0921875 0.071875
3 0.3921875 0.15859375 0.075 0.05625
3 0.28671875 0.4375 0.0671875 0.0671875
3 0.91875 0.89765625 0.08125 0.0640625
3 0.33984375 0.77578125 0.0921875 0.0734375
3 0.20546875 0.05 0.0796875 0.059375
3 0.7890625 0.5171875 0.0671875 0.0671875
3 0.07109375 0.246875 0.084375 0.071875
3 0.225 0.33046875 0.071875 0.071875
3 0.14765625 0.3046875 0.0703125 0.071875
3 0.46796875 0.24921875 0.0640625 0.0625
3 0.4265625 0.68125 0.0828125 0.0828125
3 0.4203125 0.578125 0.0875 0.065625
3 0.8703125 0.81328125 0.071875 0.071875
3 0.1484375 0.915625 0.0796875 0.0796875
3 0.67109375 0.94921875 0.103125 0.0671875
3 0.0796875 0.5546875 0.071875 0.065625
3 0.590625 0.04921875 0.071875 0.071875
3 0.73515625 0.76953125 0.0953125 0.0640625
3 0.5078125 0.67890625 0.090625 0.071875
3 0.775 0.871875 0.0703125 0.0703125
3 0.184375 0.87421875 0.078125 0.0640625
3 0.9015625 0.6265625 0.084375 0.05
3 0.62578125 0.15 0.0765625 0.059375
0 0.2015625 0.659375 0.1 0.1
3 0.3703125 0.5125 0.065625 0.065625
3 0.9140625 0.05 0.065625 0.065625
3 0.07265625 0.1796875 0.075 0.0765625
3 0.88125 0.96171875 0.08125 0.0765625
3 0.53671875 0.14453125 0.0609375 0.059375
3 0.0453125 0.6421875 0.078125 0.065625
3 0.21953125 0.26953125 0.071875 0.0703125
3 0.83203125 0.6921875 0.0609375 0.0609375
3 0.41796875 0.43984375 0.0765625 0.0609375
3 0.115625 0.6609375 0.075 0.0625
3 0.69921875 0.828125 0.0703125 0.0703125
3 0.53046875 0.2828125 0.0890625 0.06875
3 0.43203125 0.09375 0.06875 0.06875
3 0.39765625 0.50859375 0.0890625 0.0640625
3 0.56171875 0.2390625 0.0734375 0.05625
3 0.95390625 0.328125 0.0796875 0.0625
3 0.46796875 0.73359375 0.059375 0.059375
3 0.86640625 0.7546875 0.059375 0.059375
3 0.59765625 0.6734375 0.0734375 0.05
3 0.74140625 0.97265625 0.0671875 0.0453125
3 0.809375 0.4359375 0.0609375 0.0609375
3 0.3390625 0.06484375 0.0703125 0.0703125
3 0.0390625 0.409375 0.06875 0.06875
3 0.9328125 0.67265625 0.06875 0.06875
3 0.85859375 0.0859375 0.065625 0.0640625
3 0.290625 0.925 0.08125 0.0625
3 0.81953125 0.84140625 0.084375 0.0703125
3 0.45703125 0.34765625 0.06875 0.06875
3 0.225 0.52265625 0.075 0.075
3 0.5453125 0.64765625 0.075 0.0671875
3 0.72109375 0.496875 0.065625 0.065625
3 0.9125 0.7546875 0.0640625 0.0640625
3 0.6171875 0.59765625 0.075 0.0765625
3 0.08671875 0.35625 0.0765625 0.059375
3 0.5546875 0.8265625 0.078125 0.071875
0 0.65390625 0.1046875 0.1078125 0.10625
3 0.66171875 0.63828125 0.0765625 0.0546875
3 0.171875 0.50859375 0.065625 0.0578125
3 0.95078125 0.82421875 0.0765625 0.0765625
3 0.15390625 0.8546875 0.0734375 0.071875
3 0.1515625 0.55390625 0.059375 0.0609375
3 0.3796875 0.3140625 0.0625 0.0640625
3 0.209375 0.39296875 0.071875 0.071875
6 0.646875 0.7421875 0.11875 0.084375
3 0.06015625 0.428125 0.06875 0.0671875
3 0.4671875 0.19140625 0.0640625 0.065625
3 0.6796875 0.5625 0.0671875 0.0671875
3 0.55546875 0.7359375 0.0578125 0.05625
3 0.7484375 0.3296875 0.065625 0.065625
3 0.52890625 0.57265625 0.059375 0.059375
3 0.41953125 0.77421875 0.0671875 0.075
3 0.2734375 0.6984375 0.0734375 0.0734375
3 0.57421875 0.390625 0.0546875 0.05625
3 0.74375 0.41484375 0.0625 0.0625
3 0.81015625 0.328125 0.0609375 0.059375
3 0.575 0.1046875 0.0578125 0.0578125
3 0.4765625 0.534375 0.0875 0.05
3 0.11484375 0.384375 0.0828125 0.053125
3 0.35546875 0.7 0.0625 0.046875
3 0.48828125 0.6078125 0.0578125 0.059375
3 0.93671875 0.8390625 0.059375 0.0609375
3 0.73515625 0.6453125 0.0640625 0.046875
3 0.38671875 0.45703125 0.05625 0.05625