3 0.5796875 0.1578125 0.084375 0.084375
3 0.1109375 0.72109375 0.0671875 0.065625
3 0.37421875 0.309375 0.06875 0.078125
3 0.34921875 0.1234375 0.0765625 0.090625
3 0.56875 0.69921875 0.0828125 0.08125
3 0.7875 0.8171875 0.075 0.109375
3 0.3203125 0.69765625 0.065625 0.0828125
3 0.18984375 0.25859375 0.075 0.0921875
3 0.71875 0.8203125 0.0734375 0.0734375
3 0.22890625 0.190625 0.06875 0.06875
3 0.3015625 0.43203125 0.059375 0.0796875
3 0.70546875 0.23828125 0.0734375 0.0859375
3 0.5984375 0.253125 0.084375 0.084375
3 0.9421875 0.55234375 0.071875 0.0921875
3 0.15859375 0.6078125 0.05625 0.075
3 0.4375 0.71328125 0.0671875 0.0671875
3 0.89765625 0.08125 0.0640625 0.08125
3 0.77578125 0.66015625 0.0734375 0.0921875
3 0.05 0.79453125 0.059375 0.0796875
3 0.5171875 0.2109375 0.0671875 0.0671875
3 0.246875 0.92890625 0.078125 0.078125
3 0.33046875 0.775 0.0640625 0.078125
3 0.3046875 0.85234375 0.071875 0.0703125
3 0.24921875 0.53203125 0.0625 0.0640625
3 0.68125 0.5734375 0.0828125 0.0828125
3 0.578125 0.5796875 0.0765625 0.0765625
3 0.81328125 0.1296875 0.071875 0.071875
3 0.915625 0.8515625 0.0796875 0.0796875
3 0.94921875 0.32890625 0.084375 0.084375
3 0.5546875 0.9203125 0.06875 0.06875
3 0.04921875 0.409375 0.0546875 0.0875
3 0.76953125 0.26484375 0.0796875 0.0796875
3 0.67890625 0.4921875 0.071875 0.090625
3 0.871875 0.225 0.0703125 0.0703125
3 0.87421875 0.815625 0.071875 0.071875
3 0.6265625 0.0984375 0.05 0.084375
3 0.15 0.37421875 0.059375 0.0765625
0 0.659375 0.7984375 0.1 0.1
3 0.5125 0.6296875 0.059375 0.071875
3 0.05 0.0859375 0.065625 0.065625
3 0.1796875 0.92734375 0.0765625 0.075
3 0.96484375 0.11953125 0.0703125 0.090625
3 0.14453125 0.46328125 0.05625 0.0640625
3 0.6421875 0.9546875 0.071875 0.071875
3 0.26953125 0.78046875 0.0703125 0.071875
3 0.6921875 0.16796875 0.0609375 0.0609375
3 0.43984375 0.58203125 0.06875 0.06875
3 0.6609375 0.884375 0.06875 0.06875
3 0.828125 0.30078125 0.0703125 0.0703125
3 0.2828125 0.46953125 0.078125 0.078125
3 0.09375 0.56796875 0.053125 0.0828125
3 0.50859375 0.60234375 0.0765625 0.0765625
3 0.2390625 0.43828125 0.05625 0.0734375
3 0.328125 0.04609375 0.071875 0.0703125
3 0.73359375 0.53203125 0.0546875 0.0640625
3 0.7546875 0.13359375 0.059375 0.059375
3 0.6734375 0.40234375 0.05 0.0734375
3 0.971875 0.2578125 0.05625 0.05625
3 0.4359375 0.190625 0.0609375 0.059375
3 0.06484375 0.6609375 0.0703125 0.0703125
3 0.409375 0.9609375 0.06875 0.06875
3 0.67265625 0.0671875 0.06875 0.06875
3 0.0859375 0.14140625 0.053125 0.0765625
3 0.925 0.709375 0.071875 0.071875
3 0.84140625 0.18046875 0.078125 0.078125
3 0.34765625 0.54296875 0.06875 0.06875
3 0.52265625 0.775 0.075 0.075
3 0.64765625 0.4546875 0.0671875 0.075
3 0.496875 0.27890625 0.05625 0.0734375
3 0.7546875 0.0875 0.0640625 0.0640625
3 0.59765625 0.3828125 0.0765625 0.075
3 0.35625 0.91328125 0.059375 0.0765625
3 0.8265625 0.4453125 0.075 0.075
0 0.1046875 0.34609375 0.10625 0.1078125
3 0.63828125 0.33828125 0.065625 0.065625
3 0.50859375 0.828125 0.0578125 0.065625
3 0.82421875 0.04921875 0.0609375 0.0921875
3 0.8546875 0.84609375 0.071875 0.0734375
3 0.55390625 0.8484375 0.059375 0.0609375
3 0.3140625 0.6203125 0.0640625 0.0640625
3 0.39296875 0.790625 0.071875 0.071875
6 0.7421875 0.353125 0.084375 0.11875
3 0.428125 0.93984375 0.0671875 0.06875
3 0.19140625 0.5328125 0.0515625 0.078125
3 0.5625 0.3203125 0.0671875 0.0671875
3 0.7359375 0.44453125 0.05625 0.0578125
3 0.3296875 0.2515625 0.065625 0.065625
3 0.57265625 0.47109375 0.059375 0.059375
3 0.77421875 0.58046875 0.071875 0.071875
3 0.6984375 0.7265625 0.059375 0.0875
3 0.390625 0.42578125 0.04375 0.0671875
3 0.41484375 0.25625 0.0546875 0.071875
3 0.328125 0.18984375 0.059375 0.0609375
3 0.1046875 0.425 0.046875 0.06875
3 0.534375 0.5234375 0.05 0.0875
3 0.384375 0.88515625 0.053125 0.0828125
3 0.7 0.64453125 0.046875 0.0625
3 0.6078125 0.51171875 0.059375 0.0578125
3 0.8390625 0.06328125 0.0609375 0.059375
3 0.6453125 0.26484375 0.046875 0.0640625
3 0.45703125 0.61328125 0.0515625 0.0609375