3 0.76015625 0.3171875 0.0609375 0.08125
3 0.6265625 0.10390625 0.059375 0.0765625
3 0.16484375 0.7671875 0.0890625 0.0875
3 0.06875 0.7953125 0.075 0.075
3 0.57421875 0.0734375 0.0640625 0.090625
3 0.515625 0.39453125 0.075 0.090625
3 0.1125 0.20859375 0.0734375 0.075
6 0.38671875 0.87578125 0.0890625 0.0890625
3 0.759375 0.21484375 0.078125 0.0765625
3 0.13515625 0.47109375 0.0640625 0.0859375
3 0.90234375 0.81171875 0.078125 0.078125
3 0.4609375 0.165625 0.0671875 0.0671875
3 0.47265625 0.8359375 0.0828125 0.0828125
3 0.30703125 0.684375 0.0671875 0.0875
3 0.0953125 0.4078125 0.071875 0.090625
3 0.66875 0.31796875 0.071875 0.1140625
3 0.2453125 0.61171875 0.08125 0.1
3 0.678125 0.665625 0.075 0.090625
3 0.1984375 0.409375 0.09375 0.09375
3 0.23671875 0.48515625 0.0765625 0.0765625
0 0.82265625 0.11640625 0.075 0.1015625
3 0.915625 0.675 0.0734375 0.0734375
3 0.38828125 0.43046875 0.0859375 0.0859375
3 0.7671875 0.575 0.065625 0.075
3 0.8390625 0.69765625 0.071875 0.071875
3 0.140625 0.615625 0.059375 0.08125
3 0.52421875 0.86796875 0.0703125 0.06875
3 0.878125 0.1078125 0.0625 0.0875
3 0.2671875 0.93984375 0.0625 0.075
3 0.38828125 0.06484375 0.08125 0.08125
3 0.7953125 0.4328125 0.059375 0.084375
3 0.13046875 0.8171875 0.078125 0.0765625
3 0.50625 0.47109375 0.0734375 0.071875
3 0.10390625 0.11328125 0.0734375 0.0734375
3 0.959375 0.5296875 0.06875 0.084375
3 0.36015625 0.62734375 0.065625 0.0734375
3 0.8484375 0.9359375 0.0671875 0.0671875
3 0.05546875 0.35703125 0.0765625 0.0765625
3 0.50390625 0.653125 0.0578125 0.078125
3 0.29375 0.1484375 0.06875 0.084375
3 0.3953125 0.15625 0.078125 0.078125
3 0.4359375 0.39453125 0.065625 0.0828125
3 0.65 0.81640625 0.053125 0.078125
3 0.61171875 0.71328125 0.065625 0.090625
3 0.3234375 0.390625 0.0875 0.0875
3 0.409375 0.7640625 0.0625 0.078125
3 0.89765625 0.6046875 0.08125 0.08125
3 0.7046875 0.1234375 0.0640625 0.0640625
3 0.13671875 0.91015625 0.075 0.075
3 0.37890625 0.70703125 0.0625 0.0625
3 0.6828125 0.4296875 0.071875 0.0875
3 0.40625 0.2390625 0.0671875 0.0671875
3 0.2828125 0.37578125 0.071875 0.0890625
3 0.92890625 0.37890625 0.0625 0.071875
3 0.22734375 0.2453125 0.0703125 0.084375
3 0.2359375 0.3171875 0.065625 0.084375
6 0.34140625 0.82109375 0.0890625 0.1109375
3 0.528125 0.55546875 0.05625 0.0671875
3 0.8796875 0.23671875 0.06875 0.0921875
3 0.09609375 0.2890625 0.0703125 0.06875
3 0.60390625 0.3546875 0.0515625 0.071875
3 0.42734375 0.309375 0.0578125 0.08125
6 0.45625 0.63515625 0.0953125 0.09375
3 0.73984375 0.39375 0.059375 0.06875
3 0.9578125 0.73359375 0.053125 0.0859375
3 0.0546875 0.1234375 0.065625 0.084375
3 0.8609375 0.74453125 0.0625 0.0890625
3 0.19296875 0.58203125 0.0640625 0.0796875
3 0.575 0.70078125 0.05 0.0703125
3 0.578125 0.8328125 0.06875 0.06875
3 0.23125 0.68828125 0.0578125 0.0578125
3 0.584375 0.79609375 0.0625 0.0703125
6 0.625 0.421875 0.071875 0.084375
3 0.8140625 0.6203125 0.05625 0.06875
3 0.27421875 0.21953125 0.05625 0.0703125
3 0.25078125 0.08515625 0.0828125 0.0859375
3 0.575 0.91875 0.059375 0.059375
3 0.1765625 0.10546875 0.084375 0.0859375
3 0.396875 0.94296875 0.0671875 0.065625
3 0.70859375 0.04609375 0.075 0.075
3 0.54375 0.7453125 0.0625 0.0625
3 0.8671875 0.53515625 0.05 0.0796875
3 0.4515625 0.54609375 0.065625 0.0890625
3 0.89609375 0.5234375 0.0578125 0.0578125
3 0.8484375 0.86015625 0.078125 0.0671875
3 0.6359375 0.5203125 0.065625 0.065625
3 0.5515625 0.32578125 0.0578125 0.059375
3 0.5578125 0.4890625 0.046875 0.078125
3 0.30859375 0.03671875 0.065625 0.0640625
3 0.5671875 0.22890625 0.053125 0.053125
3 0.46640625 0.2421875 0.053125 0.0546875
3 0.5078125 0.2921875 0.059375 0.059375
3 0.6109375 0.23359375 0.05625 0.05625
3 0.7 0.17890625 0.0640625 0.065625
3 0.71484375 0.27421875 0.0640625 0.078125
3 0.6 0.49296875 0.065625 0.065625
0 0.4140625 0.546875 0.0890625 0.0890625
3 0.43125 0.48046875 0.04375 0.0703125
3 0.9125 0.22109375 0.053125 0.0765625