3 0.4546875 0.059375 0.0859375 0.0859375
3 0.6828125 0.52734375 0.0890625 0.090625
3 0.140625 0.55390625 0.1 0.0796875
3 0.5 0.20546875 0.096875 0.0796875
3 0.184375 0.9015625 0.0875 0.0875
3 0.571875 0.7046875 0.0828125 0.0828125
3 0.57109375 0.440625 0.0921875 0.075
3 0.79296875 0.52265625 0.0984375 0.0796875
3 0.28359375 0.41015625 0.0890625 0.0703125
3 0.696875 0.628125 0.096875 0.08125
3 0.05703125 0.33359375 0.0953125 0.071875
3 0.25546875 0.8359375 0.1125 0.08125
3 0.7703125 0.72109375 0.115625 0.078125
3 0.571875 0.1546875 0.1 0.078125
3 0.08828125 0.7484375 0.084375 0.084375
3 0.7046875 0.91875 0.096875 0.075
3 0.1375 0.7265625 0.09375 0.078125
3 0.62890625 0.0984375 0.0890625 0.06875
3 0.315625 0.6359375 0.08125 0.0796875
3 0.8390625 0.0953125 0.096875 0.065625
3 0.940625 0.565625 0.103125 0.08125
3 0.56796875 0.25078125 0.09375 0.09375
3 0.3359375 0.359375 0.0890625 0.0890625
3 0.78359375 0.18125 0.090625 0.090625
3 0.13125 0.1078125 0.0890625 0.0890625
3 0.94296875 0.23828125 0.109375 0.0796875
3 0.078125 0.8390625 0.0921875 0.0921875
3 0.89140625 0.48125 0.1140625 0.06875
3 0.38828125 0.690625 0.0875 0.0875
3 0.5796875 0.3875 0.109375 0.08125
3 0.709375 0.38203125 0.0953125 0.096875
3 0.659375 0.25 0.0765625 0.0765625
3 0.39140625 0.22734375 0.096875 0.096875
3 0.50859375 0.87890625 0.0921875 0.0703125
3 0.340625 0.5359375 0.10625 0.075
3 0.4015625 0.15 0.109375 0.06875
3 0.1875 0.4265625 0.0890625 0.0890625
3 0.20234375 0.7421875 0.1203125 0.071875
3 0.4828125 0.8046875 0.0984375 0.0984375
0 0.3609375 0.11875 0.146875 0.115625