3 0.5453125 0.059375 0.0859375 0.0859375
3 0.3171875 0.52734375 0.096875 0.0828125
3 0.859375 0.55390625 0.1 0.0796875
3 0.5 0.20546875 0.0875 0.0875
3 0.815625 0.9015625 0.0875 0.0875
3 0.428125 0.7046875 0.0828125 0.0828125
3 0.42890625 0.440625 0.084375 0.084375
3 0.20703125 0.52265625 0.0890625 0.0890625
3 0.71640625 0.41015625 0.0796875 0.0796875
3 0.303125 0.628125 0.0890625 0.0890625
3 0.94296875 0.33359375 0.0828125 0.084375
3 0.74453125 0.8359375 0.096875 0.096875
3 0.2296875 0.72109375 0.096875 0.096875
3 0.428125 0.1546875 0.0890625 0.0890625
3 0.91171875 0.7484375 0.084375 0.084375
3 0.2953125 0.91875 0.0859375 0.0859375
3 0.8625 0.7265625 0.0875 0.0859375
3 0.37109375 0.0984375 0.0890625 0.06875
3 0.684375 0.6359375 0.08125 0.0796875
3 0.1609375 0.0953125 0.08125 0.08125
3 0.059375 0.565625 0.103125 0.08125
3 0.43203125 0.25078125 0.0953125 0.0921875
3 0.6640625 0.359375 0.09375 0.084375
3 0.21640625 0.18125 0.1140625 0.06875
3 0.86875 0.1078125 0.0890625 0.0890625
3 0.05703125 0.23828125 0.09375 0.09375
3 0.921875 0.8390625 0.0921875 0.0921875
3 0.10859375 0.48125 0.1140625 0.06875
3 0.61171875 0.690625 0.0875 0.0875
3 0.4203125 0.3875 0.109375 0.08125
3 0.290625 0.38203125 0.0953125 0.096875
3 0.340625 0.25 0.0765625 0.0765625
3 0.60859375 0.22734375 0.1140625 0.0796875
3 0.49140625 0.87890625 0.0921875 0.0703125
3 0.659375 0.5359375 0.10625 0.075
3 0.5984375 0.15 0.0890625 0.0890625
3 0.8125 0.4265625 0.08125 0.096875
3 0.79765625 0.7421875 0.1203125 0.071875
3 0.5171875 0.8046875 0.134375 0.0625
0 0.6390625 0.11875 0.13125 0.13125