3 0.48203125 0.59921875 0.0828125 0.0828125
3 0.4609375 0.90390625 0.078125 0.0953125
3 0.8 0.3953125 0.0875 0.0875
3 0.2890625 0.67109375 0.0921875 0.090625
3 0.3203125 0.78046875 0.09375 0.0921875
3 0.61328125 0.0921875 0.0796875 0.09375
3 0.9 0.73671875 0.0921875 0.090625
3 0.1359375 0.69140625 0.08125 0.1078125
3 0.35703125 0.08671875 0.0671875 0.0921875
3 0.6296875 0.27734375 0.078125 0.1
3 0.2125 0.72734375 0.090625 0.090625
3 0.5296875 0.95 0.0875 0.0875
3 0.47109375 0.43046875 0.0953125 0.0953125
3 0.63671875 0.1828125 0.0859375 0.0859375
3 0.6859375 0.10625 0.084375 0.084375
3 0.3125 0.87890625 0.0875 0.0875
3 0.815625 0.28515625 0.08125 0.0984375
3 0.55859375 0.14765625 0.08125 0.1015625
3 0.703125 0.49375 0.08125 0.096875
3 0.0484375 0.55546875 0.075 0.1046875
3 0.3875 0.92265625 0.075 0.0921875
3 0.56484375 0.75546875 0.096875 0.096875
3 0.8515625 0.2328125 0.096875 0.096875
3 0.7546875 0.365625 0.075 0.10625
3 0.78515625 0.728125 0.09375 0.09375
3 0.753125 0.24453125 0.075 0.1078125
3 0.8890625 0.9484375 0.071875 0.096875
3 0.6828125 0.359375 0.078125 0.103125
3 0.3921875 0.26875 0.090625 0.090625
6 0.1890625 0.31171875 0.09375 0.1453125
3 0.2203125 0.3671875 0.0875 0.0875
3 0.44921875 0.69765625 0.0875 0.0875
3 0.93203125 0.0875 0.0859375 0.096875