3 0.59921875 0.48203125 0.0828125 0.0828125
3 0.90390625 0.4609375 0.0859375 0.0859375
3 0.3953125 0.8 0.1 0.075
3 0.67109375 0.2890625 0.1078125 0.075
3 0.78046875 0.3203125 0.1015625 0.084375
3 0.0921875 0.61328125 0.09375 0.0796875
3 0.73671875 0.9 0.1015625 0.08125
3 0.69140625 0.1359375 0.09375 0.09375
3 0.08671875 0.35703125 0.0796875 0.0796875
3 0.27734375 0.6296875 0.1 0.078125
3 0.72734375 0.2125 0.1078125 0.075
3 0.95 0.5296875 0.096875 0.078125
3 0.43046875 0.47109375 0.1046875 0.0859375
3 0.1828125 0.63671875 0.0859375 0.0859375
3 0.10625 0.6859375 0.084375 0.084375
3 0.87890625 0.3125 0.0984375 0.078125
3 0.28515625 0.815625 0.0984375 0.08125
3 0.14765625 0.55859375 0.1015625 0.08125
3 0.49375 0.703125 0.096875 0.08125
3 0.55546875 0.0484375 0.1046875 0.075
3 0.92265625 0.3875 0.0921875 0.075
3 0.75546875 0.56484375 0.1125 0.0828125
3 0.2328125 0.8515625 0.109375 0.084375
3 0.365625 0.7546875 0.10625 0.075
3 0.728125 0.78515625 0.103125 0.0859375
3 0.24453125 0.753125 0.1078125 0.075
3 0.9484375 0.8890625 0.096875 0.071875
3 0.359375 0.6828125 0.103125 0.078125
3 0.26875 0.3921875 0.090625 0.090625
6 0.31171875 0.1890625 0.1453125 0.09375
3 0.3671875 0.2203125 0.0875 0.0875
3 0.69765625 0.44921875 0.0875 0.0875
3 0.0875 0.93203125 0.096875 0.0859375