3 0.21953125 0.60625 0.075 0.0734375
3 0.4203125 0.6828125 0.06875 0.06875
3 0.85 0.53046875 0.0734375 0.075
3 0.284375 0.77890625 0.0625 0.0890625
4 0.78125 0.78125 0.0921875 0.0921875
3 0.371875 0.75546875 0.06875 0.0671875
3 0.6734375 0.52109375 0.075 0.0765625
3 0.44375 0.4359375 0.0859375 0.0859375
3 0.353125 0.56640625 0.0625 0.0828125
3 0.7109375 0.9359375 0.071875 0.071875
3 0.45703125 0.5921875 0.0734375 0.0734375
3 0.12578125 0.80625 0.078125 0.078125
3 0.409375 0.20546875 0.06875 0.0890625
3 0.38671875 0.13515625 0.078125 0.0890625
3 0.94140625 0.52734375 0.084375 0.084375
3 0.27265625 0.096875 0.0828125 0.0828125
3 0.6390625 0.26328125 0.059375 0.0890625
3 0.59375 0.3890625 0.06875 0.090625
3 0.9296875 0.83671875 0.065625 0.1015625
3 0.3390625 0.1796875 0.071875 0.0875
3 0.46796875 0.0515625 0.078125 0.078125
3 0.1453125 0.7140625 0.059375 0.075
3 0.6953125 0.86015625 0.071875 0.0796875
3 0.65546875 0.38359375 0.078125 0.078125
4 0.69375 0.26796875 0.090625 0.090625
3 0.6921875 0.79296875 0.09375 0.09375
3 0.809375 0.48046875 0.0625 0.0984375
3 0.3390625 0.684375 0.071875 0.071875