3 0.60625 0.21953125 0.0734375 0.075
3 0.6828125 0.4203125 0.08125 0.05625
3 0.53046875 0.85 0.075 0.0734375
3 0.77890625 0.284375 0.0890625 0.0625
4 0.78125 0.78125 0.0921875 0.0921875
3 0.75546875 0.371875 0.0765625 0.059375
3 0.52109375 0.6734375 0.0765625 0.075
3 0.4359375 0.44375 0.096875 0.075
3 0.56640625 0.353125 0.0828125 0.0625
3 0.9359375 0.7109375 0.075 0.06875
3 0.5921875 0.45703125 0.0734375 0.0734375
3 0.80625 0.12578125 0.0875 0.0671875
3 0.20546875 0.409375 0.0890625 0.06875
3 0.13515625 0.38671875 0.0828125 0.084375
3 0.52734375 0.94140625 0.1078125 0.0609375
3 0.096875 0.27265625 0.096875 0.0671875
3 0.26328125 0.6390625 0.0734375 0.0734375
3 0.3890625 0.59375 0.0796875 0.0796875
3 0.83671875 0.9296875 0.0828125 0.0828125
3 0.1796875 0.3390625 0.0875 0.071875
3 0.0515625 0.46796875 0.078125 0.078125
3 0.7140625 0.1453125 0.0671875 0.0671875
3 0.86015625 0.6953125 0.0796875 0.071875
3 0.38359375 0.65546875 0.1 0.0578125
4 0.26796875 0.69375 0.1203125 0.0625
3 0.79296875 0.6921875 0.09375 0.09375
3 0.48046875 0.809375 0.0984375 0.0625
3 0.684375 0.3390625 0.0734375 0.0734375