3 0.39375 0.21953125 0.0875 0.0609375
3 0.3171875 0.4203125 0.08125 0.05625
3 0.46953125 0.85 0.075 0.0734375
3 0.22109375 0.284375 0.075 0.075
4 0.21875 0.78125 0.0921875 0.0921875
3 0.24453125 0.371875 0.0671875 0.06875
3 0.47890625 0.6734375 0.0859375 0.065625
3 0.5640625 0.44375 0.096875 0.075
3 0.43359375 0.353125 0.071875 0.0734375
3 0.0640625 0.7109375 0.071875 0.071875
3 0.4078125 0.45703125 0.0734375 0.0734375
3 0.19375 0.12578125 0.078125 0.078125
3 0.79453125 0.409375 0.0890625 0.06875
3 0.86484375 0.38671875 0.0828125 0.084375
3 0.47265625 0.94140625 0.084375 0.084375
3 0.903125 0.27265625 0.096875 0.0671875
3 0.73671875 0.6390625 0.0734375 0.0734375
3 0.6109375 0.59375 0.090625 0.06875
3 0.16328125 0.9296875 0.1015625 0.065625
3 0.8203125 0.3390625 0.0796875 0.0796875
3 0.9484375 0.46796875 0.090625 0.0671875
3 0.2859375 0.1453125 0.0671875 0.0671875
3 0.13984375 0.6953125 0.0765625 0.0765625
3 0.61640625 0.65546875 0.1 0.0578125
4 0.73203125 0.69375 0.090625 0.090625
3 0.20703125 0.6921875 0.0890625 0.096875
3 0.51953125 0.809375 0.0984375 0.0625
3 0.315625 0.3390625 0.08125 0.065625