3 0.7859375 0.1515625 0.06875 0.06875
3 0.86875 0.3890625 0.090625 0.065625
3 0.70078125 0.6046875 0.0859375 0.0859375
3 0.5828125 0.75390625 0.084375 0.0828125
3 0.6390625 0.89453125 0.075 0.059375
0 0.76875 0.3734375 0.0875 0.071875
3 0.58828125 0.53515625 0.084375 0.084375
3 0.525 0.9015625 0.065625 0.065625
3 0.7515625 0.47265625 0.0875 0.06875
3 0.60234375 0.9515625 0.0796875 0.065625
3 0.06796875 0.321875 0.0734375 0.0734375
6 0.90390625 0.14375 0.1046875 0.071875
3 0.6296875 0.33125 0.084375 0.084375
3 0.103125 0.79296875 0.0796875 0.078125
3 0.65703125 0.184375 0.071875 0.071875
3 0.80078125 0.284375 0.0765625 0.0625
3 0.48671875 0.2984375 0.0625 0.0609375
3 0.68359375 0.675 0.0859375 0.065625
3 0.234375 0.6390625 0.0875 0.075
3 0.15078125 0.278125 0.0765625 0.06875
3 0.08203125 0.334375 0.071875 0.071875
3 0.82890625 0.09453125 0.0890625 0.0671875
3 0.74453125 0.55078125 0.0796875 0.0578125
3 0.7171875 0.834375 0.0734375 0.0734375
3 0.1671875 0.9296875 0.071875 0.071875
3 0.153125 0.1734375 0.075 0.075
3 0.3703125 0.74921875 0.065625 0.065625
3 0.29453125 0.9375 0.075 0.059375
3 0.5640625 0.10625 0.078125 0.059375
3 0.25703125 0.08203125 0.078125 0.078125
3 0.06015625 0.71171875 0.078125 0.0703125
3 0.49296875 0.759375 0.06875 0.06875
3 0.72265625 0.7234375 0.075 0.075
3 0.82578125 0.9640625 0.0828125 0.065625
3 0.40234375 0.1453125 0.0734375 0.059375
3 0.1765625 0.0875 0.078125 0.05625
3 0.090625 0.4859375 0.075 0.0625
3 0.446875 0.7890625 0.06875 0.06875
3 0.24765625 0.9203125 0.0765625 0.059375
1 0.47109375 0.409375 0.09375 0.0953125
3 0.21484375 0.13359375 0.0796875 0.0640625
3 0.62578125 0.4234375 0.0890625 0.065625
3 0.11484375 0.60703125 0.0796875 0.0578125
3 0.890625 0.334375 0.0875 0.05625
3 0.059375 0.140625 0.065625 0.05625
3 0.41171875 0.28359375 0.0921875 0.0734375
3 0.37734375 0.4515625 0.084375 0.0625
3 0.28671875 0.52421875 0.0671875 0.0671875
3 0.2703125 0.36484375 0.075 0.075
3 0.83046875 0.453125 0.0796875 0.0625
3 0.46953125 0.1859375 0.0703125 0.053125
3 0.0953125 0.20234375 0.071875 0.0671875
6 0.32265625 0.3125 0.0828125 0.0828125
3 0.44375 0.4875 0.08125 0.0625
3 0.8875 0.278125 0.078125 0.065625
3 0.8703125 0.54140625 0.08125 0.0671875
3 0.7578125 0.875 0.078125 0.059375
0 0.4734375 0.525 0.109375 0.078125
0 0.3546875 0.83671875 0.1125 0.1015625
3 0.0921875 0.9234375 0.071875 0.065625
6 0.659375 0.45703125 0.090625 0.090625
3 0.5953125 0.0390625 0.065625 0.065625
3 0.06875 0.85546875 0.065625 0.065625
3 0.53359375 0.05625 0.0671875 0.0671875
3 0.8984375 0.859375 0.0671875 0.0671875
3 0.1453125 0.6859375 0.078125 0.0625
3 0.81953125 0.0375 0.06875 0.0671875
3 0.63828125 0.81640625 0.0828125 0.071875
3 0.25703125 0.715625 0.075 0.05625
3 0.81796875 0.50625 0.0734375 0.0625
3 0.52421875 0.33359375 0.0671875 0.053125
3 0.678125 0.76875 0.075 0.046875
3 0.35625 0.55 0.0578125 0.0578125
3 0.0671875 0.6328125 0.0703125 0.0703125
3 0.9640625 0.6125 0.059375 0.059375
3 0.8921875 0.809375 0.053125 0.05
3 0.3859375 0.3359375 0.0578125 0.059375