3 0.8484375 0.7859375 0.06875 0.06875
3 0.6109375 0.86875 0.065625 0.090625
3 0.3953125 0.70078125 0.071875 0.1015625
3 0.24609375 0.5828125 0.0765625 0.090625
3 0.10546875 0.6390625 0.059375 0.075
0 0.6265625 0.76875 0.071875 0.0875
3 0.46484375 0.58828125 0.071875 0.0953125
3 0.0984375 0.525 0.065625 0.065625
3 0.52734375 0.7515625 0.078125 0.078125
3 0.0484375 0.60234375 0.0734375 0.0734375
3 0.678125 0.06796875 0.065625 0.0828125
6 0.85625 0.90390625 0.0875 0.0875
3 0.66875 0.6296875 0.084375 0.084375
3 0.20703125 0.103125 0.0703125 0.0875
3 0.815625 0.65703125 0.071875 0.071875
3 0.715625 0.80078125 0.0625 0.0765625
3 0.7015625 0.48671875 0.0609375 0.0625
3 0.325 0.68359375 0.075 0.075
3 0.3609375 0.234375 0.08125 0.08125
3 0.721875 0.15078125 0.071875 0.0734375
3 0.665625 0.08203125 0.06875 0.0734375
3 0.90546875 0.82890625 0.0671875 0.0890625
3 0.44921875 0.74453125 0.06875 0.06875
3 0.165625 0.7171875 0.065625 0.08125
3 0.0703125 0.1671875 0.065625 0.078125
3 0.8265625 0.153125 0.075 0.075
3 0.25078125 0.3703125 0.065625 0.065625
3 0.0625 0.29453125 0.059375 0.075
3 0.89375 0.5640625 0.059375 0.078125
3 0.91796875 0.25703125 0.078125 0.078125
3 0.28828125 0.06015625 0.075 0.075
3 0.240625 0.49296875 0.059375 0.0765625
3 0.2765625 0.72265625 0.075 0.075
3 0.0359375 0.825 0.071875 0.075
3 0.8546875 0.40234375 0.059375 0.0734375
3 0.9125 0.1765625 0.0671875 0.0671875
3 0.5140625 0.090625 0.0625 0.075
3 0.2109375 0.446875 0.06875 0.06875
3 0.0796875 0.24765625 0.06875 0.06875
1 0.590625 0.47109375 0.0953125 0.09375
3 0.86640625 0.21484375 0.071875 0.071875
3 0.5765625 0.62578125 0.078125 0.078125
3 0.39296875 0.11484375 0.06875 0.06875
3 0.665625 0.890625 0.071875 0.071875
3 0.859375 0.059375 0.0609375 0.0609375
3 0.71640625 0.41171875 0.0828125 0.0828125
3 0.5484375 0.37734375 0.0734375 0.0734375
3 0.47578125 0.28671875 0.0671875 0.0671875
3 0.63515625 0.2703125 0.0671875 0.084375
3 0.546875 0.83046875 0.0625 0.0796875
3 0.8140625 0.46953125 0.0609375 0.0625
3 0.79765625 0.0953125 0.0671875 0.071875
6 0.6875 0.32265625 0.0828125 0.0828125
3 0.5125 0.44375 0.0625 0.08125
3 0.721875 0.8875 0.071875 0.071875
3 0.45859375 0.8703125 0.075 0.075
3 0.125 0.7578125 0.059375 0.078125
0 0.475 0.4734375 0.09375 0.09375
0 0.16328125 0.3546875 0.1015625 0.1125
3 0.0765625 0.0921875 0.065625 0.071875
6 0.54296875 0.659375 0.0765625 0.103125
3 0.9609375 0.5953125 0.065625 0.065625
3 0.14453125 0.06875 0.065625 0.065625
3 0.94375 0.53359375 0.059375 0.0765625
3 0.140625 0.8984375 0.0671875 0.0671875
3 0.3140625 0.1453125 0.0703125 0.0703125
3 0.9625 0.81953125 0.05625 0.0796875
3 0.18359375 0.63828125 0.071875 0.0828125
3 0.284375 0.25703125 0.05625 0.075
3 0.49375 0.81796875 0.0671875 0.0671875
3 0.66640625 0.52421875 0.059375 0.059375
3 0.23125 0.678125 0.0609375 0.0609375
3 0.45 0.35625 0.053125 0.0625
3 0.3671875 0.0671875 0.0703125 0.0703125
3 0.3875 0.9640625 0.053125 0.065625
3 0.190625 0.8921875 0.05 0.053125
3 0.6640625 0.3859375 0.059375 0.0578125