3 0.44453125 0.45 0.075 0.075
3 0.44375 0.76796875 0.06875 0.06875
3 0.746875 0.74921875 0.065625 0.065625
3 0.85859375 0.1265625 0.0828125 0.0625
4 0.24921875 0.8703125 0.1078125 0.08125
3 0.15546875 0.2296875 0.078125 0.078125
3 0.8171875 0.68203125 0.0875 0.0640625
3 0.24609375 0.2796875 0.0828125 0.06875
3 0.2046875 0.13828125 0.084375 0.0640625
3 0.61640625 0.634375 0.0890625 0.06875
3 0.88984375 0.77109375 0.075 0.075
3 0.33203125 0.4859375 0.0828125 0.0625
3 0.60859375 0.95 0.075 0.0765625
3 0.81015625 0.3265625 0.0796875 0.059375
3 0.0953125 0.82578125 0.084375 0.0640625
3 0.69453125 0.54609375 0.071875 0.071875
3 0.51796875 0.51171875 0.0859375 0.0734375
3 0.24765625 0.69375 0.0828125 0.05625
3 0.32734375 0.665625 0.0703125 0.06875
3 0.23359375 0.075 0.0828125 0.0625
3 0.86015625 0.51484375 0.08125 0.0828125
3 0.5515625 0.78671875 0.096875 0.0640625
4 0.7609375 0.275 0.109375 0.075
3 0.2796875 0.7921875 0.109375 0.059375
3 0.93984375 0.52421875 0.0765625 0.0765625
3 0.4171875 0.29375 0.075 0.075
3 0.68515625 0.03671875 0.0734375 0.0734375
3 0.19765625 0.0328125 0.0703125 0.065625
3 0.56171875 0.8671875 0.071875 0.0734375
3 0.27421875 0.746875 0.0703125 0.0703125
3 0.51015625 0.1765625 0.078125 0.078125
3 0.61171875 0.36640625 0.0984375 0.065625
3 0.17109375 0.4328125 0.08125 0.0796875
3 0.92890625 0.03828125 0.0921875 0.075
3 0.79921875 0.0578125 0.0859375 0.0859375
3 0.81328125 0.50546875 0.1 0.0765625
3 0.83125 0.7953125 0.0671875 0.0671875
3 0.42421875 0.35390625 0.0953125 0.0640625
3 0.8484375 0.06171875 0.075 0.0765625
3 0.721875 0.09296875 0.10625 0.0640625
3 0.53984375 0.7359375 0.0984375 0.05625
3 0.4703125 0.23125 0.078125 0.078125
3 0.44453125 0.17265625 0.0859375 0.0640625
3 0.59140625 0.828125 0.071875 0.0734375
3 0.64609375 0.81328125 0.0703125 0.0640625
3 0.70390625 0.81796875 0.0703125 0.0578125
3 0.60546875 0.2046875 0.0859375 0.084375