3 0.45 0.55546875 0.0625 0.0875
3 0.76796875 0.55625 0.06875 0.06875
3 0.74921875 0.253125 0.065625 0.065625
3 0.1265625 0.14140625 0.0625 0.0828125
4 0.8703125 0.75078125 0.08125 0.1078125
3 0.2296875 0.84453125 0.065625 0.090625
3 0.68203125 0.1828125 0.0640625 0.0875
3 0.2796875 0.75390625 0.075 0.0765625
3 0.13828125 0.7953125 0.0640625 0.084375
3 0.634375 0.38359375 0.078125 0.078125
3 0.77109375 0.11015625 0.075 0.075
3 0.4859375 0.66796875 0.0625 0.0828125
3 0.95 0.39140625 0.05625 0.0953125
3 0.3265625 0.18984375 0.0703125 0.06875
3 0.82578125 0.9046875 0.0640625 0.084375
3 0.54609375 0.30546875 0.0578125 0.0875
3 0.51171875 0.48203125 0.0734375 0.0859375
3 0.69375 0.75234375 0.05625 0.0828125
3 0.665625 0.67265625 0.0625 0.0765625
3 0.075 0.76640625 0.0625 0.0828125
3 0.51484375 0.13984375 0.0734375 0.090625
3 0.78671875 0.4484375 0.0640625 0.096875
4 0.275 0.2390625 0.0921875 0.0921875
3 0.7921875 0.7203125 0.059375 0.109375
3 0.52421875 0.06015625 0.0765625 0.0765625
3 0.29375 0.5828125 0.05625 0.09375
3 0.0359375 0.315625 0.059375 0.0875
3 0.0328125 0.80234375 0.065625 0.0703125
3 0.8671875 0.43828125 0.053125 0.0921875
3 0.746875 0.72578125 0.0703125 0.0703125
3 0.1765625 0.48984375 0.0625 0.0921875
3 0.36640625 0.38828125 0.08125 0.0828125
3 0.4328125 0.82890625 0.0796875 0.08125
3 0.03828125 0.07109375 0.075 0.0921875
3 0.0578125 0.20078125 0.071875 0.1
3 0.50546875 0.18671875 0.0765625 0.1
3 0.7953125 0.16875 0.065625 0.06875
3 0.35390625 0.57578125 0.0796875 0.0796875
3 0.06171875 0.1515625 0.0640625 0.0875
3 0.09296875 0.278125 0.0640625 0.10625
3 0.7359375 0.46015625 0.078125 0.078125
3 0.23125 0.5296875 0.065625 0.090625
3 0.17265625 0.55546875 0.0640625 0.0859375
3 0.828125 0.40859375 0.0734375 0.071875
3 0.81328125 0.35390625 0.0671875 0.0671875
3 0.81796875 0.29609375 0.0640625 0.0640625
3 0.2046875 0.39453125 0.084375 0.0859375