3 0.15859375 0.3 0.0859375 0.0875
3 0.78125 0.81875 0.0828125 0.0828125
3 0.38984375 0.390625 0.0984375 0.084375
3 0.090625 0.37578125 0.071875 0.0765625
3 0.90546875 0.4828125 0.0921875 0.0921875
3 0.54140625 0.33984375 0.1046875 0.0734375
3 0.25234375 0.396875 0.0890625 0.0890625
3 0.09921875 0.1421875 0.078125 0.078125
3 0.159375 0.4078125 0.0875 0.078125
3 0.7765625 0.75625 0.0875 0.0875
3 0.28203125 0.609375 0.09375 0.09375
3 0.18515625 0.19140625 0.0859375 0.0859375
3 0.0625 0.2390625 0.090625 0.078125
3 0.8640625 0.809375 0.08125 0.08125
3 0.93671875 0.340625 0.0828125 0.0828125
3 0.3203125 0.2859375 0.0875 0.0875
3 0.590625 0.2234375 0.1 0.084375
3 0.7921875 0.5984375 0.0921875 0.0921875
3 0.6546875 0.7140625 0.078125 0.078125
3 0.8890625 0.865625 0.096875 0.0625
3 0.73671875 0.7203125 0.0875 0.0875
3 0.896875 0.16953125 0.08125 0.0984375
3 0.82421875 0.8890625 0.1078125 0.065625
3 0.2640625 0.76796875 0.075 0.090625
3 0.56953125 0.490625 0.1046875 0.075
3 0.178125 0.8640625 0.08125 0.1
3 0.146875 0.69140625 0.0890625 0.090625
3 0.778125 0.32734375 0.1 0.0859375
3 0.5328125 0.2 0.0953125 0.0953125
3 0.7359375 0.596875 0.0890625 0.0890625
3 0.52578125 0.40078125 0.090625 0.090625
3 0.6671875 0.6140625 0.090625 0.096875
3 0.43671875 0.0375 0.0796875 0.075
3 0.22265625 0.05234375 0.0796875 0.1046875
3 0.96015625 0.2328125 0.0734375 0.1
3 0.16015625 0.8203125 0.1140625 0.071875
3 0.0375 0.12109375 0.06875 0.125