3 0.7 0.84140625 0.0875 0.0859375
3 0.18125 0.21875 0.0828125 0.0828125
3 0.609375 0.61015625 0.0921875 0.090625
3 0.62421875 0.909375 0.0765625 0.071875
3 0.5171875 0.09453125 0.078125 0.1046875
3 0.66015625 0.45859375 0.0890625 0.0890625
3 0.603125 0.74765625 0.08125 0.0984375
3 0.8578125 0.90078125 0.078125 0.078125
3 0.5921875 0.840625 0.078125 0.0875
3 0.24375 0.2234375 0.0875 0.0875
3 0.390625 0.71796875 0.09375 0.09375
3 0.80859375 0.81484375 0.0859375 0.0859375
3 0.7609375 0.9375 0.084375 0.084375
3 0.190625 0.1359375 0.08125 0.08125
3 0.659375 0.06328125 0.078125 0.0875
3 0.7140625 0.6796875 0.071875 0.103125
3 0.7765625 0.409375 0.0921875 0.0921875
3 0.4015625 0.2078125 0.10625 0.078125
3 0.2859375 0.3453125 0.065625 0.090625
3 0.134375 0.1109375 0.0625 0.096875
3 0.2796875 0.26328125 0.0875 0.0875
3 0.83046875 0.103125 0.090625 0.0890625
3 0.1109375 0.17578125 0.0875 0.0875
3 0.23203125 0.7359375 0.0828125 0.0828125
3 0.509375 0.43046875 0.075 0.1046875
3 0.1359375 0.821875 0.1 0.08125
3 0.30859375 0.853125 0.0796875 0.1
3 0.67265625 0.221875 0.0859375 0.1
3 0.8 0.4671875 0.06875 0.121875
3 0.403125 0.2640625 0.1 0.078125
3 0.59921875 0.47421875 0.090625 0.090625
3 0.3859375 0.3328125 0.09375 0.09375
3 0.965625 0.5625 0.0625 0.09375
3 0.94765625 0.77734375 0.1046875 0.0796875
3 0.76640625 0.0421875 0.0859375 0.084375
3 0.1796875 0.83984375 0.09375 0.09375
3 0.878125 0.9578125 0.096875 0.084375