3 0.240625 0.603125 0.08125 0.10625
3 0.49921875 0.265625 0.0765625 0.10625
3 0.5 0.60390625 0.08125 0.0984375
3 0.86640625 0.8296875 0.0859375 0.1125
3 0.14609375 0.25234375 0.075 0.1046875
3 0.44453125 0.54609375 0.1 0.1
3 0.959375 0.503125 0.075 0.1125
3 0.8171875 0.41171875 0.0828125 0.084375
3 0.9078125 0.4328125 0.0921875 0.0921875
3 0.784375 0.7296875 0.0953125 0.0953125
3 0.1453125 0.76015625 0.084375 0.084375
3 0.68046875 0.8265625 0.0765625 0.1
3 0.5921875 0.78671875 0.08125 0.0984375
3 0.396875 0.1078125 0.0890625 0.0890625
3 0.628125 0.940625 0.06875 0.096875
3 0.21875 0.1796875 0.0765625 0.0765625
3 0.696875 0.1359375 0.08125 0.103125
3 0.290625 0.63203125 0.075 0.1015625
3 0.290625 0.4484375 0.0828125 0.0828125
3 0.76015625 0.5703125 0.0734375 0.103125
3 0.55234375 0.2125 0.090625 0.090625
3 0.19609375 0.9140625 0.090625 0.090625