3 0.140625 0.521875 0.065625 0.065625
3 0.95 0.20390625 0.0765625 0.0765625
3 0.74140625 0.70859375 0.0640625 0.0796875
3 0.87109375 0.29140625 0.0703125 0.0703125
3 0.07109375 0.4203125 0.078125 0.0765625
3 0.603125 0.65390625 0.0734375 0.0734375
3 0.90703125 0.53828125 0.078125 0.078125
3 0.29609375 0.79140625 0.0859375 0.0859375
3 0.58828125 0.7953125 0.0703125 0.090625
3 0.19375 0.28359375 0.059375 0.071875
3 0.06171875 0.74140625 0.075 0.0984375
3 0.8484375 0.190625 0.065625 0.0875
3 0.234375 0.1703125 0.06875 0.078125
3 0.6640625 0.6859375 0.059375 0.090625
3 0.51875 0.36484375 0.0625 0.0859375
3 0.3296875 0.5390625 0.065625 0.090625
3 0.4078125 0.08046875 0.0796875 0.08125
3 0.44453125 0.8921875 0.0625 0.08125
3 0.7203125 0.50859375 0.0765625 0.0765625
3 0.6625 0.56171875 0.0828125 0.0828125
3 0.51953125 0.80234375 0.0796875 0.0796875
3 0.07421875 0.1953125 0.0703125 0.0875
3 0.79609375 0.92109375 0.0609375 0.075
3 0.8484375 0.63203125 0.06875 0.0984375
3 0.74296875 0.8546875 0.0734375 0.103125
3 0.940625 0.78984375 0.059375 0.0796875
3 0.584375 0.12265625 0.0625 0.090625
3 0.5046875 0.28359375 0.071875 0.0734375
3 0.80546875 0.13671875 0.0765625 0.0765625
3 0.45625 0.38046875 0.071875 0.0828125
3 0.6421875 0.4734375 0.0734375 0.0734375
3 0.67109375 0.8609375 0.0671875 0.090625
6 0.45625 0.68671875 0.078125 0.1109375
3 0.296875 0.6125 0.065625 0.075
3 0.36875 0.4296875 0.06875 0.09375
3 0.07578125 0.0984375 0.078125 0.0796875
3 0.35703125 0.21171875 0.078125 0.078125
3 0.696875 0.78125 0.075 0.075
3 0.78125 0.578125 0.071875 0.071875
3 0.64375 0.38515625 0.0625 0.0796875
3 0.415625 0.44609375 0.0640625 0.065625
3 0.934375 0.05859375 0.059375 0.0953125
3 0.82890625 0.05234375 0.075 0.0890625
3 0.15078125 0.71953125 0.084375 0.0859375
3 0.2734375 0.6890625 0.065625 0.065625
3 0.675 0.22578125 0.053125 0.0875
4 0.503125 0.178125 0.084375 0.109375
3 0.5703125 0.4171875 0.0890625 0.0890625
3 0.71015625 0.290625 0.0828125 0.08125
3 0.4078125 0.81875 0.08125 0.08125
3 0.20546875 0.3796875 0.06875 0.06875
3 0.44609375 0.13203125 0.0640625 0.0828125
3 0.62265625 0.1796875 0.0625 0.090625
3 0.384375 0.6734375 0.05625 0.090625
3 0.60703125 0.559375 0.0796875 0.078125
3 0.784375 0.22109375 0.0703125 0.0703125
3 0.28125 0.34765625 0.0796875 0.078125
3 0.87265625 0.78046875 0.053125 0.0703125
3 0.20078125 0.4484375 0.0640625 0.090625
3 0.3546875 0.87421875 0.065625 0.1078125
3 0.17109375 0.9453125 0.0875 0.0875
3 0.14296875 0.85859375 0.065625 0.065625
3 0.68515625 0.0625 0.065625 0.065625
3 0.31484375 0.3921875 0.0640625 0.078125
3 0.146875 0.7984375 0.065625 0.078125
3 0.90390625 0.73203125 0.0609375 0.0671875
4 0.14296875 0.4375 0.0734375 0.1
3 0.52109375 0.459375 0.0609375 0.084375
3 0.846875 0.5875 0.06875 0.1015625
3 0.3640625 0.04453125 0.0625 0.0734375
6 0.76171875 0.34453125 0.0984375 0.0984375
0 0.27265625 0.22578125 0.078125 0.1203125
3 0.2765625 0.52265625 0.0671875 0.0671875
3 0.23828125 0.5046875 0.0703125 0.0703125
3 0.50546875 0.5078125 0.0734375 0.103125
3 0.809375 0.440625 0.071875 0.1
3 0.1875 0.59921875 0.0953125 0.096875
3 0.234375 0.57109375 0.0796875 0.078125
3 0.12734375 0.95546875 0.078125 0.078125