3 0.478125 0.140625 0.065625 0.065625
3 0.79609375 0.95 0.0765625 0.0765625
3 0.29140625 0.74140625 0.071875 0.071875
3 0.70859375 0.87109375 0.0703125 0.0703125
3 0.5796875 0.07109375 0.0765625 0.078125
3 0.34609375 0.603125 0.0734375 0.0734375
3 0.46171875 0.90703125 0.078125 0.078125
3 0.20859375 0.29609375 0.0859375 0.0859375
3 0.2046875 0.58828125 0.0796875 0.0796875
3 0.71640625 0.19375 0.071875 0.059375
3 0.25859375 0.06171875 0.0984375 0.075
3 0.809375 0.8484375 0.0875 0.065625
3 0.8296875 0.234375 0.0734375 0.0734375
3 0.3140625 0.6640625 0.090625 0.059375
3 0.63515625 0.51875 0.0859375 0.0625
3 0.4609375 0.3296875 0.090625 0.065625
3 0.91953125 0.4078125 0.08125 0.08125
3 0.1078125 0.44453125 0.071875 0.071875
3 0.49140625 0.7203125 0.090625 0.0625
3 0.43828125 0.6625 0.0828125 0.0828125
3 0.19765625 0.51953125 0.0796875 0.0796875
3 0.8046875 0.07421875 0.0875 0.0703125
3 0.07890625 0.79609375 0.06875 0.06875
3 0.36796875 0.8484375 0.0828125 0.0828125
3 0.1453125 0.74296875 0.103125 0.0734375
3 0.21015625 0.940625 0.0796875 0.059375
3 0.87734375 0.584375 0.090625 0.0625
3 0.71640625 0.5046875 0.0796875 0.065625
3 0.86328125 0.80546875 0.0828125 0.0703125
3 0.61953125 0.45625 0.078125 0.078125
3 0.5265625 0.6421875 0.0734375 0.0734375
3 0.1390625 0.67109375 0.0796875 0.0796875
6 0.31328125 0.45625 0.0953125 0.09375
3 0.3875 0.296875 0.0703125 0.0703125
3 0.5703125 0.36875 0.09375 0.06875
3 0.9015625 0.07578125 0.0796875 0.078125
3 0.78828125 0.35703125 0.078125 0.078125
3 0.21875 0.696875 0.0875 0.0625
3 0.421875 0.78125 0.071875 0.071875
3 0.61484375 0.64375 0.0796875 0.0625
3 0.55390625 0.415625 0.065625 0.0640625
3 0.94140625 0.934375 0.0953125 0.059375
3 0.94765625 0.82890625 0.0890625 0.075
3 0.28046875 0.15078125 0.0984375 0.071875
3 0.3109375 0.2734375 0.065625 0.065625
3 0.77421875 0.675 0.0703125 0.0703125
4 0.821875 0.503125 0.109375 0.084375
3 0.5828125 0.5703125 0.0890625 0.0890625
3 0.709375 0.71015625 0.08125 0.0828125
3 0.18125 0.4078125 0.09375 0.06875
3 0.6203125 0.20546875 0.06875 0.06875
3 0.86796875 0.44609375 0.0734375 0.0734375
3 0.8203125 0.62265625 0.090625 0.0625
3 0.3265625 0.384375 0.0734375 0.0734375
3 0.440625 0.60703125 0.0875 0.0703125
3 0.77890625 0.784375 0.0703125 0.0703125
3 0.65234375 0.28125 0.078125 0.078125
3 0.21953125 0.87265625 0.0703125 0.053125
3 0.5515625 0.20078125 0.090625 0.0640625
3 0.12578125 0.3546875 0.1078125 0.065625
3 0.0546875 0.17109375 0.1 0.0765625
3 0.14140625 0.14296875 0.065625 0.065625
3 0.9375 0.68515625 0.065625 0.065625
3 0.6078125 0.31484375 0.071875 0.071875
3 0.2015625 0.146875 0.078125 0.065625
3 0.26796875 0.90390625 0.0671875 0.0609375
4 0.5625 0.14296875 0.1 0.0734375
3 0.540625 0.52109375 0.071875 0.071875
3 0.4125 0.846875 0.084375 0.084375
3 0.95546875 0.3640625 0.0734375 0.0625
6 0.65546875 0.76171875 0.1109375 0.0859375
0 0.77421875 0.27265625 0.1203125 0.078125
3 0.47734375 0.2765625 0.090625 0.04375
3 0.4953125 0.23828125 0.078125 0.0625
3 0.4921875 0.50546875 0.103125 0.0734375
3 0.559375 0.809375 0.1 0.071875
3 0.40078125 0.1875 0.096875 0.0953125
3 0.42890625 0.234375 0.0703125 0.0875
3 0.04453125 0.12734375 0.0890625 0.0671875