3 0.23359375 0.44296875 0.078125 0.078125
3 0.48671875 0.91796875 0.0953125 0.0671875
3 0.91640625 0.67109375 0.0921875 0.0734375
3 0.075 0.88359375 0.103125 0.0609375
3 0.47109375 0.3578125 0.096875 0.075
3 0.784375 0.91796875 0.078125 0.078125
3 0.83515625 0.2328125 0.084375 0.084375
3 0.3703125 0.2 0.09375 0.0625
3 0.190625 0.5359375 0.078125 0.078125
3 0.88828125 0.53125 0.090625 0.0890625
3 0.81640625 0.44609375 0.0953125 0.0765625
3 0.6890625 0.915625 0.0765625 0.0765625
3 0.5359375 0.69609375 0.0953125 0.0953125
3 0.8390625 0.62421875 0.075 0.075
3 0.36796875 0.51875 0.0859375 0.0859375
3 0.27265625 0.496875 0.075 0.075
3 0.59140625 0.94453125 0.125 0.0640625
3 0.5390625 0.18359375 0.0921875 0.090625
3 0.5296875 0.6234375 0.1375 0.059375
3 0.07421875 0.11953125 0.0859375 0.084375
3 0.79609375 0.784375 0.0859375 0.0859375
3 0.26640625 0.7734375 0.1171875 0.078125
3 0.75078125 0.64765625 0.1 0.1
1 0.434375 0.41640625 0.09375 0.09375