3 0.81640625 0.478125 0.06875 0.08125
3 0.8359375 0.90078125 0.065625 0.065625
3 0.2828125 0.08828125 0.06875 0.0859375
3 0.715625 0.4734375 0.075 0.075
3 0.175 0.42421875 0.0640625 0.0640625
3 0.4421875 0.4140625 0.08125 0.08125
3 0.5640625 0.69765625 0.078125 0.078125
3 0.146875 0.12421875 0.0625 0.0765625
3 0.4 0.73984375 0.06875 0.0890625
3 0.2609375 0.48828125 0.05625 0.090625
3 0.215625 0.1140625 0.078125 0.078125
3 0.3375 0.659375 0.06875 0.075
3 0.865625 0.64609375 0.08125 0.08125
3 0.93671875 0.3828125 0.0796875 0.09375
3 0.8515625 0.55859375 0.075 0.075
3 0.515625 0.40703125 0.065625 0.078125
3 0.05625 0.078125 0.065625 0.08125
3 0.8984375 0.5609375 0.065625 0.065625
3 0.08203125 0.7828125 0.0796875 0.078125
3 0.35234375 0.14453125 0.08125 0.08125
3 0.396875 0.2828125 0.059375 0.090625
3 0.36953125 0.41796875 0.0765625 0.0765625
3 0.55625 0.80703125 0.0765625 0.075
3 0.51171875 0.5609375 0.0578125 0.084375
3 0.225 0.61796875 0.0765625 0.0765625
3 0.16953125 0.84765625 0.0515625 0.0859375
3 0.71328125 0.31328125 0.0734375 0.0984375
3 0.8640625 0.37109375 0.053125 0.0734375
3 0.134375 0.5125 0.0625 0.0625
3 0.73046875 0.95234375 0.0765625 0.0890625
3 0.5625 0.46875 0.0765625 0.0765625
3 0.9234375 0.159375 0.0796875 0.0796875
3 0.096875 0.17265625 0.0625 0.0625
3 0.37109375 0.2171875 0.075 0.075
3 0.22109375 0.4859375 0.06875 0.090625
3 0.5765625 0.8890625 0.071875 0.08125
3 0.33984375 0.49375 0.0671875 0.065625
3 0.35234375 0.5765625 0.071875 0.071875
3 0.078125 0.540625 0.0765625 0.0765625
3 0.86171875 0.15234375 0.0453125 0.0859375
3 0.76796875 0.19921875 0.0859375 0.0859375
3 0.25625 0.846875 0.06875 0.084375
3 0.9 0.2296875 0.071875 0.071875
3 0.73359375 0.24609375 0.084375 0.084375
3 0.653125 0.37578125 0.0625 0.0828125
3 0.29140625 0.56953125 0.0765625 0.0765625
3 0.9015625 0.31875 0.071875 0.08125
3 0.69453125 0.1234375 0.0703125 0.078125
3 0.78046875 0.24140625 0.0671875 0.0890625
3 0.95 0.68671875 0.0640625 0.0640625
3 0.1078125 0.3359375 0.0765625 0.0765625
3 0.84375 0.24765625 0.0796875 0.078125
3 0.10625 0.45546875 0.0765625 0.075
3 0.490625 0.12265625 0.08125 0.1046875
3 0.940625 0.7734375 0.0765625 0.0765625
3 0.0953125 0.2515625 0.0796875 0.078125
3 0.46484375 0.5328125 0.075 0.0734375
3 0.64609375 0.16640625 0.0734375 0.0734375
3 0.59296875 0.1296875 0.065625 0.096875
3 0.33125 0.74140625 0.0765625 0.078125
6 0.66953125 0.25390625 0.0859375 0.0859375
3 0.04609375 0.215625 0.0625 0.0875
3 0.90234375 0.7640625 0.075 0.075
3 0.27421875 0.6484375 0.06875 0.0703125
3 0.73671875 0.053125 0.0640625 0.0875
3 0.37890625 0.50546875 0.06875 0.06875
3 0.49375 0.6703125 0.075 0.075
3 0.940625 0.6015625 0.06875 0.078125
3 0.63828125 0.42890625 0.065625 0.0890625
3 0.91171875 0.684375 0.0640625 0.075
3 0.9421875 0.46328125 0.0625 0.0921875
3 0.15234375 0.62265625 0.0671875 0.0796875
3 0.26171875 0.79453125 0.0671875 0.1015625
3 0.1265625 0.8609375 0.059375 0.071875
6 0.3109375 0.2546875 0.08125 0.11875
3 0.0734375 0.403125 0.0671875 0.0671875
3 0.08359375 0.6421875 0.0609375 0.0625
3 0.04609375 0.70078125 0.0796875 0.08125
3 0.12578125 0.60703125 0.08125 0.08125
3 0.24765625 0.9203125 0.08125 0.08125
3 0.43125 0.53671875 0.0671875 0.0671875
3 0.03203125 0.84765625 0.0640625 0.0703125