3 0.11953125 0.153125 0.084375 0.084375
3 0.94921875 0.515625 0.0890625 0.090625
3 0.61875 0.0890625 0.08125 0.090625
3 0.4859375 0.1546875 0.084375 0.084375
3 0.3078125 0.32890625 0.075 0.0953125
3 0.91328125 0.4453125 0.0765625 0.10625
3 0.3359375 0.146875 0.075 0.103125
3 0.1171875 0.9359375 0.0921875 0.0921875
3 0.4578125 0.65546875 0.08125 0.08125
3 0.6984375 0.62578125 0.096875 0.096875
3 0.08125 0.68515625 0.071875 0.1046875
3 0.40390625 0.5953125 0.0796875 0.103125
3 0.3328125 0.61484375 0.071875 0.1171875
3 0.1953125 0.71328125 0.078125 0.1046875
3 0.80625 0.078125 0.075 0.1
3 0.55 0.43046875 0.0875 0.0875
3 0.69453125 0.80859375 0.075 0.075
3 0.2265625 0.3828125 0.078125 0.103125
3 0.1609375 0.5453125 0.090625 0.0921875
3 0.3515625 0.88515625 0.084375 0.084375
3 0.51953125 0.30390625 0.0734375 0.1109375
3 0.04609375 0.08125 0.0921875 0.090625
3 0.35234375 0.4890625 0.0890625 0.0875
3 0.90546875 0.2140625 0.090625 0.090625
3 0.7609375 0.35703125 0.0734375 0.0734375
3 0.87578125 0.35703125 0.0859375 0.0859375
3 0.85390625 0.12109375 0.09375 0.09375
3 0.59609375 0.3671875 0.08125 0.08125
3 0.49765625 0.721875 0.0734375 0.1
3 0.753125 0.21328125 0.075 0.1046875
3 0.04609375 0.93984375 0.075 0.1140625
3 0.18984375 0.18203125 0.0828125 0.0828125
3 0.6125 0.50546875 0.0859375 0.084375
3 0.096875 0.48359375 0.0828125 0.0828125
3 0.1421875 0.39140625 0.075 0.0921875
3 0.56015625 0.18125 0.0796875 0.08125
3 0.790625 0.425 0.078125 0.103125
3 0.425 0.2 0.071875 0.09375
3 0.4484375 0.36484375 0.0921875 0.0921875
3 0.940625 0.83671875 0.0890625 0.0875
3 0.91875 0.91328125 0.0875 0.0859375
3 0.92578125 0.75 0.09375 0.0921875
3 0.259375 0.1640625 0.0890625 0.0890625
3 0.2375 0.11953125 0.078125 0.096875
3 0.41796875 0.4203125 0.0828125 0.0828125
3 0.2421875 0.24921875 0.09375 0.09375
5 0.74921875 0.4984375 0.0953125 0.159375
3 0.27109375 0.71953125 0.1 0.1
3 0.478125 0.56875 0.084375 0.10625
3 0.85546875 0.80703125 0.08125 0.0828125