3 0.153125 0.88046875 0.090625 0.0765625
3 0.515625 0.05078125 0.090625 0.0890625
3 0.0890625 0.38125 0.090625 0.08125
3 0.1546875 0.5140625 0.090625 0.078125
3 0.32890625 0.6921875 0.0953125 0.075
3 0.4453125 0.08671875 0.090625 0.090625
3 0.146875 0.6640625 0.103125 0.075
3 0.9359375 0.8828125 0.0921875 0.0921875
3 0.65546875 0.5421875 0.08125 0.08125
3 0.62578125 0.3015625 0.096875 0.096875
3 0.68515625 0.91875 0.1046875 0.071875
3 0.5953125 0.59609375 0.103125 0.0796875
3 0.61484375 0.6671875 0.09375 0.09375
3 0.71328125 0.8046875 0.1046875 0.078125
3 0.078125 0.19375 0.1 0.075
3 0.43046875 0.45 0.1015625 0.075
3 0.80859375 0.30546875 0.0875 0.0640625
3 0.3828125 0.7734375 0.090625 0.090625
3 0.5453125 0.8390625 0.0921875 0.0921875
3 0.88515625 0.6484375 0.103125 0.065625
3 0.30390625 0.48046875 0.1109375 0.0734375
3 0.08046875 0.9546875 0.1015625 0.08125
3 0.4890625 0.64765625 0.0875 0.0890625
3 0.2140625 0.09453125 0.090625 0.090625
3 0.35703125 0.2390625 0.084375 0.0625
3 0.35703125 0.12421875 0.0859375 0.0859375
3 0.12109375 0.14609375 0.1078125 0.0796875
3 0.3671875 0.40390625 0.09375 0.0703125
3 0.721875 0.50234375 0.1 0.0734375
3 0.21328125 0.246875 0.1046875 0.075
3 0.940625 0.953125 0.09375 0.09375
3 0.18203125 0.81015625 0.0828125 0.0828125
3 0.50546875 0.3875 0.084375 0.0859375
3 0.48359375 0.903125 0.090625 0.075
3 0.39140625 0.8578125 0.084375 0.0828125
3 0.18125 0.43984375 0.084375 0.0765625
3 0.425 0.209375 0.103125 0.078125
3 0.2 0.575 0.09375 0.071875
3 0.36484375 0.5515625 0.1109375 0.075
3 0.83671875 0.059375 0.0875 0.0890625
3 0.91328125 0.08125 0.0859375 0.0875
3 0.75 0.07421875 0.1 0.0859375
3 0.1640625 0.740625 0.0890625 0.0890625
3 0.11953125 0.7625 0.0875 0.0875
3 0.4203125 0.58203125 0.0828125 0.0828125
3 0.24921875 0.7578125 0.1140625 0.071875
5 0.4984375 0.25078125 0.159375 0.0953125
3 0.71953125 0.72890625 0.1 0.1
3 0.56875 0.521875 0.10625 0.084375
3 0.80703125 0.14453125 0.0921875 0.071875