3 0.41640625 0.08359375 0.0859375 0.0703125
3 0.5515625 0.7015625 0.084375 0.084375
3 0.4234375 0.61328125 0.1 0.06875
3 0.1125 0.11015625 0.065625 0.065625
3 0.7359375 0.23515625 0.0734375 0.0734375
3 0.79296875 0.7375 0.08125 0.08125
3 0.45078125 0.34375 0.0796875 0.08125
3 0.46015625 0.5484375 0.078125 0.0765625
3 0.265625 0.240625 0.075 0.075
3 0.83359375 0.584375 0.0859375 0.075
3 0.57578125 0.54375 0.0890625 0.0890625
3 0.803125 0.2625 0.078125 0.05
3 0.16484375 0.70703125 0.0921875 0.0921875
3 0.25546875 0.90078125 0.0890625 0.0640625
3 0.634375 0.11171875 0.10625 0.0703125
3 0.65859375 0.4484375 0.1078125 0.078125
3 0.20234375 0.05390625 0.096875 0.0765625
0 0.13671875 0.2171875 0.1109375 0.090625