3 0.7859375 0.3421875 0.090625 0.090625
3 0.640625 0.11640625 0.075 0.1046875
3 0.0484375 0.915625 0.096875 0.096875
3 0.07734375 0.20859375 0.09375 0.09375
3 0.30234375 0.76484375 0.0828125 0.1078125
3 0.71015625 0.34921875 0.0921875 0.0921875
3 0.80234375 0.76953125 0.096875 0.096875
3 0.2140625 0.79296875 0.078125 0.1015625
3 0.4390625 0.88125 0.0984375 0.0984375
3 0.603125 0.325 0.08125 0.109375
3 0.6890625 0.65 0.090625 0.090625
3 0.1671875 0.36328125 0.075 0.1015625
3 0.2984375 0.6203125 0.084375 0.109375
3 0.44296875 0.2265625 0.0953125 0.0953125
3 0.5421875 0.921875 0.084375 0.084375
3 0.90625 0.4796875 0.0921875 0.0921875
3 0.59921875 0.75078125 0.075 0.0984375
3 0.9109375 0.3515625 0.0953125 0.0953125
3 0.72890625 0.10234375 0.0671875 0.0859375
3 0.07421875 0.4140625 0.0828125 0.103125
3 0.12734375 0.1546875 0.0875 0.0875
3 0.784375 0.6234375 0.09375 0.09375
3 0.63828125 0.45859375 0.09375 0.0953125
3 0.37109375 0.8640625 0.0828125 0.0828125
3 0.6984375 0.19296875 0.0765625 0.078125
3 0.3640625 0.1515625 0.075 0.0875
3 0.3296875 0.05859375 0.075 0.1171875
3 0.27890625 0.878125 0.0875 0.0875
3 0.5984375 0.21171875 0.096875 0.096875
3 0.221875 0.4515625 0.08125 0.121875
3 0.309375 0.26953125 0.071875 0.109375
3 0.3953125 0.540625 0.071875 0.10625
3 0.0625 0.52265625 0.0859375 0.0859375
3 0.96171875 0.64765625 0.0765625 0.103125
3 0.4953125 0.08671875 0.096875 0.0984375
3 0.7359375 0.87421875 0.08125 0.1015625
3 0.07734375 0.62890625 0.103125 0.103125
3 0.3578125 0.246875 0.071875 0.10625
3 0.91640625 0.73671875 0.0859375 0.0859375