2 0.81796875 0.46328125 0.0671875 0.0953125
2 0.95625 0.7609375 0.084375 0.084375
2 0.93203125 0.9171875 0.078125 0.0796875
2 0.196875 0.08125 0.0828125 0.0828125
2 0.4765625 0.4390625 0.06875 0.06875
2 0.0625 0.1953125 0.0859375 0.0859375
2 0.06328125 0.68125 0.0703125 0.09375
2 0.75 0.4796875 0.0875 0.0859375
2 0.24453125 0.49375 0.084375 0.0828125
2 0.4171875 0.15390625 0.0828125 0.0828125
2 0.40390625 0.4078125 0.0765625 0.09375
2 0.11875 0.34453125 0.084375 0.0859375
2 0.74921875 0.06171875 0.0859375 0.0859375
2 0.5671875 0.07265625 0.0828125 0.084375
2 0.646875 0.0828125 0.071875 0.103125
2 0.81328125 0.70390625 0.0921875 0.0921875
2 0.8953125 0.6484375 0.0625 0.10625
2 0.15234375 0.61328125 0.0734375 0.0921875
2 0.2234375 0.1671875 0.078125 0.0875
2 0.878125 0.52109375 0.075 0.1046875
2 0.6578125 0.896875 0.0875 0.0875
2 0.38671875 0.74765625 0.08125 0.0796875
2 0.57109375 0.16328125 0.0765625 0.0859375
2 0.7328125 0.3703125 0.071875 0.109375
2 0.45546875 0.25 0.0875 0.0859375
2 0.64453125 0.3640625 0.0765625 0.1
2 0.41328125 0.8984375 0.0828125 0.084375
2 0.053125 0.88828125 0.0890625 0.0890625
2 0.7875 0.60234375 0.0921875 0.09375
2 0.52109375 0.2203125 0.090625 0.0921875
2 0.0640625 0.2875 0.08125 0.08125
2 0.1578125 0.74765625 0.0890625 0.090625
2 0.87890625 0.19609375 0.0828125 0.1046875
2 0.2 0.53671875 0.09375 0.0953125
2 0.43671875 0.33359375 0.0859375 0.0984375
2 0.6609375 0.61015625 0.08125 0.1046875
2 0.465625 0.053125 0.09375 0.09375
2 0.56328125 0.2546875 0.0859375 0.0859375
2 0.33828125 0.08125 0.0859375 0.084375
2 0.60703125 0.7234375 0.075 0.075
2 0.7609375 0.16171875 0.059375 0.090625
3 0.70390625 0.6515625 0.0859375 0.0875
3 0.846875 0.3671875 0.06875 0.096875
3 0.14609375 0.93125 0.1046875 0.08125