3 0.8484375 0.1921875 0.06875 0.0875
3 0.2328125 0.1515625 0.06875 0.090625
3 0.05625 0.765625 0.078125 0.08125
3 0.63125 0.54296875 0.078125 0.078125
3 0.315625 0.2421875 0.075 0.090625
3 0.0921875 0.2640625 0.05625 0.090625
3 0.4375 0.28515625 0.0625 0.1
3 0.43359375 0.5609375 0.065625 0.084375
3 0.215625 0.8015625 0.078125 0.078125
3 0.178125 0.6828125 0.065625 0.090625
3 0.1125 0.46015625 0.075 0.075
3 0.678125 0.35625 0.06875 0.06875
3 0.6671875 0.21796875 0.059375 0.071875
3 0.8953125 0.128125 0.06875 0.1
3 0.7796875 0.68828125 0.08125 0.0828125
3 0.14609375 0.86796875 0.0828125 0.0828125
3 0.93125 0.29765625 0.075 0.1015625
3 0.6375 0.296875 0.0734375 0.0734375
3 0.515625 0.928125 0.06875 0.06875
3 0.8625 0.303125 0.0625 0.090625
3 0.58125 0.39921875 0.0796875 0.08125
3 0.396875 0.0421875 0.0625 0.084375
3 0.63359375 0.44453125 0.0671875 0.0671875
3 0.04375 0.6703125 0.05625 0.0875
3 0.14921875 0.25390625 0.0703125 0.0890625
3 0.575 0.2171875 0.0796875 0.0796875
3 0.7671875 0.5671875 0.08125 0.1
3 0.6296875 0.140625 0.0828125 0.0828125
3 0.94921875 0.91484375 0.0765625 0.0765625
3 0.628125 0.87734375 0.078125 0.1109375
3 0.40078125 0.79609375 0.0703125 0.0984375
3 0.30390625 0.69921875 0.0765625 0.0890625
1 0.3171875 0.56484375 0.090625 0.0921875