2 0.15546875 0.25 0.0921875 0.0625
2 0.33984375 0.946875 0.08125 0.08125
2 0.13984375 0.5265625 0.075 0.075
2 0.8015625 0.80859375 0.084375 0.0640625
2 0.73828125 0.3890625 0.1015625 0.071875
2 0.728125 0.86171875 0.08125 0.0796875
2 0.928125 0.38125 0.08125 0.08125
2 0.08671875 0.81484375 0.075 0.075
2 0.78359375 0.9171875 0.0890625 0.065625
2 0.22265625 0.16484375 0.078125 0.078125
2 0.71484375 0.17265625 0.075 0.075
2 0.25234375 0.259375 0.0671875 0.065625
2 0.11484375 0.07890625 0.096875 0.071875
2 0.775 0.6296875 0.08125 0.08125
2 0.8671875 0.42734375 0.084375 0.084375
2 0.5578125 0.17734375 0.084375 0.0578125
2 0.3234375 0.23671875 0.075 0.075
2 0.9171875 0.86875 0.0640625 0.0640625
2 0.9265625 0.49296875 0.090625 0.090625
2 0.4703125 0.90859375 0.078125 0.0921875
2 0.30546875 0.1921875 0.0703125 0.059375
2 0.95234375 0.31328125 0.0953125 0.0734375
4 0.7359375 0.45703125 0.109375 0.065625
4 0.63828125 0.3203125 0.059375 0.0875