3 0.7765625 0.5375 0.0828125 0.0828125
3 0.71484375 0.8015625 0.078125 0.078125
3 0.2296875 0.2953125 0.1 0.071875
3 0.271875 0.77421875 0.1 0.0796875
3 0.18203125 0.11875 0.08125 0.08125
3 0.3015625 0.06328125 0.0734375 0.071875
3 0.73984375 0.296875 0.0765625 0.0765625
3 0.884375 0.47265625 0.0875 0.065625
3 0.60234375 0.2515625 0.08125 0.08125
3 0.31484375 0.88125 0.0828125 0.0828125
3 0.54921875 0.8109375 0.0953125 0.071875
3 0.59296875 0.659375 0.08125 0.08125
3 0.565625 0.503125 0.10625 0.075
3 0.8234375 0.265625 0.09375 0.075
3 0.94375 0.665625 0.078125 0.078125
3 0.46171875 0.496875 0.1046875 0.06875
3 0.10546875 0.74453125 0.0984375 0.071875
0 0.62734375 0.3796875 0.1046875 0.090625
3 0.340625 0.365625 0.1125 0.075
3 0.92109375 0.80625 0.1109375 0.075
3 0.20234375 0.3984375 0.0875 0.0890625
3 0.3984375 0.2453125 0.0828125 0.0828125
3 0.35703125 0.721875 0.084375 0.084375
3 0.0984375 0.59921875 0.084375 0.0703125
3 0.86015625 0.3359375 0.096875 0.065625
3 0.39765625 0.1546875 0.0859375 0.0859375
3 0.59765625 0.1453125 0.0765625 0.075
3 0.9171875 0.553125 0.096875 0.06875
3 0.4859375 0.5625 0.0734375 0.0734375
3 0.85078125 0.9234375 0.1046875 0.06875
3 0.44921875 0.096875 0.090625 0.06875
3 0.2171875 0.225 0.0765625 0.0765625
3 0.24140625 0.5796875 0.090625 0.0890625
3 0.3109375 0.4359375 0.096875 0.065625
3 0.16171875 0.68671875 0.0953125 0.0765625
3 0.48671875 0.85 0.084375 0.084375
3 0.32734375 0.2140625 0.0890625 0.0890625
3 0.82734375 0.7296875 0.0953125 0.0625
3 0.77578125 0.85859375 0.08125 0.08125
3 0.07421875 0.8984375 0.0984375 0.065625
3 0.73984375 0.39921875 0.0828125 0.0828125
3 0.41953125 0.5890625 0.078125 0.078125
3 0.0765625 0.27421875 0.0875 0.0734375
3 0.5390625 0.38359375 0.078125 0.0890625
3 0.3921875 0.6453125 0.0875 0.071875
3 0.2234375 0.46171875 0.084375 0.084375
3 0.88828125 0.11328125 0.0859375 0.0859375
3 0.13359375 0.64375 0.0828125 0.0828125
3 0.85546875 0.8203125 0.0796875 0.0796875
3 0.878125 0.065625 0.090625 0.084375
3 0.83203125 0.06484375 0.0734375 0.071875
3 0.4625 0.03046875 0.090625 0.0609375
3 0.6078125 0.128125 0.090625 0.06875