3 0.76875 0.29921875 0.065625 0.0953125
3 0.50859375 0.2296875 0.0625 0.103125
3 0.240625 0.59375 0.065625 0.103125
3 0.88671875 0.6203125 0.0640625 0.096875
3 0.725 0.76328125 0.075 0.0984375
3 0.3890625 0.60390625 0.0828125 0.084375
3 0.37578125 0.2921875 0.0671875 0.096875
3 0.71328125 0.5421875 0.084375 0.084375
3 0.1328125 0.3609375 0.0890625 0.0890625
3 0.225 0.8390625 0.078125 0.078125
3 0.5703125 0.7890625 0.0671875 0.0671875
3 0.30078125 0.53671875 0.075 0.075
3 0.89921875 0.92109375 0.084375 0.084375
3 0.1640625 0.2453125 0.06875 0.09375
3 0.77421875 0.18515625 0.08125 0.08125
3 0.83203125 0.40546875 0.0734375 0.1015625
3 0.06015625 0.09765625 0.0921875 0.0921875
3 0.6734375 0.059375 0.0890625 0.0890625
3 0.66640625 0.22265625 0.06875 0.1109375
3 0.0703125 0.628125 0.0625 0.090625
3 0.2765625 0.76484375 0.06875 0.1046875
3 0.3390625 0.43515625 0.0734375 0.0734375
3 0.271875 0.34453125 0.065625 0.1015625
3 0.92265625 0.084375 0.0640625 0.103125
3 0.6078125 0.140625 0.084375 0.084375
3 0.596875 0.92265625 0.071875 0.0921875
3 0.815625 0.74453125 0.08125 0.08125
3 0.865625 0.4640625 0.0625 0.1
3 0.85625 0.3203125 0.065625 0.084375
3 0.96328125 0.21328125 0.0609375 0.0765625
3 0.56328125 0.09609375 0.0578125 0.1046875
3 0.47265625 0.69140625 0.0671875 0.103125
3 0.5953125 0.46171875 0.059375 0.0859375
3 0.10078125 0.20859375 0.0609375 0.090625
6 0.8828125 0.1859375 0.078125 0.121875
3 0.9421875 0.4203125 0.0625 0.109375
3 0.415625 0.7375 0.0921875 0.0921875
3 0.43125 0.88359375 0.084375 0.0828125
3 0.33359375 0.728125 0.0546875 0.109375
3 0.38125 0.4984375 0.06875 0.115625
3 0.11875 0.159375 0.06875 0.09375
3 0.93828125 0.69140625 0.084375 0.084375
3 0.1875 0.4078125 0.0890625 0.0890625
3 0.4203125 0.9546875 0.071875 0.071875
3 0.165625 0.15859375 0.0703125 0.0703125
3 0.359375 0.8140625 0.05 0.140625