3 0.35625 0.91484375 0.084375 0.084375
3 0.0859375 0.7546875 0.084375 0.084375
3 0.68125 0.8359375 0.0765625 0.0765625
3 0.1453125 0.68515625 0.0828125 0.0828125
3 0.5265625 0.8375 0.065625 0.075
3 0.5171875 0.69140625 0.084375 0.0859375
3 0.23125 0.33828125 0.0828125 0.08125
3 0.396875 0.640625 0.0625 0.090625
3 0.76875 0.64765625 0.06875 0.090625
3 0.6953125 0.09296875 0.0765625 0.075
3 0.42734375 0.265625 0.08125 0.0828125
3 0.25703125 0.08828125 0.0875 0.0875
3 0.1046875 0.315625 0.084375 0.084375
3 0.15703125 0.37421875 0.0703125 0.096875
3 0.85078125 0.290625 0.059375 0.08125
3 0.709375 0.36015625 0.06875 0.0953125
3 0.36640625 0.1203125 0.078125 0.078125
3 0.5796875 0.52265625 0.071875 0.0984375
3 0.27890625 0.72109375 0.0859375 0.0859375
3 0.271875 0.41953125 0.075 0.075
3 0.74375 0.16015625 0.078125 0.0828125
3 0.5515625 0.6078125 0.06875 0.090625
3 0.75 0.80859375 0.071875 0.071875
3 0.21484375 0.65703125 0.0765625 0.0765625
3 0.2890625 0.82421875 0.084375 0.0828125
3 0.95546875 0.3890625 0.0625 0.0875
3 0.81796875 0.4625 0.0609375 0.1
3 0.603125 0.89765625 0.0765625 0.0765625
3 0.65078125 0.4375 0.0703125 0.096875
3 0.921875 0.0734375 0.08125 0.08125
3 0.60703125 0.38203125 0.0765625 0.0765625
3 0.659375 0.62421875 0.0796875 0.08125
3 0.85859375 0.54296875 0.071875 0.071875
3 0.17578125 0.275 0.078125 0.078125
3 0.61484375 0.08046875 0.0640625 0.0859375
3 0.540625 0.434375 0.0796875 0.0796875
3 0.77890625 0.23203125 0.0640625 0.0734375
3 0.8484375 0.67421875 0.078125 0.0796875
3 0.07421875 0.41796875 0.0734375 0.078125
3 0.70625 0.2671875 0.0625 0.071875
3 0.2078125 0.759375 0.071875 0.09375
3 0.1390625 0.8671875 0.065625 0.090625
3 0.39609375 0.55703125 0.0671875 0.0921875
3 0.109375 0.4921875 0.08125 0.08125
3 0.7859375 0.5546875 0.065625 0.065625
3 0.19453125 0.4328125 0.0859375 0.0859375
3 0.8203125 0.76484375 0.06875 0.1
3 0.47421875 0.60234375 0.0828125 0.08125
3 0.30703125 0.62421875 0.0828125 0.0828125
3 0.04375 0.5515625 0.071875 0.1
3 0.25625 0.50546875 0.075 0.1
3 0.16796875 0.52265625 0.075 0.0765625
3 0.85625 0.38203125 0.05625 0.0828125
3 0.0625 0.85234375 0.075 0.0953125
3 0.3828125 0.19140625 0.08125 0.08125
3 0.6375 0.1515625 0.084375 0.084375
3 0.56875 0.2171875 0.065625 0.0875
3 0.47578125 0.05625 0.0671875 0.096875
3 0.78125 0.32265625 0.071875 0.0921875
3 0.06875 0.22890625 0.0828125 0.0828125
3 0.7375 0.928125 0.06875 0.090625
3 0.67734375 0.52734375 0.0765625 0.0765625
3 0.5375 0.07890625 0.075 0.075
3 0.64375 0.721875 0.075 0.0765625
3 0.3578125 0.7109375 0.06875 0.08125
3 0.9203125 0.62421875 0.059375 0.0796875
3 0.5859375 0.790625 0.071875 0.096875
3 0.8953125 0.7171875 0.065625 0.075
3 0.3296875 0.38984375 0.078125 0.078125
3 0.8265625 0.0984375 0.075 0.075
3 0.9046875 0.42890625 0.053125 0.0890625
3 0.43984375 0.70703125 0.0671875 0.0859375
3 0.5859375 0.26640625 0.071875 0.0921875
3 0.8 0.38828125 0.0765625 0.078125
3 0.21953125 0.55625 0.08125 0.0796875
3 0.7375 0.734375 0.059375 0.0609375
3 0.7625 0.88046875 0.06875 0.0890625
3 0.69453125 0.684375 0.0640625 0.075
3 0.3296875 0.30390625 0.071875 0.0890625
3 0.5078125 0.27421875 0.059375 0.084375
3 0.66015625 0.93828125 0.06875 0.103125
3 0.4296875 0.36015625 0.071875 0.1
3 0.3984375 0.34296875 0.071875 0.071875
3 0.553125 0.12265625 0.075 0.0859375
3 0.5046875 0.96015625 0.065625 0.0734375
3 0.32421875 0.25703125 0.0640625 0.0640625
3 0.9421875 0.55234375 0.071875 0.0859375
3 0.5578125 0.75859375 0.065625 0.0734375
3 0.71640625 0.5359375 0.08125 0.08125
3 0.97109375 0.80625 0.0578125 0.084375
3 0.96796875 0.30703125 0.0640625 0.0640625
3 0.03671875 0.678125 0.0734375 0.078125
3 0.47265625 0.8171875 0.0734375 0.075
3 0.94375 0.96171875 0.071875 0.071875
3 0.3046875 0.53359375 0.096875 0.0625
3 0.8359375 0.95703125 0.071875 0.0828125
6 0.37890625 0.42109375 0.065625 0.0828125
3 0.05390625 0.20546875 0.0703125 0.0703125
3 0.6953125 0.228125 0.0671875 0.0671875
3 0.8375 0.1453125 0.059375 0.084375
3 0.9390625 0.3109375 0.0671875 0.0671875
3 0.928125 0.71640625 0.06875 0.0671875
3 0.8578125 0.59609375 0.059375 0.059375
3 0.8984375 0.46953125 0.071875 0.0734375
3 0.60859375 0.6984375 0.06875 0.06875
3 0.48125 0.9390625 0.0703125 0.0703125
3 0.48984375 0.2359375 0.0703125 0.0703125
3 0.671875 0.8078125 0.053125 0.071875
3 0.5328125 0.871875 0.053125 0.0625
3 0.4578125 0.7578125 0.071875 0.071875
3 0.97578125 0.1515625 0.0484375 0.090625
3 0.94765625 0.79296875 0.06875 0.06875