3 0.86953125 0.68671875 0.0859375 0.06875
3 0.078125 0.08359375 0.08125 0.08125
3 0.63359375 0.3640625 0.084375 0.084375
3 0.20078125 0.70234375 0.084375 0.084375
3 0.10703125 0.88125 0.0921875 0.059375
3 0.559375 0.40546875 0.090625 0.0734375
3 0.05 0.60234375 0.0796875 0.0796875
3 0.24921875 0.36953125 0.0953125 0.059375
3 0.28828125 0.55625 0.071875 0.071875
3 0.37109375 0.165625 0.084375 0.0828125
3 0.49765625 0.5515625 0.0796875 0.0796875
3 0.84296875 0.053125 0.1015625 0.05625
3 0.665625 0.134375 0.0859375 0.0859375
3 0.57890625 0.15390625 0.0984375 0.0671875
3 0.271875 0.440625 0.0921875 0.0921875
3 0.28671875 0.76015625 0.084375 0.084375
3 0.0765625 0.7109375 0.08125 0.0625
3 0.51484375 0.4328125 0.103125 0.065625
3 0.52890625 0.69140625 0.090625 0.0734375
3 0.46015625 0.37109375 0.090625 0.090625
3 0.090625 0.4984375 0.0875 0.06875
3 0.6125 0.49609375 0.1 0.0640625
3 0.0953125 0.6765625 0.0875 0.075
3 0.66484375 0.5609375 0.0765625 0.071875
3 0.14453125 0.83203125 0.0765625 0.0765625
3 0.1890625 0.078125 0.096875 0.08125
3 0.88515625 0.0984375 0.084375 0.084375
3 0.7796875 0.31796875 0.084375 0.084375
3 0.34375 0.575 0.084375 0.0828125
3 0.13828125 0.275 0.0828125 0.0875
3 0.71015625 0.25625 0.0875 0.0859375
3 0.315625 0.2828125 0.1 0.078125
3 0.915625 0.5453125 0.084375 0.06875
3 0.0734375 0.95078125 0.1 0.0640625
3 0.74453125 0.8453125 0.0765625 0.084375
3 0.6515625 0.2921875 0.096875 0.06875
3 0.20625 0.51015625 0.1 0.0765625
3 0.76640625 0.15703125 0.0859375 0.0796875
3 0.58671875 0.8875 0.0828125 0.08125
3 0.81640625 0.81328125 0.0984375 0.0765625
3 0.44140625 0.53515625 0.0734375 0.0765625
3 0.659375 0.7640625 0.090625 0.090625
3 0.39765625 0.11328125 0.1078125 0.0796875
3 0.475 0.91953125 0.0734375 0.0734375
3 0.0703125 0.175 0.096875 0.096875
3 0.92109375 0.33984375 0.0828125 0.0765625
3 0.2734375 0.91171875 0.0890625 0.0890625
3 0.4890625 0.059375 0.0890625 0.0890625
3 0.5890625 0.746875 0.078125 0.08125
3 0.81640625 0.44375 0.09375 0.09375
3 0.46875 0.875 0.0828125 0.0828125
3 0.93828125 0.4734375 0.096875 0.065625
3 0.52578125 0.09921875 0.0859375 0.0703125
3 0.06171875 0.28671875 0.0828125 0.0703125
3 0.415625 0.72890625 0.103125 0.0796875
3 0.8625 0.3578125 0.0828125 0.0828125
3 0.6015625 0.56171875 0.084375 0.0734375
3 0.3765625 0.3890625 0.084375 0.084375
3 0.81953125 0.3921875 0.090625 0.071875
3 0.93359375 0.22265625 0.075 0.075
3 0.07578125 0.234375 0.1 0.06875
3 0.2671875 0.815625 0.078125 0.078125
3 0.1671875 0.46640625 0.0828125 0.08125
3 0.653125 0.9 0.09375 0.06875
3 0.28203125 0.95859375 0.0859375 0.0828125
3 0.21328125 0.79921875 0.084375 0.084375
3 0.54921875 0.7671875 0.0875 0.0859375