3 0.1375 0.628125 0.090625 0.090625
3 0.83671875 0.47890625 0.090625 0.090625
3 0.6109375 0.78125 0.09375 0.071875
3 0.9203125 0.17421875 0.096875 0.06875
3 0.05546875 0.15625 0.0984375 0.06875
3 0.4609375 0.49296875 0.0859375 0.0859375
3 0.68125 0.54453125 0.0921875 0.0921875
3 0.53203125 0.55625 0.084375 0.084375
3 0.6828125 0.721875 0.090625 0.075
3 0.78671875 0.78203125 0.0890625 0.0890625
3 0.25234375 0.8390625 0.1109375 0.075
3 0.23046875 0.92578125 0.0953125 0.0953125
3 0.46015625 0.859375 0.0984375 0.1
3 0.39375 0.4234375 0.10625 0.084375
3 0.671875 0.36015625 0.09375 0.09375
3 0.71875 0.88984375 0.0921875 0.0921875
3 0.5515625 0.2015625 0.09375 0.065625
3 0.87890625 0.3484375 0.0953125 0.06875
6 0.33203125 0.3734375 0.090625 0.0890625
3 0.47265625 0.771875 0.09375 0.09375
3 0.81640625 0.20546875 0.1046875 0.0796875
3 0.40859375 0.678125 0.084375 0.0859375
3 0.20234375 0.45234375 0.1078125 0.0640625
3 0.0765625 0.74375 0.0859375 0.0859375
3 0.93046875 0.09296875 0.1109375 0.0765625
3 0.13046875 0.18125 0.096875 0.096875
3 0.82109375 0.66953125 0.1078125 0.0796875
3 0.15703125 0.6796875 0.084375 0.0859375
3 0.41640625 0.1578125 0.1046875 0.06875
3 0.378125 0.2734375 0.1125 0.0875
3 0.34296875 0.56875 0.1046875 0.071875
3 0.19921875 0.05703125 0.1015625 0.0796875
3 0.32734375 0.6390625 0.0859375 0.0875
3 0.71171875 0.4171875 0.0828125 0.08125
3 0.62421875 0.8859375 0.090625 0.0796875
3 0.53046875 0.12109375 0.0921875 0.06875
3 0.603125 0.05 0.09375 0.075
3 0.684375 0.1546875 0.090625 0.090625
3 0.38515625 0.18671875 0.084375 0.084375
3 0.61875 0.953125 0.0875 0.0875
3 0.46875 0.671875 0.096875 0.084375
3 0.275 0.5328125 0.10625 0.071875
3 0.5984375 0.43515625 0.1125 0.071875
3 0.3703125 0.3515625 0.096875 0.075
3 0.378125 0.6359375 0.1 0.065625
3 0.84296875 0.13984375 0.1015625 0.071875
3 0.246875 0.5125 0.0875 0.0875
3 0.71640625 0.47109375 0.1296875 0.0609375
3 0.60078125 0.50546875 0.0859375 0.0703125
3 0.57421875 0.4234375 0.075 0.0765625
3 0.953125 0.96953125 0.09375 0.0515625