2 0.81171875 0.08046875 0.0703125 0.0953125
2 0.7953125 0.3390625 0.0828125 0.0828125
2 0.2953125 0.7671875 0.0859375 0.0859375
2 0.86796875 0.33984375 0.0796875 0.0796875
2 0.6375 0.30390625 0.078125 0.078125
2 0.06640625 0.1609375 0.0671875 0.0875
2 0.88046875 0.26328125 0.08125 0.08125
2 0.35546875 0.78515625 0.0859375 0.0859375
2 0.32265625 0.6796875 0.078125 0.0765625
2 0.890625 0.1296875 0.08125 0.09375
2 0.61015625 0.2265625 0.0765625 0.078125
2 0.08671875 0.52734375 0.0765625 0.0765625
2 0.546875 0.26171875 0.0625 0.1015625
2 0.50546875 0.7515625 0.0859375 0.0875
2 0.403125 0.6484375 0.08125 0.096875
2 0.4578125 0.3 0.06875 0.10625
2 0.5203125 0.125 0.0875 0.0875
2 0.09296875 0.653125 0.0734375 0.1125
2 0.89921875 0.67421875 0.0453125 0.0734375
2 0.821875 0.25390625 0.065625 0.0984375
2 0.77109375 0.7234375 0.0671875 0.103125
2 0.7421875 0.09609375 0.0875 0.0890625
2 0.12265625 0.09921875 0.084375 0.0921875
2 0.75546875 0.1796875 0.0859375 0.096875
2 0.64765625 0.08125 0.065625 0.1
2 0.4609375 0.1109375 0.090625 0.090625
2 0.69375 0.24609375 0.0875 0.0765625
2 0.0390625 0.0859375 0.078125 0.084375
2 0.5875 0.08984375 0.06875 0.1171875
2 0.49921875 0.2515625 0.0609375 0.125
2 0.7234375 0.8546875 0.0921875 0.0921875
2 0.04296875 0.721875 0.0859375 0.0875
2 0.82109375 0.80625 0.08125 0.08125
2 0.81015625 0.18984375 0.096875 0.096875
2 0.45859375 0.19453125 0.08125 0.08125
2 0.665625 0.1453125 0.09375 0.078125
2 0.6765625 0.38671875 0.04375 0.09375
2 0.69765625 0.0515625 0.0453125 0.084375
2 0.68125 0.759375 0.078125 0.10625
2 0.67578125 0.19609375 0.08125 0.0828125
5 0.4015625 0.7375 0.096875 0.096875
2 0.57265625 0.17734375 0.09375 0.09375