3 0.61015625 0.14453125 0.075 0.075
3 0.046875 0.47578125 0.0703125 0.0703125
3 0.24375 0.26640625 0.075 0.075
3 0.7453125 0.721875 0.071875 0.1
3 0.96015625 0.74140625 0.0609375 0.0828125
0 0.125 0.4328125 0.08125 0.1109375
3 0.75078125 0.628125 0.0578125 0.078125
3 0.7140625 0.5546875 0.071875 0.096875
3 0.4578125 0.93515625 0.06875 0.06875
3 0.7703125 0.29609375 0.06875 0.103125
3 0.50625 0.84453125 0.0828125 0.084375
3 0.7765625 0.0953125 0.06875 0.084375
3 0.66484375 0.6953125 0.075 0.075
3 0.32421875 0.52421875 0.090625 0.090625
3 0.46484375 0.24453125 0.08125 0.08125
3 0.63203125 0.8140625 0.071875 0.071875
3 0.3859375 0.6453125 0.059375 0.078125
3 0.43984375 0.36640625 0.084375 0.084375
3 0.92265625 0.134375 0.0640625 0.0640625
3 0.61953125 0.94296875 0.0671875 0.0796875
3 0.90703125 0.43203125 0.078125 0.078125
3 0.41015625 0.19453125 0.0859375 0.084375
3 0.61953125 0.5171875 0.0640625 0.090625
3 0.8390625 0.825 0.071875 0.084375
3 0.47421875 0.40234375 0.075 0.075
3 0.8453125 0.2109375 0.065625 0.084375
3 0.671875 0.89765625 0.0703125 0.06875
3 0.3359375 0.1890625 0.071875 0.09375
3 0.86796875 0.353125 0.06875 0.0703125
3 0.08046875 0.21328125 0.065625 0.065625
3 0.89375 0.6375 0.065625 0.08125
3 0.67265625 0.48359375 0.0703125 0.0703125
3 0.62890625 0.74296875 0.0671875 0.0671875
3 0.5671875 0.896875 0.071875 0.0875
3 0.4 0.48984375 0.0671875 0.065625
3 0.409375 0.8703125 0.06875 0.096875
3 0.93203125 0.21953125 0.0578125 0.0859375
3 0.49609375 0.75078125 0.059375 0.0859375
3 0.0921875 0.7234375 0.06875 0.096875
3 0.265625 0.740625 0.0625 0.071875
3 0.1328125 0.76015625 0.0671875 0.0671875
3 0.875 0.0515625 0.05625 0.084375
3 0.4734375 0.46953125 0.071875 0.071875
3 0.334375 0.76171875 0.0734375 0.0734375
3 0.92578125 0.83359375 0.071875 0.071875
3 0.75390625 0.178125 0.0671875 0.065625
3 0.4328125 0.7296875 0.0671875 0.0671875
3 0.88671875 0.3 0.0796875 0.08125
3 0.303125 0.81015625 0.053125 0.078125
6 0.30546875 0.89765625 0.090625 0.084375
6 0.68515625 0.2765625 0.0953125 0.09375
3 0.3546875 0.6890625 0.071875 0.078125
3 0.0515625 0.6796875 0.059375 0.078125
3 0.021875 0.64296875 0.04375 0.075
3 0.37109375 0.728125 0.0546875 0.06875
3 0.33671875 0.846875 0.0625 0.0625
3 0.03046875 0.2453125 0.0609375 0.096875
3 0.1125 0.7421875 0.075 0.075