2 0.16484375 0.46796875 0.08125 0.0828125
2 0.3953125 0.05859375 0.0765625 0.0765625
2 0.884375 0.721875 0.0828125 0.0828125
2 0.14453125 0.24765625 0.0703125 0.096875
2 0.340625 0.16015625 0.08125 0.0828125
2 0.540625 0.11953125 0.06875 0.0953125
2 0.1578125 0.9109375 0.071875 0.103125
2 0.25078125 0.88984375 0.0734375 0.0984375
2 0.62890625 0.1 0.0578125 0.09375
2 0.66796875 0.16015625 0.0765625 0.1046875
2 0.6640625 0.69140625 0.071875 0.1015625
2 0.7890625 0.74296875 0.065625 0.1109375
2 0.20078125 0.09375 0.0640625 0.1125
2 0.134375 0.13125 0.05625 0.0828125
2 0.23515625 0.81015625 0.0671875 0.0984375
2 0.5859375 0.40234375 0.0828125 0.0828125
2 0.51171875 0.32578125 0.0875 0.0875
2 0.91640625 0.4375 0.0796875 0.1
2 0.61796875 0.47890625 0.0921875 0.0921875
2 0.17890625 0.81171875 0.0671875 0.090625
2 0.8046875 0.353125 0.071875 0.1125
2 0.95703125 0.5046875 0.0859375 0.090625
2 0.65 0.5328125 0.078125 0.115625
2 0.52890625 0.94296875 0.0875 0.0875
2 0.03671875 0.35234375 0.0734375 0.0828125
2 0.61953125 0.9015625 0.0640625 0.109375
2 0.52734375 0.8546875 0.065625 0.096875
2 0.66953125 0.834375 0.0515625 0.1375
2 0.07265625 0.18671875 0.05625 0.05625
2 0.03828125 0.0828125 0.0734375 0.075
2 0.69140625 0.5734375 0.1015625 0.1015625
2 0.5734375 0.79453125 0.0625 0.1296875
3 0.38125 0.315625 0.06875 0.1125
3 0.51328125 0.76328125 0.0734375 0.121875
3 0.0875 0.53515625 0.071875 0.0921875
3 0.778125 0.50546875 0.1015625 0.1015625
3 0.825 0.89296875 0.0875 0.0875
3 0.60703125 0.83046875 0.071875 0.1328125