2 0.83515625 0.46796875 0.08125 0.0828125
2 0.6046875 0.05859375 0.065625 0.0875
2 0.115625 0.721875 0.071875 0.09375
2 0.85546875 0.24765625 0.0703125 0.096875
2 0.659375 0.16015625 0.08125 0.0828125
2 0.459375 0.11953125 0.06875 0.0953125
2 0.8421875 0.9109375 0.0875 0.0875
2 0.74921875 0.88984375 0.0859375 0.0859375
2 0.37109375 0.1 0.0578125 0.09375
2 0.33203125 0.16015625 0.0765625 0.1046875
2 0.3359375 0.69140625 0.071875 0.1015625
2 0.2109375 0.74296875 0.0890625 0.0890625
2 0.79921875 0.09375 0.0890625 0.0875
2 0.865625 0.13125 0.06875 0.06875
2 0.76484375 0.81015625 0.0828125 0.0828125
2 0.4140625 0.40234375 0.065625 0.1
2 0.48828125 0.32578125 0.0875 0.0875
2 0.08359375 0.4375 0.0890625 0.090625
2 0.38203125 0.47890625 0.0796875 0.1046875
2 0.82109375 0.81171875 0.0671875 0.090625
2 0.1953125 0.353125 0.071875 0.1125
2 0.04296875 0.5046875 0.0859375 0.090625
2 0.35 0.5328125 0.096875 0.096875
2 0.47109375 0.94296875 0.0703125 0.1046875
2 0.96328125 0.35234375 0.0734375 0.0828125
2 0.38046875 0.9015625 0.0859375 0.0859375
2 0.47265625 0.8546875 0.065625 0.096875
2 0.33046875 0.834375 0.0515625 0.1375
2 0.92734375 0.18671875 0.0359375 0.0765625
2 0.96171875 0.0828125 0.0734375 0.075
2 0.30859375 0.5734375 0.1015625 0.1015625
2 0.4265625 0.79453125 0.0625 0.1296875
3 0.61875 0.315625 0.090625 0.090625
3 0.48671875 0.76328125 0.0734375 0.121875
3 0.9125 0.53515625 0.0828125 0.0828125
3 0.221875 0.50546875 0.090625 0.1125
3 0.175 0.89296875 0.0625 0.1109375
3 0.39296875 0.83046875 0.103125 0.1015625