2 0.8796875 0.859375 0.059375 0.0875
2 0.61328125 0.7890625 0.0796875 0.0796875
2 0.59453125 0.265625 0.0734375 0.096875
2 0.7609375 0.88046875 0.065625 0.0890625
2 0.515625 0.5203125 0.0828125 0.0828125
2 0.065625 0.09609375 0.06875 0.09375
2 0.9375 0.909375 0.0625 0.0875
2 0.72421875 0.54609375 0.0828125 0.08125
2 0.72578125 0.80546875 0.078125 0.078125
2 0.9328125 0.78359375 0.0796875 0.0796875
2 0.6671875 0.1125 0.0890625 0.0890625
2 0.81171875 0.928125 0.0765625 0.103125
2 0.81953125 0.509375 0.0796875 0.08125
2 0.8140625 0.83359375 0.075 0.0984375
2 0.8171875 0.33984375 0.06875 0.06875
2 0.909375 0.62421875 0.059375 0.0984375
2 0.49140625 0.7375 0.071875 0.0703125
2 0.8953125 0.45 0.075 0.09375
2 0.315625 0.35078125 0.0859375 0.0859375
2 0.53046875 0.60703125 0.0765625 0.0828125
2 0.63671875 0.196875 0.0734375 0.1
2 0.58203125 0.8625 0.0765625 0.0765625
2 0.43671875 0.109375 0.0796875 0.103125
2 0.78828125 0.28203125 0.0875 0.0875
2 0.54375 0.20546875 0.0890625 0.0890625
2 0.5625 0.34453125 0.075 0.096875
2 0.8796875 0.36328125 0.0875 0.0890625
2 0.809375 0.63203125 0.0828125 0.08125
2 0.684375 0.63671875 0.0828125 0.0828125
2 0.47421875 0.45625 0.0765625 0.078125
2 0.5984375 0.5078125 0.071875 0.109375
2 0.44453125 0.20078125 0.08125 0.08125
2 0.10859375 0.15625 0.075 0.1
2 0.1484375 0.0984375 0.078125 0.090625
2 0.18203125 0.18359375 0.090625 0.090625
2 0.37890625 0.378125 0.06875 0.08125
2 0.371875 0.134375 0.071875 0.1125
2 0.24453125 0.253125 0.0828125 0.103125
2 0.62734375 0.92734375 0.0734375 0.1265625
2 0.51484375 0.253125 0.0703125 0.096875
2 0.43828125 0.390625 0.0734375 0.11875
2 0.7921875 0.4265625 0.0828125 0.0828125
2 0.76015625 0.58515625 0.084375 0.0890625
2 0.4984375 0.1453125 0.0875 0.0875
2 0.52890625 0.4125 0.084375 0.0828125
2 0.38828125 0.465625 0.0859375 0.1
2 0.31171875 0.109375 0.0796875 0.09375
2 0.390625 0.21875 0.071875 0.109375
2 0.4390625 0.29140625 0.078125 0.0796875
2 0.2921875 0.17734375 0.075 0.1046875
2 0.3875 0.303125 0.0890625 0.0890625
5 0.778125 0.7546875 0.0984375 0.096875
2 0.49609375 0.3203125 0.0734375 0.1
2 0.2203125 0.15078125 0.0875 0.13125
2 0.24140625 0.07265625 0.0765625 0.1171875
2 0.315625 0.22421875 0.1 0.0984375
2 0.328125 0.271875 0.090625 0.08125
2 0.384375 0.05546875 0.078125 0.084375