3 0.0859375 0.3625 0.096875 0.06875
3 0.81328125 0.07734375 0.1078125 0.0734375
3 0.12890625 0.8578125 0.0890625 0.065625
3 0.790625 0.26875 0.084375 0.084375
3 0.6828125 0.3265625 0.0921875 0.0921875
3 0.8140625 0.15546875 0.084375 0.084375
3 0.36640625 0.1375 0.0921875 0.0625
3 0.340625 0.834375 0.078125 0.078125
3 0.37421875 0.25625 0.1015625 0.075
3 0.50703125 0.10390625 0.084375 0.084375
3 0.4734375 0.28984375 0.0828125 0.08125
3 0.50703125 0.590625 0.0953125 0.06875
3 0.290625 0.66484375 0.1 0.0734375
3 0.1765625 0.51484375 0.075 0.075
3 0.3984375 0.3328125 0.06875 0.06875
3 0.62421875 0.14140625 0.0796875 0.0796875
3 0.61796875 0.8015625 0.0828125 0.071875
3 0.315625 0.32265625 0.071875 0.071875
3 0.571875 0.20078125 0.10625 0.0703125
3 0.48515625 0.7125 0.096875 0.096875
3 0.896875 0.73046875 0.090625 0.06875
3 0.4515625 0.94921875 0.0671875 0.0671875
3 0.0515625 0.5984375 0.090625 0.075
3 0.6953125 0.81640625 0.078125 0.0765625
3 0.809375 0.5828125 0.146875 0.059375
3 0.27890625 0.1796875 0.0703125 0.0703125
3 0.22734375 0.28671875 0.0921875 0.0703125
3 0.06796875 0.534375 0.0921875 0.06875
3 0.7921875 0.79765625 0.08125 0.0796875
3 0.19296875 0.79453125 0.0859375 0.0859375
3 0.88046875 0.8796875 0.0828125 0.109375
5 0.48046875 0.5046875 0.1015625 0.1015625