3 0.7734375 0.58828125 0.08125 0.08125
3 0.66875 0.5609375 0.0796875 0.0796875
3 0.23984375 0.484375 0.0765625 0.0765625
3 0.6953125 0.44765625 0.09375 0.09375
3 0.35703125 0.5359375 0.0875 0.071875
3 0.5828125 0.58984375 0.071875 0.071875
3 0.409375 0.4453125 0.0765625 0.0765625
3 0.26796875 0.5515625 0.075 0.075
3 0.4984375 0.6796875 0.084375 0.0625
3 0.1171875 0.4859375 0.075 0.075
3 0.9234375 0.52578125 0.084375 0.0625
3 0.17734375 0.2484375 0.075 0.075
3 0.325 0.628125 0.0875 0.06875
3 0.24921875 0.384375 0.075 0.075
3 0.378125 0.078125 0.075 0.065625
3 0.13828125 0.64609375 0.0859375 0.0859375
3 0.72421875 0.1515625 0.103125 0.078125
3 0.575 0.70546875 0.08125 0.0796875
3 0.09140625 0.3203125 0.0734375 0.0734375
3 0.9203125 0.878125 0.096875 0.071875
3 0.63359375 0.115625 0.084375 0.084375
3 0.39375 0.5875 0.071875 0.071875
3 0.31640625 0.42734375 0.0875 0.0875
3 0.60859375 0.9484375 0.090625 0.0890625
3 0.6265625 0.65 0.078125 0.065625
3 0.52109375 0.478125 0.0875 0.0875
3 0.334375 0.7640625 0.090625 0.090625
3 0.715625 0.0765625 0.1 0.071875
3 0.72578125 0.82265625 0.0921875 0.0921875
3 0.87265625 0.42421875 0.0984375 0.078125
3 0.2390625 0.1703125 0.0890625 0.0890625
3 0.85078125 0.63515625 0.0859375 0.0703125
3 0.9484375 0.9484375 0.1 0.0625
3 0.55390625 0.09296875 0.071875 0.0703125
3 0.8734375 0.58203125 0.0796875 0.08125
3 0.2265625 0.778125 0.096875 0.078125
3 0.4765625 0.09375 0.06875 0.071875
3 0.17421875 0.5328125 0.0765625 0.0625
3 0.60703125 0.46953125 0.08125 0.08125
3 0.803125 0.3421875 0.109375 0.075
3 0.828125 0.70390625 0.0875 0.0875
3 0.11328125 0.71953125 0.0953125 0.0640625
3 0.16484375 0.13984375 0.059375 0.059375
3 0.1 0.1125 0.08125 0.06875
3 0.434375 0.63203125 0.0625 0.0578125
3 0.440625 0.14609375 0.078125 0.0609375
3 0.75546875 0.92578125 0.1015625 0.0765625
3 0.071875 0.37734375 0.078125 0.0640625
3 0.465625 0.740625 0.075 0.075
3 0.25078125 0.73671875 0.078125 0.078125
3 0.44765625 0.04609375 0.0671875 0.0671875
3 0.03671875 0.5515625 0.065625 0.065625
3 0.40078125 0.3578125 0.1109375 0.078125
3 0.30703125 0.33359375 0.0859375 0.0765625
3 0.48671875 0.59921875 0.0734375 0.0625
3 0.67578125 0.78125 0.0734375 0.0734375
3 0.47109375 0.80859375 0.090625 0.090625
3 0.153125 0.1890625 0.071875 0.071875
3 0.90859375 0.66015625 0.103125 0.078125
3 0.55546875 0.51796875 0.0859375 0.0859375
3 0.52734375 0.553125 0.078125 0.05
3 0.6703125 0.7171875 0.096875 0.065625
3 0.36171875 0.146875 0.0859375 0.084375
3 0.915625 0.2953125 0.084375 0.084375
3 0.165625 0.72734375 0.075 0.0703125
3 0.59765625 0.87421875 0.0703125 0.0703125
3 0.1703125 0.58125 0.0859375 0.0859375
3 0.50546875 0.88671875 0.0734375 0.0734375
3 0.928125 0.3609375 0.084375 0.065625
3 0.1046875 0.1875 0.075 0.071875
3 0.34765625 0.82265625 0.0953125 0.0953125
3 0.93828125 0.4765625 0.0890625 0.065625
3 0.5375 0.034375 0.08125 0.05625
3 0.0734375 0.42578125 0.10625 0.0765625
3 0.146875 0.3546875 0.071875 0.065625
3 0.63828125 0.86796875 0.0890625 0.0609375
3 0.62578125 0.821875 0.071875 0.071875
6 0.53359375 0.8125 0.1203125 0.08125
6 0.71015625 0.671875 0.1125 0.075
6 0.8828125 0.2015625 0.1125 0.140625
6 0.39609375 0.2734375 0.096875 0.096875
6 0.2359375 0.32265625 0.08125 0.08125
3 0.48515625 0.9453125 0.096875 0.0625
3 0.3984375 0.7734375 0.071875 0.065625
3 0.5171875 0.74921875 0.071875 0.071875
3 0.86484375 0.2828125 0.075 0.075
3 0.80546875 0.25625 0.0765625 0.078125
3 0.759375 0.27890625 0.084375 0.0625
3 0.76328125 0.20078125 0.0671875 0.0671875
3 0.67109375 0.0546875 0.0875 0.0875
3 0.75859375 0.6609375 0.0953125 0.0625
3 0.43515625 0.90234375 0.084375 0.084375
3 0.03828125 0.4953125 0.065625 0.0640625
3 0.1796875 0.3359375 0.0703125 0.0703125
3 0.08984375 0.234375 0.06875 0.06875
3 0.25234375 0.228125 0.0609375 0.0625
3 0.33671875 0.2421875 0.08125 0.08125
3 0.2671875 0.2796875 0.0765625 0.0765625
3 0.31328125 0.18125 0.0765625 0.0765625
3 0.296875 0.134375 0.0859375 0.0859375
3 0.38828125 0.196875 0.0875 0.075
3 0.94921875 0.37109375 0.0875 0.0640625