3 0.28125 0.53515625 0.06875 0.06875
4 0.6125 0.8484375 0.078125 0.109375
3 0.84453125 0.35390625 0.08125 0.0796875
4 0.4921875 0.61171875 0.0921875 0.0921875
3 0.16015625 0.26953125 0.0546875 0.0796875
3 0.84140625 0.14921875 0.0765625 0.0765625
3 0.7171875 0.76796875 0.078125 0.0796875
3 0.42109375 0.92109375 0.084375 0.084375
3 0.18671875 0.1078125 0.059375 0.075
3 0.60078125 0.66015625 0.071875 0.1046875
3 0.07734375 0.4671875 0.0640625 0.084375
3 0.940625 0.7484375 0.0703125 0.0703125
3 0.4140625 0.09609375 0.0625 0.078125
3 0.50390625 0.26015625 0.0703125 0.0859375
3 0.503125 0.465625 0.0625 0.0875
3 0.4296875 0.31171875 0.065625 0.1046875
3 0.6140625 0.35234375 0.071875 0.0859375
3 0.45546875 0.171875 0.078125 0.0796875
3 0.91328125 0.40703125 0.0796875 0.0796875
3 0.82890625 0.5984375 0.0734375 0.1
3 0.73984375 0.109375 0.0796875 0.078125
4 0.1515625 0.17578125 0.075 0.0984375
3 0.5578125 0.5078125 0.0875 0.0875
4 0.72890625 0.18828125 0.08125 0.08125
3 0.8578125 0.70078125 0.0890625 0.090625
3 0.34296875 0.615625 0.075 0.075
3 0.82109375 0.23359375 0.0578125 0.0765625
3 0.82109375 0.47109375 0.06875 0.06875
3 0.453125 0.85625 0.0859375 0.0859375
3 0.8265625 0.8265625 0.065625 0.090625
3 0.6671875 0.4953125 0.059375 0.090625
3 0.44375 0.79921875 0.08125 0.1
3 0.8265625 0.78046875 0.0859375 0.0859375
3 0.6390625 0.58203125 0.059375 0.1078125
3 0.86875 0.49765625 0.08125 0.0828125
3 0.3421875 0.6703125 0.071875 0.0875
3 0.19375 0.6359375 0.0765625 0.0765625
3 0.765625 0.28125 0.084375 0.084375
3 0.1375 0.6578125 0.0796875 0.078125
3 0.0828125 0.15390625 0.084375 0.084375
3 0.7421875 0.32109375 0.065625 0.0890625
3 0.71953125 0.4921875 0.0515625 0.109375
3 0.21875 0.30859375 0.06875 0.0921875
3 0.68203125 0.45234375 0.10625 0.10625
3 0.19375 0.6015625 0.0796875 0.0796875
3 0.62109375 0.2140625 0.0640625 0.1
3 0.59921875 0.23828125 0.0578125 0.1515625