3 0.5921875 0.565625 0.0796875 0.0796875
3 0.1953125 0.8140625 0.078125 0.078125
3 0.1828125 0.48671875 0.071875 0.071875
3 0.66328125 0.525 0.08125 0.08125
3 0.17421875 0.72109375 0.0796875 0.0796875
3 0.240625 0.69609375 0.059375 0.0796875
3 0.91640625 0.74609375 0.0609375 0.084375
3 0.74453125 0.1984375 0.0640625 0.090625
3 0.54140625 0.1796875 0.0609375 0.090625
3 0.9015625 0.32109375 0.071875 0.071875
3 0.95390625 0.34453125 0.0609375 0.1
3 0.646875 0.6359375 0.06875 0.084375
3 0.246875 0.8859375 0.0625 0.0875
3 0.86328125 0.54765625 0.0578125 0.0765625
3 0.8015625 0.66796875 0.071875 0.0921875
3 0.40859375 0.74296875 0.071875 0.071875
3 0.46875 0.75546875 0.065625 0.0828125
3 0.54921875 0.0796875 0.065625 0.065625
3 0.23984375 0.421875 0.0609375 0.090625
3 0.25 0.51875 0.0625 0.075
3 0.35234375 0.2640625 0.06875 0.06875
3 0.153125 0.6171875 0.0703125 0.0703125
3 0.5921875 0.3390625 0.078125 0.078125
3 0.5140625 0.27109375 0.0671875 0.06875
3 0.47109375 0.91953125 0.0609375 0.0671875
3 0.88203125 0.11015625 0.0546875 0.0671875
3 0.12109375 0.82734375 0.0546875 0.0796875
3 0.8171875 0.3546875 0.078125 0.078125
3 0.81015625 0.43515625 0.071875 0.071875
3 0.6203125 0.05859375 0.059375 0.0734375
3 0.0828125 0.6890625 0.059375 0.078125
3 0.3125 0.67734375 0.0625 0.0625
3 0.78984375 0.81484375 0.071875 0.1046875
3 0.48203125 0.2953125 0.071875 0.071875
3 0.57890625 0.89375 0.0546875 0.08125
3 0.13359375 0.42109375 0.0671875 0.0953125
3 0.3515625 0.940625 0.065625 0.084375
3 0.35234375 0.671875 0.0578125 0.078125
3 0.340625 0.790625 0.05625 0.084375
3 0.78359375 0.56953125 0.0671875 0.0859375
3 0.4 0.140625 0.071875 0.071875
3 0.4125 0.30234375 0.0625 0.0828125
3 0.953125 0.83203125 0.071875 0.0890625
3 0.4359375 0.43828125 0.071875 0.071875
3 0.33671875 0.16796875 0.071875 0.071875
3 0.32265625 0.55546875 0.0609375 0.0796875
3 0.571875 0.82734375 0.059375 0.0609375
3 0.296875 0.37734375 0.05 0.0765625
3 0.7625 0.371875 0.075 0.075
3 0.14375 0.34609375 0.071875 0.0734375
3 0.928125 0.53046875 0.0703125 0.071875
3 0.5546875 0.7828125 0.0796875 0.0796875
3 0.06875 0.57578125 0.06875 0.0828125
3 0.83125 0.9515625 0.0625 0.096875
3 0.7171875 0.84453125 0.06875 0.0921875
3 0.83828125 0.18203125 0.065625 0.065625
3 0.696875 0.3265625 0.0671875 0.0671875
3 0.40703125 0.0921875 0.0703125 0.071875
3 0.5328125 0.39375 0.053125 0.0875
3 0.92734375 0.6046875 0.071875 0.071875
3 0.2203125 0.603125 0.05 0.0875
3 0.42109375 0.86953125 0.0671875 0.0890625
3 0.87890625 0.41484375 0.0625 0.0625
3 0.75 0.28984375 0.059375 0.0765625
3 0.7234375 0.4828125 0.0796875 0.0796875
3 0.22734375 0.0390625 0.06875 0.06875
3 0.69375 0.41484375 0.06875 0.0734375
3 0.48828125 0.06015625 0.0640625 0.0828125
3 0.85 0.0734375 0.0625 0.090625
3 0.64453125 0.37109375 0.0578125 0.075
3 0.69453125 0.11953125 0.08125 0.08125
3 0.409375 0.1953125 0.0671875 0.0671875
3 0.6484375 0.25625 0.05 0.075
3 0.61875 0.9484375 0.04375 0.09375
3 0.0890625 0.1296875 0.06875 0.071875
3 0.959375 0.0765625 0.059375 0.078125
3 0.3296875 0.43671875 0.05 0.1234375
3 0.05234375 0.75859375 0.0859375 0.0859375
3 0.9 0.21796875 0.0734375 0.071875
3 0.9578125 0.25859375 0.065625 0.0453125
3 0.46640625 0.37890625 0.071875 0.0765625
3 0.88671875 0.46171875 0.0671875 0.0671875
3 0.6484375 0.0890625 0.05625 0.084375
3 0.70078125 0.73125 0.08125 0.08125
3 0.428125 0.3515625 0.0625 0.071875
3 0.51796875 0.45234375 0.075 0.075
6 0.6375 0.7765625 0.0875 0.109375
3 0.54375 0.67109375 0.06875 0.06875
3 0.11953125 0.14375 0.0640625 0.1125
3 0.4484375 0.546875 0.059375 0.09375
3 0.39375 0.58515625 0.065625 0.065625
3 0.24375 0.26484375 0.05 0.075
3 0.87734375 0.9 0.05 0.0625
3 0.25625 0.14140625 0.065625 0.065625
3 0.52421875 0.56953125 0.084375 0.084375
3 0.61484375 0.46171875 0.0546875 0.0734375
3 0.840625 0.715625 0.06875 0.1125
3 0.0390625 0.30390625 0.05625 0.0828125
3 0.78515625 0.128125 0.0546875 0.084375
3 0.065625 0.40859375 0.05625 0.0640625
3 0.66015625 0.1328125 0.0609375 0.075
3 0.90703125 0.90703125 0.0765625 0.0765625
3 0.765625 0.9265625 0.071875 0.071875
6 0.3953125 0.509375 0.065625 0.09375
3 0.8390625 0.26015625 0.06875 0.06875
3 0.9484375 0.11796875 0.065625 0.065625
3 0.9328125 0.15078125 0.0703125 0.0703125
3 0.778125 0.084375 0.059375 0.078125
3 0.56953125 0.10390625 0.0875 0.0875
3 0.49140625 0.1265625 0.0515625 0.0875
3 0.59140625 0.19921875 0.05625 0.05625
3 0.67890625 0.34921875 0.0625 0.0765625
3 0.76640625 0.3140625 0.0671875 0.065625
3 0.709375 0.59609375 0.05625 0.090625
3 0.9203125 0.48828125 0.053125 0.0765625
3 0.90390625 0.64296875 0.075 0.075
3 0.771875 0.78046875 0.065625 0.065625
3 0.70390625 0.80390625 0.06875 0.06875
3 0.7953125 0.52890625 0.0671875 0.0671875
3 0.82890625 0.2265625 0.0546875 0.0875
3 0.796875 0.37890625 0.08125 0.0828125
3 0.96875 0.6703125 0.059375 0.053125
3 0.4234375 0.77734375 0.05 0.084375
3 0.56796875 0.94921875 0.053125 0.0984375
3 0.69296875 0.63203125 0.0703125 0.0703125
3 0.715625 0.62265625 0.05625 0.0765625
3 0.49453125 0.45859375 0.075 0.075
3 0.6015625 0.4484375 0.0640625 0.0640625
3 0.5828125 0.47109375 0.059375 0.0765625
3 0.70234375 0.43671875 0.0578125 0.0578125
3 0.33671875 0.203125 0.0671875 0.0671875
3 0.471875 0.16171875 0.065625 0.065625
3 0.471875 0.18984375 0.05625 0.0921875
3 0.1703125 0.32578125 0.0578125 0.0578125
3 0.2046875 0.32109375 0.075 0.075
3 0.23046875 0.303125 0.0578125 0.08125
3 0.11953125 0.453125 0.05625 0.0875
3 0.2515625 0.45859375 0.059375 0.096875
3 0.2984375 0.5609375 0.0765625 0.0765625
3 0.14140625 0.6453125 0.0546875 0.065625
3 0.09140625 0.61875 0.0859375 0.084375
3 0.125 0.853125 0.0734375 0.0734375
3 0.03671875 0.85625 0.0453125 0.075
3 0.06015625 0.93125 0.0640625 0.075
3 0.26015625 0.7953125 0.078125 0.078125
3 0.32578125 0.8203125 0.0703125 0.071875
3 0.39296875 0.871875 0.0609375 0.071875
3 0.353125 0.84296875 0.05 0.0796875
3 0.1953125 0.5921875 0.059375 0.0875
3 0.39375 0.3890625 0.075 0.075
3 0.396875 0.3484375 0.059375 0.090625
3 0.803125 0.14921875 0.0671875 0.06875
3 0.66953125 0.71796875 0.059375 0.0609375
3 0.53125 0.36171875 0.053125 0.0765625
3 0.446875 0.19140625 0.065625 0.0671875
3 0.628125 0.27890625 0.065625 0.0671875
3 0.66484375 0.96171875 0.0609375 0.0609375
3 0.03671875 0.40546875 0.065625 0.065625
3 0.03984375 0.26171875 0.078125 0.078125
3 0.0328125 0.22578125 0.065625 0.065625
3 0.2671875 0.15859375 0.053125 0.0828125