3 0.434375 0.5921875 0.1 0.059375
3 0.1859375 0.1953125 0.096875 0.059375
3 0.51328125 0.1828125 0.071875 0.071875
3 0.475 0.66328125 0.08125 0.08125
3 0.27890625 0.17421875 0.096875 0.0609375
3 0.30390625 0.240625 0.06875 0.06875
3 0.25390625 0.91640625 0.071875 0.0734375
3 0.8015625 0.74453125 0.0765625 0.0765625
3 0.8203125 0.54140625 0.075 0.075
3 0.67890625 0.9015625 0.071875 0.071875
3 0.65546875 0.95390625 0.1 0.0609375
3 0.3640625 0.646875 0.0765625 0.0765625
3 0.1140625 0.246875 0.075 0.075
3 0.45234375 0.86328125 0.0765625 0.0578125
3 0.33203125 0.8015625 0.0921875 0.071875
3 0.25703125 0.40859375 0.0796875 0.0640625
3 0.24453125 0.46875 0.0828125 0.065625
3 0.9203125 0.54921875 0.078125 0.0546875
3 0.578125 0.23984375 0.090625 0.0609375
3 0.48125 0.25 0.06875 0.06875
3 0.7359375 0.35234375 0.078125 0.0578125
3 0.3828125 0.153125 0.078125 0.0625
3 0.6609375 0.5921875 0.090625 0.065625
3 0.72890625 0.5140625 0.0734375 0.0625
3 0.08046875 0.47109375 0.0640625 0.0640625
3 0.88984375 0.88203125 0.0609375 0.0609375
3 0.17265625 0.12109375 0.0796875 0.0546875
3 0.6453125 0.8171875 0.078125 0.078125
3 0.56484375 0.81015625 0.071875 0.071875
3 0.94140625 0.6203125 0.0734375 0.059375
3 0.3109375 0.0828125 0.078125 0.059375
3 0.32265625 0.3125 0.065625 0.059375
3 0.18515625 0.78984375 0.0890625 0.0890625
3 0.7046875 0.48203125 0.0875 0.0578125
3 0.10625 0.57890625 0.06875 0.0671875
3 0.57890625 0.13359375 0.08125 0.08125
3 0.059375 0.3515625 0.084375 0.065625
3 0.328125 0.35234375 0.06875 0.06875
3 0.209375 0.340625 0.084375 0.05625
3 0.43046875 0.78359375 0.0765625 0.0765625
3 0.859375 0.4 0.071875 0.071875
3 0.69765625 0.4125 0.0828125 0.0625
3 0.16796875 0.953125 0.0890625 0.071875
3 0.56171875 0.4359375 0.071875 0.071875
3 0.83203125 0.33671875 0.0828125 0.0609375
3 0.44453125 0.32265625 0.0796875 0.0609375
3 0.17265625 0.571875 0.0734375 0.046875
3 0.62265625 0.296875 0.0625 0.0640625
3 0.628125 0.7625 0.0875 0.0625
3 0.65390625 0.14375 0.0734375 0.071875
3 0.46953125 0.928125 0.0859375 0.05625
3 0.2171875 0.5546875 0.0796875 0.0796875
3 0.42421875 0.06875 0.075 0.0765625
3 0.0484375 0.83125 0.096875 0.0625
3 0.15546875 0.7171875 0.08125 0.08125
3 0.81796875 0.83828125 0.065625 0.065625
3 0.6734375 0.696875 0.075 0.059375
3 0.9078125 0.40703125 0.071875 0.0703125
3 0.60625 0.5328125 0.0703125 0.0703125
3 0.3953125 0.92734375 0.071875 0.071875
3 0.396875 0.2203125 0.06875 0.06875
3 0.13046875 0.42109375 0.078125 0.078125
3 0.58515625 0.87890625 0.0671875 0.0578125
3 0.71015625 0.75 0.0765625 0.059375
3 0.5171875 0.7234375 0.0796875 0.0796875
3 0.9609375 0.22734375 0.06875 0.06875
3 0.58515625 0.69375 0.0734375 0.06875
3 0.93984375 0.48828125 0.0734375 0.0734375
3 0.9265625 0.85 0.090625 0.0625
3 0.62890625 0.64453125 0.075 0.0578125
3 0.88046875 0.69453125 0.096875 0.0640625
3 0.8046875 0.409375 0.071875 0.0625
3 0.74375 0.6484375 0.0625 0.0625
3 0.0515625 0.61875 0.06875 0.06875
3 0.8703125 0.0890625 0.071875 0.06875
3 0.9234375 0.959375 0.078125 0.059375
3 0.56328125 0.3296875 0.1234375 0.05
3 0.24140625 0.05234375 0.0859375 0.0859375
3 0.78203125 0.9 0.0828125 0.0625
3 0.74140625 0.9578125 0.0453125 0.065625
3 0.62109375 0.46640625 0.075 0.075
3 0.53828125 0.88671875 0.0734375 0.0609375
3 0.9109375 0.6484375 0.06875 0.0703125
3 0.26875 0.70078125 0.090625 0.071875
3 0.6484375 0.428125 0.0671875 0.0671875
3 0.54765625 0.51796875 0.075 0.075
6 0.2234375 0.6375 0.0984375 0.0984375
3 0.32890625 0.54375 0.06875 0.06875
3 0.85625 0.11953125 0.1125 0.0640625
3 0.453125 0.4484375 0.078125 0.075
3 0.41484375 0.39375 0.075 0.05625
3 0.73515625 0.24375 0.075 0.05
3 0.1 0.87734375 0.05625 0.05625
3 0.85859375 0.25625 0.065625 0.065625
3 0.43046875 0.52421875 0.084375 0.084375
3 0.53828125 0.61484375 0.0734375 0.0546875
3 0.284375 0.840625 0.1125 0.06875
3 0.69609375 0.0390625 0.0828125 0.05625
3 0.871875 0.78515625 0.084375 0.0546875
3 0.59140625 0.065625 0.0640625 0.05625
3 0.8671875 0.66015625 0.075 0.0609375
3 0.09296875 0.90703125 0.0765625 0.0765625
3 0.0734375 0.765625 0.071875 0.071875
6 0.490625 0.3953125 0.0796875 0.0796875
3 0.73984375 0.8390625 0.06875 0.06875
3 0.88203125 0.9484375 0.0796875 0.053125
3 0.84921875 0.9328125 0.084375 0.05625
3 0.915625 0.778125 0.078125 0.059375
3 0.89609375 0.56953125 0.0875 0.0875
3 0.8734375 0.49140625 0.06875 0.06875
3 0.80078125 0.59140625 0.0609375 0.0515625
3 0.65078125 0.67890625 0.0765625 0.0625
3 0.6859375 0.76640625 0.065625 0.0671875
3 0.40390625 0.709375 0.0734375 0.071875
3 0.51171875 0.9203125 0.0765625 0.053125
3 0.35703125 0.90390625 0.075 0.075
3 0.21953125 0.771875 0.0796875 0.05
3 0.19609375 0.70390625 0.0796875 0.0578125
3 0.47109375 0.7953125 0.0734375 0.059375
3 0.7734375 0.82890625 0.0875 0.0546875
3 0.62109375 0.796875 0.0828125 0.08125
3 0.3296875 0.96875 0.05625 0.05625
3 0.22265625 0.4234375 0.084375 0.05
3 0.05078125 0.56796875 0.075 0.0765625
3 0.36796875 0.69296875 0.0765625 0.0640625
3 0.37734375 0.715625 0.0765625 0.05625
3 0.54140625 0.49453125 0.096875 0.0515625
3 0.5515625 0.6015625 0.071875 0.05625
3 0.52890625 0.5828125 0.06875 0.06875
3 0.56328125 0.70234375 0.0671875 0.0484375
3 0.796875 0.33671875 0.0671875 0.0671875
3 0.83828125 0.471875 0.0734375 0.059375
3 0.81015625 0.471875 0.075 0.075
3 0.67421875 0.1703125 0.0609375 0.053125
3 0.67890625 0.2046875 0.0859375 0.0625
3 0.696875 0.23046875 0.06875 0.0703125
3 0.546875 0.11953125 0.0875 0.05625
3 0.54140625 0.2515625 0.096875 0.059375
3 0.4390625 0.2984375 0.0765625 0.0765625
3 0.3546875 0.14140625 0.0609375 0.059375
3 0.38125 0.09140625 0.084375 0.0859375
3 0.146875 0.125 0.0734375 0.0734375
3 0.14375 0.03671875 0.059375 0.059375
3 0.06875 0.06015625 0.075 0.0640625
3 0.2046875 0.26015625 0.078125 0.078125
3 0.1796875 0.32578125 0.084375 0.0578125
3 0.128125 0.39296875 0.071875 0.0609375
3 0.15703125 0.353125 0.065625 0.065625
3 0.4078125 0.1953125 0.0875 0.059375
3 0.6109375 0.39375 0.075 0.075
3 0.6515625 0.396875 0.075 0.075
3 0.85078125 0.803125 0.0734375 0.0625
3 0.28203125 0.66953125 0.0640625 0.05625
3 0.63828125 0.53125 0.0640625 0.065625
3 0.80859375 0.446875 0.0671875 0.065625
3 0.72109375 0.628125 0.0671875 0.065625
3 0.03828125 0.66484375 0.0609375 0.0609375
3 0.59453125 0.03671875 0.0671875 0.0640625
3 0.73828125 0.03984375 0.0984375 0.0578125
3 0.77421875 0.0328125 0.065625 0.065625
3 0.84140625 0.2671875 0.0828125 0.053125