3 0.87265625 0.3640625 0.078125 0.0765625
3 0.4484375 0.13359375 0.0671875 0.103125
3 0.10859375 0.70546875 0.0578125 0.0828125
3 0.73984375 0.47265625 0.0671875 0.0890625
3 0.196875 0.07265625 0.08125 0.0890625
3 0.2703125 0.609375 0.0828125 0.0828125
3 0.33359375 0.2984375 0.0671875 0.1
3 0.6484375 0.3859375 0.059375 0.1
3 0.94375 0.73671875 0.0828125 0.0828125
3 0.9265625 0.07109375 0.084375 0.0828125
3 0.68671875 0.5484375 0.090625 0.090625
3 0.5671875 0.159375 0.084375 0.084375
3 0.5765625 0.51484375 0.059375 0.0890625
3 0.71328125 0.2796875 0.0796875 0.0796875
3 0.19765625 0.4796875 0.0671875 0.096875
3 0.7390625 0.146875 0.0875 0.0875
3 0.67109375 0.896875 0.0828125 0.0828125
3 0.64609375 0.76328125 0.078125 0.078125
3 0.084375 0.775 0.075 0.09375
3 0.87265625 0.13203125 0.078125 0.078125
3 0.4109375 0.94609375 0.053125 0.0890625
3 0.19453125 0.7578125 0.0734375 0.0734375
3 0.5546875 0.834375 0.059375 0.090625
6 0.1640625 0.30390625 0.075 0.1390625
3 0.559375 0.91796875 0.0625 0.0921875
3 0.61015625 0.8640625 0.0671875 0.115625
3 0.375 0.071875 0.0625 0.09375
0 0.784375 0.86875 0.08125 0.125
3 0.790625 0.7796875 0.0765625 0.0765625
3 0.35625 0.23359375 0.0828125 0.084375
3 0.8015625 0.45703125 0.0796875 0.08125
3 0.203125 0.8359375 0.0796875 0.0796875
3 0.2140625 0.25 0.059375 0.10625
3 0.046875 0.61796875 0.0625 0.103125
3 0.709375 0.8234375 0.084375 0.084375
3 0.05 0.3671875 0.046875 0.121875
3 0.0640625 0.9609375 0.053125 0.078125
3 0.0453125 0.50703125 0.090625 0.0953125