3 0.6359375 0.87265625 0.0765625 0.0765625
3 0.86640625 0.4484375 0.084375 0.084375
3 0.29453125 0.10859375 0.0703125 0.0703125
3 0.52734375 0.73984375 0.078125 0.078125
3 0.92734375 0.196875 0.0890625 0.08125
3 0.390625 0.2703125 0.0828125 0.0828125
3 0.7015625 0.33359375 0.1 0.0671875
3 0.6140625 0.6484375 0.0796875 0.0796875
3 0.26328125 0.94375 0.096875 0.06875
3 0.92890625 0.9265625 0.0828125 0.084375
3 0.4515625 0.68671875 0.115625 0.0671875
3 0.840625 0.5671875 0.09375 0.075
3 0.48515625 0.5765625 0.075 0.0734375
3 0.7203125 0.71328125 0.0796875 0.0796875
3 0.5203125 0.19765625 0.08125 0.08125
3 0.853125 0.7390625 0.0875 0.0875
3 0.103125 0.67109375 0.09375 0.0734375
3 0.23671875 0.64609375 0.090625 0.0671875
3 0.225 0.084375 0.084375 0.084375
3 0.86796875 0.87265625 0.0921875 0.0640625
3 0.05390625 0.4109375 0.0703125 0.0703125
3 0.2421875 0.19453125 0.090625 0.0578125
3 0.165625 0.5546875 0.075 0.075
6 0.69609375 0.1640625 0.10625 0.10625
3 0.08203125 0.559375 0.0765625 0.0765625
3 0.1359375 0.61015625 0.115625 0.0671875
3 0.928125 0.375 0.078125 0.078125
0 0.13125 0.784375 0.125 0.08125
3 0.2203125 0.790625 0.0765625 0.0765625
3 0.76640625 0.35625 0.1046875 0.0625
3 0.54296875 0.8015625 0.08125 0.0796875
3 0.1640625 0.203125 0.0796875 0.0796875
3 0.75 0.2140625 0.0828125 0.0828125
3 0.38203125 0.046875 0.0828125 0.0828125
3 0.1765625 0.709375 0.10625 0.0625
3 0.6328125 0.05 0.084375 0.084375
3 0.0390625 0.0640625 0.065625 0.065625
3 0.4921875 0.0421875 0.134375 0.05625