2 0.13515625 0.853125 0.090625 0.090625
2 0.66953125 0.8734375 0.06875 0.109375
2 0.78671875 0.86484375 0.0875 0.0875
2 0.16875 0.9484375 0.0765625 0.0765625
2 0.66328125 0.76875 0.0765625 0.1125
2 0.91640625 0.8953125 0.0703125 0.090625
2 0.59921875 0.85 0.090625 0.090625
2 0.55234375 0.93515625 0.096875 0.096875
2 0.10078125 0.33046875 0.06875 0.1140625
2 0.8453125 0.3796875 0.075 0.103125
2 0.65390625 0.503125 0.090625 0.090625
2 0.2984375 0.7890625 0.078125 0.103125
2 0.94140625 0.2328125 0.0875 0.0890625
2 0.85625 0.6921875 0.065625 0.103125
2 0.1703125 0.42890625 0.075 0.090625
2 0.759375 0.1578125 0.075 0.109375
2 0.2546875 0.50625 0.071875 0.1
2 0.0671875 0.671875 0.0859375 0.0859375
2 0.259375 0.70390625 0.071875 0.1015625
2 0.48828125 0.9015625 0.090625 0.0890625
2 0.1546875 0.740625 0.0796875 0.0796875
2 0.8359375 0.28125 0.078125 0.10625
2 0.1046875 0.58984375 0.078125 0.0953125
2 0.03203125 0.9203125 0.0640625 0.096875
2 0.7484375 0.7140625 0.096875 0.096875
2 0.4546875 0.68359375 0.08125 0.1109375
2 0.49921875 0.81640625 0.084375 0.084375
2 0.5265625 0.5609375 0.065625 0.084375
2 0.9140625 0.14921875 0.096875 0.096875
2 0.4265625 0.61796875 0.08125 0.0984375
2 0.58984375 0.69140625 0.090625 0.090625
2 0.875 0.47578125 0.10625 0.0875
2 0.68203125 0.578125 0.0875 0.0875
2 0.30390625 0.134375 0.0859375 0.084375
2 0.05078125 0.28984375 0.0703125 0.1140625
2 0.20078125 0.5328125 0.1046875 0.1046875
2 0.81875 0.5796875 0.06875 0.146875
2 0.9234375 0.06875 0.08125 0.10625
2 0.34765625 0.6140625 0.0765625 0.103125
2 0.73203125 0.95390625 0.0671875 0.0828125
2 0.54921875 0.64921875 0.06875 0.125
2 0.91640625 0.82578125 0.0765625 0.078125
2 0.040625 0.4109375 0.078125 0.109375
2 0.9203125 0.3921875 0.0875 0.0875
2 0.10078125 0.43671875 0.0734375 0.1078125
2 0.32578125 0.65625 0.0953125 0.0953125
2 0.07578125 0.51875 0.0734375 0.1
2 0.684375 0.675 0.0890625 0.0890625
2 0.49765625 0.60859375 0.0859375 0.0859375
2 0.6953125 0.10546875 0.090625 0.090625
2 0.959375 0.31796875 0.08125 0.0859375
2 0.73359375 0.63515625 0.0703125 0.1140625
2 0.209375 0.6953125 0.0921875 0.0921875
2 0.14375 0.6828125 0.1 0.1125
2 0.92734375 0.74296875 0.08125 0.08125
2 0.15859375 0.190625 0.078125 0.109375
2 0.78828125 0.3328125 0.0734375 0.1125
2 0.75859375 0.5453125 0.0796875 0.078125
2 0.896875 0.525 0.1 0.084375
5 0.38125 0.71484375 0.084375 0.13125
5 0.26640625 0.60390625 0.10625 0.10625
2 0.76328125 0.459375 0.0875 0.0890625
2 0.82890625 0.1828125 0.09375 0.0921875
3 0.90078125 0.3125 0.0890625 0.10625
2 0.91015625 0.64453125 0.0828125 0.1125
2 0.1859375 0.6109375 0.084375 0.09375
2 0.1359375 0.509375 0.0984375 0.0984375
2 0.76171875 0.0609375 0.1 0.1
2 0.88203125 0.2234375 0.0734375 0.125
2 0.846875 0.06953125 0.1015625 0.1015625
2 0.821875 0.11171875 0.1125 0.0953125
2 0.88125 0.59453125 0.1 0.1078125
2 0.95859375 0.5734375 0.0828125 0.09375
2 0.92109375 0.69375 0.103125 0.103125
2 0.62109375 0.63984375 0.096875 0.096875