2 0.13515625 0.146875 0.075 0.10625
2 0.66953125 0.1265625 0.0890625 0.0875
2 0.78671875 0.13515625 0.071875 0.1046875
2 0.16875 0.0515625 0.065625 0.0875
2 0.66328125 0.23125 0.0953125 0.0953125
2 0.91640625 0.1046875 0.08125 0.0796875
2 0.59921875 0.15 0.090625 0.090625
2 0.55234375 0.06484375 0.08125 0.1109375
2 0.10078125 0.66953125 0.06875 0.1140625
2 0.8453125 0.6203125 0.0890625 0.0890625
2 0.65390625 0.496875 0.0765625 0.10625
2 0.2984375 0.2109375 0.090625 0.090625
2 0.94140625 0.7671875 0.0875 0.0890625
2 0.85625 0.3078125 0.084375 0.084375
2 0.1703125 0.57109375 0.0828125 0.0828125
2 0.759375 0.8421875 0.075 0.109375
2 0.2546875 0.49375 0.071875 0.1
2 0.0671875 0.328125 0.0859375 0.0859375
2 0.259375 0.29609375 0.0875 0.0859375
2 0.48828125 0.0984375 0.090625 0.0890625
2 0.1546875 0.259375 0.0796875 0.0796875
2 0.8359375 0.71875 0.078125 0.10625
2 0.1046875 0.41015625 0.0875 0.0859375
2 0.03203125 0.0796875 0.0640625 0.096875
2 0.7484375 0.2859375 0.096875 0.096875
2 0.4546875 0.31640625 0.08125 0.1109375
2 0.49921875 0.18359375 0.084375 0.084375
2 0.5265625 0.4390625 0.065625 0.084375
2 0.9140625 0.85078125 0.096875 0.0984375
2 0.4265625 0.38203125 0.08125 0.0984375
2 0.58984375 0.30859375 0.0640625 0.1171875
2 0.875 0.52421875 0.096875 0.096875
2 0.68203125 0.421875 0.0875 0.0875
2 0.30390625 0.865625 0.0859375 0.084375
2 0.05078125 0.71015625 0.0921875 0.0921875
2 0.20078125 0.4671875 0.1046875 0.1046875
2 0.81875 0.4203125 0.1078125 0.1078125
2 0.9234375 0.93125 0.08125 0.10625
2 0.34765625 0.3859375 0.0765625 0.103125
2 0.73203125 0.04609375 0.075 0.075
2 0.54921875 0.35078125 0.096875 0.096875
2 0.91640625 0.17421875 0.0765625 0.078125
2 0.040625 0.5890625 0.078125 0.109375
2 0.9203125 0.6078125 0.078125 0.096875
2 0.10078125 0.56328125 0.0734375 0.1078125
2 0.32578125 0.34375 0.0765625 0.1125
2 0.07578125 0.48125 0.0875 0.0875
2 0.684375 0.325 0.0890625 0.0890625
2 0.49765625 0.39140625 0.0859375 0.0859375
2 0.6953125 0.89453125 0.0875 0.09375
2 0.959375 0.68203125 0.08125 0.0859375
2 0.73359375 0.36484375 0.0921875 0.0921875
2 0.209375 0.3046875 0.0625 0.121875
2 0.14375 0.3171875 0.10625 0.10625
2 0.92734375 0.25703125 0.08125 0.08125
2 0.15859375 0.809375 0.078125 0.109375
2 0.78828125 0.6671875 0.09375 0.0921875
2 0.75859375 0.4546875 0.0671875 0.090625
2 0.896875 0.475 0.1 0.084375
5 0.38125 0.28515625 0.084375 0.13125
5 0.26640625 0.39609375 0.0890625 0.1234375
2 0.76328125 0.540625 0.0765625 0.1
2 0.82890625 0.8171875 0.0796875 0.10625
3 0.90078125 0.6875 0.0890625 0.10625
2 0.91015625 0.35546875 0.0828125 0.1125
2 0.1859375 0.3890625 0.084375 0.09375
2 0.1359375 0.490625 0.0984375 0.0984375
2 0.76171875 0.9390625 0.1 0.1
2 0.88203125 0.7765625 0.0734375 0.125
2 0.846875 0.93046875 0.1 0.103125
2 0.821875 0.88828125 0.1125 0.0953125
2 0.88125 0.40546875 0.1 0.1078125
2 0.9625 0.42578125 0.06875 0.1171875
2 0.92109375 0.30625 0.090625 0.115625
2 0.62109375 0.36015625 0.096875 0.096875