3 0.628125 0.253125 0.0625 0.0875
3 0.5703125 0.35078125 0.084375 0.084375
3 0.7921875 0.590625 0.0859375 0.0859375
3 0.4609375 0.32734375 0.071875 0.109375
3 0.5265625 0.27265625 0.090625 0.0890625
3 0.878125 0.13828125 0.0796875 0.08125
3 0.40546875 0.11953125 0.0609375 0.096875
3 0.81015625 0.690625 0.0890625 0.0875
3 0.85390625 0.4375 0.0828125 0.08125
3 0.5984375 0.078125 0.08125 0.08125
3 0.7671875 0.34609375 0.0625 0.109375
3 0.08359375 0.70625 0.0671875 0.0671875
3 0.040625 0.5234375 0.05625 0.078125
3 0.72890625 0.5375 0.0640625 0.109375
3 0.078125 0.7828125 0.084375 0.084375
3 0.35234375 0.0953125 0.084375 0.084375
3 0.27265625 0.7640625 0.0671875 0.075
3 0.3640625 0.87578125 0.065625 0.1296875
3 0.8859375 0.62421875 0.059375 0.1203125
3 0.2515625 0.5734375 0.078125 0.078125
3 0.565625 0.19375 0.075 0.090625
3 0.71875 0.6734375 0.075 0.08125
3 0.2296875 0.37265625 0.0890625 0.0890625
3 0.40703125 0.77578125 0.090625 0.090625
3 0.82890625 0.83046875 0.084375 0.084375
3 0.61796875 0.6796875 0.0640625 0.103125
3 0.34296875 0.69765625 0.0671875 0.1140625
3 0.11328125 0.82109375 0.0765625 0.0765625
3 0.08359375 0.88671875 0.0609375 0.1140625
3 0.93125 0.67109375 0.078125 0.0984375
3 0.67265625 0.74609375 0.0640625 0.0953125
3 0.6296875 0.15859375 0.078125 0.078125
3 0.20078125 0.765625 0.0640625 0.090625
3 0.11875 0.08046875 0.0796875 0.0796875
3 0.2125 0.196875 0.0625 0.1125
3 0.6921875 0.3171875 0.071875 0.096875
3 0.7125 0.225 0.084375 0.084375
3 0.821875 0.16484375 0.0625 0.1171875
3 0.87578125 0.82734375 0.1 0.1
3 0.41640625 0.91015625 0.0796875 0.08125
3 0.77421875 0.8359375 0.0609375 0.1
3 0.28828125 0.30390625 0.0578125 0.0921875
3 0.684375 0.496875 0.05625 0.1375
3 0.13828125 0.37421875 0.06875 0.0953125
3 0.09296875 0.24765625 0.0921875 0.0921875
3 0.0453125 0.10078125 0.08125 0.08125
3 0.375 0.61640625 0.1015625 0.103125
3 0.084375 0.428125 0.078125 0.078125
3 0.73984375 0.8515625 0.0609375 0.1375
3 0.8703125 0.31171875 0.084375 0.0859375
3 0.68671875 0.20546875 0.0875 0.0875
3 0.45 0.89453125 0.075 0.0859375
3 0.1078125 0.52265625 0.084375 0.0828125
3 0.125 0.41640625 0.0921875 0.090625
3 0.5203125 0.87578125 0.0953125 0.0953125
3 0.9109375 0.23984375 0.0625 0.1140625
3 0.16875 0.7203125 0.06875 0.078125
3 0.778125 0.22578125 0.05 0.1546875
3 0.225 0.09453125 0.0890625 0.0875
3 0.1640625 0.78828125 0.0828125 0.08125
3 0.5015625 0.715625 0.0828125 0.0828125
3 0.52421875 0.75390625 0.0578125 0.1140625
3 0.8671875 0.35234375 0.0875 0.0875
3 0.03984375 0.89140625 0.0796875 0.0859375
3 0.465625 0.70078125 0.084375 0.084375
3 0.2203125 0.65234375 0.0953125 0.0953125
3 0.2640625 0.67890625 0.053125 0.1328125
3 0.06640625 0.49921875 0.0953125 0.0953125
3 0.9453125 0.27421875 0.096875 0.096875
3 0.5640625 0.7859375 0.04375 0.134375
3 0.5734375 0.7390625 0.059375 0.128125
3 0.11171875 0.74140625 0.0578125 0.096875
3 0.265625 0.1078125 0.1015625 0.1015625