2 0.128125 0.26171875 0.096875 0.0765625
2 0.55703125 0.66953125 0.0890625 0.0890625
2 0.1015625 0.18125 0.0828125 0.0828125
2 0.19296875 0.04921875 0.0828125 0.084375
2 0.078125 0.68203125 0.1 0.0734375
2 0.6515625 0.1875 0.0828125 0.0828125
2 0.75234375 0.33359375 0.0828125 0.059375
2 0.80390625 0.4 0.0828125 0.084375
2 0.4046875 0.709375 0.0890625 0.0890625
2 0.93203125 0.55078125 0.084375 0.0734375
2 0.1984375 0.134375 0.090625 0.090625
2 0.16328125 0.81171875 0.0828125 0.071875
2 0.4890625 0.85703125 0.103125 0.0796875
2 0.68359375 0.79375 0.0890625 0.078125
2 0.74140625 0.265625 0.1078125 0.078125
2 0.20703125 0.865625 0.0890625 0.08125
2 0.3359375 0.771875 0.0953125 0.0953125
2 0.33046875 0.40390625 0.090625 0.090625
2 0.775 0.1015625 0.0890625 0.0890625
2 0.59609375 0.140625 0.0875 0.0875
2 0.44296875 0.803125 0.0859375 0.0875
2 0.89765625 0.903125 0.090625 0.0921875
2 0.8765625 0.62109375 0.075 0.0640625
2 0.046875 0.96015625 0.084375 0.0796875
2 0.9640625 0.42265625 0.071875 0.0671875
3 0.52578125 0.28828125 0.10625 0.0765625
3 0.43671875 0.1796875 0.0875 0.0859375
3 0.12109375 0.90390625 0.1078125 0.0765625