2 0.871875 0.26171875 0.0859375 0.0875
2 0.44296875 0.66953125 0.0890625 0.0890625
2 0.8984375 0.18125 0.0828125 0.0828125
2 0.80703125 0.04921875 0.0828125 0.084375
2 0.921875 0.68203125 0.0875 0.0875
2 0.3484375 0.1875 0.0828125 0.0828125
2 0.24765625 0.33359375 0.0828125 0.059375
2 0.19609375 0.4 0.0953125 0.071875
2 0.5953125 0.709375 0.0890625 0.0875
2 0.06796875 0.55078125 0.084375 0.0734375
2 0.8015625 0.134375 0.090625 0.090625
2 0.83671875 0.81171875 0.0828125 0.071875
2 0.5109375 0.85703125 0.103125 0.0796875
2 0.31640625 0.79375 0.084375 0.0828125
2 0.25859375 0.265625 0.1078125 0.078125
2 0.79296875 0.865625 0.0859375 0.084375
2 0.6640625 0.771875 0.10625 0.084375
2 0.66953125 0.40390625 0.103125 0.0765625
2 0.225 0.1015625 0.0890625 0.0890625
2 0.40390625 0.140625 0.0875 0.0875
2 0.55703125 0.803125 0.0875 0.0875
2 0.10234375 0.903125 0.090625 0.0921875
2 0.1234375 0.62109375 0.0703125 0.06875
2 0.953125 0.96015625 0.084375 0.0796875
2 0.0359375 0.42265625 0.071875 0.0671875
3 0.47421875 0.28828125 0.10625 0.0765625
3 0.56328125 0.1796875 0.0875 0.0859375
3 0.87890625 0.90390625 0.0921875 0.0921875