3 0.11015625 0.19765625 0.0859375 0.065625
3 0.790625 0.61875 0.084375 0.059375
3 0.765625 0.87109375 0.078125 0.078125
3 0.3234375 0.696875 0.0875 0.0625
3 0.38359375 0.40625 0.0984375 0.075
3 0.64453125 0.1078125 0.071875 0.0734375
3 0.0734375 0.3109375 0.084375 0.071875
3 0.709375 0.3625 0.090625 0.0625
3 0.18984375 0.06328125 0.06875 0.06875
3 0.37109375 0.76796875 0.0734375 0.0578125
3 0.7765625 0.084375 0.0828125 0.0828125
3 0.1546875 0.8390625 0.0796875 0.0796875
3 0.0671875 0.81640625 0.0796875 0.078125
3 0.89921875 0.55546875 0.078125 0.078125
3 0.4109375 0.25625 0.08125 0.08125
3 0.0578125 0.8734375 0.103125 0.059375
3 0.6390625 0.86015625 0.0859375 0.0875
3 0.52890625 0.7828125 0.0921875 0.0921875
3 0.75546875 0.1515625 0.1046875 0.071875
5 0.2359375 0.24296875 0.096875 0.0984375
3 0.42265625 0.82421875 0.0921875 0.0921875
3 0.61640625 0.3609375 0.0984375 0.090625
3 0.5453125 0.26875 0.103125 0.075