3 0.88984375 0.80234375 0.0859375 0.065625
3 0.209375 0.38125 0.084375 0.059375
3 0.234375 0.12890625 0.08125 0.0734375
3 0.6765625 0.303125 0.075 0.075
3 0.61640625 0.59375 0.0984375 0.075
3 0.35546875 0.8921875 0.0859375 0.059375
3 0.9265625 0.6890625 0.078125 0.078125
3 0.290625 0.6375 0.090625 0.0625
3 0.81015625 0.93671875 0.06875 0.06875
3 0.62890625 0.23203125 0.0734375 0.0578125
3 0.2234375 0.915625 0.090625 0.075
3 0.8453125 0.1609375 0.0796875 0.0796875
3 0.9328125 0.18359375 0.0796875 0.078125
3 0.10078125 0.44453125 0.078125 0.078125
3 0.5890625 0.74375 0.08125 0.08125
3 0.9421875 0.1265625 0.103125 0.059375
3 0.3609375 0.13984375 0.0859375 0.0875
3 0.47109375 0.2171875 0.109375 0.075
3 0.24453125 0.8484375 0.1046875 0.071875
5 0.7640625 0.75703125 0.096875 0.0984375
3 0.57734375 0.17578125 0.1078125 0.0765625
3 0.38359375 0.6390625 0.0984375 0.090625
3 0.4546875 0.73125 0.103125 0.075