3 0.80234375 0.88984375 0.065625 0.0859375
3 0.38125 0.209375 0.059375 0.084375
3 0.12890625 0.234375 0.078125 0.078125
3 0.303125 0.6765625 0.075 0.075
3 0.59375 0.61640625 0.075 0.0984375
3 0.8921875 0.35546875 0.0734375 0.0734375
3 0.6890625 0.9265625 0.071875 0.084375
3 0.6375 0.290625 0.0625 0.090625
3 0.93671875 0.81015625 0.0640625 0.071875
3 0.23203125 0.62890625 0.065625 0.065625
3 0.915625 0.2234375 0.075 0.090625
3 0.1609375 0.8453125 0.071875 0.0875
3 0.18359375 0.9328125 0.078125 0.0796875
3 0.44453125 0.10078125 0.071875 0.0828125
3 0.74375 0.5890625 0.08125 0.08125
3 0.1265625 0.9421875 0.08125 0.08125
3 0.13984375 0.3609375 0.0875 0.0859375
3 0.2171875 0.47109375 0.075 0.109375
3 0.8484375 0.24453125 0.0890625 0.0890625
5 0.75703125 0.7640625 0.0984375 0.096875
3 0.17578125 0.57734375 0.0765625 0.1078125
3 0.6390625 0.38359375 0.090625 0.0984375
3 0.73125 0.4546875 0.075 0.103125