3 0.40390625 0.134375 0.071875 0.0734375
3 0.8046875 0.2515625 0.0734375 0.0734375
3 0.453125 0.81640625 0.0734375 0.0734375
3 0.3671875 0.48046875 0.0796875 0.0796875
3 0.321875 0.1578125 0.075 0.075
3 0.12890625 0.80390625 0.0625 0.0953125
3 0.3 0.72109375 0.05625 0.0828125
3 0.33828125 0.56015625 0.0703125 0.0703125
3 0.46875 0.1984375 0.065625 0.090625
3 0.153125 0.096875 0.05 0.071875
3 0.43046875 0.28046875 0.0671875 0.0671875
3 0.6734375 0.93125 0.0765625 0.0765625
3 0.8515625 0.6734375 0.059375 0.090625
3 0.73359375 0.20859375 0.0671875 0.0859375
3 0.134375 0.471875 0.05625 0.08125
3 0.56953125 0.459375 0.0765625 0.075
3 0.30625 0.234375 0.06875 0.084375
3 0.2171875 0.22734375 0.075 0.075
3 0.559375 0.9078125 0.078125 0.078125
3 0.65703125 0.6265625 0.0578125 0.084375
3 0.19140625 0.76953125 0.0609375 0.0859375
3 0.43359375 0.56953125 0.0625 0.0859375
3 0.4875 0.0984375 0.0625 0.084375
3 0.7328125 0.29765625 0.06875 0.06875
3 0.09375 0.146875 0.075 0.075
3 0.6953125 0.559375 0.071875 0.071875
3 0.90234375 0.3109375 0.0625 0.0625
3 0.3796875 0.8265625 0.071875 0.071875
3 0.3171875 0.41875 0.075 0.075
3 0.565625 0.54609375 0.06875 0.0796875
3 0.16015625 0.18828125 0.0546875 0.078125
3 0.66953125 0.28359375 0.0703125 0.0703125
3 0.375 0.215625 0.0671875 0.0671875
3 0.0875 0.73046875 0.078125 0.0796875
3 0.703125 0.1109375 0.0625 0.084375
3 0.51640625 0.80546875 0.0640625 0.0796875
3 0.27890625 0.5078125 0.0703125 0.084375
3 0.92265625 0.5890625 0.078125 0.078125
3 0.63125 0.10546875 0.0625 0.0734375
3 0.44140625 0.49609375 0.0578125 0.0859375
3 0.86875 0.5515625 0.0828125 0.0828125
3 0.5296875 0.69609375 0.06875 0.0953125
3 0.28515625 0.85859375 0.06875 0.06875
3 0.2453125 0.43125 0.08125 0.08125
3 0.22578125 0.13828125 0.071875 0.071875
3 0.740625 0.8546875 0.0625 0.075
3 0.3640625 0.32734375 0.071875 0.071875
3 0.1390625 0.28046875 0.0703125 0.06875
3 0.79609375 0.60703125 0.0640625 0.0890625
3 0.209375 0.4625 0.071875 0.071875
3 0.50859375 0.57421875 0.0640625 0.0890625
3 0.23125 0.315625 0.071875 0.071875
3 0.8625 0.090625 0.05625 0.075
3 0.3359375 0.7875 0.078125 0.078125
3 0.94140625 0.0796875 0.071875 0.071875
3 0.8234375 0.43984375 0.065625 0.0765625
3 0.17109375 0.3640625 0.06875 0.0703125
3 0.75625 0.56953125 0.075 0.075
3 0.409375 0.74296875 0.0625 0.0828125
3 0.81171875 0.52578125 0.0578125 0.0828125
3 0.35078125 0.08828125 0.05625 0.05625
3 0.72109375 0.37890625 0.0609375 0.0765625
3 0.1734375 0.5765625 0.065625 0.084375
3 0.44765625 0.665625 0.0578125 0.078125
3 0.31484375 0.32734375 0.06875 0.084375
3 0.0609375 0.30078125 0.075 0.0734375
3 0.74375 0.94453125 0.059375 0.084375
3 0.4984375 0.3140625 0.065625 0.075
3 0.6875 0.4671875 0.0625 0.078125
3 0.49375 0.88359375 0.0625 0.0703125
3 0.78671875 0.05078125 0.0625 0.0625
3 0.1578125 0.671875 0.065625 0.075
3 0.82109375 0.9265625 0.065625 0.0671875
3 0.72734375 0.46640625 0.075 0.075
3 0.61171875 0.71328125 0.0640625 0.078125
3 0.9359375 0.19296875 0.059375 0.0859375
3 0.915625 0.84453125 0.06875 0.06875
3 0.08046875 0.89609375 0.0609375 0.0890625
3 0.91875 0.14453125 0.06875 0.090625
3 0.803125 0.83828125 0.059375 0.0765625
3 0.9234375 0.7015625 0.06875 0.084375
3 0.62578125 0.50859375 0.075 0.0734375
3 0.36875 0.915625 0.065625 0.0625
3 0.0796875 0.59140625 0.075 0.075
3 0.56171875 0.1234375 0.0578125 0.084375
3 0.6046875 0.32578125 0.065625 0.084375
3 0.0421875 0.146875 0.05 0.1
3 0.81953125 0.35546875 0.0734375 0.0859375
3 0.946875 0.4046875 0.0703125 0.0703125
3 0.23125 0.72890625 0.075 0.090625
3 0.7921875 0.159375 0.084375 0.084375
3 0.57890625 0.2203125 0.0828125 0.08125
3 0.5625 0.628125 0.075 0.075
3 0.96484375 0.7453125 0.06875 0.096875
3 0.7203125 0.68359375 0.075 0.0734375
3 0.2453125 0.92578125 0.0703125 0.071875
3 0.53515625 0.23828125 0.075 0.075
3 0.58828125 0.646875 0.0671875 0.0625
3 0.6875 0.83359375 0.05625 0.084375
3 0.509375 0.49609375 0.05625 0.0953125
3 0.8515625 0.78203125 0.0625 0.0703125
3 0.8734375 0.38984375 0.065625 0.1015625
3 0.5703125 0.35703125 0.071875 0.071875
3 0.328125 0.6515625 0.053125 0.078125
3 0.70703125 0.74140625 0.0515625 0.0671875
3 0.06328125 0.940625 0.065625 0.0671875
3 0.203125 0.953125 0.0734375 0.0734375
3 0.77265625 0.7390625 0.06875 0.06875
3 0.08671875 0.33203125 0.0703125 0.0890625
6 0.484375 0.40859375 0.08125 0.140625
3 0.840625 0.90546875 0.059375 0.075
3 0.94375 0.8390625 0.065625 0.065625
3 0.46953125 0.8921875 0.0625 0.0609375
3 0.3453125 0.9203125 0.0640625 0.0640625
3 0.51640625 0.71640625 0.0609375 0.0765625
3 0.95078125 0.36015625 0.0578125 0.0953125
3 0.853125 0.36171875 0.06875 0.0609375
3 0.9703125 0.54921875 0.059375 0.0671875
3 0.9046875 0.2796875 0.065625 0.065625
3 0.96875 0.20546875 0.0625 0.0875
3 0.853125 0.11484375 0.05625 0.0765625
3 0.76953125 0.140625 0.0640625 0.0625
3 0.803125 0.0484375 0.05625 0.071875
3 0.54375 0.37578125 0.0640625 0.0625
3 0.615625 0.5484375 0.065625 0.065625
3 0.2609375 0.5234375 0.0625 0.06875
3 0.36015625 0.6515625 0.06875 0.065625
3 0.3890625 0.73203125 0.065625 0.0765625
3 0.04453125 0.9546875 0.0609375 0.071875
3 0.2296875 0.96640625 0.065625 0.065625
3 0.0796875 0.63984375 0.0640625 0.0625
3 0.1890625 0.746875 0.0671875 0.0671875
3 0.17890625 0.66171875 0.0703125 0.0703125
3 0.1625 0.54140625 0.06875 0.06875
3 0.1203125 0.4578125 0.053125 0.071875
3 0.1140625 0.26953125 0.0703125 0.0703125
3 0.2171875 0.10859375 0.059375 0.084375
3 0.33203125 0.0703125 0.0609375 0.075
3 0.5421875 0.1578125 0.071875 0.071875
3 0.50625 0.290625 0.0734375 0.0734375
3 0.18203125 0.41484375 0.0609375 0.0796875
3 0.1578125 0.38671875 0.0734375 0.0734375
3 0.7515625 0.73515625 0.059375 0.1015625
3 0.81953125 0.80859375 0.065625 0.0671875
3 0.44453125 0.0359375 0.0546875 0.06875