3 0.865625 0.59609375 0.0734375 0.071875
3 0.7484375 0.1953125 0.0734375 0.0734375
3 0.18359375 0.546875 0.0859375 0.0625
3 0.51953125 0.6328125 0.0796875 0.0796875
3 0.8421875 0.678125 0.075 0.075
3 0.19609375 0.87109375 0.0796875 0.078125
3 0.27890625 0.7 0.0828125 0.05625
3 0.43984375 0.66171875 0.0828125 0.0578125
3 0.8015625 0.53125 0.090625 0.065625
3 0.903125 0.846875 0.071875 0.05
3 0.71953125 0.56953125 0.0734375 0.0609375
3 0.06875 0.3265625 0.0875 0.065625
3 0.3265625 0.1484375 0.075 0.075
3 0.79140625 0.26640625 0.0859375 0.0671875
3 0.528125 0.865625 0.06875 0.06875
3 0.540625 0.43046875 0.075 0.0765625
3 0.765625 0.69375 0.084375 0.06875
3 0.77265625 0.7828125 0.075 0.075
3 0.0921875 0.440625 0.09375 0.0625
3 0.3734375 0.34296875 0.071875 0.071875
3 0.23046875 0.80859375 0.0734375 0.0734375
3 0.43046875 0.56640625 0.0859375 0.0625
3 0.9015625 0.5125 0.0734375 0.071875
3 0.70234375 0.2671875 0.06875 0.06875
3 0.853125 0.90625 0.075 0.075
3 0.440625 0.3046875 0.0703125 0.0703125
3 0.6890625 0.09765625 0.071875 0.053125
3 0.1734375 0.6203125 0.084375 0.059375
3 0.58125 0.6828125 0.0875 0.0625
3 0.45390625 0.434375 0.075 0.0734375
3 0.81171875 0.83984375 0.065625 0.065625
3 0.71640625 0.33046875 0.0703125 0.0703125
3 0.784375 0.625 0.0671875 0.0671875
3 0.26953125 0.9125 0.0921875 0.065625
3 0.8890625 0.296875 0.084375 0.0625
3 0.19453125 0.48359375 0.071875 0.071875
3 0.4921875 0.72109375 0.084375 0.0703125
3 0.4109375 0.07734375 0.078125 0.078125
3 0.89453125 0.36875 0.06875 0.06875
3 0.50390625 0.55859375 0.0859375 0.0578125
3 0.4484375 0.13125 0.0828125 0.0828125
3 0.30390625 0.4703125 0.08125 0.08125
3 0.14140625 0.71484375 0.06875 0.06875
3 0.56875 0.7546875 0.096875 0.065625
3 0.86171875 0.77421875 0.0765625 0.065625
3 0.1453125 0.259375 0.06875 0.06875
3 0.67265625 0.6359375 0.0765625 0.065625
3 0.71953125 0.8609375 0.0859375 0.053125
3 0.39296875 0.20390625 0.0765625 0.0765625
3 0.5375 0.790625 0.08125 0.0625
3 0.42578125 0.49140625 0.0765625 0.0765625
3 0.684375 0.76875 0.071875 0.071875
3 0.909375 0.1375 0.065625 0.065625
3 0.2125 0.6640625 0.078125 0.078125
3 0.9203125 0.05859375 0.071875 0.071875
3 0.56015625 0.1765625 0.0765625 0.065625
3 0.6359375 0.82890625 0.0703125 0.06875
3 0.43046875 0.24375 0.0875 0.0625
3 0.25703125 0.590625 0.071875 0.0734375
3 0.47421875 0.18828125 0.0703125 0.0703125
3 0.91171875 0.64921875 0.0625 0.0484375
3 0.62109375 0.27890625 0.0765625 0.0609375
3 0.4234375 0.8265625 0.084375 0.065625
3 0.334375 0.55234375 0.078125 0.0578125
3 0.67265625 0.68515625 0.084375 0.06875
3 0.69921875 0.9390625 0.0828125 0.065625
3 0.05546875 0.25625 0.071875 0.071875
3 0.6859375 0.5015625 0.0703125 0.0703125
3 0.5328125 0.3125 0.0703125 0.0703125
3 0.11640625 0.50625 0.0703125 0.0625
3 0.94921875 0.21328125 0.0625 0.0625
3 0.328125 0.8421875 0.0703125 0.0703125
3 0.0734375 0.17890625 0.071875 0.0609375
3 0.53359375 0.27265625 0.084375 0.0671875
3 0.28671875 0.38828125 0.071875 0.071875
3 0.80703125 0.0640625 0.071875 0.0734375
3 0.15546875 0.084375 0.0796875 0.059375
3 0.10390625 0.91953125 0.075 0.075
3 0.85546875 0.08125 0.090625 0.06875
3 0.16171875 0.196875 0.0765625 0.059375
3 0.2984375 0.0765625 0.0765625 0.0765625
3 0.49140625 0.37421875 0.0734375 0.075
3 0.084375 0.63125 0.0625 0.065625
3 0.40859375 0.9203125 0.075 0.075
3 0.8765625 0.43828125 0.084375 0.0578125
3 0.67421875 0.3953125 0.084375 0.065625
3 0.853125 0.9578125 0.075 0.075
3 0.64453125 0.18046875 0.0796875 0.0796875
3 0.5953125 0.053125 0.084375 0.05625
3 0.27109375 0.76875 0.090625 0.075
3 0.840625 0.2078125 0.084375 0.084375
3 0.7796875 0.42109375 0.090625 0.0734375
3 0.371875 0.4375 0.0875 0.0625
3 0.2546875 0.03515625 0.096875 0.06875
3 0.31640625 0.2796875 0.0734375 0.075
3 0.07421875 0.7546875 0.071875 0.0703125
3 0.76171875 0.46484375 0.075 0.075
3 0.353125 0.41171875 0.065625 0.065625
3 0.16640625 0.3125 0.0703125 0.071875
3 0.50390625 0.490625 0.0953125 0.05625
3 0.21796875 0.1484375 0.0671875 0.0671875
3 0.61015625 0.1265625 0.1015625 0.065625
3 0.64296875 0.4296875 0.071875 0.071875
3 0.3484375 0.671875 0.078125 0.053125
3 0.25859375 0.29296875 0.0671875 0.0515625
3 0.059375 0.93671875 0.0671875 0.065625
3 0.046875 0.796875 0.0875 0.059375
3 0.2609375 0.22734375 0.06875 0.06875
3 0.66796875 0.91328125 0.0890625 0.0703125
6 0.59140625 0.515625 0.140625 0.08125
3 0.09453125 0.159375 0.075 0.059375
3 0.1609375 0.05625 0.075 0.05625
3 0.1078125 0.53046875 0.071875 0.0515625
3 0.0796875 0.6546875 0.071875 0.05625
3 0.28359375 0.48359375 0.0765625 0.0609375
3 0.63984375 0.04921875 0.0765625 0.0765625
3 0.63828125 0.146875 0.0609375 0.06875
3 0.4515625 0.02734375 0.078125 0.0546875
3 0.7203125 0.0953125 0.065625 0.065625
3 0.79375 0.034375 0.075 0.06875
3 0.88515625 0.146875 0.0765625 0.05625
3 0.859375 0.23046875 0.0625 0.0640625
3 0.9515625 0.196875 0.0640625 0.0640625
3 0.62421875 0.45625 0.0828125 0.04375
3 0.4515625 0.384375 0.06875 0.0625
3 0.4765625 0.7390625 0.06875 0.0625
3 0.3484375 0.63984375 0.065625 0.06875
3 0.26796875 0.6109375 0.0765625 0.065625
3 0.0453125 0.95546875 0.065625 0.065625
3 0.03359375 0.7703125 0.065625 0.065625
3 0.36015625 0.9203125 0.0625 0.0640625
3 0.253125 0.8109375 0.075 0.059375
3 0.33828125 0.82109375 0.0734375 0.0671875
3 0.45859375 0.8375 0.06875 0.06875
3 0.5421875 0.8796875 0.071875 0.053125
3 0.73046875 0.8859375 0.0703125 0.0703125
3 0.89140625 0.7828125 0.084375 0.059375
3 0.9296875 0.66796875 0.06875 0.06875
3 0.8421875 0.4578125 0.071875 0.071875
3 0.709375 0.49375 0.0734375 0.0734375
3 0.58515625 0.81796875 0.0796875 0.0609375
3 0.61328125 0.8421875 0.0734375 0.0734375
3 0.26484375 0.2484375 0.1015625 0.059375
3 0.19140625 0.18046875 0.0765625 0.05625
3 0.9640625 0.55546875 0.0609375 0.0625