3 0.51953125 0.26796875 0.0734375 0.0578125
3 0.6359375 0.5078125 0.078125 0.0625
3 0.159375 0.78984375 0.0875 0.0734375
3 0.6828125 0.31484375 0.0796875 0.08125
3 0.7484375 0.609375 0.090625 0.06875
3 0.7734375 0.2359375 0.0765625 0.0765625
3 0.4765625 0.5359375 0.075 0.075
3 0.7515625 0.790625 0.103125 0.075
3 0.37734375 0.7109375 0.071875 0.071875
3 0.18984375 0.2109375 0.0921875 0.0625
3 0.23515625 0.85078125 0.065625 0.065625
3 0.09921875 0.32109375 0.0796875 0.0609375
3 0.42734375 0.775 0.071875 0.0703125
3 0.2234375 0.92734375 0.090625 0.0703125
3 0.91484375 0.4921875 0.0703125 0.06875
3 0.17578125 0.159375 0.0828125 0.08125
3 0.12890625 0.49375 0.0921875 0.06875
3 0.87421875 0.4421875 0.0734375 0.075
3 0.08828125 0.953125 0.0859375 0.0625
3 0.8953125 0.5609375 0.09375 0.071875
3 0.421875 0.10546875 0.078125 0.078125
6 0.84765625 0.75 0.090625 0.0921875
3 0.390625 0.2953125 0.075 0.075
3 0.809375 0.0703125 0.0703125 0.0703125
3 0.3171875 0.784375 0.071875 0.071875
3 0.10078125 0.7125 0.096875 0.0625
3 0.60234375 0.08984375 0.0796875 0.0578125
3 0.053125 0.665625 0.1 0.0625
3 0.83671875 0.8015625 0.0734375 0.059375
3 0.484375 0.871875 0.084375 0.059375
3 0.8984375 0.09453125 0.0796875 0.0796875
3 0.75546875 0.54765625 0.0671875 0.0671875
3 0.7046875 0.071875 0.084375 0.05625
3 0.93828125 0.16953125 0.071875 0.071875
3 0.778125 0.4328125 0.071875 0.071875
3 0.721875 0.4359375 0.0734375 0.0734375
3 0.72890625 0.165625 0.075 0.075
3 0.65078125 0.1671875 0.071875 0.0734375
3 0.4359375 0.321875 0.084375 0.05
3 0.521875 0.59609375 0.071875 0.071875
3 0.65234375 0.95859375 0.071875 0.071875
3 0.70859375 0.37734375 0.065625 0.065625
6 0.35859375 0.61484375 0.109375 0.0765625
3 0.21640625 0.5390625 0.0671875 0.06875
3 0.6015625 0.871875 0.084375 0.075
3 0.55078125 0.4171875 0.0625 0.0640625
3 0.1234375 0.109375 0.1 0.059375
3 0.13828125 0.2703125 0.0703125 0.05625
3 0.2203125 0.096875 0.0734375 0.0734375
3 0.9171875 0.2859375 0.0734375 0.0734375
3 0.32890625 0.05625 0.071875 0.05625
3 0.51015625 0.7640625 0.071875 0.0734375
3 0.72265625 0.4984375 0.078125 0.078125
3 0.54375 0.83203125 0.075 0.0578125
3 0.95703125 0.80390625 0.0734375 0.0546875
3 0.94140625 0.91015625 0.08125 0.08125
0 0.23828125 0.62890625 0.1078125 0.0859375
3 0.06015625 0.0828125 0.071875 0.0703125
3 0.42890625 0.93046875 0.0609375 0.0609375
3 0.76328125 0.30625 0.078125 0.059375
3 0.8578125 0.190625 0.065625 0.065625
3 0.05234375 0.5703125 0.096875 0.05625
3 0.94140625 0.06015625 0.078125 0.078125
3 0.45390625 0.68125 0.05625 0.05625
3 0.896875 0.83125 0.08125 0.059375
3 0.76484375 0.3765625 0.0875 0.065625
3 0.6140625 0.02734375 0.084375 0.0546875
3 0.6234375 0.07890625 0.084375 0.0671875
3 0.1796875 0.71328125 0.078125 0.0484375
3 0.5640625 0.7890625 0.0578125 0.0578125
3 0.49921875 0.7921875 0.0703125 0.053125
3 0.46640625 0.8828125 0.08125 0.0796875