3 0.48046875 0.26796875 0.065625 0.065625
3 0.3640625 0.5078125 0.078125 0.0625
3 0.840625 0.78984375 0.0875 0.0734375
3 0.3171875 0.31484375 0.0796875 0.08125
3 0.2515625 0.609375 0.0796875 0.078125
3 0.2265625 0.2359375 0.0765625 0.0765625
3 0.5234375 0.5359375 0.075 0.075
3 0.2484375 0.790625 0.103125 0.075
3 0.62265625 0.7109375 0.0828125 0.059375
3 0.81015625 0.2109375 0.078125 0.0765625
3 0.76484375 0.85078125 0.0765625 0.0546875
3 0.90078125 0.32109375 0.0703125 0.0703125
3 0.57265625 0.775 0.0765625 0.065625
3 0.7765625 0.92734375 0.08125 0.08125
3 0.08515625 0.4921875 0.0796875 0.059375
3 0.82421875 0.159375 0.0953125 0.06875
3 0.87109375 0.49375 0.0796875 0.08125
3 0.12578125 0.4421875 0.0859375 0.0625
3 0.91171875 0.953125 0.0859375 0.0625
3 0.1046875 0.5609375 0.0828125 0.0828125
3 0.578125 0.10546875 0.090625 0.0640625
6 0.15234375 0.75 0.1140625 0.06875
3 0.609375 0.2953125 0.075 0.075
3 0.190625 0.0703125 0.0703125 0.0703125
3 0.6828125 0.784375 0.084375 0.059375
3 0.89921875 0.7125 0.096875 0.0625
3 0.39765625 0.08984375 0.06875 0.06875
3 0.946875 0.665625 0.1 0.0625
3 0.16328125 0.8015625 0.065625 0.0671875
3 0.515625 0.871875 0.084375 0.059375
3 0.1015625 0.09453125 0.103125 0.0578125
3 0.24453125 0.54765625 0.0765625 0.0578125
3 0.2953125 0.071875 0.0703125 0.0703125
3 0.06171875 0.16953125 0.071875 0.071875
3 0.221875 0.4328125 0.071875 0.071875
3 0.278125 0.4359375 0.0734375 0.075
3 0.27109375 0.165625 0.084375 0.065625
3 0.34921875 0.1671875 0.071875 0.0734375
3 0.5640625 0.321875 0.084375 0.05
3 0.478125 0.59609375 0.071875 0.071875
3 0.34765625 0.95859375 0.071875 0.071875
3 0.29140625 0.37734375 0.065625 0.065625
6 0.64140625 0.61484375 0.109375 0.0765625
3 0.78359375 0.5390625 0.0671875 0.06875
3 0.3984375 0.871875 0.084375 0.075
3 0.44921875 0.4171875 0.0625 0.0640625
3 0.8765625 0.109375 0.0796875 0.0796875
3 0.86171875 0.2703125 0.0703125 0.05625
3 0.7796875 0.096875 0.084375 0.0625
3 0.0828125 0.2859375 0.0875 0.059375
3 0.67109375 0.05625 0.0640625 0.0640625
3 0.48984375 0.7640625 0.071875 0.0734375
3 0.27734375 0.4984375 0.0875 0.06875
3 0.45625 0.83203125 0.075 0.0578125
3 0.04296875 0.80390625 0.0640625 0.0640625
3 0.05859375 0.91015625 0.0921875 0.0703125
0 0.76171875 0.62890625 0.096875 0.096875
3 0.93984375 0.0828125 0.0828125 0.059375
3 0.57109375 0.93046875 0.0609375 0.0609375
3 0.23671875 0.30625 0.078125 0.059375
3 0.1421875 0.190625 0.065625 0.065625
3 0.94765625 0.5703125 0.0765625 0.0765625
3 0.05859375 0.06015625 0.078125 0.078125
3 0.54609375 0.68125 0.05625 0.05625
3 0.103125 0.83125 0.08125 0.059375
3 0.23515625 0.3765625 0.0875 0.065625
3 0.38515625 0.03125 0.0703125 0.0625
3 0.3765625 0.07890625 0.084375 0.0671875
3 0.8203125 0.71328125 0.0625 0.0625
3 0.4359375 0.7890625 0.065625 0.05
3 0.50078125 0.7921875 0.0703125 0.053125
3 0.53359375 0.8828125 0.1015625 0.059375