3 0.81953125 0.58125 0.0828125 0.084375
3 0.1671875 0.22109375 0.096875 0.0703125
3 0.81875 0.13515625 0.0828125 0.084375
3 0.73046875 0.9203125 0.078125 0.078125
3 0.81484375 0.76015625 0.0828125 0.0578125
3 0.9140625 0.7703125 0.078125 0.078125
3 0.37265625 0.8859375 0.0859375 0.0875
3 0.0609375 0.22890625 0.0828125 0.0828125
3 0.47578125 0.83125 0.0671875 0.06875
3 0.8625 0.2296875 0.10625 0.078125
3 0.840625 0.89765625 0.08125 0.08125
3 0.78828125 0.509375 0.09375 0.09375
3 0.19609375 0.5 0.1015625 0.0875
3 0.68359375 0.34921875 0.1046875 0.0796875
3 0.73671875 0.240625 0.0703125 0.06875
3 0.1578125 0.41171875 0.0734375 0.075
3 0.63671875 0.178125 0.0703125 0.071875
3 0.209375 0.9375 0.0921875 0.0921875
3 0.934375 0.53671875 0.084375 0.0625
3 0.33984375 0.0625 0.1109375 0.0625
3 0.790625 0.428125 0.09375 0.09375
3 0.14921875 0.34375 0.071875 0.071875
3 0.66171875 0.84765625 0.0828125 0.0625
3 0.590625 0.71171875 0.08125 0.08125
3 0.6046875 0.7640625 0.103125 0.065625
3 0.43515625 0.45625 0.0765625 0.075
3 0.26015625 0.8625 0.0890625 0.0890625
3 0.06796875 0.4203125 0.0953125 0.071875
3 0.8953125 0.08828125 0.109375 0.0890625
3 0.8828125 0.36796875 0.0640625 0.0625
3 0.5703125 0.859375 0.090625 0.0890625
3 0.7875 0.36328125 0.090625 0.0890625
3 0.25703125 0.72578125 0.0953125 0.0765625
3 0.35546875 0.70078125 0.121875 0.0796875
3 0.4890625 0.565625 0.0875 0.0875
3 0.47265625 0.3875 0.08125 0.0796875
6 0.54140625 0.5203125 0.115625 0.115625
3 0.52890625 0.621875 0.1234375 0.0875
3 0.96640625 0.3640625 0.0640625 0.084375