3 0.75234375 0.26171875 0.084375 0.084375
3 0.85546875 0.615625 0.090625 0.075
3 0.80625 0.33125 0.1 0.06875
3 0.209375 0.4890625 0.103125 0.06875
3 0.853125 0.77734375 0.090625 0.0890625
3 0.6625 0.2125 0.1 0.075
3 0.36171875 0.3734375 0.0953125 0.096875
3 0.5984375 0.3859375 0.0890625 0.0875
3 0.6828125 0.90703125 0.1 0.0671875
3 0.54921875 0.13984375 0.096875 0.0703125
3 0.72109375 0.57890625 0.0875 0.0875
3 0.73046875 0.465625 0.1 0.075
3 0.92890625 0.7015625 0.090625 0.065625
3 0.18984375 0.2171875 0.0859375 0.065625
3 0.09921875 0.70625 0.096875 0.096875
3 0.20703125 0.6015625 0.090625 0.0890625
3 0.6140625 0.4734375 0.06875 0.06875
3 0.865625 0.228125 0.08125 0.08125
3 0.38828125 0.47890625 0.0796875 0.0796875
3 0.61328125 0.56015625 0.103125 0.0796875
3 0.8421875 0.4578125 0.084375 0.065625
3 0.89140625 0.0921875 0.1 0.078125
3 0.5015625 0.865625 0.10625 0.08125
3 0.3546875 0.8703125 0.090625 0.071875
3 0.371875 0.2453125 0.090625 0.090625
3 0.52421875 0.60546875 0.0890625 0.06875
3 0.56875 0.27578125 0.0875 0.0609375
3 0.42109375 0.56953125 0.0859375 0.0859375
3 0.93203125 0.86015625 0.0953125 0.0703125
3 0.59296875 0.7375 0.0875 0.0875
3 0.46171875 0.53984375 0.0859375 0.0859375
3 0.26484375 0.84140625 0.0921875 0.0921875
3 0.57734375 0.93125 0.0859375 0.0859375
3 0.56328125 0.21484375 0.0890625 0.0609375
3 0.0734375 0.5546875 0.071875 0.090625
3 0.74140625 0.1734375 0.071875 0.071875
3 0.246875 0.4015625 0.1 0.090625
3 0.17109375 0.921875 0.096875 0.075
3 0.4421875 0.81875 0.084375 0.071875
3 0.365625 0.92578125 0.0765625 0.078125
3 0.6890625 0.075 0.090625 0.075
3 0.7609375 0.09296875 0.090625 0.078125
3 0.63125 0.9625 0.08125 0.075
3 0.04140625 0.93125 0.0828125 0.078125
6 0.49375 0.41640625 0.1 0.0890625