3 0.73828125 0.24765625 0.0703125 0.0984375
3 0.384375 0.14453125 0.0828125 0.0828125
3 0.66875 0.19375 0.06875 0.1
3 0.5109375 0.790625 0.0859375 0.0859375
3 0.22265625 0.146875 0.0765625 0.103125
3 0.7875 0.3375 0.075 0.1
3 0.6265625 0.63828125 0.078125 0.1140625
3 0.6140625 0.4015625 0.0875 0.0890625
3 0.09296875 0.3171875 0.084375 0.0828125
3 0.86015625 0.45078125 0.0703125 0.096875
3 0.42109375 0.27890625 0.08125 0.0921875
3 0.534375 0.26953125 0.075 0.1
3 0.2984375 0.07109375 0.078125 0.078125
3 0.7828125 0.81015625 0.075 0.075
3 0.29375 0.90078125 0.096875 0.096875
3 0.3984375 0.79296875 0.075 0.1046875
3 0.5265625 0.3859375 0.059375 0.078125
3 0.771875 0.134375 0.075 0.0875
3 0.52109375 0.61171875 0.0671875 0.0921875
3 0.43984375 0.38671875 0.090625 0.090625
3 0.5421875 0.1578125 0.075 0.075
3 0.9078125 0.10859375 0.0875 0.0890625
3 0.134375 0.4984375 0.09375 0.09375
3 0.1296875 0.6453125 0.071875 0.090625
3 0.7546875 0.628125 0.084375 0.096875
3 0.39453125 0.47578125 0.078125 0.0796875
3 0.72421875 0.43125 0.075 0.075
3 0.43046875 0.57890625 0.0859375 0.0859375
3 0.13984375 0.06796875 0.0703125 0.0953125
3 0.2625 0.40703125 0.0875 0.0875
3 0.46015625 0.53828125 0.0859375 0.0859375
3 0.15859375 0.73515625 0.0921875 0.0921875
3 0.06875 0.42265625 0.0859375 0.0859375
3 0.78515625 0.43671875 0.0609375 0.0890625
3 0.4453125 0.9265625 0.090625 0.071875
3 0.8265625 0.25859375 0.071875 0.071875
3 0.5984375 0.753125 0.0953125 0.0953125
3 0.078125 0.82890625 0.0859375 0.0859375
3 0.18125 0.5578125 0.078125 0.078125
3 0.07421875 0.634375 0.078125 0.0765625
3 0.925 0.3109375 0.0828125 0.0828125
3 0.90703125 0.2390625 0.078125 0.090625
3 0.034375 0.36875 0.06875 0.09375
3 0.06875 0.95859375 0.08125 0.0796875
6 0.58359375 0.50625 0.0890625 0.1