3 0.72734375 0.44375 0.090625 0.090625
3 0.17265625 0.284375 0.090625 0.06875
3 0.078125 0.93515625 0.090625 0.0890625
3 0.47265625 0.196875 0.090625 0.0921875
3 0.36640625 0.69140625 0.08125 0.08125
3 0.8421875 0.5046875 0.078125 0.078125
3 0.46328125 0.66875 0.0890625 0.06875
3 0.50546875 0.5453125 0.1015625 0.071875
3 0.72265625 0.0875 0.084375 0.0859375
3 0.71328125 0.621875 0.0921875 0.06875
3 0.6140625 0.36875 0.0875 0.0875
3 0.79140625 0.3046875 0.096875 0.0953125
3 0.29140625 0.0671875 0.1125 0.08125
3 0.22109375 0.95078125 0.0984375 0.0765625
3 0.26484375 0.88203125 0.078125 0.0640625
3 0.653125 0.21328125 0.08125 0.0609375
3 0.6640625 0.7046875 0.1 0.071875
3 0.24453125 0.37890625 0.1046875 0.0703125
3 0.228125 0.590625 0.096875 0.06875
3 0.33828125 0.94375 0.078125 0.071875
3 0.39140625 0.8546875 0.0921875 0.09375
3 0.77109375 0.790625 0.075 0.075
3 0.7796875 0.8609375 0.0890625 0.0890625
3 0.4859375 0.35234375 0.078125 0.078125
3 0.10234375 0.33671875 0.0828125 0.0578125
3 0.8578125 0.63984375 0.0890625 0.090625
3 0.56015625 0.4828125 0.0875 0.0890625
3 0.1453125 0.67421875 0.096875 0.0734375
3 0.13359375 0.5 0.0859375 0.084375
3 0.77578125 0.93046875 0.1046875 0.0703125
3 0.21640625 0.453125 0.0859375 0.084375
3 0.24375 0.6984375 0.08125 0.059375
3 0.821875 0.10390625 0.065625 0.065625
3 0.32578125 0.275 0.09375 0.09375
3 0.89140625 0.29609375 0.0765625 0.0671875
3 0.54921875 0.7046875 0.0828125 0.0828125
3 0.32890625 0.45625 0.0859375 0.065625
3 0.67265625 0.784375 0.084375 0.0625
3 0.403125 0.53828125 0.0875 0.0671875
3 0.77265625 0.55625 0.090625 0.090625
3 0.2265625 0.75234375 0.08125 0.08125
3 0.95703125 0.78671875 0.078125 0.0765625
3 0.32109375 0.8109375 0.0921875 0.075
3 0.81640625 0.70703125 0.084375 0.0609375
3 0.11484375 0.1828125 0.0875 0.0875
3 0.63671875 0.59375 0.06875 0.06875
3 0.93828125 0.2 0.08125 0.08125
3 0.36171875 0.1953125 0.0828125 0.084375
3 0.26953125 0.23515625 0.103125 0.084375
3 0.51796875 0.92265625 0.0796875 0.0796875
3 0.60703125 0.9296875 0.08125 0.08125
3 0.16328125 0.8359375 0.0640625 0.065625
3 0.553125 0.74140625 0.0859375 0.084375
3 0.678125 0.953125 0.075 0.05625
3 0.15078125 0.096875 0.090625 0.090625
3 0.5859375 0.06171875 0.096875 0.0546875
3 0.5875 0.85078125 0.0953125 0.0953125
3 0.37734375 0.76328125 0.090625 0.090625
3 0.3734375 0.47578125 0.065625 0.0640625
3 0.775 0.6859375 0.1 0.078125
0 0.6703125 0.28671875 0.125 0.0921875
5 0.28671875 0.64140625 0.1046875 0.0765625