3 0.6421875 0.12109375 0.065625 0.0828125
3 0.10234375 0.3296875 0.078125 0.078125
3 0.44921875 0.215625 0.0875 0.0859375
3 0.8546875 0.4421875 0.08125 0.08125
3 0.078125 0.62578125 0.0828125 0.0828125
3 0.90703125 0.196875 0.0765625 0.0875
3 0.6453125 0.52734375 0.078125 0.078125
3 0.75 0.503125 0.0875 0.0875
3 0.81171875 0.2 0.0875 0.0875
3 0.821875 0.84921875 0.078125 0.1015625
3 0.7484375 0.15390625 0.08125 0.0828125
3 0.6859375 0.4828125 0.065625 0.0875
3 0.4546875 0.11171875 0.090625 0.090625
3 0.3875 0.16796875 0.075 0.1015625
3 0.58359375 0.934375 0.0796875 0.0796875
3 0.7140625 0.07890625 0.071875 0.0859375
3 0.20546875 0.40078125 0.0765625 0.0875
3 0.9203125 0.40703125 0.06875 0.0953125
3 0.85703125 0.63203125 0.0671875 0.1015625
3 0.95546875 0.28203125 0.06875 0.06875
1 0.0578125 0.2703125 0.084375 0.115625
3 0.7171875 0.4140625 0.0875 0.0875
3 0.86171875 0.1171875 0.0796875 0.0796875
3 0.63984375 0.35859375 0.06875 0.0953125
3 0.58828125 0.4828125 0.071875 0.0734375
3 0.49375 0.62578125 0.05625 0.0796875
3 0.165625 0.36171875 0.075 0.0859375
3 0.3765625 0.6203125 0.075 0.10625
3 0.23984375 0.8671875 0.090625 0.0890625
3 0.79921875 0.578125 0.078125 0.0765625
3 0.3734375 0.1234375 0.0875 0.0875
3 0.08984375 0.45859375 0.0921875 0.090625
3 0.6390625 0.8890625 0.059375 0.090625
3 0.328125 0.2640625 0.0859375 0.0859375
3 0.75390625 0.7921875 0.0625 0.084375
3 0.5828125 0.5328125 0.0625 0.0875
3 0.203125 0.1296875 0.08125 0.08125
3 0.56640625 0.6453125 0.0953125 0.09375
3 0.0515625 0.546875 0.0859375 0.0859375
3 0.29765625 0.6015625 0.0734375 0.096875
3 0.74375 0.23828125 0.0625 0.0734375
3 0.20625 0.77890625 0.0875 0.0875
3 0.6625 0.79453125 0.078125 0.1015625
3 0.25625 0.21171875 0.078125 0.0984375
3 0.9078125 0.328125 0.0703125 0.0703125
3 0.86328125 0.3484375 0.08125 0.08125
3 0.53828125 0.11484375 0.075 0.0984375
3 0.6921875 0.94296875 0.071875 0.0921875
3 0.04609375 0.70234375 0.0734375 0.0875
3 0.50078125 0.44765625 0.078125 0.078125
3 0.453125 0.68359375 0.0921875 0.0921875
3 0.7640625 0.3328125 0.0890625 0.0890625
3 0.85625 0.27734375 0.065625 0.065625
3 0.703125 0.85625 0.0796875 0.0796875
3 0.16328125 0.94296875 0.084375 0.084375
3 0.61171875 0.06015625 0.0625 0.0625
3 0.8296875 0.36015625 0.06875 0.0859375
3 0.25546875 0.73203125 0.0875 0.0875
3 0.2375 0.315625 0.075 0.103125
3 0.753125 0.37109375 0.06875 0.084375
3 0.740625 0.559375 0.0765625 0.0765625
6 0.4875 0.34453125 0.08125 0.0921875
3 0.92734375 0.6125 0.0890625 0.090625
3 0.59921875 0.80390625 0.1 0.1
3 0.5875 0.25234375 0.071875 0.071875
3 0.50625 0.046875 0.08125 0.08125
3 0.6796875 0.2171875 0.065625 0.071875
3 0.8453125 0.940625 0.08125 0.103125
3 0.58046875 0.14765625 0.053125 0.0703125
3 0.521875 0.45703125 0.075 0.0984375
3 0.5375 0.57734375 0.065625 0.0765625
6 0.10703125 0.77890625 0.09375 0.09375
6 0.03359375 0.884375 0.065625 0.065625
6 0.953125 0.578125 0.09375 0.1
6 0.5984375 0.33359375 0.08125 0.0828125
6 0.6984375 0.26953125 0.078125 0.096875
3 0.3078125 0.68671875 0.065625 0.0890625
3 0.746875 0.72265625 0.06875 0.06875
3 0.28125 0.25546875 0.071875 0.1
3 0.275 0.20390625 0.059375 0.090625
3 0.6265625 0.290625 0.071875 0.071875
3 0.221875 0.1125 0.06875 0.06875