3 0.87890625 0.3578125 0.075 0.075
3 0.6703125 0.89765625 0.090625 0.0640625
3 0.784375 0.55078125 0.0859375 0.0875
3 0.5578125 0.1453125 0.08125 0.08125
3 0.37421875 0.921875 0.0953125 0.06875
3 0.803125 0.09296875 0.0875 0.0765625
3 0.47265625 0.3546875 0.0890625 0.06875
3 0.496875 0.25 0.096875 0.078125
3 0.8 0.18828125 0.1 0.075
3 0.15078125 0.178125 0.0890625 0.090625
3 0.84609375 0.2515625 0.0828125 0.08125
3 0.5171875 0.3140625 0.0875 0.065625
3 0.88828125 0.5453125 0.103125 0.078125
3 0.83203125 0.6125 0.1015625 0.075
3 0.065625 0.41640625 0.090625 0.06875
3 0.92109375 0.2859375 0.078125 0.078125
3 0.59921875 0.79453125 0.0875 0.0765625
3 0.59296875 0.0796875 0.08125 0.08125
3 0.36796875 0.14296875 0.084375 0.084375
3 0.71796875 0.04453125 0.078125 0.0609375
1 0.7296875 0.9421875 0.115625 0.0859375
3 0.5859375 0.2828125 0.0875 0.0875
3 0.8828125 0.13828125 0.0796875 0.0796875
3 0.64140625 0.36015625 0.08125 0.08125
3 0.5171875 0.41171875 0.0734375 0.071875
3 0.37421875 0.50625 0.0796875 0.05625
3 0.63828125 0.834375 0.0859375 0.075
3 0.3796875 0.6234375 0.090625 0.090625
3 0.1328125 0.76015625 0.0890625 0.090625
3 0.421875 0.20078125 0.0765625 0.078125
3 0.8765625 0.6265625 0.096875 0.078125
3 0.54140625 0.91015625 0.1125 0.0703125
3 0.1109375 0.3609375 0.090625 0.059375
3 0.7359375 0.671875 0.096875 0.075
3 0.2078125 0.24609375 0.0734375 0.0734375
3 0.4671875 0.4171875 0.075 0.075
3 0.8703125 0.796875 0.08125 0.08125
3 0.3546875 0.43359375 0.1125 0.0765625
3 0.453125 0.9484375 0.0859375 0.0859375
3 0.3984375 0.70234375 0.096875 0.0734375
3 0.76171875 0.25625 0.0734375 0.0625
3 0.22109375 0.79375 0.0875 0.0875
3 0.20546875 0.3375 0.0890625 0.090625
3 0.78828125 0.74375 0.0984375 0.078125
3 0.671875 0.0921875 0.0703125 0.0703125
3 0.6515625 0.13671875 0.08125 0.08125
3 0.88515625 0.46171875 0.0984375 0.075
3 0.05703125 0.3078125 0.08125 0.08125
3 0.29765625 0.95390625 0.0875 0.0734375
3 0.55234375 0.49921875 0.078125 0.078125
3 0.31640625 0.546875 0.1015625 0.08125
3 0.6671875 0.2359375 0.103125 0.075
3 0.72265625 0.14375 0.065625 0.065625
3 0.14375 0.296875 0.0796875 0.0796875
3 0.05703125 0.83671875 0.0953125 0.0734375
3 0.93984375 0.38828125 0.0734375 0.053125
3 0.63984375 0.1703125 0.0859375 0.06875
3 0.26796875 0.74453125 0.0984375 0.0765625
3 0.684375 0.7625 0.0890625 0.0890625
3 0.62890625 0.246875 0.084375 0.06875
3 0.440625 0.259375 0.0765625 0.0765625
6 0.65546875 0.5125 0.0921875 0.08125
3 0.3875 0.07265625 0.10625 0.0734375
3 0.19609375 0.40078125 0.121875 0.0765625
3 0.74765625 0.4125 0.071875 0.071875
3 0.953125 0.49375 0.08125 0.08125
3 0.7828125 0.3203125 0.071875 0.065625
3 0.059375 0.1546875 0.103125 0.08125
3 0.85234375 0.41953125 0.0703125 0.053125
3 0.54296875 0.478125 0.0859375 0.0875
3 0.42265625 0.4625 0.071875 0.071875
6 0.22109375 0.89296875 0.0890625 0.0984375
6 0.115625 0.96640625 0.065625 0.065625
6 0.42109375 0.04296875 0.115625 0.0859375
6 0.66640625 0.4015625 0.0828125 0.08125
6 0.73046875 0.3015625 0.0875 0.0875
3 0.31328125 0.6921875 0.0765625 0.078125
3 0.27734375 0.253125 0.0703125 0.06875
3 0.74453125 0.71875 0.0859375 0.0859375
3 0.79609375 0.725 0.075 0.075
3 0.709375 0.3734375 0.071875 0.071875
3 0.8875 0.778125 0.08125 0.05625