3 0.08125 0.746875 0.103125 0.075
3 0.63515625 0.61015625 0.0796875 0.0796875
3 0.221875 0.92421875 0.08125 0.0578125
3 0.4109375 0.353125 0.078125 0.065625
3 0.6265625 0.5453125 0.078125 0.078125
3 0.68671875 0.9265625 0.0765625 0.0625
3 0.615625 0.696875 0.090625 0.06875
3 0.23046875 0.38125 0.078125 0.078125
3 0.64609375 0.3140625 0.0796875 0.0796875
3 0.8734375 0.40078125 0.0875 0.0703125
3 0.6109375 0.77421875 0.103125 0.0734375
3 0.83984375 0.446875 0.0921875 0.065625
3 0.5515625 0.33125 0.090625 0.06875
3 0.69140625 0.196875 0.090625 0.071875
3 0.74765625 0.878125 0.0953125 0.06875
3 0.603125 0.2640625 0.08125 0.065625
3 0.42578125 0.8875 0.0734375 0.0734375
3 0.209375 0.22890625 0.0875 0.0609375
3 0.12890625 0.68515625 0.0890625 0.0890625
3 0.80234375 0.52109375 0.0953125 0.0703125
3 0.7390625 0.40625 0.08125 0.05625
3 0.75546875 0.04140625 0.0828125 0.0828125
3 0.56015625 0.40078125 0.08125 0.08125
3 0.47578125 0.28515625 0.0828125 0.084375
3 0.203125 0.828125 0.09375 0.06875
3 0.4859375 0.1296875 0.090625 0.090625
3 0.634375 0.47109375 0.0890625 0.0890625
3 0.553125 0.83671875 0.08125 0.08125
3 0.73671875 0.12421875 0.1046875 0.08125
3 0.9375 0.190625 0.103125 0.0625
3 0.4015625 0.4265625 0.078125 0.065625
3 0.91328125 0.259375 0.0984375 0.06875
3 0.81171875 0.63203125 0.096875 0.0640625
3 0.665625 0.0515625 0.084375 0.06875
3 0.84765625 0.20234375 0.071875 0.071875
3 0.50546875 0.88046875 0.0828125 0.084375
3 0.52734375 0.71015625 0.071875 0.071875
3 0.71640625 0.8015625 0.090625 0.071875
3 0.2484375 0.10859375 0.065625 0.065625
3 0.49375 0.5234375 0.09375 0.059375
3 0.86484375 0.09296875 0.090625 0.0640625
3 0.06328125 0.2703125 0.078125 0.078125
3 0.33984375 0.515625 0.06875 0.0703125
3 0.7328125 0.65234375 0.08125 0.08125
3 0.2359375 0.6859375 0.096875 0.059375
3 0.5171875 0.78671875 0.0828125 0.0828125
3 0.04921875 0.8234375 0.090625 0.071875
3 0.75234375 0.3 0.0859375 0.0859375
3 0.94375 0.2921875 0.078125 0.059375
3 0.94140625 0.45625 0.078125 0.078125
3 0.246875 0.0421875 0.08125 0.071875
3 0.5796875 0.075 0.0765625 0.0765625
3 0.159375 0.1703125 0.0640625 0.065625
3 0.56015625 0.57734375 0.071875 0.0609375
3 0.4796875 0.61875 0.071875 0.06875
3 0.09375 0.5234375 0.1 0.071875
3 0.3484375 0.34921875 0.08125 0.0828125
3 0.42265625 0.1421875 0.0859375 0.06875
3 0.8390625 0.83125 0.0796875 0.0796875
3 0.85859375 0.7734375 0.0921875 0.071875
3 0.76328125 0.2359375 0.075 0.0734375
3 0.51796875 0.259375 0.0828125 0.05625
3 0.1609375 0.465625 0.075 0.075
3 0.06953125 0.3484375 0.0796875 0.0625
3 0.303125 0.4375 0.0859375 0.0859375
3 0.89765625 0.93203125 0.06875 0.06875
3 0.340625 0.8484375 0.06875 0.06875
3 0.2765625 0.83828125 0.0875 0.0578125
3 0.2109375 0.5 0.08125 0.08125
3 0.7828125 0.16484375 0.078125 0.0765625
3 0.90625 0.10859375 0.090625 0.071875
3 0.30625 0.11171875 0.071875 0.0734375
3 0.159375 0.60859375 0.084375 0.0765625
3 0.5671875 0.9359375 0.078125 0.065625
3 0.15703125 0.86328125 0.1015625 0.0703125
3 0.44609375 0.965625 0.0671875 0.0671875
3 0.41015625 0.6984375 0.0953125 0.053125
3 0.6046875 0.9140625 0.075 0.075
3 0.2640625 0.74140625 0.084375 0.0578125
3 0.3546875 0.72578125 0.0796875 0.0796875
3 0.0984375 0.9140625 0.0734375 0.0734375
3 0.66796875 0.4078125 0.0984375 0.065625
3 0.3765625 0.24765625 0.084375 0.0609375
3 0.36796875 0.17578125 0.078125 0.078125
3 0.5671875 0.471875 0.0796875 0.0796875
3 0.5 0.196875 0.096875 0.078125
3 0.13046875 0.203125 0.0734375 0.071875
3 0.759375 0.74296875 0.0875 0.0578125
3 0.24765625 0.303125 0.08125 0.0796875
3 0.86015625 0.57109375 0.084375 0.0671875
3 0.84453125 0.703125 0.0796875 0.05625
3 0.12578125 0.30625 0.0859375 0.0625
3 0.0453125 0.6625 0.090625 0.06875
3 0.42578125 0.81640625 0.078125 0.078125
3 0.1171875 0.884375 0.084375 0.084375
3 0.32109375 0.2796875 0.0953125 0.059375
3 0.77890625 0.33984375 0.084375 0.0625
3 0.51953125 0.44375 0.0859375 0.0859375
3 0.31484375 0.59765625 0.0890625 0.0890625
3 0.1484375 0.2328125 0.096875 0.059375
3 0.353125 0.6921875 0.09375 0.053125
3 0.79765625 0.7125 0.078125 0.078125
3 0.69921875 0.50234375 0.0828125 0.0828125
3 0.54453125 0.071875 0.071875 0.071875
3 0.59140625 0.04296875 0.0671875 0.0671875
3 0.6734375 0.08984375 0.084375 0.0734375
3 0.890625 0.02890625 0.078125 0.053125
3 0.7921875 0.28125 0.065625 0.065625
3 0.75078125 0.52578125 0.071875 0.071875
3 0.49921875 0.63828125 0.0765625 0.0609375
3 0.31484375 0.96640625 0.0765625 0.0671875
3 0.11171875 0.5390625 0.0765625 0.065625
3 0.07734375 0.5609375 0.0796875 0.08125
3 0.1296875 0.3296875 0.071875 0.059375
3 0.38046875 0.4953125 0.0828125 0.053125
4 0.234375 0.63125 0.06875 0.06875
3 0.2984375 0.653125 0.078125 0.05
3 0.26171875 0.77421875 0.0703125 0.0703125
3 0.38828125 0.7828125 0.0640625 0.078125
3 0.225 0.746875 0.075 0.0625
3 0.865625 0.80078125 0.071875 0.0640625
3 0.90703125 0.90234375 0.065625 0.065625
3 0.9 0.57578125 0.075 0.0734375
3 0.753125 0.67734375 0.096875 0.0671875
3 0.74140625 0.76953125 0.0625 0.0625
3 0.96015625 0.55859375 0.0765625 0.0640625
3 0.934375 0.59765625 0.065625 0.0578125
3 0.77109375 0.3796875 0.090625 0.059375
3 0.38828125 0.21640625 0.065625 0.065625
3 0.346875 0.26796875 0.075 0.0484375
3 0.20546875 0.11015625 0.075 0.075
3 0.45078125 0.3265625 0.0859375 0.05625
3 0.2171875 0.571875 0.0734375 0.0734375
3 0.221875 0.52890625 0.075 0.075
3 0.309375 0.6265625 0.0875 0.0625
3 0.4796875 0.5796875 0.078125 0.084375
3 0.03828125 0.14921875 0.065625 0.065625
3 0.5515625 0.5625 0.0796875 0.0796875
3 0.4703125 0.25 0.078125 0.065625
3 0.25859375 0.353125 0.0625 0.0640625
3 0.365625 0.41796875 0.078125 0.0765625
3 0.62109375 0.8828125 0.0671875 0.0671875
3 0.47578125 0.49921875 0.0796875 0.053125
3 0.6296875 0.63125 0.078125 0.05
3 0.8765625 0.69140625 0.071875 0.0484375
3 0.2 0.709375 0.0671875 0.0671875
3 0.79921875 0.828125 0.0640625 0.0625
3 0.4453125 0.6953125 0.08125 0.059375
3 0.19375 0.92890625 0.0703125 0.071875
3 0.4140625 0.95859375 0.08125 0.08125