3 0.253125 0.91875 0.075 0.103125
3 0.38984375 0.36484375 0.0796875 0.0796875
3 0.07578125 0.778125 0.0578125 0.08125
3 0.646875 0.5890625 0.071875 0.071875
3 0.4546875 0.3734375 0.06875 0.0875
3 0.0734375 0.31328125 0.0625 0.0765625
3 0.303125 0.384375 0.0796875 0.0796875
3 0.61875 0.76953125 0.05625 0.0984375
3 0.6859375 0.35390625 0.0796875 0.0796875
3 0.59921875 0.1265625 0.078125 0.078125
3 0.22578125 0.3890625 0.0734375 0.103125
3 0.553125 0.16015625 0.065625 0.0921875
3 0.66875 0.4484375 0.06875 0.090625
3 0.803125 0.30859375 0.071875 0.090625
3 0.121875 0.25234375 0.06875 0.0953125
3 0.7359375 0.396875 0.065625 0.08125
3 0.1125 0.57421875 0.0734375 0.0734375
3 0.77109375 0.790625 0.0734375 0.0734375
3 0.31484375 0.87109375 0.0703125 0.1078125
3 0.47890625 0.19765625 0.0703125 0.0953125
3 0.59375 0.2609375 0.06875 0.06875
3 0.95859375 0.24453125 0.06875 0.096875
3 0.59921875 0.43984375 0.065625 0.0953125
3 0.71484375 0.52421875 0.06875 0.0984375
3 0.171875 0.796875 0.06875 0.09375
3 0.8703125 0.5140625 0.090625 0.090625
3 0.52890625 0.365625 0.071875 0.10625
3 0.16328125 0.446875 0.08125 0.08125
3 0.87578125 0.26328125 0.09375 0.09375
3 0.809375 0.0625 0.0625 0.103125
3 0.5734375 0.5984375 0.071875 0.071875
3 0.740625 0.08671875 0.06875 0.0984375
3 0.36796875 0.18828125 0.0640625 0.096875
3 0.9484375 0.334375 0.06875 0.084375
3 0.79765625 0.15234375 0.0640625 0.0796875
3 0.11953125 0.49453125 0.071875 0.0953125
3 0.28984375 0.47265625 0.071875 0.071875
3 0.1984375 0.28359375 0.08125 0.08125
3 0.89140625 0.7515625 0.065625 0.065625
3 0.4765625 0.50625 0.0765625 0.0765625
3 0.90703125 0.13515625 0.0640625 0.090625
3 0.7296875 0.93671875 0.06875 0.0890625
3 0.484375 0.66015625 0.0703125 0.06875
3 0.34765625 0.2671875 0.0703125 0.09375
3 0.3140625 0.7640625 0.078125 0.078125
3 0.21328125 0.4828125 0.0828125 0.0828125
3 0.1765625 0.95078125 0.08125 0.08125
3 0.7 0.24765625 0.071875 0.0984375
3 0.7078125 0.05625 0.06875 0.06875
3 0.54375 0.05859375 0.078125 0.078125
3 0.9578125 0.753125 0.071875 0.08125
3 0.925 0.4203125 0.0765625 0.0765625
3 0.8296875 0.840625 0.053125 0.075
3 0.42265625 0.43984375 0.065625 0.065625
3 0.38125 0.5203125 0.06875 0.071875
3 0.4765625 0.90625 0.071875 0.1
3 0.65078125 0.6515625 0.0828125 0.08125
3 0.8578125 0.57734375 0.078125 0.078125
3 0.16875 0.1609375 0.0796875 0.0796875
3 0.2265625 0.14140625 0.0828125 0.0828125
3 0.7640625 0.23671875 0.05 0.0984375
3 0.740625 0.48203125 0.05625 0.0828125
3 0.534375 0.8390625 0.0765625 0.0765625
3 0.6515625 0.93046875 0.071875 0.0703125
3 0.5625 0.696875 0.06875 0.103125
3 0.06796875 0.10234375 0.06875 0.06875
3 0.1515625 0.659375 0.053125 0.084375
3 0.16171875 0.7234375 0.0734375 0.0734375
3 0.5 0.7890625 0.08125 0.08125
3 0.83515625 0.2171875 0.0671875 0.0875
3 0.89140625 0.09375 0.08125 0.08125
3 0.88828125 0.69375 0.0609375 0.084375
3 0.39140625 0.840625 0.08125 0.08125
3 0.0640625 0.4328125 0.071875 0.071875
3 0.13671875 0.84296875 0.0859375 0.0859375
3 0.034375 0.55390625 0.059375 0.0734375
3 0.3015625 0.58984375 0.075 0.0734375
3 0.0859375 0.3953125 0.075 0.075
3 0.25859375 0.7359375 0.0703125 0.0703125
3 0.27421875 0.6453125 0.0796875 0.0796875
3 0.0859375 0.9015625 0.059375 0.0875
3 0.5921875 0.33203125 0.08125 0.08125
3 0.75234375 0.6234375 0.0609375 0.084375
3 0.82421875 0.63203125 0.078125 0.078125
3 0.528125 0.4328125 0.0625 0.096875
3 0.803125 0.5 0.0875 0.0875
3 0.796875 0.86953125 0.059375 0.0859375
3 0.25703125 0.240625 0.071875 0.071875
3 0.696875 0.75234375 0.0796875 0.08125
3 0.42890625 0.13984375 0.075 0.075
3 0.296875 0.15546875 0.05625 0.0796875
3 0.69375 0.87421875 0.0625 0.0859375
3 0.3375 0.9546875 0.06875 0.090625
3 0.18359375 0.57421875 0.0609375 0.096875
3 0.115625 0.8828125 0.084375 0.084375
3 0.7203125 0.67890625 0.078125 0.078125
3 0.66015625 0.22109375 0.0625 0.084375
3 0.55625 0.48046875 0.0859375 0.0859375
3 0.40234375 0.68515625 0.0890625 0.0890625
3 0.7671875 0.8515625 0.059375 0.096875
3 0.3078125 0.646875 0.053125 0.09375
3 0.2875 0.20234375 0.078125 0.078125
3 0.49765625 0.30078125 0.0828125 0.0828125
3 0.928125 0.45546875 0.071875 0.071875
3 0.95703125 0.40859375 0.0671875 0.0671875
3 0.91015625 0.3265625 0.0734375 0.084375
3 0.96875 0.11015625 0.0625 0.0640625
3 0.71875 0.2078125 0.053125 0.078125
3 0.47421875 0.24921875 0.0515625 0.0921875
3 0.36171875 0.50078125 0.06875 0.06875
3 0.03359375 0.68515625 0.0671875 0.0765625
3 0.4609375 0.88828125 0.071875 0.0703125
3 0.4390625 0.92265625 0.08125 0.0796875
3 0.6703125 0.8703125 0.059375 0.071875
3 0.5046875 0.61953125 0.06875 0.06875
4 0.36875 0.765625 0.06875 0.06875
3 0.346875 0.7015625 0.0640625 0.0640625
3 0.22578125 0.73828125 0.0703125 0.0703125
3 0.2171875 0.61171875 0.071875 0.071875
3 0.253125 0.775 0.06875 0.06875
3 0.19921875 0.134375 0.0640625 0.071875
3 0.09765625 0.09296875 0.065625 0.065625
3 0.42421875 0.1 0.0734375 0.075
3 0.32265625 0.246875 0.0828125 0.08125
3 0.23046875 0.25859375 0.0609375 0.0640625
3 0.44140625 0.03984375 0.0640625 0.0765625
3 0.40234375 0.065625 0.0625 0.0625
3 0.6203125 0.22890625 0.075 0.075
3 0.78359375 0.61171875 0.0609375 0.0703125
3 0.73203125 0.653125 0.0625 0.0625
3 0.88984375 0.79453125 0.0703125 0.0796875
3 0.6734375 0.54921875 0.05625 0.0859375
3 0.428125 0.7828125 0.0734375 0.0734375
3 0.47109375 0.778125 0.075 0.075
3 0.3734375 0.690625 0.0625 0.0875
3 0.4203125 0.5203125 0.08125 0.08125
3 0.85078125 0.96171875 0.053125 0.0765625
3 0.4375 0.4484375 0.05625 0.103125
3 0.75 0.5296875 0.065625 0.078125
3 0.646875 0.74140625 0.05 0.0765625
3 0.58203125 0.634375 0.0703125 0.084375
3 0.1171875 0.37890625 0.0671875 0.0671875
3 0.50078125 0.52421875 0.065625 0.065625
3 0.36875 0.3703125 0.05 0.078125
3 0.30859375 0.1234375 0.059375 0.0609375
3 0.290625 0.8 0.0671875 0.0671875
3 0.171875 0.20078125 0.0625 0.0640625
3 0.3046875 0.5546875 0.0703125 0.0703125
3 0.07109375 0.80625 0.0671875 0.075
3 0.04140625 0.5859375 0.0765625 0.084375