3 0.63671875 0.565625 0.08125 0.08125
3 0.9359375 0.70859375 0.06875 0.0921875
3 0.875 0.4578125 0.0796875 0.0796875
3 0.2421875 0.1671875 0.078125 0.078125
3 0.540625 0.47578125 0.0765625 0.0765625
3 0.36171875 0.759375 0.071875 0.096875
3 0.7140625 0.3890625 0.078125 0.078125
3 0.20390625 0.35703125 0.0796875 0.0796875
3 0.33515625 0.17734375 0.0734375 0.090625
3 0.86484375 0.1515625 0.075 0.0734375
3 0.36171875 0.0984375 0.071875 0.090625
3 0.40234375 0.46171875 0.090625 0.090625
3 0.8375 0.8234375 0.0828125 0.0828125
3 0.6265625 0.384375 0.084375 0.084375
3 0.1421875 0.60546875 0.084375 0.0828125
3 0.3453125 0.3828125 0.078125 0.1
3 0.83125 0.32890625 0.0875 0.1109375
3 0.509375 0.38125 0.075 0.09375
3 0.10078125 0.68359375 0.0828125 0.0921875
3 0.94453125 0.5 0.0921875 0.0921875
3 0.94375 0.18203125 0.103125 0.103125
5 0.70625 0.61171875 0.1 0.1171875