3 0.18984375 0.6953125 0.0875 0.0625
3 0.865625 0.87734375 0.065625 0.065625
3 0.60078125 0.165625 0.0859375 0.065625
3 0.58671875 0.09375 0.078125 0.0625
3 0.428125 0.2 0.08125 0.0625
3 0.85546875 0.94375 0.0921875 0.0625
3 0.51875 0.20625 0.078125 0.078125
3 0.50078125 0.13671875 0.0734375 0.075
3 0.7453125 0.39375 0.0875 0.071875
3 0.20390625 0.1421875 0.078125 0.078125
3 0.93515625 0.81328125 0.0734375 0.0734375
3 0.63671875 0.27734375 0.090625 0.0515625
3 0.1609375 0.39453125 0.08125 0.0609375
3 0.37421875 0.66875 0.0828125 0.0625
3 0.2703125 0.5578125 0.075 0.075
3 0.61171875 0.4234375 0.0890625 0.06875
3 0.4328125 0.35859375 0.071875 0.0578125
3 0.753125 0.90625 0.084375 0.06875
3 0.68203125 0.125 0.0890625 0.0625
3 0.29921875 0.63125 0.078125 0.078125
3 0.79296875 0.8375 0.075 0.075
3 0.934375 0.55078125 0.090625 0.0671875
3 0.32109375 0.95703125 0.0890625 0.0859375
3 0.94140625 0.26640625 0.075 0.075
3 0.26484375 0.2296875 0.0875 0.0890625
3 0.5421875 0.46015625 0.0703125 0.0703125
3 0.24765625 0.04609375 0.0921875 0.0671875
3 0.84921875 0.55390625 0.075 0.075
3 0.92734375 0.384375 0.0671875 0.065625
3 0.4046875 0.46484375 0.071875 0.071875
3 0.31640625 0.10625 0.0875 0.0859375
3 0.8953125 0.1390625 0.0625 0.0625
3 0.75703125 0.059375 0.0875 0.0859375
3 0.79140625 0.53203125 0.075 0.075
3 0.26953125 0.7515625 0.0890625 0.065625
3 0.45859375 0.04375 0.0796875 0.0796875
3 0.0640625 0.93125 0.06875 0.06875
3 0.58515625 0.33125 0.078125 0.0796875
3 0.88984375 0.3171875 0.075 0.075
3 0.43359375 0.5125 0.0734375 0.0734375
3 0.825 0.70625 0.096875 0.078125
3 0.790625 0.74140625 0.078125 0.078125
3 0.70546875 0.73046875 0.0875 0.0625
3 0.5109375 0.33046875 0.0875 0.0734375
3 0.36015625 0.5625 0.075 0.0765625
3 0.69765625 0.3390625 0.0859375 0.065625
3 0.92734375 0.196875 0.0890625 0.071875
3 0.946875 0.48359375 0.08125 0.0734375
3 0.44296875 0.08515625 0.078125 0.0765625
3 0.0828125 0.5015625 0.0796875 0.0796875
3 0.31484375 0.49375 0.071875 0.071875
3 0.378125 0.725 0.0875 0.05
3 0.68984375 0.0515625 0.0859375 0.065625
3 0.81328125 0.0984375 0.1109375 0.071875
3 0.2140625 0.8234375 0.08125 0.0703125
3 0.26640625 0.4671875 0.0765625 0.053125
3 0.8 0.340625 0.096875 0.06875
3 0.13828125 0.4625 0.084375 0.06875
3 0.690625 0.6671875 0.1 0.075
3 0.3578125 0.428125 0.0859375 0.0859375
3 0.878125 0.4296875 0.090625 0.059375
3 0.16796875 0.509375 0.0828125 0.0828125
3 0.05859375 0.3046875 0.075 0.0765625
3 0.56953125 0.3859375 0.0765625 0.065625
3 0.20078125 0.9296875 0.084375 0.084375
3 0.5140625 0.53125 0.059375 0.065625
3 0.16171875 0.31484375 0.0765625 0.0609375
6 0.83125 0.3625 0.090625 0.08125
6 0.8765625 0.4609375 0.121875 0.078125
3 0.95859375 0.678125 0.075 0.075
3 0.271875 0.40234375 0.078125 0.078125
3 0.25546875 0.36953125 0.0921875 0.0703125
3 0.2140625 0.346875 0.078125 0.0796875
3 0.309375 0.43046875 0.08125 0.053125
3 0.39296875 0.5703125 0.084375 0.0625
3 0.6203125 0.67578125 0.0625 0.0625
3 0.0859375 0.4734375 0.075 0.075
3 0.475 0.54453125 0.08125 0.065625
3 0.7296875 0.334375 0.0734375 0.0734375