3 0.18984375 0.3046875 0.075 0.075
3 0.865625 0.12265625 0.065625 0.065625
3 0.60078125 0.834375 0.075 0.075
3 0.58671875 0.90625 0.078125 0.0625
3 0.428125 0.8 0.08125 0.0625
3 0.85546875 0.05625 0.0921875 0.0625
3 0.51875 0.79375 0.09375 0.0625
3 0.50078125 0.86328125 0.0859375 0.0625
3 0.7453125 0.60625 0.0875 0.071875
3 0.20390625 0.8578125 0.0875 0.06875
3 0.93515625 0.18671875 0.0828125 0.0640625
3 0.63671875 0.72265625 0.090625 0.0515625
3 0.1609375 0.60546875 0.0703125 0.071875
3 0.37421875 0.33125 0.0828125 0.0625
3 0.2703125 0.4421875 0.075 0.075
3 0.61171875 0.5765625 0.078125 0.0796875
3 0.4328125 0.64140625 0.0640625 0.065625
3 0.753125 0.09375 0.084375 0.06875
3 0.68203125 0.875 0.075 0.0765625
3 0.29921875 0.36875 0.0859375 0.06875
3 0.79296875 0.1625 0.075 0.075
3 0.934375 0.44921875 0.078125 0.078125
3 0.32109375 0.04296875 0.0890625 0.0859375
3 0.94140625 0.73359375 0.075 0.075
3 0.26484375 0.7703125 0.0875 0.0890625
3 0.5421875 0.53984375 0.0703125 0.0703125
3 0.24765625 0.95390625 0.0921875 0.0671875
3 0.84921875 0.44609375 0.075 0.075
3 0.92734375 0.615625 0.0671875 0.065625
3 0.4046875 0.53515625 0.071875 0.071875
3 0.31640625 0.89375 0.1015625 0.071875
3 0.8953125 0.8609375 0.0625 0.0625
3 0.75703125 0.940625 0.0875 0.0859375
3 0.79140625 0.46796875 0.075 0.075
3 0.26953125 0.2484375 0.0890625 0.065625
3 0.45859375 0.95625 0.090625 0.06875
3 0.0640625 0.06875 0.06875 0.06875
3 0.58515625 0.66875 0.078125 0.0796875
3 0.88984375 0.6828125 0.0875 0.0625
3 0.43359375 0.4875 0.0828125 0.0625
3 0.825 0.29375 0.096875 0.078125
3 0.790625 0.25859375 0.078125 0.078125
3 0.70546875 0.26953125 0.075 0.075
3 0.5109375 0.66953125 0.0875 0.0734375
3 0.36015625 0.4375 0.075 0.0765625
3 0.69765625 0.6609375 0.0765625 0.075
3 0.92734375 0.803125 0.0890625 0.071875
3 0.946875 0.51640625 0.08125 0.0734375
3 0.44296875 0.91484375 0.084375 0.0703125
3 0.0828125 0.4984375 0.0875 0.071875
3 0.31484375 0.50625 0.0875 0.05625
3 0.378125 0.275 0.0875 0.05
3 0.68984375 0.9484375 0.075 0.075
3 0.81328125 0.9015625 0.0921875 0.0921875
3 0.2140625 0.1765625 0.0765625 0.0765625
3 0.26640625 0.5328125 0.0640625 0.0640625
3 0.8 0.659375 0.0828125 0.0828125
3 0.13828125 0.5375 0.084375 0.06875
3 0.690625 0.3328125 0.1 0.075
3 0.3578125 0.571875 0.096875 0.075
3 0.878125 0.5703125 0.090625 0.059375
3 0.16796875 0.490625 0.0828125 0.0828125
3 0.05859375 0.6953125 0.0859375 0.065625
3 0.56953125 0.6140625 0.071875 0.0703125
3 0.20078125 0.0703125 0.084375 0.084375
3 0.5140625 0.46875 0.059375 0.065625
3 0.16171875 0.68515625 0.06875 0.06875
6 0.83125 0.6375 0.0859375 0.0859375
6 0.8765625 0.5390625 0.121875 0.078125
3 0.95859375 0.321875 0.075 0.075
3 0.271875 0.59765625 0.078125 0.078125
3 0.25546875 0.63046875 0.0921875 0.0703125
3 0.2140625 0.653125 0.090625 0.06875
3 0.309375 0.56953125 0.08125 0.053125
3 0.39296875 0.4296875 0.0734375 0.0734375
3 0.6203125 0.32421875 0.071875 0.0546875
3 0.0859375 0.5265625 0.075 0.075
3 0.475 0.45546875 0.0734375 0.0734375
3 0.7296875 0.665625 0.0734375 0.0734375