2 0.271875 0.30390625 0.08125 0.08125
2 0.37109375 0.465625 0.0828125 0.0828125
2 0.2046875 0.471875 0.08125 0.08125
2 0.171875 0.31171875 0.1 0.06875
2 0.0921875 0.6359375 0.090625 0.078125
2 0.2625 0.06640625 0.1 0.0703125
2 0.79140625 0.58359375 0.0859375 0.0640625
2 0.33671875 0.38359375 0.0828125 0.0828125
2 0.66796875 0.19609375 0.0828125 0.0734375
2 0.59921875 0.22890625 0.0734375 0.075
2 0.20703125 0.4078125 0.0859375 0.06875
2 0.43046875 0.30625 0.0921875 0.06875
2 0.22421875 0.56875 0.0921875 0.090625
2 0.1046875 0.22109375 0.096875 0.0875
2 0.5234375 0.3109375 0.0859375 0.0859375
2 0.6171875 0.07265625 0.0859375 0.0875
2 0.45546875 0.63671875 0.0859375 0.0859375
2 0.32421875 0.5265625 0.0875 0.0890625
2 0.3625 0.2703125 0.0875 0.0875
2 0.16796875 0.6125 0.10625 0.084375
2 0.5875 0.73828125 0.0875 0.0875
2 0.52109375 0.240625 0.1015625 0.075
2 0.46875 0.81171875 0.0875 0.0875
2 0.62109375 0.3875 0.1515625 0.05
2 0.040625 0.3578125 0.08125 0.06875
2 0.6859375 0.61484375 0.090625 0.090625
2 0.5703125 0.171875 0.121875 0.0625
2 0.06484375 0.46953125 0.0984375 0.0796875
2 0.5390625 0.03359375 0.078125 0.0671875
4 0.63828125 0.3203125 0.1328125 0.075