2 0.271875 0.69609375 0.08125 0.08125
2 0.37109375 0.534375 0.0984375 0.06875
2 0.2046875 0.528125 0.096875 0.065625
2 0.171875 0.68828125 0.084375 0.084375
2 0.0921875 0.3640625 0.084375 0.084375
2 0.2625 0.93359375 0.084375 0.084375
2 0.79140625 0.41640625 0.0859375 0.0640625
2 0.33671875 0.61640625 0.1 0.065625
2 0.66796875 0.80390625 0.0828125 0.0734375
2 0.59921875 0.77109375 0.0734375 0.075
2 0.20703125 0.5921875 0.078125 0.078125
2 0.43046875 0.69375 0.08125 0.08125
2 0.22421875 0.43125 0.0921875 0.090625
2 0.1046875 0.77890625 0.0921875 0.0921875
2 0.5234375 0.6890625 0.0859375 0.0859375
2 0.6171875 0.92734375 0.0859375 0.0875
2 0.45546875 0.36328125 0.0859375 0.0859375
2 0.32421875 0.4734375 0.1046875 0.071875
2 0.3625 0.7296875 0.1 0.075
2 0.16796875 0.3875 0.0953125 0.0953125
2 0.5875 0.26171875 0.109375 0.0640625
2 0.52109375 0.759375 0.0875 0.0875
2 0.46875 0.18828125 0.0875 0.0875
2 0.62109375 0.6125 0.1 0.1015625
2 0.040625 0.6421875 0.08125 0.06875
2 0.6859375 0.38515625 0.109375 0.0734375
2 0.5703125 0.828125 0.0921875 0.0921875
2 0.06484375 0.53046875 0.0890625 0.0890625
2 0.53828125 0.9703125 0.096875 0.059375
4 0.63828125 0.6796875 0.103125 0.103125