3 0.80390625 0.68984375 0.06875 0.06875
3 0.18046875 0.69609375 0.096875 0.0640625
3 0.32421875 0.66796875 0.0921875 0.0609375
3 0.3921875 0.70703125 0.096875 0.0640625
3 0.6859375 0.3734375 0.078125 0.078125
3 0.17734375 0.059375 0.0796875 0.08125
3 0.728125 0.153125 0.08125 0.08125
3 0.8890625 0.7375 0.090625 0.071875
3 0.39609375 0.515625 0.075 0.0734375
3 0.078125 0.278125 0.096875 0.06875
3 0.559375 0.36796875 0.096875 0.071875
3 0.41484375 0.40703125 0.1 0.0765625
3 0.88203125 0.17421875 0.0890625 0.0671875
3 0.50078125 0.54375 0.0703125 0.0703125
3 0.6625 0.2 0.096875 0.0625
3 0.28359375 0.87421875 0.1 0.0765625
3 0.5921875 0.0796875 0.0703125 0.0703125
3 0.0828125 0.75625 0.090625 0.0875
3 0.25078125 0.51875 0.090625 0.0625
5 0.7078125 0.5109375 0.084375 0.084375
3 0.47890625 0.0984375 0.0875 0.084375
3 0.9375 0.6359375 0.09375 0.078125
3 0.696875 0.04140625 0.0875 0.0640625
3 0.9390625 0.10390625 0.096875 0.0765625
3 0.72421875 0.42578125 0.0953125 0.0625
3 0.9046875 0.3875 0.0640625 0.0640625
3 0.17890625 0.35703125 0.075 0.075
3 0.88671875 0.5328125 0.084375 0.075
3 0.39296875 0.28125 0.08125 0.0828125
3 0.75234375 0.84296875 0.0828125 0.0828125
3 0.5265625 0.22734375 0.090625 0.0640625
3 0.8953125 0.42578125 0.09375 0.0703125
3 0.28203125 0.1828125 0.0796875 0.065625
3 0.76484375 0.7890625 0.0734375 0.071875
3 0.7484375 0.09453125 0.065625 0.065625
1 0.6375 0.85625 0.1 0.1
3 0.45234375 0.2 0.08125 0.0828125
3 0.415625 0.22109375 0.09375 0.0578125
3 0.684375 0.578125 0.084375 0.059375
3 0.23203125 0.2953125 0.0875 0.059375
3 0.79296875 0.55 0.1046875 0.05
3 0.4140625 0.30625 0.0875 0.06875
3 0.3453125 0.1703125 0.084375 0.078125
3 0.8703125 0.0796875 0.0953125 0.0953125
3 0.784375 0.5125 0.090625 0.0625
3 0.60859375 0.915625 0.1046875 0.05625
6 0.7671875 0.040625 0.121875 0.06875
3 0.3640625 0.3421875 0.09375 0.059375
3 0.79296875 0.58125 0.0984375 0.046875