3 0.68984375 0.19609375 0.0546875 0.0828125
3 0.69609375 0.81953125 0.0640625 0.096875
3 0.66796875 0.67578125 0.0609375 0.0921875
3 0.70703125 0.6078125 0.0796875 0.0796875
3 0.3734375 0.3140625 0.078125 0.078125
3 0.059375 0.82265625 0.065625 0.0953125
3 0.153125 0.271875 0.06875 0.09375
3 0.7375 0.1109375 0.08125 0.08125
3 0.515625 0.60390625 0.0625 0.0859375
3 0.278125 0.921875 0.06875 0.096875
3 0.36796875 0.440625 0.071875 0.096875
3 0.40703125 0.58515625 0.0875 0.0875
3 0.17421875 0.11796875 0.0671875 0.0890625
3 0.54375 0.49921875 0.05625 0.0828125
3 0.2 0.3375 0.0796875 0.0796875
3 0.87421875 0.71640625 0.0765625 0.1
3 0.0796875 0.4078125 0.0703125 0.0703125
3 0.75625 0.9171875 0.0875 0.090625
3 0.51875 0.74921875 0.0765625 0.0765625
5 0.5109375 0.2921875 0.084375 0.084375
3 0.0984375 0.52109375 0.084375 0.0875
3 0.6359375 0.0625 0.0859375 0.0859375
3 0.04140625 0.303125 0.0640625 0.0875
3 0.10390625 0.0609375 0.0875 0.0875
3 0.42578125 0.27578125 0.0796875 0.0796875
3 0.3875 0.0953125 0.053125 0.075
3 0.35703125 0.82109375 0.075 0.075
3 0.5328125 0.11328125 0.075 0.084375
3 0.28125 0.60703125 0.06875 0.0953125
3 0.84296875 0.24765625 0.0828125 0.0828125
3 0.22734375 0.4734375 0.0640625 0.090625
3 0.42578125 0.1046875 0.08125 0.0828125
3 0.1828125 0.71796875 0.0734375 0.071875
3 0.7890625 0.23515625 0.059375 0.0859375
3 0.09453125 0.2515625 0.04375 0.0875
1 0.85625 0.3625 0.1 0.1
3 0.2 0.54765625 0.0828125 0.08125
3 0.22109375 0.584375 0.0765625 0.0765625
3 0.578125 0.315625 0.071875 0.071875
3 0.2953125 0.76796875 0.0734375 0.0734375
3 0.55 0.20703125 0.05 0.1046875
3 0.30625 0.5859375 0.06875 0.0875
3 0.1703125 0.6546875 0.078125 0.084375
3 0.0796875 0.1296875 0.071875 0.11875
3 0.5125 0.215625 0.0765625 0.0765625
3 0.915625 0.39140625 0.08125 0.08125
6 0.040625 0.2328125 0.06875 0.121875
3 0.3421875 0.6359375 0.0765625 0.0765625
3 0.58125 0.20703125 0.046875 0.0984375