3 0.19609375 0.31015625 0.06875 0.06875
3 0.81953125 0.30390625 0.096875 0.0640625
3 0.67578125 0.33203125 0.0765625 0.0765625
3 0.6078125 0.29296875 0.0796875 0.0796875
3 0.3140625 0.6265625 0.078125 0.078125
3 0.82265625 0.940625 0.0796875 0.08125
3 0.271875 0.846875 0.09375 0.06875
3 0.1109375 0.2625 0.08125 0.08125
3 0.60390625 0.484375 0.0859375 0.0625
3 0.921875 0.721875 0.096875 0.06875
3 0.440625 0.63203125 0.084375 0.084375
3 0.58515625 0.59296875 0.1 0.0765625
3 0.11796875 0.82578125 0.0890625 0.0671875
3 0.49921875 0.45625 0.0828125 0.05625
3 0.3375 0.8 0.0796875 0.0796875
3 0.71640625 0.12578125 0.0875 0.0890625
3 0.4078125 0.9203125 0.0703125 0.0703125
3 0.9171875 0.24375 0.0890625 0.0890625
3 0.74921875 0.48125 0.090625 0.0625
5 0.2921875 0.4890625 0.096875 0.071875
3 0.52109375 0.9015625 0.0875 0.084375
3 0.0625 0.3640625 0.0859375 0.0859375
3 0.303125 0.95859375 0.0875 0.0640625
3 0.0609375 0.89609375 0.0875 0.0875
3 0.27578125 0.57421875 0.0796875 0.078125
3 0.0953125 0.6125 0.075 0.053125
3 0.82109375 0.64296875 0.075 0.075
3 0.11328125 0.4671875 0.0796875 0.0796875
3 0.60703125 0.71875 0.0953125 0.06875
3 0.24765625 0.15703125 0.0984375 0.0671875
3 0.4734375 0.77265625 0.090625 0.0640625
3 0.1046875 0.57421875 0.09375 0.0703125
3 0.71796875 0.8171875 0.071875 0.0734375
3 0.23515625 0.2109375 0.0859375 0.059375
3 0.2515625 0.90546875 0.0875 0.04375
1 0.3625 0.14375 0.128125 0.071875
3 0.54765625 0.8 0.08125 0.0828125
3 0.584375 0.77890625 0.09375 0.0578125
3 0.315625 0.421875 0.084375 0.059375
3 0.76796875 0.7046875 0.0875 0.059375
3 0.20703125 0.45 0.1046875 0.05
3 0.5859375 0.69375 0.0875 0.06875
3 0.6546875 0.8296875 0.08125 0.08125
3 0.1296875 0.9203125 0.11875 0.071875
3 0.215625 0.4875 0.090625 0.0625
3 0.39140625 0.084375 0.1046875 0.05625
6 0.2328125 0.959375 0.121875 0.06875
3 0.6359375 0.6578125 0.09375 0.059375
3 0.20703125 0.41875 0.0984375 0.046875