3 0.484375 0.10546875 0.0625 0.0828125
3 0.71640625 0.415625 0.071875 0.071875
3 0.4328125 0.2421875 0.08125 0.08125
3 0.58359375 0.86015625 0.071875 0.0859375
3 0.584375 0.62890625 0.0765625 0.078125
3 0.9453125 0.14453125 0.0703125 0.06875
3 0.79296875 0.696875 0.0703125 0.09375
3 0.28671875 0.09375 0.0578125 0.08125
3 0.2484375 0.88046875 0.0734375 0.0734375
3 0.709375 0.90390625 0.0765625 0.0765625
3 0.7640625 0.78515625 0.071875 0.071875
3 0.36953125 0.940625 0.0796875 0.0796875
3 0.4890625 0.28671875 0.078125 0.078125
3 0.725 0.3140625 0.065625 0.090625
3 0.175 0.165625 0.06875 0.090625
3 0.1640625 0.6203125 0.065625 0.090625
3 0.8359375 0.1296875 0.059375 0.075
3 0.8453125 0.515625 0.078125 0.078125
3 0.78125 0.903125 0.0734375 0.0734375
3 0.65 0.52890625 0.0796875 0.0796875
3 0.63046875 0.36015625 0.06875 0.0828125
3 0.515625 0.50703125 0.06875 0.0921875
3 0.66015625 0.17109375 0.0734375 0.071875
3 0.075 0.490625 0.0765625 0.0765625
3 0.125 0.57734375 0.0625 0.096875
3 0.47421875 0.80625 0.078125 0.078125
3 0.1953125 0.2375 0.0703125 0.0703125
3 0.86015625 0.05234375 0.0734375 0.0734375
3 0.33671875 0.31796875 0.0796875 0.078125
3 0.21953125 0.11796875 0.08125 0.08125
3 0.5984375 0.7390625 0.065625 0.084375
3 0.1765625 0.940625 0.065625 0.0875
3 0.2359375 0.31171875 0.065625 0.0859375
3 0.17578125 0.346875 0.0578125 0.08125
3 0.13984375 0.87734375 0.0671875 0.0671875
3 0.42109375 0.684375 0.071875 0.071875
3 0.86171875 0.70703125 0.084375 0.084375
3 0.6453125 0.9015625 0.053125 0.09375
3 0.22890625 0.5375 0.0578125 0.084375
3 0.7828125 0.4859375 0.065625 0.084375
3 0.203125 0.853125 0.0703125 0.0703125
3 0.8359375 0.79609375 0.071875 0.071875
3 0.371875 0.290625 0.0796875 0.0796875
3 0.5734375 0.54375 0.06875 0.06875
3 0.05 0.92421875 0.078125 0.078125
3 0.9328125 0.4203125 0.065625 0.090625
3 0.896875 0.80078125 0.05 0.0703125
3 0.57578125 0.34609375 0.084375 0.084375
3 0.36171875 0.184375 0.0796875 0.0796875
3 0.121875 0.10546875 0.0703125 0.06875
3 0.653125 0.084375 0.0625 0.09375
3 0.68359375 0.671875 0.0671875 0.090625
3 0.28515625 0.57890625 0.0734375 0.0734375
3 0.4265625 0.4859375 0.071875 0.071875
3 0.03671875 0.66640625 0.0671875 0.0671875
3 0.7109375 0.55 0.06875 0.1125
3 0.2171875 0.7328125 0.0734375 0.0734375
3 0.8578125 0.91953125 0.065625 0.0921875
3 0.34453125 0.734375 0.0734375 0.071875
3 0.071875 0.38984375 0.071875 0.0984375
3 0.765625 0.22734375 0.075 0.0953125
3 0.92890625 0.0828125 0.071875 0.090625
3 0.75625 0.5765625 0.0796875 0.0796875
3 0.828125 0.5921875 0.05625 0.0875
3 0.5296875 0.90546875 0.065625 0.0796875
3 0.29375 0.79609375 0.05625 0.0828125
3 0.559375 0.2171875 0.0765625 0.0765625
3 0.14921875 0.8125 0.0609375 0.084375
3 0.22109375 0.4046875 0.0671875 0.065625
3 0.1 0.94609375 0.0625 0.0890625
3 0.396875 0.58515625 0.0625 0.078125
3 0.52265625 0.196875 0.0578125 0.08125
3 0.71953125 0.03828125 0.075 0.075
3 0.69296875 0.1109375 0.0671875 0.084375
3 0.78046875 0.4265625 0.075 0.0734375
3 0.5375 0.0390625 0.065625 0.078125
3 0.4359375 0.92578125 0.078125 0.078125
3 0.77109375 0.621875 0.06875 0.06875
3 0.31015625 0.95 0.078125 0.078125
3 0.4828125 0.9234375 0.071875 0.096875
3 0.0328125 0.7390625 0.065625 0.06875
3 0.0859375 0.23984375 0.046875 0.0828125
3 0.49921875 0.4375 0.05625 0.078125