3 0.8109375 0.2890625 0.084375 0.05625
3 0.928125 0.93828125 0.078125 0.0765625
3 0.65 0.6390625 0.084375 0.0625
3 0.8421875 0.5265625 0.06875 0.06875
3 0.415625 0.14375 0.08125 0.06875
3 0.846875 0.634375 0.0703125 0.0703125
3 0.41796875 0.66015625 0.0859375 0.0640625
3 0.43046875 0.353125 0.08125 0.08125
3 0.615625 0.875 0.08125 0.0625
3 0.07734375 0.828125 0.075 0.075
3 0.12578125 0.08515625 0.090625 0.0734375
3 0.21640625 0.2828125 0.0765625 0.0765625
3 0.0921875 0.2921875 0.075 0.075
3 0.503125 0.13125 0.0875 0.0625
3 0.37734375 0.778125 0.084375 0.084375
3 0.2203125 0.7078125 0.084375 0.065625
3 0.65859375 0.72109375 0.08125 0.0796875
3 0.77890625 0.91796875 0.0890625 0.071875
3 0.1140625 0.61171875 0.0796875 0.0796875
3 0.090625 0.890625 0.090625 0.05625
3 0.76640625 0.06015625 0.06875 0.06875
3 0.61015625 0.39375 0.0875 0.0859375
3 0.29140625 0.5765625 0.0921875 0.078125
3 0.67109375 0.1078125 0.0859375 0.065625
3 0.0734375 0.46640625 0.071875 0.071875
3 0.928125 0.30703125 0.075 0.075
3 0.94453125 0.56171875 0.0984375 0.0734375
3 0.6203125 0.2234375 0.0671875 0.0671875
3 0.41875 0.8375 0.078125 0.0625
3 0.50078125 0.24609375 0.084375 0.0609375
3 0.6046875 0.296875 0.0765625 0.0765625
3 0.14609375 0.74765625 0.084375 0.0671875
3 0.60078125 0.5125 0.0734375 0.0734375
3 0.1671875 0.35 0.090625 0.075
3 0.2171875 0.3625 0.0734375 0.0734375
3 0.08203125 0.19296875 0.0890625 0.059375
3 0.1296875 0.6859375 0.084375 0.06875
3 0.7625 0.23203125 0.1 0.0703125
3 0.3203125 0.14765625 0.084375 0.0640625
3 0.0453125 0.6796875 0.075 0.075
3 0.9421875 0.63203125 0.103125 0.075
3 0.78828125 0.459375 0.0953125 0.06875
3 0.23203125 0.0390625 0.0765625 0.0765625
0 0.7453125 0.17578125 0.08125 0.08125
3 0.33046875 0.4671875 0.0921875 0.06875
3 0.8078125 0.134375 0.071875 0.059375
3 0.3796875 0.7078125 0.075 0.075
3 0.38203125 0.1046875 0.0859375 0.065625
3 0.3109375 0.72578125 0.0703125 0.06875
3 0.33671875 0.35625 0.0796875 0.065625
3 0.65546875 0.459375 0.0765625 0.078125
3 0.3921875 0.93828125 0.0875 0.0640625
3 0.04296875 0.93671875 0.084375 0.0578125
3 0.24609375 0.46328125 0.0765625 0.0609375
3 0.6703125 0.4859375 0.090625 0.06875
3 0.2859375 0.38671875 0.0703125 0.0703125
3 0.68359375 0.953125 0.0625 0.0625
3 0.38828125 0.603125 0.0953125 0.046875
3 0.059375 0.2140625 0.0875 0.065625
3 0.36953125 0.0328125 0.0765625 0.059375
3 0.05078125 0.96484375 0.0734375 0.0703125
3 0.95546875 0.8 0.078125 0.078125
3 0.340625 0.415625 0.103125 0.06875