3 0.42421875 0.66171875 0.065625 0.1046875
3 0.1546875 0.2671875 0.059375 0.084375
3 0.075 0.51875 0.0828125 0.0828125
3 0.1484375 0.5046875 0.065625 0.078125
3 0.36796875 0.71953125 0.0609375 0.0796875
3 0.353125 0.12421875 0.0875 0.0875
3 0.73203125 0.6796875 0.0765625 0.096875
3 0.5515625 0.56484375 0.071875 0.0890625
3 0.12734375 0.9109375 0.0734375 0.09375
3 0.05234375 0.2984375 0.0578125 0.084375
3 0.13828125 0.36484375 0.078125 0.0953125
3 0.1828125 0.81171875 0.0828125 0.0828125
3 0.41953125 0.353125 0.0703125 0.08125
3 0.10078125 0.178125 0.08125 0.0796875
3 0.7328125 0.10625 0.08125 0.0796875
3 0.34140625 0.59140625 0.0890625 0.0890625
3 0.89375 0.6296875 0.075 0.090625
3 0.525 0.8609375 0.090625 0.090625
3 0.87734375 0.1515625 0.0875 0.0875
3 0.521875 0.94765625 0.075 0.0859375
3 0.7953125 0.57578125 0.078125 0.1
3 0.86796875 0.22734375 0.0671875 0.06875
3 0.5015625 0.43046875 0.0796875 0.0796875
3 0.87421875 0.72578125 0.0890625 0.0890625
3 0.9609375 0.3265625 0.078125 0.084375
3 0.8546875 0.596875 0.0796875 0.0796875
3 0.27109375 0.8859375 0.0796875 0.0796875
3 0.81953125 0.815625 0.065625 0.0671875
3 0.05234375 0.1921875 0.090625 0.090625
3 0.93203125 0.15625 0.0640625 0.1
3 0.71640625 0.82890625 0.0765625 0.0953125
3 0.484375 0.7390625 0.071875 0.071875
3 0.65625 0.9203125 0.084375 0.084375
3 0.5796875 0.38984375 0.065625 0.0859375
3 0.5359375 0.2453125 0.08125 0.08125
3 0.4484375 0.865625 0.0734375 0.0734375
3 0.8921875 0.28046875 0.059375 0.0921875
3 0.34765625 0.91015625 0.0875 0.0875
3 0.9015625 0.40234375 0.08125 0.08125
3 0.12265625 0.66484375 0.090625 0.090625
3 0.9453125 0.9078125 0.0765625 0.0765625
3 0.3859375 0.88046875 0.084375 0.084375
3 0.434375 0.10625 0.075 0.09375
3 0.35 0.79453125 0.090625 0.0921875
3 0.42421875 0.7640625 0.065625 0.090625
3 0.1828125 0.159375 0.0828125 0.0828125
3 0.2984375 0.7203125 0.090625 0.090625
3 0.75703125 0.36796875 0.0875 0.0875
3 0.60625 0.1921875 0.08125 0.08125
3 0.6140625 0.0515625 0.0921875 0.0921875
3 0.5109375 0.709375 0.065625 0.109375
3 0.5109375 0.3296875 0.059375 0.090625
3 0.65 0.46953125 0.0625 0.0953125
3 0.92265625 0.45234375 0.0734375 0.1046875
3 0.65546875 0.0640625 0.059375 0.115625
3 0.18203125 0.69453125 0.0640625 0.109375
3 0.34140625 0.45390625 0.075 0.1078125
3 0.684375 0.1453125 0.0921875 0.0921875
3 0.846875 0.35078125 0.08125 0.08125
3 0.6703125 0.27421875 0.075 0.0765625
3 0.58203125 0.7078125 0.0828125 0.090625
3 0.62734375 0.61328125 0.0921875 0.0640625
3 0.33984375 0.36015625 0.0671875 0.103125
3 0.81328125 0.89140625 0.0734375 0.0953125
3 0.32578125 0.26484375 0.0640625 0.1
3 0.47734375 0.21875 0.0796875 0.1
3 0.91875 0.84140625 0.0703125 0.0703125
3 0.7421875 0.2046875 0.078125 0.0875
3 0.81015625 0.27734375 0.0578125 0.1015625
3 0.11171875 0.70703125 0.0859375 0.0609375
3 0.7078125 0.93359375 0.0625 0.0953125
3 0.6328125 0.38984375 0.078125 0.0765625
3 0.75625 0.83984375 0.06875 0.1015625
3 0.1984375 0.43515625 0.0875 0.0875
3 0.58828125 0.46796875 0.0703125 0.0984375
3 0.59453125 0.2703125 0.075 0.075
3 0.953125 0.059375 0.09375 0.071875
3 0.4203125 0.07421875 0.090625 0.090625
3 0.73828125 0.43828125 0.071875 0.0953125
3 0.70625 0.315625 0.075 0.0625
3 0.5484375 0.81328125 0.0875 0.0859375
3 0.86953125 0.865625 0.0546875 0.1125
3 0.41484375 0.1796875 0.0765625 0.084375
3 0.20078125 0.0640625 0.0984375 0.0984375
3 0.721875 0.75625 0.09375 0.09375
3 0.09453125 0.06171875 0.090625 0.0890625
3 0.2296875 0.20859375 0.103125 0.0640625
3 0.053125 0.78984375 0.0875 0.1015625
3 0.6 0.53359375 0.08125 0.08125
3 0.13203125 0.78203125 0.0703125 0.0984375
3 0.2875 0.05703125 0.0875 0.0875
3 0.31015625 0.3734375 0.0640625 0.1
3 0.4203125 0.8859375 0.06875 0.06875
3 0.31796875 0.959375 0.075 0.075
3 0.953125 0.746875 0.0875 0.1
3 0.9359375 0.4109375 0.065625 0.090625
3 0.4140625 0.25234375 0.1 0.0890625
3 0.85078125 0.29453125 0.0734375 0.0859375
3 0.62265625 0.66953125 0.084375 0.084375
3 0.62265625 0.64765625 0.0875 0.0875
3 0.43828125 0.7921875 0.0859375 0.090625
3 0.4375 0.2046875 0.084375 0.084375
3 0.62734375 0.19765625 0.0578125 0.084375
3 0.55 0.31484375 0.09375 0.09375
3 0.7296875 0.9171875 0.0828125 0.0828125
3 0.79921875 0.90078125 0.0640625 0.1171875
3 0.90234375 0.89921875 0.0859375 0.0859375
3 0.88046875 0.76015625 0.0984375 0.0734375
3 0.90625 0.8234375 0.08125 0.08125
3 0.88515625 0.9515625 0.071875 0.071875
3 0.87265625 0.56015625 0.065625 0.065625