3 0.84765625 0.69296875 0.0640625 0.0859375
3 0.23125 0.06328125 0.071875 0.071875
3 0.65390625 0.778125 0.0734375 0.090625
3 0.52421875 0.20234375 0.0734375 0.0890625
3 0.4265625 0.61796875 0.075 0.0984375
4 0.1453125 0.46640625 0.084375 0.1015625
3 0.7984375 0.79921875 0.09375 0.09375
3 0.24375 0.92578125 0.0859375 0.0859375
3 0.30625 0.14296875 0.075 0.0921875
3 0.36953125 0.9015625 0.078125 0.078125
3 0.753125 0.57734375 0.075 0.096875
4 0.54140625 0.76875 0.090625 0.090625
3 0.0515625 0.66328125 0.0828125 0.08125
3 0.09921875 0.9078125 0.08125 0.08125
3 0.46484375 0.76875 0.0734375 0.096875
3 0.63671875 0.21953125 0.0703125 0.0890625
4 0.31796875 0.38046875 0.09375 0.09375
3 0.4921875 0.10703125 0.0765625 0.0765625
3 0.13828125 0.3734375 0.0734375 0.084375
3 0.090625 0.1859375 0.0703125 0.0703125
3 0.684375 0.6875 0.0734375 0.0734375
3 0.1296875 0.79765625 0.059375 0.1203125
3 0.66484375 0.6015625 0.0609375 0.078125
3 0.9015625 0.4265625 0.0859375 0.0859375
3 0.77734375 0.078125 0.0578125 0.14375
3 0.5578125 0.65703125 0.078125 0.078125
3 0.36875 0.675 0.071875 0.071875
3 0.04375 0.1171875 0.0765625 0.0765625
3 0.21796875 0.3859375 0.0765625 0.096875
3 0.37421875 0.7515625 0.059375 0.084375
3 0.88828125 0.0546875 0.084375 0.0828125
3 0.740625 0.20234375 0.06875 0.0984375
3 0.95625 0.72734375 0.0859375 0.0875
3 0.7359375 0.090625 0.065625 0.090625
3 0.17109375 0.31640625 0.0734375 0.096875
3 0.71953125 0.16953125 0.0765625 0.0765625
3 0.13203125 0.19140625 0.0859375 0.0859375
3 0.5875 0.94609375 0.06875 0.0890625
3 0.03359375 0.45625 0.0671875 0.078125
3 0.32734375 0.92265625 0.0609375 0.1296875