2 0.48046875 0.79453125 0.090625 0.06875
2 0.61171875 0.94921875 0.084375 0.0625
2 0.5375 0.125 0.090625 0.06875
2 0.42265625 0.96015625 0.0828125 0.0796875
2 0.70078125 0.24921875 0.08125 0.08125
2 0.46328125 0.05078125 0.090625 0.090625
2 0.8328125 0.4265625 0.096875 0.075
2 0.64453125 0.7953125 0.103125 0.071875
2 0.75859375 0.40078125 0.084375 0.084375
2 0.22734375 0.95546875 0.0796875 0.0796875
2 0.65078125 0.2015625 0.090625 0.065625
2 0.9140625 0.265625 0.103125 0.071875
2 0.88125 0.06171875 0.1 0.0609375
2 0.63984375 0.065625 0.084375 0.0828125
2 0.35234375 0.625 0.103125 0.06875
2 0.78203125 0.47734375 0.103125 0.0796875
2 0.25625 0.88125 0.109375 0.0625
2 0.06171875 0.584375 0.1078125 0.0734375
2 0.09609375 0.41875 0.1109375 0.071875
2 0.140625 0.478125 0.0921875 0.0921875
2 0.39609375 0.10703125 0.1046875 0.0765625
2 0.8234375 0.88984375 0.115625 0.0765625
2 0.63671875 0.128125 0.0859375 0.084375
2 0.12109375 0.54296875 0.0953125 0.096875
2 0.9 0.91875 0.0890625 0.0890625
2 0.14765625 0.60078125 0.0921875 0.071875
2 0.57265625 0.83125 0.0953125 0.071875
2 0.20234375 0.53046875 0.0796875 0.0796875
2 0.35859375 0.27890625 0.075 0.075
2 0.234375 0.68125 0.09375 0.08125
2 0.3 0.12265625 0.0921875 0.0921875
2 0.29921875 0.74921875 0.1046875 0.0734375
2 0.56875 0.1859375 0.084375 0.084375
2 0.2734375 0.503125 0.0859375 0.0859375
2 0.44609375 0.903125 0.0890625 0.090625
2 0.234375 0.07421875 0.0859375 0.0875
2 0.084375 0.30703125 0.10625 0.071875
2 0.4125 0.55625 0.0828125 0.0828125
2 0.76796875 0.846875 0.09375 0.09375
2 0.071875 0.0625 0.09375 0.08125
2 0.06640625 0.76015625 0.109375 0.0734375
2 0.85625 0.10234375 0.14375 0.065625
2 0.52109375 0.22265625 0.0921875 0.0765625
2 0.86640625 0.8234375 0.0890625 0.090625
2 0.44765625 0.7140625 0.1046875 0.071875
2 0.2890625 0.05 0.0875 0.0875
2 0.8078125 0.9609375 0.10625 0.078125
2 0.47265625 0.11796875 0.0734375 0.078125
2 0.5140625 0.553125 0.090625 0.090625
2 0.3578125 0.36875 0.0890625 0.0890625
2 0.36171875 0.15625 0.0953125 0.0953125
2 0.93359375 0.45703125 0.1015625 0.065625
3 0.5171875 0.94453125 0.109375 0.0796875
3 0.36484375 0.04140625 0.1109375 0.0828125
3 0.35859375 0.88984375 0.0953125 0.0796875
2 0.26171875 0.3078125 0.0921875 0.084375
2 0.903125 0.5875 0.08125 0.08125
2 0.625 0.43359375 0.0875 0.08125
2 0.3125 0.67421875 0.0875 0.0875
2 0.62109375 0.27109375 0.1015625 0.0859375
2 0.86171875 0.18203125 0.0921875 0.0921875
2 0.171875 0.3828125 0.1 0.084375
2 0.92421875 0.21953125 0.1015625 0.1015625
2 0.8609375 0.14140625 0.15625 0.0484375