2 0.51953125 0.20546875 0.0796875 0.0796875
2 0.38828125 0.05078125 0.084375 0.0625
2 0.4625 0.875 0.090625 0.06875
2 0.57734375 0.03828125 0.1 0.065625
2 0.29921875 0.75078125 0.0921875 0.0703125
2 0.53671875 0.94921875 0.090625 0.090625
2 0.1671875 0.5734375 0.0859375 0.0859375
2 0.35546875 0.2046875 0.103125 0.071875
2 0.24140625 0.59921875 0.0953125 0.075
2 0.77265625 0.04453125 0.0859375 0.0734375
2 0.34921875 0.7984375 0.078125 0.078125
2 0.0859375 0.734375 0.103125 0.071875
2 0.11875 0.93828125 0.0796875 0.08125
2 0.36015625 0.934375 0.084375 0.0828125
2 0.64765625 0.375 0.103125 0.06875
2 0.21796875 0.52265625 0.103125 0.0796875
2 0.74375 0.11875 0.109375 0.0625
2 0.93828125 0.415625 0.090625 0.090625
2 0.90390625 0.58125 0.1109375 0.071875
2 0.859375 0.521875 0.0921875 0.090625
2 0.60390625 0.89296875 0.090625 0.090625
2 0.1765625 0.11015625 0.0953125 0.0953125
2 0.36328125 0.871875 0.0953125 0.075
2 0.87890625 0.45703125 0.1140625 0.078125
2 0.1 0.08125 0.1125 0.065625
2 0.85234375 0.39921875 0.08125 0.08125
2 0.42734375 0.16875 0.0953125 0.071875
2 0.79765625 0.46953125 0.0796875 0.0796875
2 0.64140625 0.72109375 0.075 0.075
2 0.765625 0.31875 0.0875 0.0875
2 0.7 0.87734375 0.0921875 0.0921875
2 0.70078125 0.25078125 0.0890625 0.0890625
2 0.43125 0.8140625 0.084375 0.084375
2 0.7265625 0.496875 0.1 0.071875
2 0.55390625 0.096875 0.0890625 0.090625
2 0.765625 0.92578125 0.096875 0.0765625
2 0.915625 0.69296875 0.10625 0.071875
2 0.5875 0.44375 0.0828125 0.0828125
2 0.23203125 0.153125 0.1046875 0.08125
2 0.928125 0.9375 0.09375 0.08125
2 0.93359375 0.23984375 0.090625 0.0921875
2 0.14375 0.89765625 0.14375 0.065625
2 0.47890625 0.77734375 0.0921875 0.0765625
2 0.13359375 0.1765625 0.1046875 0.075
2 0.55234375 0.2859375 0.0875 0.0875
2 0.7109375 0.95 0.090625 0.084375
2 0.19140625 0.04296875 0.0921875 0.0859375
2 0.52734375 0.88203125 0.0734375 0.078125
2 0.4859375 0.446875 0.090625 0.090625
2 0.6421875 0.63125 0.096875 0.08125
2 0.63828125 0.84375 0.109375 0.08125
2 0.06640625 0.54296875 0.1015625 0.065625
3 0.4828125 0.05546875 0.09375 0.0953125
3 0.634375 0.95546875 0.096875 0.0890625
3 0.64140625 0.11015625 0.0875 0.0875
2 0.73828125 0.6921875 0.0890625 0.0890625
2 0.096875 0.4125 0.08125 0.08125
2 0.375 0.56640625 0.0875 0.08125
2 0.6875 0.32578125 0.1 0.0765625
2 0.37890625 0.72890625 0.09375 0.09375
2 0.13828125 0.81796875 0.0921875 0.0921875
2 0.828125 0.6171875 0.0921875 0.0921875
2 0.07578125 0.78046875 0.1359375 0.0671875
2 0.1390625 0.85859375 0.15625 0.0484375