2 0.48046875 0.20546875 0.0796875 0.0796875
2 0.61171875 0.05078125 0.084375 0.0625
2 0.5375 0.875 0.0796875 0.08125
2 0.42265625 0.03984375 0.0828125 0.0796875
2 0.70078125 0.75078125 0.0921875 0.0703125
2 0.46328125 0.94921875 0.090625 0.090625
2 0.8328125 0.5734375 0.096875 0.075
2 0.64453125 0.2046875 0.103125 0.071875
2 0.75859375 0.59921875 0.084375 0.084375
2 0.22734375 0.04453125 0.0796875 0.0796875
2 0.65078125 0.7984375 0.090625 0.065625
2 0.9140625 0.734375 0.103125 0.071875
2 0.88125 0.93828125 0.0796875 0.08125
2 0.63984375 0.934375 0.084375 0.0828125
2 0.35234375 0.375 0.103125 0.06875
2 0.78203125 0.52265625 0.103125 0.0796875
2 0.25625 0.11875 0.0859375 0.0859375
2 0.06171875 0.415625 0.1078125 0.075
2 0.09609375 0.58125 0.090625 0.0921875
2 0.140625 0.521875 0.109375 0.075
2 0.39609375 0.89296875 0.1046875 0.0765625
2 0.8234375 0.11015625 0.0953125 0.0953125
2 0.63671875 0.871875 0.0859375 0.0859375
2 0.12109375 0.45703125 0.0953125 0.096875
2 0.9 0.08125 0.1125 0.065625
2 0.14765625 0.39921875 0.0921875 0.071875
2 0.57265625 0.16875 0.0953125 0.071875
2 0.20234375 0.46953125 0.0796875 0.0796875
2 0.35859375 0.72109375 0.075 0.075
2 0.234375 0.31875 0.09375 0.08125
2 0.3 0.87734375 0.0921875 0.0921875
2 0.29921875 0.25078125 0.0890625 0.0890625
2 0.56875 0.8140625 0.09375 0.075
2 0.2734375 0.496875 0.0859375 0.0859375
2 0.44609375 0.096875 0.0984375 0.08125
2 0.234375 0.92578125 0.096875 0.0765625
2 0.084375 0.69296875 0.10625 0.071875
2 0.4125 0.44375 0.0828125 0.0828125
2 0.76796875 0.153125 0.09375 0.09375
2 0.071875 0.9375 0.09375 0.08125
2 0.06640625 0.23984375 0.109375 0.0734375
2 0.85625 0.89765625 0.14375 0.065625
2 0.52109375 0.77734375 0.084375 0.084375
2 0.86640625 0.1765625 0.0890625 0.090625
2 0.44765625 0.2859375 0.0875 0.0875
2 0.2890625 0.95 0.090625 0.084375
2 0.80859375 0.04296875 0.0921875 0.0859375
2 0.47265625 0.88203125 0.0765625 0.075
2 0.5140625 0.446875 0.1 0.08125
2 0.3578125 0.63125 0.0890625 0.0890625
2 0.36171875 0.84375 0.0953125 0.0953125
2 0.93359375 0.54296875 0.1015625 0.065625
3 0.5171875 0.05546875 0.09375 0.0953125
3 0.36484375 0.95859375 0.1109375 0.0828125
3 0.35859375 0.11015625 0.0875 0.0875
2 0.26171875 0.6921875 0.0921875 0.084375
2 0.903125 0.4125 0.08125 0.08125
2 0.625 0.56640625 0.0875 0.08125
2 0.3125 0.32578125 0.0875 0.0875
2 0.62109375 0.72890625 0.1015625 0.0859375
2 0.86171875 0.81796875 0.1109375 0.0734375
2 0.171875 0.6171875 0.0921875 0.0921875
2 0.92421875 0.78046875 0.1359375 0.0671875
2 0.8609375 0.85859375 0.15625 0.0484375