3 0.3640625 0.8515625 0.065625 0.10625
3 0.8421875 0.07265625 0.0765625 0.0765625
3 0.93046875 0.59765625 0.0671875 0.0953125
3 0.7078125 0.5765625 0.078125 0.103125
3 0.68828125 0.35390625 0.0734375 0.0953125
3 0.35 0.15546875 0.071875 0.071875
3 0.459375 0.8140625 0.0890625 0.0875
3 0.8359375 0.78671875 0.084375 0.0859375
3 0.9453125 0.05234375 0.0828125 0.0828125
3 0.1625 0.9359375 0.065625 0.084375
3 0.66640625 0.24140625 0.0734375 0.0734375
3 0.62578125 0.290625 0.0734375 0.096875
3 0.296875 0.8046875 0.075 0.075
3 0.7234375 0.92734375 0.078125 0.0765625
3 0.84765625 0.70625 0.071875 0.08125
3 0.40859375 0.14921875 0.06875 0.0890625
3 0.39453125 0.06015625 0.0703125 0.0828125
3 0.81015625 0.471875 0.071875 0.1
3 0.640625 0.88046875 0.075 0.075
3 0.60703125 0.81171875 0.078125 0.078125
3 0.43203125 0.30546875 0.090625 0.090625
3 0.93984375 0.82265625 0.0875 0.0875
3 0.5515625 0.8453125 0.071875 0.090625
3 0.51171875 0.74453125 0.0765625 0.0765625
3 0.77421875 0.35390625 0.084375 0.084375
3 0.2234375 0.8328125 0.078125 0.090625
3 0.6390625 0.08671875 0.071875 0.0828125
3 0.26953125 0.52265625 0.0796875 0.1015625
3 0.86640625 0.3234375 0.0640625 0.109375
3 0.0390625 0.74296875 0.059375 0.0921875
3 0.29375 0.734375 0.08125 0.0875
3 0.5609375 0.32890625 0.0875 0.0875
3 0.296875 0.296875 0.0890625 0.0890625
3 0.31328125 0.21328125 0.0859375 0.0859375
3 0.5828125 0.4234375 0.0875 0.0875
3 0.67890625 0.7265625 0.0859375 0.084375
3 0.5234375 0.16796875 0.075 0.0875
3 0.39765625 0.784375 0.0796875 0.08125
3 0.13515625 0.521875 0.090625 0.0921875
3 0.48515625 0.36875 0.0875 0.0875
3 0.5859375 0.76171875 0.08125 0.0859375
3 0.76875 0.62265625 0.0765625 0.0765625
3 0.3390625 0.634375 0.0890625 0.0890625
3 0.90859375 0.259375 0.0671875 0.1
3 0.10703125 0.88828125 0.0890625 0.0890625
3 0.3609375 0.40390625 0.0984375 0.096875
3 0.12578125 0.06484375 0.0734375 0.0953125
3 0.26796875 0.66484375 0.09375 0.09375
3 0.4765625 0.47890625 0.08125 0.115625
3 0.64765625 0.95859375 0.0734375 0.0765625
3 0.78671875 0.65546875 0.0765625 0.0859375