3 0.3640625 0.1484375 0.0859375 0.0859375
3 0.8421875 0.92734375 0.065625 0.0875
3 0.93046875 0.40234375 0.0671875 0.0953125
3 0.7078125 0.4234375 0.078125 0.103125
3 0.68828125 0.64609375 0.084375 0.084375
3 0.35 0.84453125 0.071875 0.071875
3 0.459375 0.1859375 0.08125 0.096875
3 0.8359375 0.21328125 0.084375 0.0859375
3 0.9453125 0.94765625 0.071875 0.0953125
3 0.1625 0.0640625 0.075 0.075
3 0.66640625 0.75859375 0.0734375 0.0734375
3 0.62578125 0.709375 0.084375 0.0859375
3 0.296875 0.1953125 0.071875 0.078125
3 0.7234375 0.07265625 0.065625 0.0890625
3 0.84765625 0.29375 0.0765625 0.0765625
3 0.40859375 0.85078125 0.0796875 0.0796875
3 0.39453125 0.93984375 0.0765625 0.0765625
3 0.81015625 0.528125 0.071875 0.1
3 0.640625 0.11953125 0.075 0.075
3 0.60703125 0.18828125 0.0703125 0.0859375
3 0.43203125 0.69453125 0.090625 0.090625
3 0.93984375 0.17734375 0.0875 0.0875
3 0.5515625 0.1546875 0.071875 0.090625
3 0.51171875 0.25546875 0.065625 0.0875
3 0.77421875 0.64609375 0.084375 0.084375
3 0.2234375 0.1671875 0.084375 0.084375
3 0.6390625 0.91328125 0.078125 0.078125
3 0.26953125 0.47734375 0.090625 0.090625
3 0.86640625 0.6765625 0.0640625 0.109375
3 0.0390625 0.25703125 0.075 0.0765625
3 0.29375 0.265625 0.08125 0.0875
3 0.5609375 0.67109375 0.0875 0.0875
3 0.296875 0.703125 0.0890625 0.0890625
3 0.31328125 0.78671875 0.0859375 0.0859375
3 0.5828125 0.5765625 0.078125 0.096875
3 0.67890625 0.2734375 0.0703125 0.1
3 0.5234375 0.83203125 0.08125 0.08125
3 0.39765625 0.215625 0.0703125 0.090625
3 0.13515625 0.478125 0.090625 0.0921875
3 0.48515625 0.63125 0.0875 0.0875
3 0.5859375 0.23828125 0.0828125 0.0828125
3 0.76875 0.37734375 0.0765625 0.0765625
3 0.3390625 0.365625 0.078125 0.1
3 0.90859375 0.740625 0.0671875 0.1
3 0.10703125 0.11171875 0.0890625 0.0890625
3 0.3609375 0.59609375 0.0984375 0.096875
3 0.12578125 0.93515625 0.0734375 0.0953125
3 0.26796875 0.33515625 0.0859375 0.1015625
3 0.4765625 0.52109375 0.08125 0.115625
3 0.64765625 0.04140625 0.075 0.075
3 0.78671875 0.34453125 0.08125 0.08125