3 0.45703125 0.8171875 0.0671875 0.0671875
3 0.74921875 0.57578125 0.0921875 0.06875
3 0.8859375 0.34140625 0.084375 0.0578125
3 0.91328125 0.065625 0.08125 0.0796875
3 0.7046875 0.68984375 0.090625 0.0703125
3 0.1359375 0.54296875 0.08125 0.08125
3 0.8328125 0.6359375 0.084375 0.071875
3 0.30859375 0.3609375 0.084375 0.084375
3 0.39609375 0.47109375 0.071875 0.071875
3 0.45390625 0.1203125 0.078125 0.078125
6 0.315625 0.178125 0.0890625 0.090625
3 0.6453125 0.28125 0.078125 0.078125
3 0.8453125 0.1828125 0.084375 0.071875
3 0.5640625 0.37421875 0.0796875 0.08125
3 0.74296875 0.28046875 0.0859375 0.0859375
3 0.62890625 0.46484375 0.06875 0.06875
3 0.87109375 0.9640625 0.0828125 0.065625
3 0.77734375 0.91796875 0.0828125 0.06875
3 0.46796875 0.05625 0.0765625 0.0765625
3 0.7859375 0.78125 0.05625 0.109375
3 0.2703125 0.05390625 0.0765625 0.075
3 0.1046875 0.31171875 0.090625 0.071875
3 0.82109375 0.53125 0.0890625 0.06875
0 0.234375 0.825 0.1125 0.08125
3 0.8390625 0.4453125 0.090625 0.075
3 0.23515625 0.19921875 0.0921875 0.0734375
3 0.30234375 0.48671875 0.0796875 0.0703125
3 0.440625 0.27734375 0.09375 0.0703125
3 0.52734375 0.2890625 0.0828125 0.0625
3 0.38359375 0.53359375 0.0828125 0.0640625
3 0.915625 0.41484375 0.0875 0.071875
3 0.75390625 0.46015625 0.0765625 0.0671875
3 0.50625 0.615625 0.078125 0.078125
3 0.67734375 0.1578125 0.08125 0.08125
0 0.1328125 0.62578125 0.103125 0.0828125
3 0.60078125 0.18671875 0.08125 0.08125
3 0.41171875 0.1765625 0.0953125 0.071875
3 0.53359375 0.82578125 0.0703125 0.0703125
3 0.78046875 0.2625 0.0890625 0.08125
3 0.57734375 0.6921875 0.071875 0.071875
3 0.43203125 0.8953125 0.0828125 0.0828125
3 0.14375 0.14296875 0.0859375 0.0875
3 0.953125 0.534375 0.071875 0.071875
3 0.21796875 0.60625 0.0859375 0.0625
3 0.19453125 0.08046875 0.0921875 0.0921875
3 0.87578125 0.10625 0.0875 0.08125
3 0.059375 0.8953125 0.075 0.053125
3 0.50703125 0.56796875 0.078125 0.078125
3 0.10546875 0.4453125 0.075 0.075
3 0.6359375 0.6421875 0.0765625 0.0765625
3 0.95546875 0.93671875 0.0796875 0.0578125
3 0.87421875 0.553125 0.075 0.05625
3 0.6984375 0.44140625 0.078125 0.0734375
3 0.60234375 0.8859375 0.06875 0.06875
3 0.2328125 0.5453125 0.084375 0.084375
3 0.52890625 0.175 0.0796875 0.065625
3 0.059375 0.4109375 0.0796875 0.0796875
3 0.2640625 0.5203125 0.0796875 0.0796875
3 0.725 0.75 0.075 0.059375
3 0.5390625 0.8953125 0.06875 0.06875
6 0.48359375 0.70546875 0.1 0.1
3 0.8140625 0.09375 0.05625 0.1
3 0.5328125 0.23359375 0.096875 0.0546875
3 0.040625 0.278125 0.075 0.084375
3 0.18828125 0.1265625 0.0984375 0.065625
3 0.8734375 0.7578125 0.06875 0.06875
3 0.9265625 0.7484375 0.071875 0.084375