3 0.10859375 0.71171875 0.0703125 0.1046875
3 0.8203125 0.65234375 0.0828125 0.08125
3 0.47109375 0.621875 0.09375 0.09375
3 0.5703125 0.115625 0.0953125 0.0953125
3 0.521875 0.30390625 0.075 0.0953125
3 0.66640625 0.884375 0.0828125 0.109375
3 0.1546875 0.315625 0.078125 0.096875
3 0.2109375 0.515625 0.084375 0.103125
3 0.78515625 0.2265625 0.0875 0.0890625
3 0.92734375 0.69453125 0.096875 0.096875
0 0.4 0.20234375 0.103125 0.103125
3 0.8875 0.890625 0.090625 0.090625
3 0.17734375 0.1109375 0.0734375 0.084375
3 0.29765625 0.2296875 0.09375 0.0953125
3 0.746875 0.71796875 0.075 0.0984375
3 0.7484375 0.3296875 0.071875 0.1
3 0.109375 0.05625 0.09375 0.09375
3 0.62578125 0.3890625 0.090625 0.090625
3 0.44140625 0.36640625 0.0734375 0.096875
3 0.0546875 0.3765625 0.09375 0.09375
3 0.36953125 0.39453125 0.0828125 0.1109375
3 0.94296875 0.2421875 0.0859375 0.115625
6 0.65078125 0.50078125 0.1078125 0.1078125
3 0.17578125 0.81015625 0.08125 0.08125
3 0.29375 0.146875 0.075 0.090625
3 0.9140625 0.4296875 0.0984375 0.0984375
3 0.7609375 0.08671875 0.08125 0.0984375
3 0.625 0.65859375 0.071875 0.1
5 0.24296875 0.8515625 0.109375 0.109375
3 0.178125 0.19921875 0.090625 0.0921875
3 0.10546875 0.40390625 0.103125 0.1015625
3 0.58046875 0.4625 0.0828125 0.08125
3 0.6390625 0.0453125 0.075 0.090625