3 0.27109375 0.2046875 0.0828125 0.071875
3 0.265625 0.3828125 0.078125 0.071875
3 0.18046875 0.84375 0.090625 0.090625
3 0.7921875 0.7078125 0.0890625 0.0890625
3 0.1 0.3171875 0.06875 0.06875
3 0.43828125 0.15 0.090625 0.090625
3 0.503125 0.2453125 0.0796875 0.0796875
3 0.31328125 0.45234375 0.08125 0.0796875
3 0.128125 0.15390625 0.0890625 0.0890625
3 0.5109375 0.296875 0.109375 0.05625
3 0.4265625 0.20859375 0.10625 0.0546875
3 0.2328125 0.0421875 0.0875 0.084375
3 0.76640625 0.178125 0.1015625 0.075
3 0.6 0.89375 0.109375 0.06875
3 0.31328125 0.75234375 0.084375 0.0703125
3 0.39609375 0.3953125 0.1046875 0.065625
3 0.48984375 0.7125 0.0875 0.0890625
3 0.55234375 0.1640625 0.084375 0.084375
3 0.8734375 0.6875 0.109375 0.078125
3 0.4375 0.88515625 0.0859375 0.0875
3 0.646875 0.59140625 0.0859375 0.0859375
3 0.3515625 0.18125 0.115625 0.06875
3 0.67734375 0.53125 0.06875 0.06875
3 0.91171875 0.40703125 0.0796875 0.0796875
3 0.5046875 0.6515625 0.090625 0.090625
3 0.8140625 0.40078125 0.078125 0.0765625
3 0.29609375 0.84921875 0.1109375 0.0671875
3 0.3328125 0.33125 0.096875 0.053125
3 0.23515625 0.7171875 0.090625 0.090625
3 0.9 0.5234375 0.096875 0.078125
3 0.6046875 0.5171875 0.0875 0.0875
3 0.17578125 0.6765625 0.08125 0.08125
3 0.64609375 0.41953125 0.0796875 0.0796875
3 0.54921875 0.96171875 0.1015625 0.0640625
3 0.6109375 0.6890625 0.115625 0.059375
3 0.8796875 0.871875 0.09375 0.0921875
3 0.49765625 0.03984375 0.0921875 0.0796875
3 0.33828125 0.37265625 0.071875 0.071875
3 0.5609375 0.43515625 0.1 0.1
3 0.83828125 0.58515625 0.1046875 0.0765625
3 0.3859375 0.09296875 0.09375 0.09375
3 0.74375 0.5671875 0.1 0.065625
3 0.165625 0.74375 0.0859375 0.0859375
3 0.8609375 0.7734375 0.08125 0.08125
3 0.6515625 0.190625 0.103125 0.08125