3 0.90703125 0.50078125 0.0890625 0.0890625
3 0.959375 0.39765625 0.08125 0.1140625
3 0.67890625 0.3234375 0.0828125 0.10625
3 0.590625 0.5703125 0.0875 0.115625
3 0.41796875 0.40390625 0.0984375 0.0984375
3 0.0421875 0.2703125 0.084375 0.109375
3 0.37578125 0.66640625 0.084375 0.1125
3 0.55 0.82890625 0.0921875 0.090625
3 0.071875 0.34140625 0.084375 0.1015625
3 0.82734375 0.46796875 0.0765625 0.1109375
3 0.7953125 0.2140625 0.1 0.1
3 0.909375 0.190625 0.075 0.10625
3 0.0765625 0.15859375 0.084375 0.084375
3 0.29453125 0.84921875 0.1 0.1
3 0.52578125 0.65078125 0.09375 0.09375
3 0.6859375 0.5828125 0.0921875 0.0921875
3 0.54453125 0.25859375 0.1 0.1
3 0.634375 0.12734375 0.08125 0.1078125
3 0.3734375 0.2390625 0.078125 0.0875
3 0.18125 0.77578125 0.08125 0.0953125
3 0.76796875 0.66171875 0.1 0.1
3 0.24609375 0.23671875 0.090625 0.090625
3 0.46171875 0.559375 0.0859375 0.115625
0 0.62421875 0.77734375 0.1015625 0.1140625
3 0.2296875 0.815625 0.09375 0.09375
3 0.1640625 0.54296875 0.0875 0.1078125
3 0.3296875 0.7484375 0.1046875 0.1046875
3 0.484375 0.8390625 0.1015625 0.1015625
3 0.7328125 0.7984375 0.078125 0.10625
3 0.275 0.05 0.0859375 0.084375
3 0.24609375 0.5671875 0.0921875 0.0921875
3 0.11796875 0.246875 0.1015625 0.1015625
3 0.45703125 0.934375 0.0875 0.0875
3 0.8046875 0.88984375 0.0921875 0.09375
3 0.86796875 0.08359375 0.0953125 0.0953125
3 0.10859375 0.821875 0.0828125 0.10625
3 0.12421875 0.85859375 0.0875 0.0875
3 0.771875 0.85625 0.09375 0.09375
3 0.16171875 0.37890625 0.1 0.1
3 0.7328125 0.8984375 0.0921875 0.0921875
3 0.871875 0.22578125 0.0625 0.1296875
3 0.87421875 0.7890625 0.103125 0.103125
3 0.38671875 0.05859375 0.090625 0.090625
3 0.93828125 0.75390625 0.0828125 0.1015625
3 0.9421875 0.71796875 0.071875 0.1125
3 0.7734375 0.7359375 0.078125 0.109375
3 0.921875 0.95390625 0.08125 0.0921875
3 0.0453125 0.715625 0.090625 0.090625
3 0.2921875 0.2390625 0.090625 0.090625
3 0.1421875 0.65546875 0.0875 0.1265625
3 0.1234375 0.6140625 0.0890625 0.0890625