3 0.38515625 0.63515625 0.08125 0.08125
3 0.79375 0.32734375 0.0796875 0.0796875
3 0.29375 0.1203125 0.0625 0.096875
3 0.83046875 0.42578125 0.0734375 0.0890625
3 0.34296875 0.7234375 0.078125 0.0765625
3 0.54375 0.621875 0.078125 0.078125
3 0.89375 0.1046875 0.078125 0.084375
3 0.2984375 0.4421875 0.065625 0.090625
3 0.21015625 0.39921875 0.0734375 0.0984375
3 0.68359375 0.14765625 0.0875 0.0875
3 0.90390625 0.37734375 0.0875 0.0875
3 0.91796875 0.84296875 0.0734375 0.1046875
3 0.33671875 0.18359375 0.08125 0.08125
3 0.66171875 0.63359375 0.0640625 0.0921875
3 0.21484375 0.13203125 0.06875 0.078125
3 0.5328125 0.703125 0.084375 0.078125
3 0.4625 0.27890625 0.0828125 0.084375
3 0.9078125 0.6609375 0.075 0.075
3 0.721875 0.74453125 0.0625 0.1109375
3 0.5125 0.06640625 0.08125 0.08125
3 0.9578125 0.690625 0.0828125 0.0828125
3 0.46484375 0.1265625 0.078125 0.078125
3 0.12421875 0.2046875 0.0765625 0.0765625
3 0.7984375 0.57109375 0.06875 0.1015625
3 0.60625 0.64453125 0.06875 0.0921875
3 0.371875 0.48828125 0.059375 0.115625
3 0.8515625 0.503125 0.059375 0.075
3 0.6765625 0.72890625 0.0796875 0.078125
3 0.11015625 0.58359375 0.08125 0.08125
3 0.42109375 0.70390625 0.0765625 0.0921875
3 0.378125 0.27734375 0.078125 0.078125
3 0.0828125 0.46796875 0.071875 0.071875
3 0.128125 0.31484375 0.084375 0.084375
3 0.2984375 0.2859375 0.071875 0.103125
3 0.87734375 0.5421875 0.0796875 0.08125
3 0.571875 0.08828125 0.071875 0.0890625
3 0.5765625 0.77734375 0.0890625 0.0890625
3 0.178125 0.08359375 0.08125 0.0921875
3 0.37265625 0.7921875 0.0671875 0.09375
3 0.31953125 0.93046875 0.0734375 0.0734375
3 0.925 0.0421875 0.075 0.08125
3 0.3890625 0.87734375 0.084375 0.084375
3 0.6265625 0.37265625 0.0828125 0.0828125
3 0.75625 0.25078125 0.0828125 0.084375
3 0.40546875 0.2125 0.0890625 0.0890625
3 0.9453125 0.15234375 0.0890625 0.0875
3 0.29765625 0.5203125 0.0703125 0.1
3 0.2515625 0.90078125 0.0875 0.0875
3 0.43671875 0.78671875 0.0796875 0.096875
3 0.7234375 0.37421875 0.08125 0.0921875
3 0.83203125 0.671875 0.0734375 0.1
3 0.48046875 0.3625 0.071875 0.08125
3 0.42578125 0.35078125 0.0703125 0.0703125
3 0.184375 0.76796875 0.05625 0.109375
3 0.203125 0.8671875 0.075 0.084375
3 0.678125 0.22421875 0.08125 0.08125
3 0.17578125 0.47421875 0.0765625 0.0765625
3 0.82265625 0.61328125 0.0671875 0.0890625
3 0.60078125 0.1578125 0.084375 0.084375
3 0.4765625 0.578125 0.071875 0.0875
3 0.94765625 0.48359375 0.0609375 0.0859375
3 0.28046875 0.5890625 0.0671875 0.078125
3 0.43515625 0.06640625 0.08125 0.08125
3 0.45390625 0.8734375 0.0546875 0.103125
3 0.61328125 0.74765625 0.0828125 0.0828125
3 0.1046875 0.38671875 0.075 0.0953125
3 0.7453125 0.44296875 0.071875 0.0671875
3 0.22265625 0.18828125 0.071875 0.0890625
3 0.51875 0.1578125 0.071875 0.0875
3 0.225 0.5703125 0.0734375 0.0734375
3 0.65 0.4765625 0.08125 0.08125
3 0.18671875 0.54296875 0.0765625 0.0859375
3 0.053125 0.3140625 0.090625 0.096875
3 0.20390625 0.7140625 0.078125 0.078125
3 0.9375 0.3046875 0.0765625 0.0765625
3 0.66875 0.4015625 0.0796875 0.08125
3 0.25546875 0.6484375 0.08125 0.08125
3 0.91640625 0.45859375 0.0671875 0.103125
3 0.43671875 0.49765625 0.0796875 0.1078125
3 0.55 0.190625 0.0859375 0.0859375
3 0.63984375 0.284375 0.0828125 0.0875
3 0.10234375 0.5265625 0.0796875 0.0796875
3 0.96328125 0.24921875 0.0734375 0.0796875
3 0.45859375 0.40390625 0.0875 0.0875
3 0.2265625 0.30234375 0.0828125 0.08125
3 0.559375 0.4265625 0.0625 0.103125
3 0.05234375 0.35078125 0.078125 0.1015625
3 0.7203125 0.04921875 0.06875 0.0953125
3 0.253125 0.68828125 0.078125 0.0765625