3 0.0546875 0.9359375 0.0890625 0.0890625
3 0.32734375 0.94140625 0.0828125 0.0828125
3 0.17265625 0.90625 0.1140625 0.075
3 0.1484375 0.86484375 0.075 0.075
3 0.928125 0.9296875 0.09375 0.078125
3 0.83828125 0.9625 0.1015625 0.075
3 0.81015625 0.8921875 0.078125 0.078125
3 0.7140625 0.86953125 0.1 0.0671875
3 0.1453125 0.7421875 0.103125 0.078125
3 0.13359375 0.6828125 0.0828125 0.0828125
3 0.05546875 0.7359375 0.078125 0.078125
3 0.22890625 0.6625 0.084375 0.0859375
3 0.32109375 0.628125 0.1015625 0.06875
3 0.475 0.815625 0.09375 0.06875
3 0.4453125 0.7515625 0.078125 0.0796875
3 0.565625 0.77109375 0.08125 0.08125
3 0.6046875 0.78203125 0.0890625 0.0890625
3 0.64140625 0.71796875 0.0875 0.0875
3 0.70859375 0.66640625 0.1078125 0.075
3 0.67265625 0.653125 0.08125 0.08125
3 0.58046875 0.646875 0.078125 0.078125
3 0.5515625 0.5671875 0.084375 0.071875
3 0.4453125 0.58125 0.103125 0.06875
3 0.22421875 0.565625 0.0890625 0.06875
3 0.27421875 0.5140625 0.1109375 0.065625
3 0.1296875 0.5328125 0.09375 0.065625
3 0.22109375 0.34921875 0.096875 0.06875
3 0.33671875 0.35078125 0.0890625 0.0640625
3 0.4796875 0.415625 0.090625 0.075
3 0.61796875 0.39296875 0.08125 0.08125
3 0.6953125 0.54765625 0.0875 0.0875
3 0.9375 0.559375 0.084375 0.084375
3 0.78046875 0.5078125 0.0890625 0.08125
3 0.196875 0.1078125 0.1125 0.075
3 0.30078125 0.23828125 0.08125 0.08125
3 0.3890625 0.25546875 0.0875 0.075
3 0.46484375 0.2015625 0.0796875 0.078125
3 0.940625 0.4234375 0.09375 0.053125
3 0.846875 0.396875 0.0875 0.06875
3 0.71796875 0.38125 0.096875 0.075
3 0.846875 0.1046875 0.084375 0.084375
3 0.82890625 0.234375 0.0890625 0.0875
3 0.74921875 0.259375 0.090625 0.08125
3 0.6921875 0.1546875 0.08125 0.08125
3 0.6375 0.1109375 0.0765625 0.0765625
3 0.678125 0.23203125 0.084375 0.071875
3 0.53359375 0.2890625 0.075 0.075
3 0.58515625 0.2171875 0.096875 0.0984375
1 0.53671875 0.36796875 0.1109375 0.1109375