3 0.0546875 0.0640625 0.1 0.078125
3 0.32734375 0.05859375 0.0953125 0.0703125
3 0.17265625 0.09375 0.1140625 0.075
3 0.1484375 0.13515625 0.075 0.075
3 0.928125 0.0703125 0.09375 0.078125
3 0.8390625 0.040625 0.0875 0.08125
3 0.81015625 0.1078125 0.0890625 0.065625
3 0.7140625 0.13046875 0.1 0.0671875
3 0.1453125 0.2578125 0.090625 0.090625
3 0.13359375 0.3171875 0.103125 0.0625
3 0.05546875 0.2640625 0.0890625 0.065625
3 0.22890625 0.3375 0.1015625 0.06875
3 0.32109375 0.371875 0.1015625 0.06875
3 0.475 0.184375 0.08125 0.08125
3 0.4453125 0.2484375 0.0796875 0.0796875
3 0.565625 0.22890625 0.08125 0.08125
3 0.6046875 0.21796875 0.103125 0.075
3 0.64140625 0.28203125 0.0875 0.0875
3 0.70859375 0.33359375 0.1078125 0.075
3 0.67265625 0.346875 0.08125 0.08125
3 0.58046875 0.353125 0.078125 0.078125
3 0.5515625 0.4328125 0.084375 0.071875
3 0.4453125 0.41875 0.103125 0.06875
3 0.22421875 0.434375 0.078125 0.0796875
3 0.27421875 0.4859375 0.0875 0.0890625
3 0.1296875 0.4671875 0.09375 0.065625
3 0.22109375 0.65078125 0.0828125 0.0828125
3 0.33671875 0.64921875 0.0890625 0.0640625
3 0.4796875 0.584375 0.090625 0.075
3 0.61796875 0.60703125 0.0765625 0.0859375
3 0.6953125 0.45234375 0.0875 0.0875
3 0.9375 0.440625 0.09375 0.075
3 0.78046875 0.4921875 0.0859375 0.084375
3 0.196875 0.8921875 0.1125 0.075
3 0.30078125 0.76171875 0.08125 0.08125
3 0.3890625 0.74453125 0.08125 0.08125
3 0.46484375 0.7984375 0.0796875 0.078125
3 0.940625 0.5765625 0.0734375 0.075
3 0.846875 0.603125 0.078125 0.078125
3 0.71796875 0.61875 0.096875 0.075
3 0.846875 0.8953125 0.084375 0.084375
3 0.82890625 0.765625 0.1015625 0.075
3 0.74921875 0.740625 0.090625 0.08125
3 0.6921875 0.8453125 0.090625 0.071875
3 0.6375 0.8890625 0.0875 0.065625
3 0.678125 0.76796875 0.084375 0.071875
3 0.53359375 0.7109375 0.0859375 0.0625
3 0.58515625 0.7828125 0.1109375 0.084375
1 0.53671875 0.63203125 0.1359375 0.0859375