2 0.5265625 0.590625 0.075 0.075
2 0.80625 0.90390625 0.06875 0.0890625
2 0.23359375 0.2203125 0.0640625 0.078125
2 0.0921875 0.07265625 0.071875 0.0890625
2 0.35703125 0.3703125 0.0796875 0.0796875
2 0.60703125 0.70234375 0.0859375 0.0859375
2 0.66171875 0.5921875 0.071875 0.090625
2 0.8421875 0.81015625 0.071875 0.1046875
2 0.703125 0.46328125 0.06875 0.0828125
2 0.7453125 0.7078125 0.075 0.084375
2 0.82109375 0.7140625 0.08125 0.0828125
2 0.7890625 0.54609375 0.075 0.075
2 0.67578125 0.68515625 0.0921875 0.0921875
2 0.2875 0.12578125 0.075 0.0953125
2 0.53359375 0.32578125 0.0796875 0.1
2 0.13203125 0.2890625 0.0859375 0.0859375
2 0.425 0.46484375 0.08125 0.0828125
2 0.0625 0.45234375 0.08125 0.078125
2 0.721875 0.53046875 0.090625 0.0890625
2 0.628125 0.46640625 0.0953125 0.09375
2 0.79296875 0.6375 0.0765625 0.0875
2 0.72734375 0.61953125 0.0875 0.0875
2 0.703125 0.85625 0.084375 0.084375
2 0.4546875 0.30625 0.084375 0.1
2 0.15234375 0.40859375 0.090625 0.090625
2 0.25625 0.059375 0.0796875 0.0796875
2 0.59296875 0.60234375 0.0734375 0.1078125
2 0.5578125 0.48828125 0.0953125 0.09375
2 0.3046875 0.2125 0.08125 0.103125
2 0.375 0.15625 0.08125 0.09375
2 0.1765625 0.08125 0.0921875 0.0921875
2 0.440625 0.54453125 0.0578125 0.0578125
2 0.50078125 0.415625 0.0828125 0.09375
2 0.49296875 0.5140625 0.075 0.103125
2 0.4515625 0.20859375 0.0875 0.0875
2 0.12890625 0.2046875 0.065625 0.065625
2 0.61328125 0.33359375 0.0890625 0.0890625
2 0.35078125 0.30234375 0.0859375 0.0859375
2 0.67265625 0.3875 0.08125 0.0828125
2 0.38515625 0.25078125 0.0859375 0.1078125
2 0.63515625 0.53359375 0.1 0.1
3 0.53671875 0.675 0.0921875 0.090625
3 0.77109375 0.79453125 0.09375 0.09375
3 0.42578125 0.37890625 0.096875 0.096875
3 0.68125 0.77265625 0.096875 0.0828125
3 0.58671875 0.39140625 0.09375 0.09375