3 0.63984375 0.12578125 0.0828125 0.1015625
3 0.7796875 0.6953125 0.078125 0.096875
3 0.9296875 0.3234375 0.071875 0.096875
3 0.9484375 0.43046875 0.078125 0.0875
3 0.35390625 0.396875 0.096875 0.0953125
3 0.65 0.85859375 0.0875 0.0859375
3 0.053125 0.6734375 0.075 0.109375
3 0.70703125 0.8078125 0.0796875 0.1125
3 0.2109375 0.678125 0.0796875 0.0796875
3 0.2765625 0.9015625 0.084375 0.084375
3 0.3515625 0.76171875 0.0875 0.0875
3 0.8296875 0.61328125 0.0859375 0.0875
3 0.68984375 0.4765625 0.075 0.096875
3 0.3875 0.1921875 0.071875 0.090625
3 0.12421875 0.31953125 0.090625 0.090625
3 0.2125 0.56796875 0.0875 0.0875
3 0.23515625 0.85703125 0.0796875 0.078125
3 0.43515625 0.18359375 0.0703125 0.096875