3 0.36015625 0.12578125 0.0921875 0.0921875
3 0.2203125 0.6953125 0.078125 0.096875
3 0.0703125 0.3234375 0.084375 0.084375
3 0.0515625 0.43046875 0.0828125 0.0828125
3 0.64609375 0.396875 0.096875 0.0953125
3 0.35 0.85859375 0.0875 0.0859375
3 0.946875 0.6734375 0.075 0.109375
3 0.29296875 0.8078125 0.0796875 0.1125
3 0.7890625 0.678125 0.06875 0.090625
3 0.7234375 0.9015625 0.071875 0.096875
3 0.6484375 0.76171875 0.071875 0.103125
3 0.1703125 0.61328125 0.0859375 0.0875
3 0.31015625 0.4765625 0.075 0.096875
3 0.6125 0.1921875 0.071875 0.090625
3 0.87578125 0.31953125 0.0828125 0.096875
3 0.7875 0.56796875 0.0875 0.0875
3 0.76484375 0.85703125 0.0796875 0.078125
3 0.56484375 0.18359375 0.0703125 0.096875