3 0.8015625 0.265625 0.0734375 0.0734375
6 0.709375 0.44609375 0.078125 0.0921875
3 0.5359375 0.671875 0.071875 0.096875
3 0.66875 0.7515625 0.084375 0.084375
3 0.225 0.69453125 0.06875 0.0859375
3 0.37109375 0.7390625 0.0703125 0.0703125
3 0.7703125 0.54296875 0.090625 0.090625
3 0.7609375 0.821875 0.0796875 0.0796875
3 0.675 0.08671875 0.075 0.0828125
3 0.50625 0.5140625 0.0625 0.084375
3 0.0515625 0.79375 0.071875 0.09375
3 0.91015625 0.49765625 0.0765625 0.1046875
3 0.43125 0.91171875 0.0625 0.0828125
3 0.46015625 0.66953125 0.0765625 0.0859375
3 0.89296875 0.27265625 0.071875 0.071875
3 0.14765625 0.4328125 0.0671875 0.084375
3 0.2359375 0.51875 0.06875 0.08125
3 0.7671875 0.18984375 0.0859375 0.0859375
3 0.1125 0.58515625 0.0796875 0.078125
3 0.8640625 0.90703125 0.084375 0.084375
3 0.51640625 0.42109375 0.0796875 0.096875
3 0.5265625 0.9125 0.06875 0.0703125
3 0.54296875 0.09609375 0.0796875 0.0796875
3 0.175 0.77109375 0.075 0.0859375
3 0.42421875 0.17421875 0.0765625 0.0765625
3 0.05703125 0.1671875 0.0734375 0.078125
3 0.21328125 0.1609375 0.065625 0.065625
3 0.20234375 0.36796875 0.075 0.075
3 0.50234375 0.79453125 0.0703125 0.084375
3 0.2984375 0.80390625 0.078125 0.0765625
3 0.5984375 0.915625 0.090625 0.075
3 0.7640625 0.68125 0.053125 0.0875
3 0.44375 0.35390625 0.0625 0.0859375
3 0.79140625 0.10390625 0.08125 0.08125
3 0.08671875 0.91640625 0.0703125 0.0921875
3 0.96015625 0.45078125 0.0796875 0.0796875
3 0.91875 0.34140625 0.071875 0.090625
3 0.24765625 0.8546875 0.075 0.090625
3 0.9578125 0.03984375 0.078125 0.078125
3 0.453125 0.51171875 0.06875 0.078125
3 0.8671875 0.5515625 0.0671875 0.0671875
3 0.59375 0.3234375 0.071875 0.071875
3 0.153125 0.8078125 0.065625 0.084375
3 0.8453125 0.11796875 0.06875 0.06875
3 0.7140625 0.6296875 0.0625 0.0625
3 0.40703125 0.6984375 0.0578125 0.0578125
3 0.5453125 0.34765625 0.065625 0.0796875
3 0.24296875 0.34296875 0.08125 0.08125
3 0.48359375 0.72421875 0.0609375 0.0796875
3 0.33359375 0.80625 0.08125 0.08125
3 0.8359375 0.03984375 0.075 0.075
3 0.203125 0.89765625 0.0765625 0.075
3 0.353125 0.24453125 0.078125 0.078125
3 0.3359375 0.20625 0.08125 0.08125
3 0.46953125 0.60703125 0.0765625 0.0765625
3 0.49765625 0.31015625 0.0734375 0.0734375
3 0.76015625 0.08671875 0.06875 0.06875
3 0.93359375 0.403125 0.0703125 0.08125
3 0.15546875 0.353125 0.053125 0.071875
3 0.13359375 0.921875 0.0703125 0.090625
3 0.9625 0.69453125 0.075 0.0796875
3 0.965625 0.61875 0.06875 0.071875
3 0.03359375 0.6921875 0.0640625 0.08125
4 0.17734375 0.28203125 0.1015625 0.0765625