2 0.9328125 0.4640625 0.071875 0.096875
2 0.67421875 0.66484375 0.0734375 0.0734375
2 0.84453125 0.196875 0.08125 0.08125
2 0.61171875 0.78046875 0.078125 0.078125
2 0.87890625 0.4578125 0.0734375 0.071875
2 0.70390625 0.3859375 0.071875 0.071875
2 0.34296875 0.74140625 0.0828125 0.0828125
2 0.909375 0.35 0.084375 0.084375
2 0.42734375 0.884375 0.065625 0.0875
2 0.3671875 0.82421875 0.0625 0.0859375
2 0.72421875 0.74140625 0.0828125 0.0828125
2 0.5 0.4953125 0.075 0.075
2 0.7140625 0.85859375 0.0828125 0.0828125
2 0.28125 0.684375 0.0765625 0.0765625
2 0.246875 0.42265625 0.071875 0.1015625
2 0.96015625 0.30234375 0.0671875 0.1046875
2 0.05625 0.225 0.078125 0.09375
2 0.42578125 0.6828125 0.0875 0.0875
2 0.1265625 0.1078125 0.059375 0.090625
2 0.796875 0.46953125 0.075 0.0734375
2 0.6078125 0.62734375 0.0609375 0.0609375
2 0.79921875 0.6796875 0.0875 0.0890625
2 0.4828125 0.6390625 0.065625 0.084375
2 0.821875 0.2859375 0.075 0.1
2 0.46484375 0.72421875 0.0859375 0.0875
2 0.2546875 0.53984375 0.0859375 0.0875
2 0.4234375 0.77578125 0.08125 0.08125
2 0.2140625 0.17890625 0.05625 0.08125
2 0.2171875 0.60859375 0.0890625 0.0890625
2 0.3453125 0.234375 0.0875 0.0875
2 0.71171875 0.58125 0.0875 0.0890625
2 0.0890625 0.3140625 0.0875 0.0875
2 0.26640625 0.23125 0.084375 0.0828125
2 0.5328125 0.8859375 0.075 0.096875
2 0.8296875 0.571875 0.0890625 0.0890625
2 0.5640625 0.55078125 0.065625 0.065625
2 0.74296875 0.4546875 0.0703125 0.0625
2 0.265625 0.140625 0.090625 0.090625
2 0.54921875 0.49765625 0.0609375 0.0859375
2 0.3015625 0.30078125 0.06875 0.0828125
2 0.67734375 0.7921875 0.0921875 0.0921875
2 0.11640625 0.453125 0.0921875 0.09375
2 0.73828125 0.6625 0.0734375 0.109375
2 0.0796875 0.1359375 0.071875 0.121875
2 0.49765625 0.82421875 0.0828125 0.0921875
2 0.58671875 0.22578125 0.084375 0.084375
2 0.7921875 0.36328125 0.084375 0.084375
2 0.6109375 0.85390625 0.0875 0.0875
2 0.51484375 0.6109375 0.0796875 0.078125
2 0.53828125 0.69296875 0.0796875 0.0984375
2 0.2890625 0.1703125 0.078125 0.071875
2 0.56484375 0.0921875 0.0625 0.078125
2 0.515625 0.76015625 0.0765625 0.075
2 0.1546875 0.53359375 0.084375 0.084375
2 0.0921875 0.03984375 0.0671875 0.0671875
2 0.78828125 0.60625 0.0828125 0.084375
2 0.68984375 0.4734375 0.0390625 0.078125
2 0.57890625 0.1265625 0.0703125 0.06875
2 0.18125 0.440625 0.078125 0.078125
2 0.92578125 0.06796875 0.096875 0.096875
2 0.96640625 0.38359375 0.0671875 0.0765625
2 0.0359375 0.30546875 0.071875 0.0796875
2 0.60625 0.93671875 0.078125 0.0890625
5 0.34921875 0.38203125 0.0921875 0.1203125
2 0.146875 0.18671875 0.0625 0.0890625
2 0.76328125 0.53125 0.0859375 0.1125
2 0.76484375 0.346875 0.0453125 0.09375