2 0.5359375 0.0671875 0.096875 0.071875
2 0.33515625 0.32578125 0.0734375 0.0734375
2 0.803125 0.15546875 0.08125 0.08125
2 0.21953125 0.38828125 0.078125 0.078125
2 0.5421875 0.12109375 0.090625 0.0546875
2 0.6140625 0.29609375 0.071875 0.071875
2 0.25859375 0.65703125 0.0921875 0.0734375
2 0.65 0.090625 0.084375 0.084375
2 0.115625 0.57265625 0.0875 0.065625
2 0.17578125 0.6328125 0.075 0.0734375
2 0.25859375 0.27578125 0.0828125 0.0828125
2 0.5046875 0.5 0.075 0.075
2 0.14140625 0.2859375 0.09375 0.071875
2 0.315625 0.71875 0.08125 0.071875
2 0.57734375 0.753125 0.1015625 0.071875
2 0.6984375 0.04140625 0.0875 0.0828125
2 0.775 0.94375 0.09375 0.078125
2 0.3171875 0.57421875 0.1 0.0734375
2 0.8921875 0.8734375 0.090625 0.059375
2 0.53046875 0.203125 0.0859375 0.0625
2 0.37265625 0.3921875 0.06875 0.053125
2 0.3203125 0.20078125 0.0890625 0.0875
2 0.3609375 0.5171875 0.084375 0.065625
2 0.7140625 0.178125 0.1 0.075
2 0.27578125 0.53515625 0.096875 0.0765625
2 0.46015625 0.7453125 0.0875 0.0859375
2 0.22421875 0.5765625 0.08125 0.08125
2 0.82109375 0.7859375 0.08125 0.05625
2 0.39140625 0.7828125 0.1015625 0.075
2 0.765625 0.6546875 0.0875 0.0875
2 0.41875 0.28828125 0.0890625 0.0875
2 0.6859375 0.9109375 0.0875 0.0875
2 0.76875 0.73359375 0.0875 0.0796875
2 0.1140625 0.4671875 0.0875 0.0859375
2 0.428125 0.1703125 0.0890625 0.0890625
2 0.44921875 0.4359375 0.0765625 0.053125
2 0.5453125 0.25703125 0.0671875 0.065625
2 0.859375 0.734375 0.090625 0.090625
2 0.50234375 0.45078125 0.0859375 0.0609375
2 0.69921875 0.6984375 0.075 0.075
2 0.2078125 0.32265625 0.109375 0.0765625
2 0.546875 0.88359375 0.109375 0.0765625
2 0.3375 0.26171875 0.090625 0.090625
2 0.8640625 0.9203125 0.121875 0.071875
2 0.17578125 0.50234375 0.0875 0.0875
2 0.77421875 0.41328125 0.084375 0.084375
2 0.63671875 0.2078125 0.0984375 0.06875
2 0.14609375 0.3890625 0.0875 0.0875
2 0.3890625 0.48515625 0.084375 0.075
2 0.30703125 0.46171875 0.0890625 0.0890625
2 0.8296875 0.7109375 0.075 0.075
2 0.9078125 0.43515625 0.078125 0.0625
2 0.23984375 0.484375 0.0890625 0.0625
2 0.46640625 0.8453125 0.084375 0.084375
2 0.96015625 0.9078125 0.0765625 0.05625
2 0.39375 0.21171875 0.0875 0.0796875
2 0.5265625 0.31015625 0.0578125 0.059375
2 0.8734375 0.42109375 0.06875 0.06875
2 0.559375 0.81875 0.078125 0.078125
2 0.93203125 0.07421875 0.1359375 0.05625
2 0.615625 0.02890625 0.09375 0.0578125
2 0.69453125 0.9640625 0.0796875 0.071875
2 0.06328125 0.39375 0.084375 0.084375
5 0.61796875 0.65078125 0.10625 0.10625
2 0.81328125 0.853125 0.075 0.0765625
2 0.46875 0.23671875 0.0984375 0.0984375
2 0.653125 0.23515625 0.09375 0.0453125