3 0.890625 0.1 0.0796875 0.0796875
3 0.19453125 0.9171875 0.078125 0.059375
3 0.346875 0.65546875 0.078125 0.0625
3 0.33515625 0.81796875 0.1015625 0.0671875
3 0.13984375 0.765625 0.096875 0.06875
3 0.290625 0.478125 0.0875 0.0625
3 0.77421875 0.85234375 0.090625 0.090625
3 0.8640625 0.25078125 0.084375 0.0671875
3 0.4640625 0.478125 0.0703125 0.0703125
3 0.78671875 0.396875 0.075 0.075
3 0.8859375 0.478125 0.08125 0.0625
3 0.35234375 0.2390625 0.078125 0.075
3 0.33671875 0.43125 0.0703125 0.06875
3 0.865625 0.7453125 0.071875 0.071875
3 0.271875 0.17421875 0.0765625 0.075
3 0.67265625 0.93203125 0.0984375 0.0671875
3 0.32265625 0.05625 0.071875 0.0625
3 0.58046875 0.459375 0.071875 0.071875
3 0.45703125 0.26015625 0.0796875 0.0578125
3 0.6484375 0.771875 0.084375 0.06875
3 0.4296875 0.890625 0.0875 0.0625
3 0.1015625 0.1359375 0.0703125 0.0703125
3 0.55078125 0.9078125 0.075 0.075
3 0.35859375 0.321875 0.090625 0.065625
1 0.2515625 0.7875 0.084375 0.084375
3 0.4046875 0.7015625 0.08125 0.065625
3 0.41015625 0.521875 0.075 0.05625
3 0.890625 0.3171875 0.0703125 0.0703125
3 0.46328125 0.0921875 0.071875 0.071875
3 0.8859375 0.89375 0.0703125 0.0703125
3 0.69296875 0.2125 0.0765625 0.06875
3 0.65703125 0.821875 0.0828125 0.05625
3 0.94140625 0.7390625 0.0734375 0.059375
3 0.63828125 0.059375 0.0953125 0.075
3 0.77265625 0.2078125 0.0953125 0.06875
3 0.9640625 0.48828125 0.0640625 0.0640625
3 0.8484375 0.15859375 0.084375 0.0515625
3 0.21796875 0.33125 0.0875 0.0859375
3 0.5703125 0.56640625 0.090625 0.0609375
3 0.67265625 0.4578125 0.0796875 0.065625
3 0.5359375 0.846875 0.10625 0.05625
3 0.2359375 0.54921875 0.0671875 0.065625
3 0.6453125 0.62109375 0.0640625 0.065625
3 0.52578125 0.63515625 0.084375 0.084375
3 0.5609375 0.234375 0.0671875 0.0671875
3 0.4859375 0.5984375 0.075 0.071875
3 0.58046875 0.79609375 0.071875 0.071875
3 0.72109375 0.44609375 0.0765625 0.0609375
3 0.68359375 0.7015625 0.0859375 0.05625
3 0.49765625 0.5390625 0.071875 0.071875
5 0.8703125 0.5546875 0.1 0.08125
3 0.4203125 0.8265625 0.078125 0.053125
3 0.684375 0.8796875 0.0703125 0.0703125
3 0.1265625 0.0515625 0.08125 0.053125
6 0.93828125 0.90078125 0.0796875 0.0859375
3 0.53046875 0.175 0.0765625 0.05
3 0.43203125 0.31796875 0.090625 0.0734375
3 0.5765625 0.390625 0.0640625 0.0640625
3 0.94375 0.40625 0.078125 0.046875
3 0.91484375 0.5953125 0.0671875 0.0546875
6 0.053125 0.178125 0.0875 0.0875
3 0.5375 0.35390625 0.115625 0.0640625
3 0.634375 0.18984375 0.0640625 0.065625
3 0.76953125 0.6234375 0.075 0.065625
3 0.50234375 0.76015625 0.05625 0.05625
3 0.28359375 0.7546875 0.0671875 0.053125
6 0.16171875 0.0875 0.103125 0.103125
3 0.36328125 0.9359375 0.0625 0.053125
3 0.3890625 0.04765625 0.059375 0.0484375
3 0.4921875 0.13125 0.08125 0.04375
3 0.6296875 0.40546875 0.078125 0.0609375
3 0.4984375 0.31328125 0.090625 0.0578125
3 0.58984375 0.9453125 0.0859375 0.0625
3 0.45234375 0.771875 0.059375 0.0609375
3 0.6265625 0.68203125 0.0640625 0.0625
3 0.715625 0.621875 0.05625 0.05625
3 0.49609375 0.3828125 0.0703125 0.053125
3 0.428125 0.42578125 0.090625 0.059375
3 0.4703125 0.4234375 0.071875 0.071875
3 0.59453125 0.5875 0.0953125 0.046875