3 0.42109375 0.1375 0.0671875 0.0875
3 0.72734375 0.740625 0.08125 0.0828125
3 0.85234375 0.68671875 0.071875 0.1
3 0.2578125 0.621875 0.084375 0.084375
3 0.60703125 0.30078125 0.078125 0.078125
3 0.48984375 0.23203125 0.0578125 0.0828125
3 0.05625 0.78125 0.078125 0.078125
3 0.290625 0.21171875 0.0734375 0.071875
3 0.815625 0.40546875 0.06875 0.090625
3 0.409375 0.7140625 0.090625 0.090625
3 0.6109375 0.95 0.0796875 0.0796875
3 0.06640625 0.96171875 0.0609375 0.0765625
3 0.2453125 0.4734375 0.059375 0.078125
3 0.36875 0.565625 0.0703125 0.0703125
3 0.8578125 0.23984375 0.075 0.075
3 0.29140625 0.92109375 0.0671875 0.0671875
3 0.69375 0.0828125 0.06875 0.06875
3 0.74765625 0.41328125 0.0703125 0.0953125
3 0.5265625 0.8515625 0.065625 0.084375
3 0.259375 0.0796875 0.06875 0.09375
3 0.9375 0.32265625 0.0625 0.0796875
3 0.75 0.17578125 0.0765625 0.0765625
3 0.88046875 0.9234375 0.090625 0.090625
3 0.48671875 0.0703125 0.075 0.075
3 0.678125 0.2484375 0.075 0.075
3 0.7703125 0.50859375 0.0671875 0.06875
3 0.3921875 0.36484375 0.071875 0.071875
3 0.2234375 0.2015625 0.0859375 0.0859375
3 0.221875 0.36171875 0.0703125 0.06875
3 0.340625 0.0890625 0.071875 0.071875
3 0.103125 0.29140625 0.059375 0.0796875
3 0.084375 0.403125 0.0703125 0.0703125
3 0.21484375 0.74921875 0.06875 0.0734375
3 0.3671875 0.18828125 0.059375 0.0859375
3 0.653125 0.35859375 0.0765625 0.075
3 0.290625 0.53984375 0.075 0.075
3 0.9078125 0.571875 0.059375 0.08125
3 0.2 0.83046875 0.071875 0.071875
3 0.6765625 0.8703125 0.0625 0.0625
3 0.11875 0.75078125 0.0765625 0.0765625
3 0.04296875 0.2765625 0.08125 0.0828125
3 0.53515625 0.66328125 0.0578125 0.0796875
3 0.63671875 0.70546875 0.0640625 0.084375
3 0.92578125 0.4703125 0.08125 0.0796875
3 0.79765625 0.27734375 0.06875 0.06875
3 0.6640625 0.65390625 0.059375 0.0828125
3 0.29375 0.346875 0.065625 0.071875
3 0.625 0.81015625 0.0765625 0.0765625
3 0.228125 0.93828125 0.05625 0.0734375
3 0.16796875 0.1578125 0.0578125 0.084375
3 0.48203125 0.95234375 0.0703125 0.0765625
3 0.734375 0.29921875 0.05 0.0703125
3 0.89453125 0.16796875 0.0515625 0.0671875
3 0.3171875 0.4109375 0.065625 0.078125
3 0.0984375 0.91953125 0.065625 0.078125
3 0.153125 0.20078125 0.0625 0.0828125
3 0.26484375 0.284375 0.0578125 0.08125
3 0.115625 0.121875 0.06875 0.078125
3 0.4390625 0.63046875 0.0703125 0.0703125
3 0.9328125 0.42109375 0.05 0.0921875
3 0.57109375 0.83671875 0.0734375 0.0890625
3 0.7796875 0.87578125 0.065625 0.0828125
3 0.940625 0.24921875 0.05 0.0765625
3 0.4046875 0.2625 0.0625 0.09375
3 0.04453125 0.4 0.0578125 0.075
3 0.8734375 0.08359375 0.075 0.075
3 0.1296875 0.8546875 0.0625 0.0625
3 0.4328125 0.884375 0.06875 0.06875
3 0.37734375 0.475 0.0515625 0.071875
3 0.76875 0.265625 0.0625 0.0875
3 0.0328125 0.65390625 0.065625 0.0765625
3 0.03515625 0.17265625 0.059375 0.071875
0 0.64375 0.40546875 0.0953125 0.096875
0 0.20546875 0.59140625 0.0859375 0.1109375
3 0.325 0.46953125 0.06875 0.078125
3 0.875 0.565625 0.065625 0.065625
6 0.415625 0.84453125 0.075 0.125
3 0.4734375 0.0390625 0.06875 0.078125
3 0.09375 0.10078125 0.0640625 0.0625