3 0.1375 0.57890625 0.0875 0.0671875
3 0.740625 0.27265625 0.09375 0.0703125
3 0.68671875 0.14765625 0.1 0.071875
3 0.621875 0.7421875 0.084375 0.084375
3 0.30078125 0.39296875 0.0875 0.0703125
3 0.23203125 0.51015625 0.0828125 0.0578125
3 0.78125 0.94375 0.078125 0.078125
3 0.21171875 0.709375 0.071875 0.0734375
3 0.40546875 0.184375 0.0796875 0.0796875
3 0.7140625 0.590625 0.090625 0.090625
3 0.95 0.3890625 0.0875 0.071875
3 0.96171875 0.93359375 0.06875 0.06875
3 0.4734375 0.7546875 0.06875 0.06875
3 0.565625 0.63125 0.0703125 0.0703125
3 0.23984375 0.1421875 0.084375 0.065625
3 0.92109375 0.70859375 0.0671875 0.0671875
3 0.0828125 0.30625 0.08125 0.05625
3 0.41328125 0.25234375 0.0828125 0.0828125
3 0.8515625 0.4734375 0.084375 0.065625
3 0.0796875 0.740625 0.09375 0.06875
3 0.32265625 0.0625 0.0703125 0.0703125
3 0.17578125 0.25 0.0765625 0.0765625
3 0.9234375 0.11953125 0.10625 0.0765625
3 0.0703125 0.51328125 0.075 0.075
3 0.2484375 0.321875 0.075 0.075
3 0.50859375 0.2296875 0.0765625 0.059375
3 0.36484375 0.6078125 0.084375 0.059375
3 0.2015625 0.7765625 0.0859375 0.0859375
3 0.36171875 0.778125 0.0765625 0.0625
3 0.0890625 0.659375 0.071875 0.071875
3 0.29140625 0.896875 0.06875 0.0703125
3 0.403125 0.915625 0.0703125 0.06875
3 0.74921875 0.78515625 0.0734375 0.06875
3 0.18828125 0.6328125 0.0859375 0.059375
3 0.35859375 0.346875 0.075 0.0765625
3 0.53984375 0.709375 0.078125 0.071875
3 0.571875 0.0921875 0.08125 0.059375
3 0.83046875 0.8 0.071875 0.071875
3 0.8703125 0.3234375 0.06875 0.05625
3 0.75078125 0.88125 0.0765625 0.0765625
3 0.2765625 0.95703125 0.0828125 0.08125
3 0.66328125 0.46484375 0.06875 0.06875
3 0.70546875 0.36328125 0.075 0.0734375
3 0.4703125 0.07421875 0.084375 0.0765625
3 0.27734375 0.20234375 0.0796875 0.0578125
3 0.65390625 0.3359375 0.0828125 0.059375
3 0.346875 0.70625 0.06875 0.06875
3 0.81015625 0.375 0.0765625 0.0765625
3 0.93828125 0.771875 0.0640625 0.0640625
3 0.1578125 0.83203125 0.071875 0.071875
3 0.95234375 0.51796875 0.0734375 0.0734375
3 0.29921875 0.265625 0.0609375 0.059375
3 0.16796875 0.10546875 0.0671875 0.0515625
3 0.4109375 0.6828125 0.071875 0.071875
3 0.91953125 0.9015625 0.071875 0.0734375
3 0.20078125 0.846875 0.071875 0.071875
3 0.284375 0.73515625 0.08125 0.0578125
3 0.121875 0.884375 0.078125 0.06875
3 0.63046875 0.5609375 0.071875 0.06875
3 0.42109375 0.0671875 0.0921875 0.05
3 0.83671875 0.42890625 0.0890625 0.0734375
3 0.87578125 0.2203125 0.0828125 0.065625
3 0.24921875 0.059375 0.0625 0.0640625
3 0.2625 0.5953125 0.078125 0.078125
3 0.4 0.95546875 0.075 0.0578125
3 0.08359375 0.1265625 0.0703125 0.078125
3 0.8546875 0.8703125 0.0625 0.0625
3 0.884375 0.5671875 0.08125 0.059375
3 0.475 0.62265625 0.0625 0.0625
3 0.265625 0.23125 0.075 0.075
3 0.653125 0.96640625 0.071875 0.0671875
3 0.17265625 0.96484375 0.065625 0.065625
0 0.40546875 0.35625 0.0953125 0.096875
0 0.59140625 0.79453125 0.1109375 0.0859375
3 0.46953125 0.675 0.078125 0.06875
3 0.565625 0.125 0.075 0.05625
6 0.84453125 0.584375 0.125 0.075
3 0.0390625 0.5265625 0.071875 0.0734375
3 0.10078125 0.90625 0.0625 0.0640625