3 0.71015625 0.55859375 0.0765625 0.0765625
3 0.7484375 0.81484375 0.0703125 0.0703125
3 0.9203125 0.30078125 0.0796875 0.078125
3 0.13984375 0.34765625 0.071875 0.071875
3 0.41875 0.3375 0.075 0.075
3 0.5265625 0.59921875 0.059375 0.0984375
3 0.49609375 0.8390625 0.0890625 0.0890625
3 0.3015625 0.34921875 0.084375 0.084375
3 0.0609375 0.48203125 0.0921875 0.0921875
3 0.68125 0.20859375 0.0765625 0.075
3 0.209375 0.73359375 0.065625 0.0953125
3 0.1359375 0.7265625 0.0734375 0.0734375
5 0.4078125 0.18828125 0.065625 0.1015625
3 0.1578125 0.159375 0.065625 0.10625
3 0.21640625 0.63515625 0.084375 0.084375
3 0.95546875 0.1390625 0.0640625 0.084375
3 0.91171875 0.7921875 0.0875 0.0875
3 0.196875 0.85859375 0.0859375 0.0859375
3 0.33359375 0.5390625 0.075 0.0765625
3 0.33125 0.17890625 0.0765625 0.075
3 0.18828125 0.5140625 0.0640625 0.090625
3 0.86171875 0.15625 0.0703125 0.090625
3 0.5859375 0.50546875 0.078125 0.078125
3 0.828125 0.3984375 0.0828125 0.0828125
3 0.48203125 0.1296875 0.0609375 0.0875
3 0.734375 0.64453125 0.08125 0.08125
3 0.37265625 0.4328125 0.0828125 0.0828125
3 0.5921875 0.6078125 0.06875 0.1
3 0.2640625 0.15078125 0.071875 0.0734375
3 0.82734375 0.8578125 0.0765625 0.084375
3 0.63984375 0.12578125 0.0703125 0.0765625
6 0.04765625 0.103125 0.09375 0.0921875
3 0.1578125 0.6390625 0.0765625 0.0765625
3 0.8109375 0.56171875 0.071875 0.0890625
3 0.6140625 0.40625 0.0796875 0.0796875
3 0.2234375 0.26015625 0.053125 0.0859375
3 0.1984375 0.1921875 0.065625 0.065625
3 0.34609375 0.84296875 0.071875 0.0890625
3 0.965625 0.675 0.0625 0.096875
3 0.81484375 0.22421875 0.0796875 0.0765625
3 0.43671875 0.09296875 0.0734375 0.0734375
0 0.9140625 0.92421875 0.09375 0.09375
3 0.11328125 0.1203125 0.0671875 0.090625
3 0.625 0.3421875 0.05625 0.071875