3 0.36640625 0.4953125 0.0921875 0.065625
3 0.58203125 0.48984375 0.0765625 0.0546875
3 0.91328125 0.91640625 0.090625 0.071875
3 0.33203125 0.8859375 0.0828125 0.0671875
3 0.20546875 0.50546875 0.071875 0.071875
3 0.4390625 0.7734375 0.078125 0.065625
3 0.615625 0.540625 0.084375 0.05625
3 0.86640625 0.2640625 0.06875 0.0671875
3 0.05625 0.17578125 0.0875 0.0609375
3 0.3234375 0.275 0.090625 0.06875
3 0.75 0.859375 0.075 0.05625
3 0.7171875 0.91796875 0.090625 0.05625
3 0.22109375 0.6734375 0.0875 0.065625
3 0.05703125 0.33125 0.0859375 0.0625
3 0.80546875 0.1734375 0.0671875 0.0671875
1 0.13984375 0.896875 0.096875 0.096875
3 0.6546875 0.39140625 0.08125 0.08125
3 0.27109375 0.1703125 0.0859375 0.075
3 0.38515625 0.146875 0.0921875 0.06875
3 0.7 0.78125 0.06875 0.06875
3 0.8109375 0.51328125 0.078125 0.078125
3 0.86328125 0.41953125 0.084375 0.084375
3 0.0453125 0.68359375 0.078125 0.078125
3 0.13984375 0.70703125 0.0875 0.0671875
3 0.66484375 0.8609375 0.0953125 0.0734375
3 0.425 0.6359375 0.0875 0.065625
3 0.36875 0.5984375 0.08125 0.08125
3 0.60703125 0.7921875 0.0796875 0.065625
3 0.90390625 0.51328125 0.075 0.075
3 0.640625 0.26640625 0.0796875 0.08125
3 0.75703125 0.2109375 0.0890625 0.065625
3 0.36640625 0.41640625 0.0765625 0.0765625
3 0.1625 0.403125 0.0875 0.05625
3 0.48828125 0.35703125 0.084375 0.075
3 0.76484375 0.29375 0.084375 0.06875
3 0.19296875 0.15859375 0.0765625 0.0765625
3 0.60078125 0.03046875 0.0859375 0.059375
3 0.796875 0.33203125 0.065625 0.0671875
3 0.70078125 0.3140625 0.071875 0.0703125
3 0.640625 0.10703125 0.071875 0.071875
3 0.36328125 0.79375 0.0671875 0.06875
3 0.3140625 0.753125 0.0796875 0.0796875
3 0.34765625 0.196875 0.0796875 0.05625
3 0.25 0.8671875 0.0875 0.065625
3 0.20703125 0.37578125 0.1015625 0.0640625
3 0.315625 0.36015625 0.06875 0.0734375
0 0.82890625 0.88984375 0.0875 0.0890625
3 0.6328125 0.31953125 0.071875 0.0546875
3 0.721875 0.1140625 0.075 0.059375
1 0.46796875 0.67265625 0.10625 0.10625
3 0.24296875 0.928125 0.0765625 0.053125
3 0.64140625 0.128125 0.096875 0.075