3 0.5046875 0.63359375 0.078125 0.0796875
3 0.51015625 0.41796875 0.0546875 0.0765625
3 0.08359375 0.08671875 0.08125 0.08125
3 0.1140625 0.66796875 0.075 0.0734375
3 0.49453125 0.79453125 0.071875 0.071875
3 0.2265625 0.5609375 0.065625 0.078125
3 0.459375 0.384375 0.0703125 0.0703125
3 0.7359375 0.13359375 0.0671875 0.06875
3 0.82421875 0.94375 0.0609375 0.0875
3 0.725 0.6765625 0.0796875 0.0796875
3 0.140625 0.25 0.05625 0.075
3 0.08203125 0.2828125 0.05625 0.090625
3 0.3265625 0.77890625 0.065625 0.0875
3 0.66875 0.94296875 0.0625 0.0859375
3 0.8265625 0.19453125 0.05625 0.078125
1 0.103125 0.86015625 0.096875 0.096875
3 0.60859375 0.3453125 0.0671875 0.096875
3 0.8296875 0.72890625 0.075 0.0859375
3 0.853125 0.61484375 0.06875 0.0921875
3 0.21875 0.3 0.06875 0.06875
3 0.48671875 0.1890625 0.0609375 0.096875
3 0.58046875 0.13671875 0.0734375 0.0953125
3 0.31640625 0.9546875 0.0765625 0.08125
3 0.29296875 0.86015625 0.0671875 0.0875
3 0.1390625 0.33515625 0.084375 0.084375
3 0.3640625 0.575 0.0765625 0.0765625
3 0.4015625 0.63125 0.08125 0.08125
3 0.2078125 0.39296875 0.065625 0.0796875
3 0.48671875 0.09609375 0.075 0.075
3 0.73359375 0.359375 0.08125 0.0796875
3 0.7890625 0.24296875 0.078125 0.078125
3 0.58359375 0.63359375 0.0734375 0.0796875
3 0.596875 0.8375 0.05625 0.0875
3 0.64296875 0.51171875 0.0796875 0.0796875
3 0.70625 0.23515625 0.06875 0.084375
3 0.84140625 0.80703125 0.0765625 0.0765625
3 0.96953125 0.39921875 0.059375 0.0859375
3 0.66796875 0.203125 0.0671875 0.065625
3 0.6859375 0.29921875 0.0703125 0.071875
3 0.89296875 0.359375 0.0640625 0.08125
3 0.20625 0.63671875 0.05625 0.0796875
3 0.246875 0.6859375 0.0796875 0.0796875
3 0.803125 0.65234375 0.06875 0.06875
3 0.1328125 0.75 0.0671875 0.0875
3 0.62421875 0.79296875 0.0640625 0.1015625
3 0.63984375 0.684375 0.071875 0.0703125
0 0.11015625 0.17109375 0.0890625 0.0875
3 0.68046875 0.3671875 0.0625 0.0640625
3 0.8859375 0.278125 0.059375 0.075
1 0.32734375 0.53203125 0.0953125 0.1171875
3 0.071875 0.75703125 0.065625 0.0640625
3 0.871875 0.35859375 0.075 0.096875