3 0.08515625 0.2890625 0.0828125 0.0828125
3 0.40078125 0.6109375 0.0609375 0.0875
3 0.74453125 0.64765625 0.0625 0.0859375
3 0.7984375 0.6234375 0.075 0.075
3 0.85859375 0.596875 0.0703125 0.06875
3 0.890625 0.18359375 0.06875 0.0953125
3 0.7703125 0.91640625 0.0640625 0.0953125
3 0.278125 0.6484375 0.071875 0.071875
3 0.35078125 0.2140625 0.0578125 0.078125
3 0.434375 0.521875 0.0796875 0.0796875
3 0.0890625 0.8390625 0.0765625 0.0765625
3 0.703125 0.7234375 0.06875 0.09375
3 0.80625 0.8046875 0.0765625 0.0765625
3 0.64453125 0.13046875 0.065625 0.0875
3 0.4484375 0.665625 0.065625 0.078125
3 0.32890625 0.8625 0.075 0.075
3 0.22578125 0.04453125 0.08125 0.08125
3 0.41171875 0.2609375 0.0578125 0.084375
3 0.6578125 0.784375 0.071875 0.071875
3 0.303125 0.1328125 0.065625 0.096875
3 0.8203125 0.1703125 0.0609375 0.084375
3 0.25 0.34921875 0.071875 0.0875
3 0.95 0.7171875 0.0625 0.1
3 0.275 0.153125 0.05 0.103125
3 0.09453125 0.6 0.0671875 0.09375
3 0.18828125 0.13671875 0.084375 0.084375
3 0.23046875 0.46796875 0.071875 0.071875
3 0.33515625 0.315625 0.08125 0.0875
3 0.125 0.2140625 0.075 0.084375
3 0.6703125 0.44765625 0.0625 0.0859375
3 0.93046875 0.55234375 0.0609375 0.0796875
3 0.1609375 0.85859375 0.078125 0.0796875
3 0.54375 0.11484375 0.071875 0.0703125
3 0.584375 0.87890625 0.0703125 0.06875
3 0.18828125 0.26015625 0.059375 0.0765625
3 0.4109375 0.8859375 0.065625 0.096875
3 0.51171875 0.36015625 0.0609375 0.0828125
3 0.75078125 0.16328125 0.0578125 0.0734375
3 0.8453125 0.959375 0.075 0.075
3 0.36640625 0.690625 0.0609375 0.06875
3 0.91875 0.81640625 0.0734375 0.075
3 0.8703125 0.6890625 0.0703125 0.0703125
3 0.09296875 0.65703125 0.08125 0.0796875
3 0.4953125 0.88671875 0.078125 0.075
3 0.09140625 0.13515625 0.0671875 0.065625
3 0.10234375 0.453125 0.0734375 0.08125
3 0.5296875 0.54921875 0.071875 0.0953125
3 0.39453125 0.83984375 0.06875 0.06875
3 0.3453125 0.9296875 0.053125 0.109375
3 0.5515625 0.48828125 0.0828125 0.084375
3 0.9390625 0.6609375 0.0734375 0.0734375
3 0.5734375 0.196875 0.071875 0.0875
3 0.53046875 0.4453125 0.078125 0.078125
3 0.63125 0.7203125 0.059375 0.065625
3 0.0375 0.78359375 0.0625 0.0921875
3 0.14765625 0.3578125 0.0609375 0.078125
3 0.7015625 0.89296875 0.071875 0.071875
3 0.321875 0.3984375 0.06875 0.06875
3 0.92578125 0.50078125 0.075 0.075
3 0.73046875 0.79140625 0.0734375 0.0734375
3 0.9140625 0.89765625 0.053125 0.0859375
3 0.74609375 0.5671875 0.065625 0.065625
6 0.86640625 0.32890625 0.103125 0.1046875
3 0.16484375 0.6 0.0640625 0.06875
6 0.32734375 0.76796875 0.0765625 0.1109375
3 0.72109375 0.3984375 0.0578125 0.075
3 0.621875 0.271875 0.075 0.071875
3 0.6109375 0.63359375 0.065625 0.1078125
3 0.75 0.496875 0.0625 0.0875
3 0.296875 0.7328125 0.065625 0.065625
3 0.59375 0.9140625 0.065625 0.065625
3 0.478125 0.84296875 0.071875 0.071875
3 0.3640625 0.78671875 0.053125 0.0765625
3 0.16171875 0.24921875 0.0703125 0.0703125
3 0.32578125 0.35625 0.0578125 0.08125
3 0.6375 0.2921875 0.05625 0.078125
3 0.87734375 0.73125 0.0609375 0.090625
3 0.9171875 0.86015625 0.071875 0.0703125