3 0.1984375 0.4984375 0.0703125 0.0703125
3 0.57265625 0.85703125 0.0671875 0.06875
3 0.2703125 0.5484375 0.078125 0.05625
3 0.1859375 0.33046875 0.090625 0.0609375
3 0.84453125 0.959375 0.0703125 0.06875
3 0.359375 0.77890625 0.0765625 0.0765625
3 0.85546875 0.59375 0.0828125 0.08125
3 0.65859375 0.846875 0.1 0.08125
3 0.46953125 0.1859375 0.0859375 0.0625
3 0.9015625 0.4359375 0.0765625 0.0765625
3 0.27109375 0.93671875 0.0890625 0.075
3 0.5046875 0.67578125 0.0734375 0.0734375
3 0.7359375 0.13671875 0.1 0.0734375
3 0.29140625 0.6125 0.0828125 0.0625
3 0.1765625 0.16875 0.0875 0.06875
6 0.715625 0.2125 0.1 0.0875
3 0.36640625 0.14296875 0.071875 0.071875
3 0.60390625 0.6421875 0.0921875 0.065625
3 0.37109375 0.4 0.06875 0.0671875
3 0.46640625 0.934375 0.0765625 0.0765625
6 0.75703125 0.840625 0.0890625 0.0890625
3 0.5390625 0.30234375 0.0796875 0.0796875
3 0.54765625 0.140625 0.071875 0.065625
3 0.24453125 0.7953125 0.0796875 0.078125
3 0.45703125 0.5625 0.0734375 0.075
3 0.76484375 0.34609375 0.0859375 0.078125
3 0.49296875 0.83515625 0.0859375 0.0859375
3 0.7484375 0.9078125 0.075 0.075
3 0.2828125 0.14375 0.084375 0.0875
3 0.60859375 0.2609375 0.0734375 0.0734375
3 0.37734375 0.0953125 0.0625 0.0640625
3 0.3671875 0.9453125 0.08125 0.0625
3 0.9015625 0.85234375 0.071875 0.05625
3 0.3953125 0.553125 0.078125 0.0625
1 0.759375 0.7484375 0.1 0.096875
3 0.115625 0.50234375 0.065625 0.065625
3 0.04765625 0.353125 0.0921875 0.065625
3 0.95390625 0.91796875 0.0671875 0.0671875
3 0.153125 0.81484375 0.0625 0.0640625
3 0.671875 0.40546875 0.06875 0.0484375
3 0.05546875 0.8734375 0.0703125 0.06875
3 0.72421875 0.68046875 0.0734375 0.0609375
3 0.2203125 0.55546875 0.0671875 0.0671875
3 0.83671875 0.84296875 0.0703125 0.0796875
3 0.33359375 0.56640625 0.059375 0.059375