3 0.1984375 0.5015625 0.0703125 0.0703125
3 0.57265625 0.14296875 0.0765625 0.059375
3 0.2703125 0.4515625 0.078125 0.05625
3 0.1859375 0.66953125 0.075 0.0765625
3 0.84453125 0.040625 0.0796875 0.059375
3 0.359375 0.22109375 0.0875 0.065625
3 0.85546875 0.40625 0.0890625 0.075
3 0.65859375 0.153125 0.090625 0.090625
3 0.46953125 0.8140625 0.0734375 0.075
3 0.9015625 0.5640625 0.0765625 0.0765625
3 0.27109375 0.06328125 0.0890625 0.075
3 0.5046875 0.32421875 0.0734375 0.0734375
3 0.7359375 0.86328125 0.0875 0.0875
3 0.29140625 0.3875 0.0828125 0.0625
3 0.1765625 0.83125 0.078125 0.078125
6 0.715625 0.7875 0.09375 0.09375
3 0.36640625 0.85703125 0.0828125 0.0609375
3 0.60390625 0.3578125 0.0796875 0.0796875
3 0.37109375 0.6 0.0734375 0.0625
3 0.46640625 0.065625 0.0796875 0.075
6 0.75703125 0.159375 0.0890625 0.0890625
3 0.5390625 0.69765625 0.090625 0.0703125
3 0.54765625 0.859375 0.06875 0.06875
3 0.24453125 0.2046875 0.0921875 0.065625
3 0.45703125 0.4375 0.0734375 0.075
3 0.76484375 0.65390625 0.08125 0.08125
3 0.49296875 0.16484375 0.0953125 0.0765625
3 0.7484375 0.0921875 0.084375 0.065625
3 0.2828125 0.85625 0.0875 0.0859375
3 0.60859375 0.7390625 0.0734375 0.0734375
3 0.37734375 0.9046875 0.0625 0.0640625
3 0.3671875 0.0546875 0.08125 0.0625
3 0.9015625 0.14765625 0.071875 0.05625
3 0.3953125 0.446875 0.0703125 0.0703125
1 0.759375 0.2515625 0.0984375 0.0984375
3 0.115625 0.49765625 0.065625 0.065625
3 0.04765625 0.646875 0.0921875 0.065625
3 0.95390625 0.08203125 0.0671875 0.0671875
3 0.153125 0.18515625 0.0625 0.0625
3 0.671875 0.59453125 0.06875 0.0484375
3 0.05546875 0.1265625 0.06875 0.06875
3 0.72421875 0.31953125 0.0734375 0.0609375
3 0.2203125 0.44453125 0.065625 0.0671875
3 0.83671875 0.15703125 0.075 0.075
3 0.33359375 0.43359375 0.0671875 0.0515625