3 0.59375 0.615625 0.08125 0.0625
3 0.2828125 0.76875 0.06875 0.06875
3 0.41484375 0.3125 0.0765625 0.059375
3 0.48515625 0.4359375 0.0796875 0.05625
3 0.14609375 0.1046875 0.071875 0.071875
3 0.71796875 0.65546875 0.084375 0.084375
3 0.37421875 0.2078125 0.071875 0.071875
3 0.15625 0.634375 0.0859375 0.084375
3 0.709375 0.23359375 0.090625 0.0734375
4 0.17578125 0.240625 0.1015625 0.06875
4 0.384375 0.80703125 0.1125 0.0671875
3 0.09609375 0.28828125 0.0734375 0.0734375
3 0.2546875 0.6484375 0.0875 0.0625
3 0.43203125 0.9234375 0.071875 0.0734375
3 0.365625 0.48515625 0.103125 0.0765625
3 0.06171875 0.090625 0.0828125 0.065625
3 0.91015625 0.84296875 0.06875 0.06875
3 0.75 0.35859375 0.0765625 0.078125
3 0.63203125 0.728125 0.084375 0.0625
3 0.684375 0.4265625 0.075 0.06875
3 0.5015625 0.54296875 0.084375 0.084375
3 0.28984375 0.5109375 0.0890625 0.059375
3 0.2859375 0.290625 0.0875 0.071875
3 0.453125 0.746875 0.084375 0.0625
3 0.90546875 0.60859375 0.0765625 0.0765625
3 0.37578125 0.41796875 0.075 0.075
3 0.1546875 0.17578125 0.0703125 0.0703125
3 0.8640625 0.5359375 0.084375 0.06875
3 0.821875 0.4546875 0.0765625 0.0765625
3 0.46171875 0.059375 0.0765625 0.0625
3 0.70703125 0.14453125 0.090625 0.0640625
3 0.434375 0.59765625 0.08125 0.0828125
3 0.90625 0.365625 0.0875 0.071875
3 0.82109375 0.74375 0.0765625 0.0765625
3 0.796875 0.22109375 0.08125 0.0828125
3 0.52578125 0.71953125 0.0765625 0.0734375
3 0.81953125 0.1328125 0.0875 0.059375
2 0.51328125 0.1890625 0.09375 0.09375
3 0.90078125 0.921875 0.078125 0.078125
3 0.1953125 0.796875 0.075 0.075
3 0.57890625 0.4125 0.0828125 0.065625
3 0.38125 0.16015625 0.0875 0.075
3 0.67421875 0.765625 0.0703125 0.0703125
3 0.3015625 0.9546875 0.096875 0.0625
3 0.621875 0.08671875 0.0765625 0.0765625
3 0.59375 0.346875 0.071875 0.071875
3 0.259375 0.3484375 0.0796875 0.0796875
3 0.5859375 0.315625 0.0765625 0.0765625
3 0.63203125 0.82109375 0.065625 0.065625
3 0.75 0.7515625 0.0875 0.071875
3 0.6140625 0.14375 0.065625 0.065625
3 0.3421875 0.33125 0.084375 0.075
3 0.371875 0.0390625 0.090625 0.0625
3 0.07734375 0.91953125 0.075 0.075
3 0.1484375 0.546875 0.084375 0.05625
3 0.65078125 0.39921875 0.0765625 0.0578125
3 0.18984375 0.9453125 0.0734375 0.075
3 0.10078125 0.71875 0.0703125 0.071875
3 0.24765625 0.93125 0.0765625 0.0765625
3 0.31328125 0.3875 0.075 0.075
3 0.4671875 0.49453125 0.078125 0.078125
3 0.15 0.721875 0.08125 0.059375
3 0.0609375 0.95 0.071875 0.071875
3 0.08671875 0.96171875 0.0828125 0.0765625
3 0.52734375 0.2359375 0.09375 0.0921875
3 0.24609375 0.0328125 0.0890625 0.065625
3 0.29140625 0.084375 0.0828125 0.06875
3 0.29921875 0.04140625 0.0625 0.0703125
3 0.35234375 0.08359375 0.0796875 0.0640625