3 0.6109375 0.91953125 0.078125 0.078125
3 0.74375 0.52265625 0.0828125 0.0828125
3 0.2703125 0.67734375 0.075 0.0953125
3 0.4828125 0.31328125 0.08125 0.0828125
3 0.821875 0.86796875 0.0765625 0.078125
3 0.34296875 0.35703125 0.0734375 0.0796875
3 0.8640625 0.92578125 0.05625 0.0828125
3 0.42109375 0.8171875 0.071875 0.103125
3 0.3484375 0.9234375 0.0765625 0.0765625
3 0.4046875 0.390625 0.078125 0.078125
3 0.91328125 0.3625 0.0828125 0.10625
3 0.115625 0.37265625 0.0875 0.0875
3 0.71171875 0.05078125 0.0875 0.0875
3 0.11171875 0.17265625 0.078125 0.1015625
3 0.3703125 0.71015625 0.0875 0.0875
3 0.421875 0.45859375 0.0890625 0.0875