3 0.07578125 0.62421875 0.0859375 0.0859375
3 0.93203125 0.75234375 0.0921875 0.0671875
3 0.0859375 0.80625 0.090625 0.06875
3 0.7109375 0.18828125 0.084375 0.084375
3 0.075 0.7015625 0.084375 0.084375
3 0.24609375 0.175 0.0796875 0.08125
3 0.71484375 0.9015625 0.08125 0.0828125
3 0.809375 0.7828125 0.08125 0.0625
3 0.88046875 0.44375 0.0921875 0.06875
3 0.65234375 0.2453125 0.084375 0.084375
3 0.2609375 0.3296875 0.090625 0.065625
3 0.81171875 0.384375 0.0953125 0.0625
3 0.47890625 0.528125 0.0953125 0.06875
3 0.89921875 0.88515625 0.0859375 0.0625
3 0.32890625 0.2 0.0859375 0.0625
3 0.3671875 0.35234375 0.0765625 0.0765625
3 0.3734375 0.42265625 0.0765625 0.0765625
3 0.06484375 0.05625 0.0890625 0.0625
3 0.934375 0.1765625 0.084375 0.059375
3 0.54609375 0.70625 0.078125 0.078125
3 0.1328125 0.303125 0.0796875 0.0796875
3 0.528125 0.346875 0.071875 0.071875
3 0.06484375 0.2359375 0.0875 0.065625
3 0.5859375 0.4046875 0.1 0.065625
3 0.6078125 0.30703125 0.09375 0.0640625
3 0.27734375 0.94453125 0.078125 0.078125
3 0.38359375 0.80859375 0.1015625 0.06875
3 0.66796875 0.371875 0.0765625 0.0765625
3 0.23046875 0.5640625 0.0734375 0.075
3 0.44296875 0.05859375 0.084375 0.084375
3 0.32578125 0.06484375 0.0875 0.0875
3 0.11796875 0.14921875 0.0734375 0.0734375
3 0.15078125 0.07421875 0.078125 0.078125
3 0.7640625 0.44375 0.0625 0.0625
3 0.9359375 0.3484375 0.09375 0.065625
3 0.540625 0.1171875 0.090625 0.071875
3 0.25078125 0.41640625 0.075 0.075
3 0.0640625 0.52578125 0.0828125 0.0828125
3 0.803125 0.14765625 0.071875 0.071875
3 0.63828125 0.1375 0.08125 0.0796875
3 0.34375 0.884375 0.1 0.0625
3 0.21640625 0.90546875 0.0703125 0.0703125
3 0.86953125 0.23125 0.078125 0.0796875
3 0.74296875 0.63125 0.08125 0.08125
3 0.63203125 0.96171875 0.0796875 0.0765625
3 0.23203125 0.10234375 0.0921875 0.0671875
3 0.11953125 0.9359375 0.078125 0.078125
3 0.24140625 0.49140625 0.084375 0.0609375
3 0.45234375 0.3875 0.078125 0.0765625
3 0.309375 0.73203125 0.09375 0.0640625
3 0.753125 0.7328125 0.0796875 0.0796875
3 0.14453125 0.5578125 0.08125 0.08125
3 0.3984375 0.728125 0.075 0.075
3 0.21640625 0.79921875 0.0765625 0.0609375
3 0.46796875 0.45 0.0859375 0.0859375
3 0.18203125 0.74140625 0.1046875 0.0671875
3 0.7921875 0.28125 0.0875 0.0875
3 0.1640625 0.65 0.08125 0.075
3 0.51171875 0.22890625 0.0921875 0.0703125
3 0.40390625 0.1515625 0.0796875 0.0796875
3 0.8546875 0.309375 0.0828125 0.0828125
3 0.38359375 0.27421875 0.0875 0.0875
3 0.5109375 0.925 0.06875 0.06875
3 0.4640625 0.3046875 0.084375 0.084375
3 0.29921875 0.80078125 0.0796875 0.0703125
3 0.36640625 0.4890625 0.078125 0.0796875
3 0.5828125 0.82109375 0.09375 0.0640625
3 0.60703125 0.74609375 0.078125 0.078125
3 0.36171875 0.64921875 0.075 0.075
3 0.12421875 0.88046875 0.0828125 0.0671875
3 0.43671875 0.5890625 0.0828125 0.065625
3 0.95234375 0.8234375 0.0734375 0.075
3 0.53984375 0.0359375 0.0734375 0.071875
3 0.54765625 0.47421875 0.0828125 0.0734375
3 0.37109375 0.54140625 0.071875 0.071875
3 0.915625 0.03828125 0.084375 0.0765625
3 0.67890625 0.503125 0.096875 0.096875
3 0.29609375 0.60078125 0.071875 0.071875
3 0.61171875 0.4734375 0.0765625 0.075
6 0.3640625 0.5921875 0.0765625 0.0765625