3 0.86875 0.85234375 0.08125 0.0671875
3 0.30390625 0.53359375 0.084375 0.0640625
3 0.92421875 0.69296875 0.08125 0.08125
3 0.69609375 0.10078125 0.075 0.075
3 0.08359375 0.7828125 0.078125 0.078125
3 0.8984375 0.3265625 0.0734375 0.0734375
3 0.77890625 0.6328125 0.0875 0.0875
3 0.58984375 0.70078125 0.09375 0.09375
3 0.353125 0.9234375 0.0875 0.065625
3 0.08671875 0.34140625 0.096875 0.0640625
3 0.85625 0.4765625 0.09375 0.06875
3 0.84296875 0.5640625 0.0828125 0.0828125
3 0.6375 0.41796875 0.103125 0.0765625
3 0.0640625 0.7046875 0.090625 0.06875
3 0.64140625 0.934375 0.1046875 0.08125
3 0.8171875 0.7421875 0.0765625 0.0765625
3 0.1671875 0.57265625 0.090625 0.0640625
3 0.93671875 0.6046875 0.0828125 0.078125
3 0.0703125 0.1484375 0.0828125 0.0828125
3 0.45546875 0.68984375 0.0859375 0.0875
3 0.1390625 0.2203125 0.1 0.071875
3 0.921875 0.415625 0.090625 0.065625
3 0.1734375 0.3015625 0.096875 0.071875
3 0.8640625 0.0671875 0.065625 0.065625
3 0.2484375 0.7171875 0.084375 0.084375
3 0.64140625 0.30625 0.0875 0.0875
3 0.63984375 0.18828125 0.0859375 0.0859375
3 0.12578125 0.078125 0.0875 0.0859375
3 0.30390625 0.2375 0.075 0.075
3 0.296875 0.16171875 0.0953125 0.096875
3 0.10859375 0.903125 0.0765625 0.065625
3 0.05859375 0.20078125 0.0703125 0.0703125
3 0.94140625 0.496875 0.08125 0.08125
3 0.05546875 0.27265625 0.084375 0.084375
3 0.046875 0.54375 0.09375 0.06875
3 0.23125 0.640625 0.090625 0.090625
3 0.46484375 0.2546875 0.1046875 0.078125
3 0.2578125 0.94375 0.0671875 0.0671875
3 0.08203125 0.4421875 0.1015625 0.065625
3 0.15703125 0.440625 0.0859375 0.075
3 0.32109375 0.77578125 0.0953125 0.0703125
3 0.490625 0.95078125 0.0828125 0.08125
3 0.728125 0.3140625 0.0625 0.05625
3 0.5265625 0.25390625 0.10625 0.08125
3 0.3921875 0.62578125 0.096875 0.0734375
3 0.0359375 0.9015625 0.065625 0.08125
3 0.08828125 0.96796875 0.0703125 0.0640625
5 0.58203125 0.5375 0.1203125 0.09375
3 0.159375 0.6609375 0.1 0.071875