3 0.14765625 0.13125 0.075 0.075
3 0.46640625 0.69609375 0.0640625 0.084375
3 0.30703125 0.07578125 0.0703125 0.0921875
3 0.89921875 0.30390625 0.0625 0.0859375
3 0.2171875 0.91640625 0.078125 0.078125
3 0.6734375 0.1015625 0.0734375 0.0734375
3 0.3671875 0.22109375 0.071875 0.1046875
3 0.29921875 0.41015625 0.078125 0.1078125
3 0.0765625 0.646875 0.065625 0.0875
3 0.65859375 0.91328125 0.0796875 0.08125
3 0.5234375 0.14375 0.06875 0.09375
3 0.4359375 0.15703125 0.071875 0.0953125
3 0.58203125 0.3625 0.090625 0.090625
3 0.2953125 0.9359375 0.06875 0.090625
3 0.065625 0.35859375 0.08125 0.1046875
3 0.2578125 0.1828125 0.065625 0.0875
3 0.42734375 0.8328125 0.078125 0.0765625
3 0.3953125 0.06328125 0.078125 0.0828125
3 0.8515625 0.9296875 0.0828125 0.0828125
3 0.31015625 0.54453125 0.071875 0.1015625
3 0.7796875 0.8609375 0.0859375 0.0859375
3 0.584375 0.078125 0.065625 0.090625
3 0.6984375 0.8265625 0.071875 0.096875
3 0.9328125 0.1359375 0.065625 0.065625
3 0.2828125 0.7515625 0.084375 0.084375
3 0.69375 0.35859375 0.0875 0.0890625
3 0.81171875 0.36015625 0.0765625 0.0953125
3 0.921875 0.87421875 0.0859375 0.0875
3 0.7625 0.69609375 0.075 0.075
3 0.83828125 0.703125 0.096875 0.0953125
3 0.096875 0.89140625 0.071875 0.0703125
3 0.79921875 0.94140625 0.0578125 0.0828125
3 0.503125 0.05859375 0.08125 0.08125
3 0.72734375 0.94453125 0.0671875 0.1015625
3 0.45625 0.953125 0.06875 0.09375
3 0.359375 0.76875 0.090625 0.090625
3 0.7453125 0.53515625 0.078125 0.1046875
3 0.05625 0.7421875 0.0671875 0.0671875
3 0.5578125 0.91796875 0.065625 0.1015625
3 0.559375 0.84296875 0.08125 0.08125
3 0.22421875 0.67890625 0.0828125 0.0828125
3 0.04921875 0.509375 0.08125 0.0828125
3 0.6859375 0.271875 0.059375 0.059375
3 0.74609375 0.4734375 0.08125 0.10625
3 0.37421875 0.6078125 0.0734375 0.096875
3 0.0984375 0.9640625 0.08125 0.065625
3 0.03203125 0.91171875 0.0640625 0.0703125
5 0.4625 0.41796875 0.09375 0.1203125
3 0.3390625 0.840625 0.0859375 0.0859375