3 0.43515625 0.67578125 0.084375 0.0703125
3 0.6296875 0.278125 0.084375 0.071875
3 0.721875 0.375 0.0875 0.0625
3 0.33046875 0.9453125 0.0984375 0.078125
3 0.82265625 0.365625 0.08125 0.0796875
3 0.30234375 0.19765625 0.0890625 0.0765625
3 0.090625 0.2125 0.096875 0.065625
3 0.68984375 0.53515625 0.0890625 0.0765625
3 0.2078125 0.2453125 0.084375 0.084375
3 0.0859375 0.31015625 0.090625 0.0703125
3 0.08671875 0.14140625 0.0796875 0.0796875
3 0.81484375 0.49765625 0.096875 0.0640625
3 0.81640625 0.9234375 0.0828125 0.0828125
3 0.43828125 0.296875 0.09375 0.0921875
3 0.47109375 0.8390625 0.0890625 0.0875
3 0.34765625 0.628125 0.0984375 0.06875
3 0.24609375 0.49140625 0.084375 0.084375
3 0.72109375 0.8046875 0.090625 0.078125
3 0.5234375 0.52265625 0.0953125 0.0953125
3 0.1734375 0.421875 0.090625 0.090625
3 0.10234375 0.80234375 0.1125 0.0640625
3 0.60390625 0.7828125 0.0953125 0.0625
3 0.64140625 0.759375 0.090625 0.090625
5 0.58515625 0.09609375 0.109375 0.1078125
0 0.8109375 0.56875 0.121875 0.08125
0 0.58984375 0.90625 0.1203125 0.0875