3 0.53125 0.80859375 0.078125 0.090625
3 0.24921875 0.834375 0.06875 0.09375
3 0.759375 0.22578125 0.059375 0.078125
3 0.4078125 0.11015625 0.05625 0.078125
3 0.71875 0.4859375 0.078125 0.078125
3 0.46328125 0.37890625 0.0734375 0.0953125
3 0.5765625 0.21015625 0.071875 0.090625
3 0.353125 0.47421875 0.0765625 0.0765625
3 0.64296875 0.18203125 0.08125 0.08125
3 0.51171875 0.6828125 0.075 0.075
3 0.7296875 0.07265625 0.0875 0.0875
3 0.5421875 0.4796875 0.071875 0.0703125
3 0.1203125 0.49140625 0.059375 0.078125
3 0.0515625 0.4921875 0.065625 0.090625
3 0.41015625 0.865625 0.053125 0.075
3 0.8234375 0.64609375 0.059375 0.075
3 0.85234375 0.15234375 0.0640625 0.078125
3 0.3875 0.39609375 0.0859375 0.0859375
3 0.15 0.40546875 0.0734375 0.0734375
3 0.1125 0.59765625 0.059375 0.0828125
3 0.5296875 0.353125 0.059375 0.090625
6 0.6515625 0.09453125 0.084375 0.0859375
3 0.1078125 0.2 0.059375 0.09375
3 0.265625 0.18046875 0.065625 0.0765625
3 0.31328125 0.3859375 0.075 0.0734375
3 0.6140625 0.47578125 0.06875 0.0703125
3 0.5890625 0.6734375 0.065625 0.065625
3 0.359375 0.76953125 0.0796875 0.0796875
3 0.49765625 0.5515625 0.06875 0.09375
3 0.2953125 0.91875 0.075 0.09375
3 0.26015625 0.26953125 0.0734375 0.0734375
3 0.675 0.4328125 0.0734375 0.0734375
3 0.71796875 0.7609375 0.08125 0.08125
3 0.121875 0.68359375 0.06875 0.0703125
3 0.31953125 0.946875 0.0640625 0.08125
3 0.890625 0.34453125 0.0625 0.0640625
3 0.69453125 0.62265625 0.084375 0.084375
3 0.9359375 0.06953125 0.06875 0.06875
3 0.78203125 0.7578125 0.059375 0.0609375
3 0.43125 0.58984375 0.0625 0.0890625
3 0.903125 0.24765625 0.0671875 0.0671875
3 0.69375 0.93828125 0.05625 0.075
3 0.6734375 0.34921875 0.0625 0.0640625
3 0.684375 0.6640625 0.06875 0.084375
3 0.6578125 0.72578125 0.0671875 0.0671875
3 0.29140625 0.75703125 0.075 0.075
3 0.45546875 0.82578125 0.0578125 0.0765625
3 0.29296875 0.459375 0.0484375 0.08125
3 0.6171875 0.81015625 0.0625 0.0625
3 0.66875 0.54296875 0.065625 0.065625
3 0.7890625 0.43203125 0.06875 0.0921875
3 0.24140625 0.52421875 0.0625 0.0625
3 0.46484375 0.1 0.059375 0.059375
3 0.059375 0.3453125 0.0640625 0.0640625
3 0.2140625 0.728125 0.0484375 0.06875
3 0.18359375 0.65625 0.065625 0.0640625
3 0.19609375 0.4609375 0.059375 0.0609375
3 0.834375 0.73984375 0.06875 0.0671875
3 0.18671875 0.87578125 0.0625 0.0890625
3 0.540625 0.88828125 0.0671875 0.0671875
3 0.3359375 0.15390625 0.0765625 0.075
3 0.1046875 0.80078125 0.0609375 0.0609375
3 0.59765625 0.5703125 0.065625 0.065625
3 0.22734375 0.1234375 0.0640625 0.0625
3 0.0671875 0.93046875 0.0734375 0.0734375
3 0.14453125 0.29921875 0.0546875 0.0734375
3 0.37578125 0.2046875 0.0515625 0.071875
3 0.16484375 0.8453125 0.0828125 0.08125
3 0.85390625 0.4078125 0.059375 0.059375
3 0.0875 0.409375 0.0640625 0.0640625
6 0.58828125 0.92734375 0.096875 0.096875
3 0.93828125 0.48046875 0.06875 0.06875
3 0.39375 0.52109375 0.05 0.0703125
3 0.6 0.7453125 0.0609375 0.0609375
3 0.43046875 0.63046875 0.0640625 0.0859375
3 0.96328125 0.321875 0.0734375 0.08125
3 0.725 0.8859375 0.05 0.06875
3 0.0953125 0.07109375 0.075 0.0734375
3 0.0453125 0.284375 0.06875 0.08125
3 0.92421875 0.72890625 0.0625 0.0859375
3 0.1234375 0.88515625 0.065625 0.065625
3 0.77578125 0.5359375 0.0578125 0.0875
3 0.053125 0.63125 0.0734375 0.0734375
3 0.78984375 0.29375 0.046875 0.06875
3 0.5609375 0.03828125 0.053125 0.0671875
6 0.14765625 0.1609375 0.0953125 0.109375
3 0.38671875 0.6484375 0.0609375 0.065625
3 0.0796875 0.7390625 0.053125 0.065625
3 0.14296875 0.75234375 0.0609375 0.071875
3 0.5890625 0.2875 0.053125 0.0625
3 0.9515625 0.4109375 0.0640625 0.0640625
3 0.9296875 0.63046875 0.059375 0.0609375
3 0.05703125 0.24140625 0.0625 0.0625
3 0.2671875 0.509375 0.053125 0.071875
3 0.08671875 0.94609375 0.0578125 0.0828125
3 0.04921875 0.1171875 0.05625 0.05625
3 0.065625 0.690625 0.05 0.05625
3 0.87890625 0.91015625 0.0578125 0.05625
3 0.94296875 0.871875 0.06875 0.06875
3 0.9234375 0.9015625 0.053125 0.084375
3 0.9078125 0.775 0.084375 0.109375
3 0.6328125 0.62734375 0.05 0.0671875
3 0.7421875 0.36484375 0.059375 0.059375
3 0.74375 0.2984375 0.046875 0.071875
3 0.75 0.4234375 0.0734375 0.0734375
3 0.90234375 0.37109375 0.06875 0.06875
3 0.58671875 0.33828125 0.0546875 0.0734375
3 0.46015625 0.03203125 0.0578125 0.0578125