3 0.53125 0.19140625 0.084375 0.084375
3 0.24921875 0.165625 0.08125 0.08125
3 0.759375 0.77421875 0.059375 0.078125
3 0.4078125 0.88984375 0.0671875 0.0671875
3 0.71875 0.5140625 0.065625 0.090625
3 0.46328125 0.62109375 0.0734375 0.0953125
3 0.5765625 0.78984375 0.071875 0.090625
3 0.353125 0.52578125 0.0765625 0.0765625
3 0.64296875 0.81796875 0.08125 0.08125
3 0.51171875 0.3171875 0.075 0.075
3 0.7296875 0.92734375 0.075 0.0984375
3 0.5421875 0.5203125 0.0703125 0.0703125
3 0.1203125 0.50859375 0.059375 0.078125
3 0.0515625 0.5078125 0.078125 0.078125
3 0.41015625 0.134375 0.053125 0.075
3 0.8234375 0.35390625 0.0671875 0.0671875
3 0.85234375 0.84765625 0.0640625 0.078125
3 0.3875 0.60390625 0.0859375 0.0859375
3 0.15 0.59453125 0.065625 0.0796875
3 0.1125 0.40234375 0.059375 0.0828125
3 0.5296875 0.646875 0.075 0.075
6 0.6515625 0.90546875 0.084375 0.0859375
3 0.1078125 0.8 0.059375 0.09375
3 0.265625 0.81953125 0.071875 0.071875
3 0.31328125 0.6140625 0.0703125 0.078125
3 0.6140625 0.52421875 0.06875 0.0703125
3 0.5890625 0.3265625 0.065625 0.065625
3 0.359375 0.23046875 0.075 0.0859375
3 0.49765625 0.4484375 0.06875 0.09375
3 0.2953125 0.08125 0.075 0.09375
3 0.26015625 0.73046875 0.0734375 0.0734375
3 0.675 0.5671875 0.075 0.0734375
3 0.71796875 0.2390625 0.071875 0.090625
3 0.121875 0.31640625 0.06875 0.06875
3 0.31953125 0.053125 0.0640625 0.08125
3 0.890625 0.65546875 0.0625 0.0640625
3 0.69453125 0.37734375 0.084375 0.084375
3 0.9359375 0.93046875 0.065625 0.0734375
3 0.78203125 0.2421875 0.0515625 0.06875
3 0.43125 0.41015625 0.0625 0.0890625
3 0.903125 0.75234375 0.0671875 0.0671875
3 0.69375 0.06171875 0.05625 0.075
3 0.6734375 0.65078125 0.05625 0.0703125
3 0.684375 0.3359375 0.0765625 0.0765625
3 0.6578125 0.27421875 0.0671875 0.0671875
3 0.29140625 0.24296875 0.071875 0.0765625
3 0.45546875 0.17421875 0.0671875 0.0671875
3 0.29296875 0.540625 0.0484375 0.08125
3 0.6171875 0.18984375 0.053125 0.071875
3 0.66875 0.45703125 0.05625 0.075
3 0.7890625 0.56796875 0.06875 0.0921875
3 0.24140625 0.47578125 0.0546875 0.0703125
3 0.46484375 0.9 0.0484375 0.06875
3 0.059375 0.6546875 0.05625 0.071875
3 0.2140625 0.271875 0.046875 0.06875
3 0.18359375 0.34375 0.0578125 0.071875
3 0.19609375 0.5390625 0.0546875 0.065625
3 0.834375 0.26015625 0.06875 0.0671875
3 0.18671875 0.12421875 0.0625 0.0890625
3 0.540625 0.11171875 0.059375 0.075
3 0.3359375 0.84609375 0.059375 0.0921875
3 0.1046875 0.19921875 0.0609375 0.0625
3 0.59765625 0.4296875 0.065625 0.065625
3 0.22734375 0.8765625 0.0640625 0.0625
3 0.0671875 0.06953125 0.059375 0.0875
3 0.14453125 0.70078125 0.0640625 0.0640625
3 0.37578125 0.7953125 0.0515625 0.071875
3 0.16484375 0.1546875 0.0828125 0.08125
3 0.85390625 0.5921875 0.059375 0.059375
3 0.0875 0.590625 0.05625 0.071875
6 0.58828125 0.07265625 0.096875 0.096875
3 0.93828125 0.51953125 0.0546875 0.0828125
3 0.39375 0.47890625 0.0609375 0.059375
3 0.6 0.2546875 0.0625 0.0625
3 0.43046875 0.36953125 0.075 0.075
3 0.965625 0.67890625 0.06875 0.0921875
3 0.725 0.1140625 0.05 0.06875
3 0.0953125 0.92890625 0.075 0.0734375
3 0.0453125 0.715625 0.075 0.075
3 0.92421875 0.27109375 0.0625 0.0859375
3 0.1234375 0.11484375 0.065625 0.065625
3 0.77578125 0.4640625 0.0578125 0.0875
3 0.053125 0.36875 0.0734375 0.0734375
3 0.78984375 0.70625 0.0578125 0.05625
3 0.5609375 0.96171875 0.053125 0.0671875
6 0.14765625 0.8390625 0.1015625 0.1015625
3 0.38671875 0.3515625 0.0625 0.0640625
3 0.0796875 0.2609375 0.059375 0.059375
3 0.14296875 0.24765625 0.065625 0.065625
3 0.5890625 0.7125 0.0578125 0.0578125
3 0.9515625 0.5890625 0.05625 0.071875
3 0.9296875 0.36953125 0.059375 0.0609375
3 0.05703125 0.75859375 0.0609375 0.065625
3 0.2671875 0.490625 0.053125 0.071875
3 0.08671875 0.05390625 0.0703125 0.0703125
3 0.04921875 0.8828125 0.0484375 0.0625
3 0.065625 0.309375 0.053125 0.053125
3 0.87890625 0.08984375 0.0421875 0.071875
3 0.94296875 0.128125 0.0515625 0.084375
3 0.9234375 0.0984375 0.06875 0.06875
3 0.9078125 0.225 0.084375 0.109375
3 0.6328125 0.37265625 0.05 0.0671875
3 0.7421875 0.63515625 0.053125 0.065625
3 0.74375 0.7015625 0.046875 0.071875
3 0.75 0.5765625 0.065625 0.08125
3 0.90234375 0.62890625 0.06875 0.06875
3 0.58671875 0.66171875 0.0546875 0.0734375
3 0.46015625 0.96796875 0.0546875 0.0609375