3 0.4984375 0.95625 0.06875 0.06875
3 0.2609375 0.28125 0.096875 0.0625
3 0.91796875 0.9 0.0734375 0.0734375
3 0.5609375 0.240625 0.08125 0.05625
3 0.17578125 0.365625 0.06875 0.06875
3 0.16484375 0.16796875 0.0796875 0.0578125
3 0.6421875 0.5765625 0.06875 0.06875
3 0.73671875 0.6890625 0.1 0.065625
3 0.89296875 0.71875 0.075 0.0734375
3 0.78046875 0.33828125 0.0890625 0.0609375
3 0.078125 0.65390625 0.08125 0.0640625
3 0.83984375 0.4375 0.0765625 0.059375
3 0.55390625 0.8796875 0.0796875 0.0609375
3 0.46328125 0.896875 0.0921875 0.05625
3 0.134375 0.4375 0.06875 0.06875
3 0.21484375 0.8421875 0.0625 0.0625
3 0.5703125 0.59609375 0.0703125 0.071875
3 0.92578125 0.3953125 0.0734375 0.0734375
3 0.590625 0.5203125 0.10625 0.071875
3 0.61015625 0.82578125 0.075 0.075
3 0.14140625 0.7609375 0.071875 0.071875
3 0.0953125 0.3796875 0.084375 0.059375
3 0.17265625 0.92109375 0.078125 0.078125
3 0.83125 0.9015625 0.084375 0.078125
3 0.84140625 0.81875 0.0796875 0.05625
3 0.2953125 0.80703125 0.0671875 0.065625
3 0.7 0.0484375 0.084375 0.059375
3 0.30546875 0.74296875 0.08125 0.08125
3 0.94609375 0.1484375 0.08125 0.0828125
3 0.11953125 0.21875 0.084375 0.06875
3 0.81484375 0.6984375 0.0765625 0.0765625
3 0.9203125 0.2828125 0.06875 0.06875
3 0.86796875 0.509375 0.084375 0.06875
3 0.54765625 0.35 0.071875 0.071875
3 0.39609375 0.2328125 0.0890625 0.0625
3 0.10859375 0.96484375 0.0828125 0.0609375
3 0.39765625 0.778125 0.078125 0.078125
3 0.59140625 0.4640625 0.084375 0.084375
3 0.6421875 0.6390625 0.0703125 0.071875
3 0.15390625 0.57265625 0.084375 0.06875
3 0.346875 0.55625 0.071875 0.065625
3 0.06640625 0.82578125 0.0875 0.0703125
3 0.5703125 0.390625 0.0765625 0.0765625
3 0.73828125 0.28671875 0.0921875 0.0640625
3 0.31484375 0.22890625 0.0828125 0.0640625
3 0.50078125 0.80625 0.0828125 0.06875
3 0.61953125 0.1703125 0.06875 0.0703125
3 0.49921875 0.2 0.071875 0.071875
3 0.05078125 0.41640625 0.0625 0.0625
3 0.73515625 0.565625 0.090625 0.075
3 0.76171875 0.4203125 0.0859375 0.059375
3 0.196875 0.3078125 0.078125 0.078125
3 0.86015625 0.1203125 0.0796875 0.05625
3 0.1375 0.2515625 0.075 0.065625
3 0.48203125 0.4 0.071875 0.071875
3 0.346875 0.31015625 0.0859375 0.0875
3 0.66171875 0.10625 0.0796875 0.0796875
3 0.7765625 0.05859375 0.0671875 0.0671875
3 0.80859375 0.1796875 0.0953125 0.09375
3 0.84453125 0.5421875 0.0765625 0.06875
3 0.21328125 0.225 0.0765625 0.059375
3 0.23125 0.1359375 0.08125 0.0625
3 0.21640625 0.728125 0.08125 0.08125
3 0.78671875 0.865625 0.096875 0.06875
3 0.78046875 0.63046875 0.0625 0.0625
3 0.14765625 0.61875 0.075 0.0625
3 0.23828125 0.5890625 0.0703125 0.0703125
3 0.30234375 0.365625 0.0765625 0.06875
3 0.36953125 0.14921875 0.06875 0.06875
3 0.54765625 0.15078125 0.0703125 0.0703125
3 0.91640625 0.84375 0.0875 0.05625
3 0.56015625 0.753125 0.065625 0.065625
3 0.9359375 0.5515625 0.075 0.075
3 0.3828125 0.9328125 0.090625 0.071875
3 0.46875 0.12265625 0.0828125 0.0828125
3 0.64296875 0.25234375 0.0859375 0.0546875
3 0.10390625 0.31171875 0.0671875 0.065625
3 0.77734375 0.94296875 0.0734375 0.0734375
3 0.73984375 0.19765625 0.0703125 0.0640625
3 0.659375 0.3859375 0.08125 0.071875
3 0.4140625 0.48125 0.08125 0.059375
3 0.184375 0.0875 0.059375 0.059375
3 0.78046875 0.50390625 0.0765625 0.0703125
3 0.89921875 0.78125 0.0625 0.0625
3 0.709375 0.48125 0.0875 0.0625
3 0.69296875 0.1328125 0.0796875 0.059375
3 0.23359375 0.40859375 0.0703125 0.0484375
3 0.10703125 0.075 0.0703125 0.071875
3 0.66640625 0.83515625 0.0828125 0.065625
3 0.3765625 0.33203125 0.0703125 0.06875
3 0.4953125 0.5140625 0.0703125 0.0703125
3 0.66171875 0.20390625 0.0875 0.0671875
3 0.27890625 0.91015625 0.0703125 0.0703125
3 0.090625 0.13046875 0.075 0.0734375
3 0.8703125 0.6 0.084375 0.05625
3 0.47421875 0.31015625 0.071875 0.071875
3 0.52890625 0.453125 0.109375 0.06875
3 0.4140625 0.034375 0.071875 0.06875
3 0.08046875 0.90390625 0.0796875 0.0515625
3 0.4453125 0.59140625 0.0703125 0.0703125
3 0.6921875 0.87421875 0.096875 0.0703125
3 0.290625 0.0515625 0.08125 0.059375
3 0.3921875 0.890625 0.0671875 0.0671875
3 0.61953125 0.05 0.0671875 0.0671875
3 0.3171875 0.615625 0.059375 0.059375
3 0.0734375 0.74140625 0.075 0.0734375
6 0.06640625 0.4734375 0.090625 0.0890625
6 0.8859375 0.2125 0.1078125 0.1078125
3 0.6796875 0.41875 0.084375 0.06875
3 0.5671875 0.665625 0.0671875 0.0671875
6 0.1109375 0.50234375 0.06875 0.06875
3 0.87109375 0.63046875 0.0765625 0.0765625
3 0.89765625 0.6546875 0.059375 0.059375
3 0.596875 0.7578125 0.06875 0.06875
3 0.6390625 0.74921875 0.08125 0.0546875
3 0.33125 0.6765625 0.06875 0.053125
3 0.35703125 0.659375 0.075 0.075
3 0.08046875 0.54140625 0.0578125 0.0578125
3 0.03828125 0.55390625 0.0765625 0.0578125
3 0.06796875 0.31796875 0.0703125 0.0703125
3 0.05078125 0.1828125 0.071875 0.071875
3 0.06796875 0.1515625 0.06875 0.06875
3 0.11171875 0.10859375 0.0640625 0.071875
3 0.23984375 0.16875 0.065625 0.065625
3 0.23359375 0.0875 0.0796875 0.0796875
3 0.2671875 0.06875 0.071875 0.071875
3 0.19609375 0.90390625 0.0546875 0.0546875
3 0.2421875 0.7375 0.075 0.05625
3 0.38984375 0.45703125 0.071875 0.071875
3 0.3171875 0.39921875 0.075 0.075
3 0.25078125 0.434375 0.065625 0.0640625
3 0.3484375 0.165625 0.0578125 0.0578125
3 0.040625 0.0359375 0.075 0.0625
3 0.3953125 0.078125 0.0625 0.04375
3 0.43359375 0.1015625 0.0828125 0.0625
3 0.340625 0.21640625 0.0875 0.053125
3 0.475 0.146875 0.065625 0.05625
3 0.53203125 0.1859375 0.0765625 0.059375
3 0.640625 0.296875 0.08125 0.04375
3 0.6453125 0.27734375 0.065625 0.065625
3 0.7203125 0.30625 0.0625 0.0625
3 0.75703125 0.0765625 0.0828125 0.0625
3 0.3546875 0.434375 0.0703125 0.0703125
3 0.28359375 0.88046875 0.065625 0.065625
3 0.64453125 0.659375 0.0703125 0.053125
3 0.47890625 0.57734375 0.0578125 0.0578125
3 0.5015625 0.69140625 0.065625 0.065625
3 0.0453125 0.7515625 0.084375 0.059375
3 0.1671875 0.64375 0.078125 0.05625
3 0.2484375 0.6125 0.059375 0.059375
3 0.30078125 0.5765625 0.0734375 0.0734375
3 0.090625 0.8359375 0.071875 0.071875
3 0.13046875 0.8265625 0.075 0.0734375
3 0.409375 0.3515625 0.075 0.06875
3 0.71484375 0.2140625 0.0890625 0.0625
3 0.76171875 0.5265625 0.0765625 0.065625
3 0.7671875 0.76015625 0.075 0.0609375
3 0.73359375 0.7703125 0.0671875 0.065625
3 0.753125 0.84296875 0.0671875 0.06875
3 0.72578125 0.90625 0.0703125 0.0703125
3 0.72890625 0.93984375 0.071875 0.071875
3 0.9390625 0.77890625 0.06875 0.0703125
3 0.9546875 0.5296875 0.071875 0.059375
3 0.959375 0.50078125 0.0609375 0.0609375
3 0.9171875 0.9203125 0.078125 0.053125
3 0.95078125 0.85234375 0.0765625 0.046875
3 0.7546875 0.6046875 0.071875 0.059375
3 0.72109375 0.40859375 0.06875 0.06875
3 0.45390625 0.33046875 0.059375 0.059375
3 0.5265625 0.66953125 0.06875 0.06875
3 0.5328125 0.6875 0.0609375 0.0609375
3 0.4890625 0.82890625 0.065625 0.065625
3 0.69296875 0.45625 0.0625 0.0609375
3 0.63828125 0.928125 0.075 0.075
3 0.6390625 0.94765625 0.071875 0.071875
3 0.52578125 0.9515625 0.0921875 0.059375
3 0.38203125 0.85859375 0.075 0.075
3 0.35234375 0.82890625 0.0765625 0.0546875
3 0.28515625 0.9359375 0.0703125 0.053125
3 0.33828125 0.96796875 0.0828125 0.0609375
3 0.38359375 0.815625 0.0703125 0.06875
3 0.49609375 0.5421875 0.065625 0.065625
3 0.56015625 0.5796875 0.065625 0.0671875
3 0.50703125 0.465625 0.0828125 0.075
3 0.7640625 0.78203125 0.0671875 0.06875
3 0.71015625 0.15625 0.059375 0.0609375