3 0.0734375 0.50546875 0.0796875 0.078125
3 0.703125 0.6921875 0.0796875 0.0796875
3 0.87578125 0.16328125 0.0734375 0.0734375
3 0.51640625 0.203125 0.0671875 0.096875
3 0.6328125 0.640625 0.0828125 0.0828125
3 0.7890625 0.84296875 0.0625 0.071875
3 0.9390625 0.74453125 0.059375 0.0890625
3 0.33984375 0.265625 0.0640625 0.0875
3 0.94375 0.1921875 0.06875 0.084375
3 0.30546875 0.84609375 0.071875 0.071875
3 0.07265625 0.61171875 0.0734375 0.0734375
3 0.25234375 0.06796875 0.0640625 0.075
3 0.6359375 0.7765625 0.084375 0.084375
3 0.57421875 0.69765625 0.0671875 0.0953125
3 0.12578125 0.428125 0.084375 0.084375
3 0.9203125 0.459375 0.0875 0.0875
3 0.74453125 0.2984375 0.071875 0.090625
3 0.04765625 0.78203125 0.065625 0.0890625
3 0.23359375 0.8265625 0.0578125 0.096875
3 0.8796875 0.84296875 0.0625 0.0828125
3 0.8265625 0.765625 0.059375 0.084375
3 0.615625 0.55625 0.0625 0.078125
3 0.278125 0.67578125 0.065625 0.065625
3 0.246875 0.92265625 0.0671875 0.06875
3 0.9109375 0.3890625 0.0625 0.078125
3 0.85859375 0.31796875 0.071875 0.071875
3 0.13359375 0.6578125 0.0640625 0.075
3 0.56484375 0.88828125 0.0703125 0.0703125
3 0.925 0.0953125 0.071875 0.071875
3 0.45859375 0.12265625 0.0828125 0.0828125
3 0.65 0.278125 0.0703125 0.0703125
3 0.26015625 0.39921875 0.0640625 0.0859375
3 0.03984375 0.703125 0.0796875 0.08125
3 0.33984375 0.36171875 0.0609375 0.0890625
3 0.18046875 0.47734375 0.0921875 0.0921875
3 0.5796875 0.1359375 0.0671875 0.0671875
3 0.7734375 0.58984375 0.065625 0.0765625
3 0.9359375 0.5671875 0.059375 0.071875
3 0.134375 0.75546875 0.0625 0.0734375
3 0.490625 0.4140625 0.05 0.08125
3 0.759375 0.08046875 0.05625 0.0859375
3 0.7515625 0.41171875 0.0625 0.0796875
3 0.828125 0.43828125 0.0765625 0.0765625
3 0.67734375 0.94765625 0.0578125 0.075
3 0.13359375 0.8953125 0.0640625 0.071875
3 0.1921875 0.77890625 0.071875 0.071875
3 0.175 0.91953125 0.075 0.075
3 0.78125 0.5 0.0671875 0.0671875
3 0.346875 0.63515625 0.071875 0.1046875
3 0.3703125 0.9078125 0.0734375 0.0734375
3 0.76640625 0.921875 0.0625 0.090625
3 0.84453125 0.52578125 0.06875 0.06875
3 0.36171875 0.14609375 0.065625 0.065625
3 0.57109375 0.41328125 0.05625 0.0765625
3 0.7859375 0.37109375 0.059375 0.0828125
3 0.703125 0.596875 0.05625 0.071875
3 0.7015625 0.87578125 0.065625 0.065625
3 0.40234375 0.09296875 0.0578125 0.090625
3 0.1 0.15546875 0.071875 0.0734375
3 0.6125 0.946875 0.0671875 0.0671875
3 0.14765625 0.51640625 0.065625 0.065625
3 0.03359375 0.91875 0.0671875 0.0875
3 0.5625 0.328125 0.06875 0.08125
3 0.37109375 0.8171875 0.0546875 0.071875
3 0.44375 0.75234375 0.084375 0.084375
3 0.55625 0.6234375 0.08125 0.08125
3 0.50625 0.58046875 0.065625 0.0796875
3 0.0875 0.8359375 0.06875 0.06875
3 0.73359375 0.79609375 0.06875 0.0703125
3 0.82421875 0.915625 0.0640625 0.084375
3 0.6984375 0.11328125 0.065625 0.0640625
3 0.9140625 0.9375 0.075 0.075
3 0.30625 0.73828125 0.0734375 0.075
3 0.634375 0.43046875 0.065625 0.0890625
3 0.06171875 0.290625 0.0671875 0.0875
3 0.21640625 0.5953125 0.084375 0.084375
3 0.9640625 0.05859375 0.071875 0.0734375
3 0.5578125 0.51015625 0.059375 0.090625
3 0.8265625 0.67578125 0.0625 0.0625
3 0.15859375 0.2375 0.06875 0.06875
3 0.8 0.24140625 0.0671875 0.065625
3 0.6671875 0.353125 0.059375 0.0875
3 0.634375 0.33125 0.0625 0.09375
3 0.15625 0.36953125 0.0765625 0.078125
3 0.22109375 0.3078125 0.0609375 0.09375
3 0.47265625 0.3296875 0.0671875 0.0671875
3 0.771875 0.73203125 0.065625 0.0890625
3 0.7140625 0.51484375 0.05625 0.0734375
3 0.70546875 0.32734375 0.0734375 0.0875
3 0.1578125 0.803125 0.078125 0.078125
3 0.64296875 0.040625 0.0703125 0.08125
3 0.96953125 0.3546875 0.05 0.084375
3 0.4328125 0.54921875 0.075 0.0765625
3 0.4125 0.8984375 0.0609375 0.0609375
3 0.39375 0.63359375 0.059375 0.0890625
3 0.14375 0.053125 0.0625 0.071875
3 0.8125 0.13125 0.06875 0.06875
3 0.24140625 0.54609375 0.0515625 0.0828125
3 0.46640625 0.51015625 0.071875 0.071875
3 0.3953125 0.55859375 0.0765625 0.0765625
3 0.2265625 0.696875 0.0625 0.0625
3 0.1796875 0.146875 0.046875 0.075
3 0.2828125 0.26171875 0.0625 0.0828125
3 0.40859375 0.19921875 0.071875 0.0828125
3 0.734375 0.2078125 0.05625 0.071875
3 0.9015625 0.61796875 0.0921875 0.09375
3 0.29453125 0.13984375 0.0453125 0.0921875
3 0.88203125 0.81640625 0.0609375 0.0609375
3 0.96875 0.8234375 0.0625 0.06875
3 0.9375 0.9203125 0.0640625 0.0640625
3 0.9375 0.87734375 0.075 0.0828125
3 0.80234375 0.9390625 0.0703125 0.084375
3 0.8921875 0.03125 0.059375 0.059375
3 0.83359375 0.240625 0.053125 0.065625
3 0.84921875 0.46171875 0.059375 0.0578125
3 0.775 0.4640625 0.059375 0.09375
3 0.725 0.4109375 0.05625 0.071875
3 0.821875 0.1046875 0.05625 0.075
3 0.88046875 0.3765625 0.0578125 0.078125
3 0.73125 0.60390625 0.071875 0.0765625
3 0.8453125 0.66875 0.065625 0.065625
3 0.3828125 0.690625 0.059375 0.0875
3 0.40234375 0.7203125 0.053125 0.071875
3 0.2875 0.759375 0.059375 0.059375
3 0.34375 0.7984375 0.059375 0.071875
3 0.3015625 0.8703125 0.05625 0.084375
3 0.61640625 0.9203125 0.0578125 0.078125
3 0.875 0.59609375 0.06875 0.1015625
3 0.30859375 0.50859375 0.0734375 0.0734375
3 0.196875 0.634375 0.0734375 0.0734375
3 0.56171875 0.07890625 0.0734375 0.0734375
3 0.66875 0.11328125 0.0640625 0.0625
3 0.79375 0.09765625 0.078125 0.078125
3 0.7421875 0.19140625 0.05 0.0890625
3 0.2359375 0.1453125 0.0578125 0.0578125
3 0.03125 0.03515625 0.05625 0.0671875
3 0.175 0.04453125 0.05625 0.0734375
3 0.0875 0.11171875 0.0703125 0.0703125
3 0.2546875 0.24375 0.065625 0.065625
3 0.2328125 0.25234375 0.04375 0.075
3 0.08984375 0.2390625 0.0703125 0.071875
3 0.1 0.2640625 0.05 0.084375
3 0.12734375 0.2640625 0.0640625 0.065625
3 0.0453125 0.421875 0.0828125 0.0828125
3 0.03125 0.37421875 0.0625 0.0671875
3 0.08984375 0.59140625 0.0546875 0.0703125
3 0.14140625 0.715625 0.0546875 0.0828125
3 0.115625 0.7328125 0.0734375 0.0734375
3 0.209375 0.6859375 0.05 0.084375
3 0.26953125 0.6484375 0.0515625 0.08125
3 0.28359375 0.73203125 0.0578125 0.0859375
3 0.4390625 0.8890625 0.0640625 0.0640625
3 0.471875 0.9515625 0.05625 0.084375
3 0.67890625 0.83984375 0.0640625 0.0640625
3 0.56171875 0.8609375 0.0734375 0.071875
3 0.69453125 0.5078125 0.0609375 0.090625
3 0.525 0.4890625 0.065625 0.065625
3 0.2703125 0.4390625 0.046875 0.08125
3 0.21796875 0.10703125 0.0640625 0.0890625
3 0.19609375 0.13515625 0.075 0.075
3 0.4140625 0.14453125 0.0734375 0.071875
3 0.72734375 0.1734375 0.0640625 0.084375
3 0.53671875 0.30234375 0.078125 0.078125
3 0.48671875 0.3515625 0.06875 0.06875
3 0.4984375 0.25859375 0.06875 0.06875
3 0.384375 0.175 0.071875 0.071875
3 0.31484375 0.090625 0.059375 0.059375
3 0.29921875 0.5515625 0.0609375 0.0609375
3 0.36875 0.50390625 0.0765625 0.078125
3 0.47890625 0.60859375 0.0640625 0.0859375
3 0.2546875 0.503125 0.065625 0.1
3 0.10546875 0.93359375 0.0703125 0.0703125
3 0.66875 0.8078125 0.0765625 0.0765625
3 0.15703125 0.2671875 0.075 0.075
3 0.671875 0.515625 0.05625 0.06875
3 0.64453125 0.49765625 0.0515625 0.0671875
3 0.5359375 0.54140625 0.06875 0.06875
3 0.7546875 0.7703125 0.059375 0.078125
3 0.7875 0.753125 0.075 0.075
3 0.4765625 0.0390625 0.06875 0.06875
3 0.55546875 0.42265625 0.0625 0.0640625