3 0.390625 0.57265625 0.06875 0.0859375
3 0.696875 0.23203125 0.0828125 0.08125
3 0.36875 0.1390625 0.08125 0.090625
3 0.2375 0.8140625 0.09375 0.09375
3 0.38984375 0.48671875 0.0859375 0.0859375
3 0.9484375 0.4734375 0.071875 0.090625
3 0.23125 0.0703125 0.06875 0.096875
3 0.88203125 0.05078125 0.06875 0.06875
3 0.45859375 0.46640625 0.0828125 0.0828125
3 0.053125 0.084375 0.078125 0.078125
3 0.4109375 0.93203125 0.059375 0.0984375
3 0.53203125 0.05390625 0.075 0.075
3 0.78046875 0.34296875 0.0796875 0.0796875
3 0.6609375 0.40625 0.065625 0.09375
3 0.3921875 0.29609375 0.0796875 0.078125
3 0.0921875 0.94375 0.078125 0.078125
3 0.8453125 0.29453125 0.0625 0.0796875
3 0.75 0.115625 0.06875 0.09375
3 0.565625 0.68046875 0.06875 0.0921875
3 0.8390625 0.3125 0.059375 0.08125
3 0.20703125 0.50234375 0.071875 0.071875
3 0.49453125 0.83984375 0.0640625 0.0921875
3 0.11015625 0.27421875 0.0625 0.0828125
3 0.08828125 0.63984375 0.0640625 0.0953125
3 0.209375 0.59296875 0.05625 0.0828125
3 0.3359375 0.33984375 0.059375 0.0734375
3 0.46953125 0.91015625 0.071875 0.071875
3 0.4875 0.71953125 0.0828125 0.08125
3 0.28046875 0.49765625 0.0703125 0.090625
3 0.83671875 0.5171875 0.0671875 0.084375
3 0.565625 0.428125 0.065625 0.078125
3 0.1359375 0.22421875 0.065625 0.0734375
3 0.9265625 0.76953125 0.0703125 0.071875
3 0.47890625 0.29453125 0.0671875 0.0765625
3 0.265625 0.27265625 0.071875 0.071875
3 0.83203125 0.7796875 0.071875 0.071875
3 0.9140625 0.22890625 0.071875 0.0875
3 0.36953125 0.05234375 0.0734375 0.0875
3 0.8859375 0.18671875 0.065625 0.0765625
3 0.30234375 0.6453125 0.065625 0.065625
3 0.42265625 0.64453125 0.0609375 0.059375
3 0.5015625 0.53203125 0.06875 0.06875
3 0.9453125 0.103125 0.075 0.08125
3 0.89765625 0.69921875 0.0703125 0.0796875
3 0.95546875 0.12421875 0.0859375 0.084375
3 0.06953125 0.35390625 0.0703125 0.06875
3 0.1671875 0.65234375 0.071875 0.0859375
3 0.51953125 0.6296875 0.071875 0.071875
3 0.196875 0.353125 0.059375 0.059375
3 0.7984375 0.7390625 0.075 0.075
3 0.878125 0.946875 0.071875 0.09375
3 0.55546875 0.16015625 0.0734375 0.0734375
3 0.4046875 0.7796875 0.05625 0.071875
2 0.83515625 0.20546875 0.046875 0.0671875
3 0.91953125 0.80234375 0.0734375 0.0734375
3 0.553125 0.54765625 0.0640625 0.0625
3 0.63515625 0.9265625 0.0515625 0.071875
0 0.734375 0.58046875 0.05625 0.0875
3 0.31328125 0.05078125 0.0765625 0.0984375
3 0.228125 0.43359375 0.05625 0.0703125
3 0.6234375 0.7609375 0.075 0.075
3 0.6421875 0.0578125 0.08125 0.08125
3 0.7421875 0.7671875 0.053125 0.078125
3 0.84296875 0.14765625 0.0640625 0.0640625
3 0.271875 0.94140625 0.053125 0.0765625
3 0.725 0.47109375 0.0765625 0.0765625
3 0.4484375 0.3515625 0.0625 0.0625
3 0.59296875 0.80078125 0.075 0.075
3 0.95390625 0.5609375 0.078125 0.078125
3 0.18125 0.72578125 0.053125 0.0765625
3 0.1734375 0.85859375 0.090625 0.090625
3 0.3 0.58046875 0.059375 0.078125
3 0.4359375 0.178125 0.065625 0.084375
3 0.725 0.93984375 0.0609375 0.059375
3 0.15390625 0.76015625 0.059375 0.059375
3 0.6453125 0.5609375 0.075 0.075
3 0.603125 0.18203125 0.065625 0.065625
3 0.65234375 0.1609375 0.05 0.05625
3 0.440625 0.7265625 0.0671875 0.0671875
3 0.66015625 0.6515625 0.075 0.090625
3 0.6953125 0.8703125 0.053125 0.065625
3 0.59140625 0.05234375 0.0671875 0.0671875
3 0.8359375 0.69765625 0.0671875 0.06875
3 0.91171875 0.546875 0.0671875 0.0671875
3 0.47421875 0.1875 0.0609375 0.065625
3 0.5515625 0.834375 0.059375 0.075
3 0.59609375 0.871875 0.0640625 0.08125
3 0.39296875 0.8421875 0.0546875 0.0625
3 0.26875 0.60625 0.071875 0.071875
3 0.7875 0.171875 0.05 0.0625
3 0.17890625 0.18359375 0.046875 0.0671875
3 0.23203125 0.21171875 0.0640625 0.0609375
3 0.03515625 0.38984375 0.05625 0.05625
3 0.0578125 0.2828125 0.0640625 0.0640625
3 0.8703125 0.84140625 0.05625 0.05625
3 0.9328125 0.93359375 0.0546875 0.0546875
3 0.49140625 0.38515625 0.0609375 0.0609375
3 0.44609375 0.24921875 0.0609375 0.0609375
3 0.52578125 0.4203125 0.06875 0.06875
3 0.87265625 0.5984375 0.0546875 0.0609375
3 0.1375 0.6390625 0.065625 0.084375
3 0.56015625 0.91796875 0.04375 0.0609375
3 0.67890625 0.9578125 0.0671875 0.06875
3 0.6171875 0.63203125 0.0671875 0.06875
3 0.5859375 0.6203125 0.071875 0.08125
3 0.696875 0.49453125 0.06875 0.0703125
3 0.6265625 0.50234375 0.059375 0.075
3 0.5921875 0.48671875 0.05 0.0671875
3 0.875 0.65234375 0.0625 0.0640625
3 0.4765625 0.6609375 0.065625 0.0671875
3 0.70625 0.575 0.05 0.084375
3 0.7015625 0.62265625 0.0625 0.0625
3 0.63984375 0.2421875 0.078125 0.0765625
3 0.609375 0.86171875 0.0765625 0.078125
3 0.58046875 0.96875 0.059375 0.059375