3 0.38515625 0.08359375 0.084375 0.084375
3 0.45390625 0.040625 0.0859375 0.08125
3 0.690625 0.13359375 0.103125 0.0828125
3 0.48984375 0.14921875 0.0890625 0.0890625
3 0.1265625 0.0875 0.090625 0.090625
3 0.54453125 0.2890625 0.0984375 0.078125
3 0.40390625 0.284375 0.1109375 0.075
3 0.21640625 0.209375 0.0890625 0.0625
3 0.121875 0.44140625 0.109375 0.0828125
3 0.4203125 0.4640625 0.090625 0.090625
3 0.90390625 0.240625 0.0875 0.0875
3 0.7875 0.2875 0.1 0.08125
3 0.190625 0.1546875 0.115625 0.059375
3 0.15390625 0.5859375 0.096875 0.065625
3 0.4515625 0.7578125 0.0828125 0.0828125
3 0.865625 0.51875 0.090625 0.09375
3 0.73828125 0.7453125 0.1015625 0.084375
3 0.62265625 0.8671875 0.0859375 0.078125
3 0.575 0.9625 0.08125 0.075
3 0.2765625 0.95390625 0.090625 0.071875
3 0.09453125 0.89765625 0.0875 0.0875
3 0.8609375 0.328125 0.096875 0.09375
5 0.09609375 0.778125 0.1109375 0.103125