3 0.746875 0.31171875 0.075 0.075
3 0.05234375 0.0625 0.0734375 0.0734375
3 0.734375 0.05390625 0.0734375 0.0734375
3 0.3625 0.23125 0.065625 0.096875
3 0.3703125 0.84921875 0.075 0.0765625
3 0.2515625 0.32109375 0.071875 0.0984375
3 0.14375 0.5359375 0.0765625 0.0765625
3 0.1140625 0.10625 0.06875 0.084375
3 0.31328125 0.4796875 0.0796875 0.0796875
3 0.30546875 0.9078125 0.0640625 0.08125
3 0.12734375 0.45703125 0.078125 0.078125
3 0.4546875 0.21796875 0.06875 0.0890625
3 0.95 0.16640625 0.06875 0.0953125
3 0.415625 0.296875 0.071875 0.090625
3 0.2515625 0.51953125 0.071875 0.0921875
3 0.6796875 0.38203125 0.075 0.075
3 0.334375 0.31796875 0.06875 0.0890625
3 0.52421875 0.0765625 0.0640625 0.078125
3 0.04609375 0.8875 0.0734375 0.0734375
3 0.171875 0.20078125 0.059375 0.078125
3 0.7703125 0.88046875 0.059375 0.0828125
3 0.93125 0.08671875 0.071875 0.071875
3 0.8578125 0.83984375 0.065625 0.1015625
3 0.14921875 0.84609375 0.06875 0.084375
3 0.43046875 0.72734375 0.075 0.075
3 0.35390625 0.415625 0.071875 0.0734375
3 0.503125 0.77265625 0.065625 0.096875
3 0.4125 0.6453125 0.078125 0.078125
3 0.653125 0.57265625 0.071875 0.071875
3 0.3015625 0.8265625 0.065625 0.08125
3 0.05546875 0.8015625 0.0796875 0.0796875
3 0.3125 0.57109375 0.0828125 0.08125
3 0.7625 0.1296875 0.065625 0.084375
3 0.71796875 0.821875 0.075 0.0765625
3 0.2421875 0.88828125 0.05625 0.0859375
3 0.85703125 0.3171875 0.084375 0.084375
3 0.925 0.8140625 0.0828125 0.0828125
3 0.08984375 0.20234375 0.0640625 0.0796875
3 0.79453125 0.47109375 0.0609375 0.0765625
3 0.21953125 0.62109375 0.078125 0.0796875
3 0.95078125 0.29296875 0.0796875 0.0796875
3 0.684375 0.928125 0.065625 0.0875
3 0.20078125 0.38671875 0.084375 0.0828125
3 0.1015625 0.67421875 0.078125 0.0859375
3 0.86953125 0.64453125 0.0734375 0.096875
3 0.06015625 0.27578125 0.0625 0.078125
3 0.1890625 0.91875 0.065625 0.065625
3 0.434375 0.48359375 0.071875 0.071875
3 0.5484375 0.546875 0.065625 0.103125
3 0.490625 0.60546875 0.0703125 0.0703125
3 0.9 0.26015625 0.0625 0.0875
3 0.4171875 0.80546875 0.065625 0.0796875
3 0.2828125 0.70546875 0.084375 0.084375
3 0.07734375 0.7375 0.06875 0.06875
3 0.6203125 0.41640625 0.08125 0.0828125
3 0.56015625 0.28671875 0.06875 0.0703125
3 0.13125 0.60703125 0.0734375 0.0734375
3 0.58828125 0.0546875 0.071875 0.071875
3 0.04921875 0.465625 0.065625 0.0671875
3 0.72109375 0.1859375 0.071875 0.090625
3 0.73203125 0.40703125 0.0859375 0.0859375
3 0.65390625 0.2578125 0.0703125 0.0703125
3 0.6765625 0.64765625 0.071875 0.0734375
3 0.43359375 0.3703125 0.0578125 0.08125
3 0.50625 0.89296875 0.0828125 0.08125
3 0.61953125 0.77734375 0.08125 0.08125
3 0.7265625 0.4859375 0.065625 0.065625
3 0.040625 0.359375 0.075 0.090625
3 0.16484375 0.12890625 0.08125 0.08125
3 0.75859375 0.59296875 0.0640625 0.0890625
4 0.803125 0.3671875 0.1 0.121875