3 0.56796875 0.81953125 0.1015625 0.0734375
3 0.20546875 0.04921875 0.0984375 0.0734375
3 0.3984375 0.87421875 0.071875 0.071875
3 0.18203125 0.63828125 0.1015625 0.0796875
3 0.7421875 0.68203125 0.0921875 0.0921875
3 0.29296875 0.0796875 0.0890625 0.06875
3 0.45859375 0.58125 0.0859375 0.0875
3 0.56015625 0.590625 0.084375 0.0859375
3 0.6671875 0.43125 0.09375 0.096875
3 0.76953125 0.18671875 0.084375 0.084375
3 0.07890625 0.175 0.09375 0.09375
3 0.14296875 0.51015625 0.0890625 0.0890625
3 0.22890625 0.1234375 0.078125 0.0796875
3 0.65390625 0.9046875 0.0875 0.0875
3 0.309375 0.3078125 0.0875 0.0890625
3 0.6828125 0.77109375 0.0875 0.0875
3 0.465625 0.03828125 0.08125 0.0765625
3 0.3140625 0.86171875 0.0890625 0.0890625
3 0.86015625 0.90625 0.0953125 0.075
3 0.8546875 0.375 0.084375 0.084375
3 0.4875 0.69375 0.090625 0.075
3 0.7140625 0.8640625 0.0765625 0.0765625
5 0.371875 0.69765625 0.10625 0.10625
3 0.271875 0.365625 0.090625 0.090625
3 0.221875 0.4890625 0.10625 0.084375
3 0.321875 0.50078125 0.0921875 0.090625
3 0.48046875 0.09375 0.08125 0.08125
3 0.940625 0.8515625 0.08125 0.08125
3 0.68359375 0.5484375 0.1078125 0.065625
3 0.45859375 0.778125 0.0875 0.0875
3 0.365625 0.56875 0.109375 0.0875
3 0.58203125 0.17578125 0.0859375 0.0859375
3 0.14453125 0.709375 0.0890625 0.075
3 0.52734375 0.75 0.0859375 0.0859375
3 0.52421875 0.175 0.0890625 0.06875
3 0.25859375 0.5125 0.1 0.090625
3 0.234375 0.6828125 0.11875 0.075
3 0.11484375 0.67421875 0.0890625 0.0890625