3 0.696875 0.4578125 0.0734375 0.0734375
3 0.775 0.625 0.0703125 0.0703125
3 0.19296875 0.878125 0.0921875 0.065625
3 0.87109375 0.4796875 0.075 0.0734375
3 0.31484375 0.7390625 0.08125 0.08125
3 0.6484375 0.55625 0.0875 0.06875
3 0.25078125 0.709375 0.0796875 0.065625
3 0.35234375 0.46875 0.078125 0.0796875
3 0.1421875 0.6015625 0.071875 0.071875
3 0.80234375 0.7625 0.0859375 0.0625
4 0.31015625 0.83515625 0.0890625 0.0890625
3 0.71796875 0.0390625 0.06875 0.06875
3 0.4390625 0.846875 0.08125 0.059375
3 0.7859375 0.22265625 0.0703125 0.071875
3 0.89921875 0.8328125 0.075 0.075
3 0.5171875 0.771875 0.090625 0.0625
3 0.79921875 0.309375 0.0875 0.059375
3 0.8859375 0.0765625 0.096875 0.065625
3 0.26328125 0.60546875 0.0875 0.0875
3 0.5984375 0.85703125 0.09375 0.0703125
3 0.63203125 0.82578125 0.0890625 0.0671875
3 0.35390625 0.5453125 0.0796875 0.059375
3 0.24765625 0.0546875 0.0875 0.0875
3 0.15703125 0.22734375 0.0703125 0.071875
3 0.53203125 0.7 0.084375 0.059375
3 0.27734375 0.55625 0.06875 0.06875
3 0.25546875 0.17890625 0.075 0.075
3 0.88671875 0.59609375 0.084375 0.0640625
3 0.71484375 0.9453125 0.0890625 0.065625
3 0.15234375 0.675 0.0828125 0.0625
3 0.896875 0.42421875 0.08125 0.0828125
3 0.31015625 0.1484375 0.103125 0.046875
3 0.53203125 0.3359375 0.071875 0.071875
3 0.803125 0.58359375 0.071875 0.071875
3 0.42421875 0.3140625 0.0625 0.0625
3 0.67890625 0.8875 0.0984375 0.059375
3 0.17109375 0.28046875 0.08125 0.08125
3 0.77265625 0.1453125 0.0828125 0.053125
3 0.41484375 0.14140625 0.071875 0.071875
3 0.8015625 0.159375 0.0734375 0.0734375
3 0.5953125 0.78125 0.0703125 0.0703125
6 0.2109375 0.334375 0.09375 0.09375
3 0.27109375 0.1125 0.0921875 0.05
3 0.14765625 0.44765625 0.0796875 0.0609375
3 0.10390625 0.4421875 0.065625 0.0640625
3 0.8625 0.20546875 0.0765625 0.078125
3 0.4328125 0.20625 0.128125 0.071875
3 0.33046875 0.41953125 0.0828125 0.065625
3 0.5703125 0.7296875 0.065625 0.065625
3 0.95625 0.2265625 0.08125 0.053125
0 0.80625 0.53203125 0.125 0.059375
3 0.3953125 0.1765625 0.071875 0.053125
3 0.43359375 0.2484375 0.084375 0.0828125
3 0.43984375 0.29140625 0.065625 0.065625
3 0.28046875 0.39453125 0.090625 0.0671875
3 0.22734375 0.38671875 0.075 0.075
3 0.9296875 0.65546875 0.096875 0.096875