3 0.77578125 0.38984375 0.0703125 0.071875
3 0.27109375 0.8984375 0.084375 0.084375
3 0.5390625 0.59609375 0.1 0.0671875
3 0.22578125 0.60859375 0.084375 0.084375
3 0.2734375 0.29375 0.0875 0.0875
3 0.171875 0.48828125 0.109375 0.0734375
3 0.503125 0.7390625 0.09375 0.06875
3 0.8359375 0.6609375 0.090625 0.065625
3 0.103125 0.30703125 0.096875 0.0671875
3 0.884375 0.15 0.0875 0.0625
3 0.340625 0.15234375 0.1 0.0703125
3 0.06328125 0.14921875 0.090625 0.090625
3 0.821875 0.4453125 0.0796875 0.0796875
3 0.415625 0.67109375 0.078125 0.05625
3 0.0609375 0.63984375 0.08125 0.0828125
3 0.41328125 0.04921875 0.075 0.075
3 0.1328125 0.74921875 0.06875 0.06875
3 0.153125 0.66875 0.084375 0.075
3 0.60625 0.828125 0.1 0.075
3 0.3328125 0.67734375 0.065625 0.065625
3 0.5703125 0.23515625 0.09375 0.0609375
3 0.34921875 0.409375 0.075 0.075
3 0.11640625 0.86171875 0.0890625 0.0703125
3 0.31328125 0.359375 0.096875 0.06875
3 0.07265625 0.37109375 0.0796875 0.0640625
3 0.3953125 0.334375 0.084375 0.059375
3 0.74765625 0.1921875 0.0984375 0.075
3 0.759375 0.3 0.09375 0.071875
3 0.5109375 0.834375 0.084375 0.06875
3 0.12890625 0.44375 0.0859375 0.0625
3 0.23671875 0.75859375 0.0796875 0.0796875
3 0.08515625 0.52734375 0.0765625 0.0640625
3 0.565625 0.128125 0.0859375 0.0859375
3 0.43046875 0.6203125 0.0765625 0.05625
0 0.48671875 0.1125 0.0875 0.0875
3 0.9515625 0.47578125 0.090625 0.0671875
3 0.36796875 0.58984375 0.1015625 0.0640625
3 0.2015625 0.8796875 0.0671875 0.0671875
3 0.39375 0.72734375 0.06875 0.0703125
3 0.3234375 0.08671875 0.0796875 0.078125
3 0.47734375 0.32890625 0.0734375 0.0578125
3 0.7484375 0.61015625 0.084375 0.0734375
3 0.65703125 0.6765625 0.0796875 0.071875
3 0.053125 0.7484375 0.090625 0.059375
3 0.9015625 0.62265625 0.0734375 0.0734375
3 0.56171875 0.78359375 0.078125 0.078125
2 0.53046875 0.459375 0.1109375 0.1125
3 0.4546875 0.81640625 0.0875 0.0703125
3 0.32421875 0.5359375 0.0609375 0.059375
3 0.334375 0.7875 0.0734375 0.0734375
3 0.940625 0.37578125 0.075 0.0546875
3 0.628125 0.49609375 0.078125 0.078125
3 0.55703125 0.884375 0.0828125 0.05625
3 0.5953125 0.7125 0.0796875 0.0796875
3 0.81328125 0.2359375 0.0625 0.0609375
3 0.85859375 0.54453125 0.0734375 0.0515625
3 0.878125 0.2796875 0.0875 0.065625
3 0.59765625 0.6375 0.0625 0.0625
3 0.1765625 0.9296875 0.075 0.075
3 0.66796875 0.4140625 0.0765625 0.065625
3 0.4078125 0.54140625 0.06875 0.0671875
3 0.71171875 0.46171875 0.0796875 0.0796875
3 0.25078125 0.7609375 0.0765625 0.075
3 0.18828125 0.34453125 0.0671875 0.053125
3 0.953125 0.771875 0.0734375 0.0734375
3 0.15859375 0.134375 0.078125 0.078125
3 0.95546875 0.69296875 0.0796875 0.0640625
3 0.628125 0.0984375 0.06875 0.065625
3 0.7609375 0.47578125 0.071875 0.0578125
3 0.815625 0.12265625 0.071875 0.071875
3 0.08125 0.67578125 0.0703125 0.0703125
6 0.44140625 0.1421875 0.128125 0.090625
6 0.71796875 0.1078125 0.0921875 0.090625
3 0.50234375 0.3953125 0.075 0.05
3 0.04609375 0.459375 0.0734375 0.04375
3 0.0734375 0.809375 0.065625 0.046875
3 0.37578125 0.8375 0.0609375 0.05625
3 0.54140625 0.1796875 0.071875 0.053125
3 0.56171875 0.9078125 0.065625 0.05
3 0.4828125 0.9046875 0.065625 0.071875
3 0.59296875 0.4046875 0.06875 0.06875