3 0.51875 0.58359375 0.06875 0.06875
3 0.68671875 0.715625 0.075 0.075
3 0.52109375 0.26875 0.06875 0.0875
3 0.8296875 0.85078125 0.071875 0.071875
3 0.1078125 0.3796875 0.06875 0.096875
3 0.83046875 0.41484375 0.0671875 0.0671875
3 0.3546875 0.31953125 0.078125 0.078125
3 0.45 0.3953125 0.06875 0.084375
3 0.353125 0.89453125 0.075 0.0765625
3 0.18828125 0.94609375 0.0921875 0.0921875
0 0.23125 0.22734375 0.084375 0.1078125
3 0.28984375 0.803125 0.084375 0.084375
3 0.59609375 0.29765625 0.0625 0.0828125
3 0.7734375 0.76640625 0.0859375 0.0859375
3 0.140625 0.7203125 0.0734375 0.0734375
3 0.10625 0.29375 0.078125 0.0875
3 0.90625 0.53046875 0.0625 0.0765625
3 0.66171875 0.61484375 0.0703125 0.0859375
3 0.46875 0.56640625 0.05625 0.0828125
3 0.34765625 0.809375 0.078125 0.078125
3 0.23203125 0.7359375 0.0703125 0.090625
3 0.18359375 0.5484375 0.0546875 0.075
3 0.69453125 0.09140625 0.0703125 0.096875
3 0.7390625 0.6578125 0.075 0.075
3 0.1734375 0.390625 0.065625 0.1
3 0.875 0.190625 0.071875 0.071875
3 0.0921875 0.07890625 0.0765625 0.075
3 0.2328125 0.5640625 0.065625 0.103125
3 0.503125 0.5078125 0.0796875 0.0796875
3 0.23203125 0.12109375 0.078125 0.078125
3 0.5765625 0.5640625 0.0765625 0.0765625
3 0.9046875 0.87421875 0.08125 0.0734375
3 0.86171875 0.28671875 0.06875 0.06875
3 0.728125 0.89609375 0.0859375 0.084375
3 0.084375 0.51328125 0.0625 0.0734375
3 0.21328125 0.396875 0.0703125 0.06875
0 0.14921875 0.13359375 0.1 0.1
3 0.38515625 0.2265625 0.0640625 0.0640625
3 0.8140625 0.33828125 0.071875 0.071875
3 0.9390625 0.67421875 0.075 0.0765625
3 0.796875 0.228125 0.0625 0.065625
3 0.0453125 0.12734375 0.0671875 0.0671875
3 0.05703125 0.9515625 0.0671875 0.096875
3 0.91328125 0.76328125 0.0578125 0.0734375
3 0.84453125 0.67734375 0.0609375 0.071875
3 0.78515625 0.85859375 0.0609375 0.0890625
6 0.871875 0.60859375 0.09375 0.0921875
3 0.34140625 0.44765625 0.0875 0.0765625
3 0.8203125 0.484375 0.0671875 0.0671875
3 0.415625 0.84765625 0.084375 0.0859375
3 0.875 0.1234375 0.078125 0.078125
3 0.05625 0.1828125 0.0625 0.0625
3 0.3296875 0.415625 0.0734375 0.0734375
3 0.7890625 0.284375 0.0671875 0.0671875
3 0.53984375 0.5015625 0.0765625 0.075
3 0.346875 0.959375 0.059375 0.075
3 0.6765625 0.96171875 0.075 0.0640625
3 0.7453125 0.0828125 0.065625 0.065625
3 0.896875 0.7296875 0.05625 0.078125