3 0.41640625 0.48125 0.075 0.0625
3 0.284375 0.31328125 0.0875 0.0640625
3 0.73125 0.47890625 0.0875 0.06875
3 0.14921875 0.1703125 0.0859375 0.05625
3 0.6203125 0.8921875 0.096875 0.06875
3 0.58515625 0.16953125 0.0734375 0.0609375
3 0.68046875 0.6453125 0.078125 0.078125
3 0.6046875 0.55 0.084375 0.06875
3 0.10546875 0.646875 0.0796875 0.071875
3 0.05390625 0.81171875 0.1015625 0.0828125
0 0.77265625 0.76875 0.096875 0.0953125
3 0.196875 0.71015625 0.084375 0.084375
3 0.70234375 0.40390625 0.0828125 0.0625
3 0.23359375 0.2265625 0.0859375 0.0859375
3 0.2796875 0.859375 0.0734375 0.0734375
3 0.70625 0.89375 0.0875 0.078125
3 0.46953125 0.09375 0.0765625 0.0625
3 0.38515625 0.33828125 0.078125 0.078125
3 0.43359375 0.53125 0.06875 0.0703125
3 0.190625 0.65234375 0.0875 0.06875
3 0.2640625 0.76796875 0.0796875 0.08125
3 0.4515625 0.81640625 0.075 0.0546875
3 0.90859375 0.30546875 0.096875 0.0703125
3 0.3421875 0.2609375 0.075 0.075
3 0.609375 0.8265625 0.0828125 0.0828125
3 0.809375 0.125 0.08125 0.0625
3 0.92109375 0.9078125 0.075 0.075
3 0.4359375 0.7671875 0.103125 0.065625
3 0.4921875 0.496875 0.090625 0.06875
3 0.87890625 0.76796875 0.078125 0.078125
3 0.4359375 0.4234375 0.0765625 0.0765625
3 0.12578125 0.0953125 0.078125 0.0765625
3 0.71328125 0.13828125 0.0796875 0.0578125
3 0.10390625 0.271875 0.0953125 0.075
3 0.48671875 0.915625 0.06875 0.0671875
3 0.603125 0.78671875 0.06875 0.06875
0 0.86640625 0.85078125 0.1 0.1
3 0.7734375 0.61484375 0.0625 0.0640625
3 0.66171875 0.1859375 0.071875 0.071875
3 0.32578125 0.0609375 0.0765625 0.075
3 0.771875 0.203125 0.065625 0.0625
3 0.87265625 0.9546875 0.0671875 0.0671875
3 0.0484375 0.94296875 0.096875 0.0671875
3 0.23671875 0.08671875 0.065625 0.065625
3 0.32265625 0.15546875 0.071875 0.0609375
3 0.14140625 0.21484375 0.0890625 0.0609375
6 0.39140625 0.128125 0.0921875 0.09375
3 0.55234375 0.65859375 0.0765625 0.0875
3 0.515625 0.1796875 0.0671875 0.0671875
3 0.15234375 0.584375 0.0859375 0.084375
3 0.8765625 0.125 0.078125 0.078125
3 0.8171875 0.94375 0.075 0.05
3 0.584375 0.6703125 0.05 0.096875
3 0.715625 0.2109375 0.06875 0.065625
3 0.4984375 0.46015625 0.084375 0.0671875
3 0.040625 0.653125 0.0671875 0.0671875
3 0.03828125 0.3234375 0.06875 0.06875
3 0.9171875 0.2546875 0.065625 0.065625
3 0.2703125 0.103125 0.0671875 0.0671875