3 0.52734375 0.8609375 0.0875 0.0875
3 0.88515625 0.2796875 0.0890625 0.0890625
3 0.09375 0.06875 0.0890625 0.0890625
3 0.19453125 0.62734375 0.0796875 0.0796875
6 0.8296875 0.51484375 0.0890625 0.0875
3 0.88828125 0.20234375 0.0875 0.0875
3 0.2953125 0.49296875 0.090625 0.090625
3 0.47421875 0.34453125 0.0953125 0.0765625
3 0.61328125 0.33203125 0.1140625 0.0796875
3 0.44296875 0.1421875 0.1046875 0.075
3 0.32265625 0.84375 0.084375 0.0859375
3 0.9078125 0.11640625 0.096875 0.0828125
3 0.05 0.59140625 0.0875 0.0859375
3 0.31328125 0.6359375 0.1015625 0.075
3 0.16328125 0.49296875 0.084375 0.0828125
3 0.828125 0.0703125 0.103125 0.078125
3 0.76484375 0.359375 0.0875 0.0875
3 0.75390625 0.8515625 0.08125 0.08125
3 0.25546875 0.95390625 0.0828125 0.0828125
3 0.61796875 0.3875 0.1078125 0.065625
3 0.3953125 0.48046875 0.0921875 0.09375
3 0.3953125 0.5265625 0.0875 0.071875
3 0.04765625 0.74453125 0.0875 0.0703125
3 0.20078125 0.10390625 0.0921875 0.0796875
3 0.4953125 0.4765625 0.0875 0.0875
3 0.3109375 0.33828125 0.08125 0.08125
3 0.80078125 0.64453125 0.090625 0.090625
3 0.39296875 0.38125 0.0875 0.0875
3 0.42734375 0.6203125 0.084375 0.084375
3 0.7046875 0.1984375 0.1 0.078125
3 0.3453125 0.2359375 0.096875 0.0953125
3 0.653125 0.05390625 0.084375 0.084375
3 0.6265625 0.4765625 0.0875 0.0875
3 0.69921875 0.92421875 0.1046875 0.0765625
3 0.8296875 0.94296875 0.090625 0.0890625
3 0.0421875 0.46328125 0.084375 0.0734375
3 0.5734375 0.5546875 0.084375 0.071875
3 0.421875 0.67421875 0.09375 0.0640625
3 0.69765625 0.7578125 0.0921875 0.0875
3 0.66171875 0.57578125 0.0921875 0.0921875
3 0.93046875 0.64296875 0.084375 0.084375
3 0.85078125 0.86640625 0.0921875 0.0890625
3 0.20546875 0.7890625 0.078125 0.090625
3 0.8546875 0.3953125 0.0890625 0.0890625
3 0.76875 0.421875 0.0859375 0.0859375
3 0.42578125 0.7375 0.0875 0.0859375
3 0.10546875 0.38671875 0.071875 0.0796875
3 0.284375 0.8984375 0.0921875 0.0921875
3 0.609375 0.7828125 0.0875 0.109375
3 0.521875 0.590625 0.071875 0.071875
3 0.940625 0.9328125 0.103125 0.078125
0 0.1609375 0.6890625 0.153125 0.0796875
3 0.74921875 0.49453125 0.0890625 0.0796875
3 0.7859375 0.75703125 0.090625 0.0953125
3 0.1359375 0.4375 0.0921875 0.0921875
3 0.52421875 0.71796875 0.0859375 0.075
3 0.55703125 0.7546875 0.1046875 0.1
3 0.484375 0.54609375 0.0875 0.0890625
3 0.6171875 0.553125 0.0875 0.0875
3 0.84453125 0.4609375 0.09375 0.09375
3 0.65390625 0.621875 0.0984375 0.05625
3 0.66640625 0.8328125 0.1015625 0.1015625