3 0.38984375 0.203125 0.084375 0.084375
3 0.475 0.87890625 0.08125 0.1046875
3 0.175 0.5546875 0.071875 0.09375
3 0.13125 0.39609375 0.0875 0.0875
3 0.8046875 0.19296875 0.065625 0.0796875
3 0.490625 0.16328125 0.08125 0.1046875
3 0.9375 0.7140625 0.05625 0.0875
3 0.9375 0.76796875 0.065625 0.0796875
3 0.0578125 0.9109375 0.08125 0.10625
3 0.64140625 0.63515625 0.0953125 0.0953125
3 0.7015625 0.79921875 0.08125 0.08125
3 0.54921875 0.22109375 0.08125 0.1015625
3 0.9171875 0.45859375 0.0640625 0.0640625
3 0.39375 0.73671875 0.0921875 0.09375
3 0.29609375 0.67578125 0.0703125 0.103125
3 0.86953125 0.8515625 0.0828125 0.0828125
6 0.10703125 0.8390625 0.103125 0.103125
3 0.7453125 0.79296875 0.090625 0.090625
3 0.59375 0.934375 0.0765625 0.0765625
3 0.1359375 0.0734375 0.084375 0.0828125
3 0.45703125 0.784375 0.0765625 0.1125
3 0.86015625 0.41640625 0.0890625 0.0890625
3 0.30234375 0.059375 0.0734375 0.096875
3 0.24921875 0.40859375 0.0796875 0.0796875
3 0.6546875 0.88671875 0.05625 0.0765625
3 0.70703125 0.89453125 0.084375 0.084375
3 0.921875 0.8328125 0.0625 0.075
3 0.175 0.753125 0.075 0.115625
6 0.87421875 0.3359375 0.1109375 0.1109375
4 0.11484375 0.5109375 0.0859375 0.1484375
6 0.2203125 0.69453125 0.0984375 0.096875
6 0.553125 0.796875 0.0984375 0.0984375
3 0.215625 0.40390625 0.0828125 0.08125
3 0.203125 0.3046875 0.075 0.075
3 0.284375 0.175 0.065625 0.065625
3 0.21640625 0.071875 0.053125 0.084375
3 0.0671875 0.1328125 0.059375 0.08125
3 0.28203125 0.25234375 0.08125 0.08125
3 0.175 0.13828125 0.06875 0.06875
3 0.109375 0.128125 0.075 0.075
3 0.21875 0.215625 0.075 0.075
3 0.06015625 0.696875 0.0671875 0.08125
3 0.059375 0.8140625 0.06875 0.06875
3 0.25 0.60859375 0.0625 0.0765625
3 0.44453125 0.6828125 0.078125 0.078125
3 0.56328125 0.69140625 0.090625 0.090625
3 0.7625 0.36015625 0.078125 0.078125
3 0.6140625 0.06640625 0.059375 0.0671875
3 0.5953125 0.49765625 0.059375 0.0859375
3 0.46328125 0.33046875 0.0578125 0.0953125
3 0.475 0.271875 0.0765625 0.0765625