3 0.61015625 0.203125 0.0765625 0.090625
3 0.525 0.87890625 0.0921875 0.09375
3 0.825 0.5546875 0.0828125 0.0828125
3 0.86875 0.39609375 0.0875 0.0875
3 0.1953125 0.19296875 0.0734375 0.071875
3 0.509375 0.16328125 0.08125 0.1046875
3 0.0625 0.7140625 0.05625 0.0875
3 0.0625 0.76796875 0.071875 0.0734375
3 0.9421875 0.9109375 0.08125 0.10625
3 0.35859375 0.63515625 0.0828125 0.1078125
3 0.2984375 0.79921875 0.0625 0.1015625
3 0.45078125 0.22109375 0.090625 0.0921875
3 0.0828125 0.45859375 0.05625 0.071875
3 0.60625 0.73671875 0.071875 0.1140625
3 0.70390625 0.67578125 0.0875 0.0875
3 0.13046875 0.8515625 0.0828125 0.0828125
6 0.89296875 0.8390625 0.0796875 0.128125
3 0.2546875 0.79296875 0.090625 0.090625
3 0.40625 0.934375 0.06875 0.084375
3 0.8640625 0.0734375 0.071875 0.09375
3 0.54296875 0.784375 0.0765625 0.1125
3 0.13984375 0.41640625 0.0890625 0.0890625
3 0.69765625 0.059375 0.0734375 0.096875
3 0.75078125 0.40859375 0.0671875 0.0921875
3 0.3453125 0.88671875 0.05625 0.0765625
3 0.29296875 0.89453125 0.0703125 0.0984375
3 0.078125 0.8328125 0.0625 0.075
3 0.825 0.753125 0.075 0.115625
6 0.12578125 0.3359375 0.1109375 0.1109375
4 0.88515625 0.5109375 0.115625 0.1171875
6 0.7796875 0.69453125 0.096875 0.096875
6 0.446875 0.796875 0.0984375 0.0984375
3 0.784375 0.40390625 0.0828125 0.08125
3 0.796875 0.3046875 0.065625 0.084375
3 0.715625 0.175 0.05625 0.075
3 0.78359375 0.071875 0.06875 0.06875
3 0.9328125 0.1328125 0.0703125 0.0703125
3 0.71796875 0.25234375 0.0671875 0.0953125
3 0.825 0.13828125 0.05625 0.0796875
3 0.890625 0.128125 0.0625 0.0875
3 0.78125 0.215625 0.071875 0.078125
3 0.93984375 0.696875 0.075 0.075
3 0.940625 0.8140625 0.06875 0.06875
3 0.75 0.60859375 0.0625 0.0765625
3 0.55546875 0.6828125 0.078125 0.078125
3 0.43671875 0.69140625 0.090625 0.090625
3 0.2375 0.36015625 0.065625 0.0890625
3 0.3859375 0.06640625 0.0625 0.0625
3 0.4046875 0.49765625 0.071875 0.071875
3 0.53671875 0.33046875 0.0765625 0.0765625
3 0.525 0.271875 0.06875 0.084375