3 0.83125 0.228125 0.0875 0.065625
3 0.0859375 0.81953125 0.096875 0.071875
3 0.3671875 0.44765625 0.0859375 0.084375
3 0.4625 0.61953125 0.090625 0.0671875
3 0.478125 0.91796875 0.0875 0.059375
3 0.84609375 0.5828125 0.0828125 0.0828125
3 0.26640625 0.375 0.0828125 0.06875
3 0.2875 0.6296875 0.0671875 0.0671875
3 0.17890625 0.371875 0.0796875 0.0625
3 0.1640625 0.52265625 0.078125 0.078125
3 0.359375 0.6890625 0.078125 0.078125
3 0.15234375 0.7125 0.08125 0.0828125
3 0.8984375 0.8859375 0.071875 0.071875
3 0.23125 0.9421875 0.078125 0.06875
3 0.76796875 0.55859375 0.0859375 0.0609375
3 0.28671875 0.09296875 0.0859375 0.0859375
3 0.5296875 0.425 0.08125 0.08125
3 0.72734375 0.36171875 0.0703125 0.0703125
3 0.04140625 0.6109375 0.071875 0.0734375
3 0.91640625 0.1875 0.0703125 0.06875
3 0.359375 0.35859375 0.09375 0.0640625
3 0.60234375 0.46953125 0.1015625 0.0765625
3 0.596875 0.721875 0.1 0.06875
3 0.58828125 0.6546875 0.0734375 0.065625
6 0.2765625 0.5328125 0.090625 0.090625
3 0.146875 0.26015625 0.0796875 0.08125
3 0.35078125 0.5296875 0.078125 0.078125
3 0.16796875 0.62734375 0.075 0.075
3 0.79609375 0.4609375 0.078125 0.059375
3 0.94609375 0.528125 0.0828125 0.0828125
3 0.7890625 0.921875 0.084375 0.06875
3 0.128125 0.89140625 0.08125 0.0546875
3 0.25546875 0.70390625 0.075 0.075
3 0.05859375 0.725 0.0921875 0.05625
3 0.434375 0.815625 0.075 0.075
3 0.85859375 0.84921875 0.0796875 0.065625
3 0.94765625 0.3203125 0.0625 0.0625
3 0.8515625 0.76796875 0.0890625 0.0890625
3 0.5859375 0.2328125 0.071875 0.065625
3 0.0734375 0.19375 0.084375 0.0625
3 0.6234375 0.52734375 0.0703125 0.0703125
6 0.6328125 0.834375 0.1125 0.078125
3 0.21640625 0.125 0.0828125 0.065625
3 0.428125 0.23515625 0.071875 0.0640625
3 0.15546875 0.446875 0.071875 0.08125
1 0.8765625 0.42265625 0.121875 0.0796875
6 0.89765625 0.35 0.0953125 0.09375
3 0.3625 0.03046875 0.0625 0.0609375
3 0.34296875 0.88671875 0.090625 0.0578125
3 0.490625 0.0484375 0.071875 0.071875
3 0.0484375 0.54296875 0.075 0.075
3 0.428125 0.03515625 0.084375 0.0703125
3 0.15390625 0.94453125 0.06875 0.06875
3 0.65 0.2171875 0.071875 0.071875
6 0.71796875 0.2375 0.096875 0.096875
3 0.36484375 0.83671875 0.0703125 0.05
3 0.846875 0.153125 0.071875 0.071875
3 0.9109375 0.8 0.078125 0.071875
3 0.71015625 0.95078125 0.075 0.0671875
3 0.65859375 0.3953125 0.0625 0.0625
3 0.0609375 0.0359375 0.0875 0.065625
3 0.715625 0.8171875 0.078125 0.046875
3 0.51171875 0.24375 0.0828125 0.071875
3 0.0765625 0.4921875 0.0625 0.0625
3 0.11328125 0.5890625 0.059375 0.059375
3 0.56484375 0.0359375 0.0953125 0.071875
3 0.678125 0.6859375 0.06875 0.065625
3 0.77734375 0.12734375 0.0703125 0.0703125
3 0.80390625 0.07890625 0.059375 0.059375
3 0.96328125 0.040625 0.0734375 0.0625
3 0.86796875 0.13125 0.084375 0.065625
6 0.73671875 0.6359375 0.1109375 0.109375