3 0.83125 0.771875 0.0875 0.065625
3 0.0859375 0.18046875 0.096875 0.071875
3 0.3671875 0.55234375 0.096875 0.0734375
3 0.4625 0.38046875 0.090625 0.0671875
3 0.478125 0.08203125 0.0875 0.059375
3 0.84609375 0.4171875 0.0828125 0.0828125
3 0.26640625 0.625 0.075 0.075
3 0.2875 0.3703125 0.075 0.059375
3 0.17890625 0.628125 0.0796875 0.0625
3 0.1640625 0.47734375 0.0875 0.06875
3 0.359375 0.3109375 0.078125 0.078125
3 0.15234375 0.2875 0.08125 0.0828125
3 0.8984375 0.1140625 0.071875 0.071875
3 0.23125 0.0578125 0.078125 0.06875
3 0.76796875 0.44140625 0.0734375 0.0734375
3 0.28671875 0.90703125 0.0984375 0.0734375
3 0.5296875 0.575 0.0875 0.075
3 0.72734375 0.63828125 0.0796875 0.0609375
3 0.04140625 0.3890625 0.071875 0.071875
3 0.91640625 0.8125 0.0703125 0.06875
3 0.359375 0.64140625 0.078125 0.0796875
3 0.60234375 0.53046875 0.1015625 0.0765625
3 0.596875 0.278125 0.1 0.06875
3 0.58828125 0.3453125 0.0734375 0.065625
6 0.2765625 0.4671875 0.090625 0.090625
3 0.146875 0.73984375 0.090625 0.0703125
3 0.35078125 0.4703125 0.078125 0.078125
3 0.16796875 0.37265625 0.075 0.075
3 0.79609375 0.5390625 0.06875 0.06875
3 0.94609375 0.471875 0.0828125 0.0828125
3 0.7890625 0.078125 0.084375 0.06875
3 0.128125 0.10859375 0.0671875 0.06875
3 0.25546875 0.29609375 0.075 0.075
3 0.05859375 0.275 0.0921875 0.05625
3 0.434375 0.184375 0.08125 0.06875
3 0.85859375 0.15078125 0.0734375 0.071875
3 0.94765625 0.6796875 0.0625 0.0625
3 0.8515625 0.23203125 0.1 0.078125
3 0.5859375 0.7671875 0.071875 0.065625
3 0.0734375 0.80625 0.084375 0.0625
3 0.6234375 0.47265625 0.078125 0.0625
6 0.6328125 0.165625 0.1125 0.078125
3 0.21640625 0.875 0.075 0.0734375
3 0.428125 0.76484375 0.06875 0.06875
3 0.15546875 0.553125 0.0765625 0.0765625
1 0.8765625 0.57734375 0.1 0.1015625
6 0.89765625 0.65 0.0953125 0.09375
3 0.3625 0.96953125 0.0625 0.0609375
3 0.34296875 0.11328125 0.075 0.0734375
3 0.490625 0.9515625 0.071875 0.071875
3 0.0484375 0.45703125 0.075 0.075
3 0.428125 0.96484375 0.084375 0.0703125
3 0.15390625 0.05546875 0.0765625 0.0609375
3 0.65 0.7828125 0.078125 0.065625
6 0.71796875 0.7625 0.1171875 0.078125
3 0.36484375 0.16328125 0.059375 0.059375
3 0.846875 0.846875 0.071875 0.071875
3 0.9109375 0.2 0.075 0.075
3 0.71015625 0.04921875 0.071875 0.0703125
3 0.65859375 0.6046875 0.0625 0.0625
3 0.0609375 0.9640625 0.0875 0.065625
3 0.715625 0.1828125 0.0625 0.0625
3 0.51171875 0.75625 0.078125 0.0765625
3 0.0765625 0.5078125 0.0625 0.0625
3 0.11328125 0.4109375 0.059375 0.059375
3 0.5640625 0.9609375 0.084375 0.078125
3 0.678125 0.3140625 0.06875 0.065625
3 0.77734375 0.87265625 0.0765625 0.0640625
3 0.80390625 0.92109375 0.059375 0.059375
3 0.96328125 0.959375 0.0734375 0.0625
3 0.86796875 0.86875 0.075 0.075
6 0.73671875 0.3640625 0.1109375 0.109375