3 0.42421875 0.19296875 0.0828125 0.0640625
3 0.51484375 0.9390625 0.0875 0.0859375
3 0.70546875 0.55078125 0.0765625 0.059375
3 0.7859375 0.859375 0.0890625 0.0890625
3 0.5078125 0.1921875 0.0671875 0.0671875
3 0.8125 0.690625 0.084375 0.0625
3 0.78046875 0.45078125 0.075 0.075
3 0.74296875 0.634375 0.078125 0.078125
3 0.74296875 0.18671875 0.0890625 0.0609375
3 0.58125 0.2203125 0.08125 0.059375
3 0.06953125 0.6171875 0.065625 0.0671875
3 0.83671875 0.63125 0.078125 0.078125
3 0.303125 0.1296875 0.078125 0.0765625
3 0.33515625 0.18515625 0.08125 0.08125
3 0.6609375 0.48828125 0.075 0.075
3 0.5828125 0.11796875 0.0765625 0.078125
3 0.62265625 0.2796875 0.075 0.075
3 0.21171875 0.771875 0.0828125 0.08125
3 0.08828125 0.55234375 0.0703125 0.06875
3 0.09921875 0.45390625 0.0828125 0.0828125
3 0.9453125 0.1859375 0.090625 0.059375
3 0.14140625 0.32265625 0.0796875 0.078125
3 0.1234375 0.853125 0.084375 0.059375
3 0.803125 0.7796875 0.0875 0.065625
3 0.22890625 0.92265625 0.084375 0.0578125
3 0.053125 0.34453125 0.0703125 0.071875
3 0.54921875 0.7203125 0.0828125 0.0828125
3 0.36796875 0.91640625 0.0796875 0.0671875
3 0.53515625 0.26328125 0.078125 0.0765625
3 0.32578125 0.29296875 0.0796875 0.08125
3 0.89453125 0.8546875 0.071875 0.071875
3 0.4609375 0.42421875 0.0796875 0.08125
3 0.90078125 0.6734375 0.0828125 0.065625
3 0.5734375 0.33125 0.078125 0.05625
3 0.790625 0.57109375 0.08125 0.0578125
3 0.4640625 0.85390625 0.0796875 0.078125
3 0.78046875 0.96015625 0.096875 0.0609375
3 0.13046875 0.66484375 0.0890625 0.0671875
3 0.1609375 0.42421875 0.0734375 0.075
3 0.33671875 0.50546875 0.0828125 0.0828125
3 0.7359375 0.12421875 0.109375 0.0609375
3 0.64921875 0.915625 0.06875 0.0703125
3 0.38671875 0.35 0.0765625 0.078125
3 0.95234375 0.34296875 0.0796875 0.0796875
3 0.2421875 0.2609375 0.084375 0.059375
3 0.6859375 0.82421875 0.084375 0.0640625
3 0.5421875 0.40390625 0.084375 0.0609375
3 0.17265625 0.8109375 0.0890625 0.06875
3 0.1671875 0.1109375 0.084375 0.065625
3 0.246875 0.17421875 0.08125 0.0640625
3 0.459375 0.25546875 0.0765625 0.0765625
3 0.959375 0.58984375 0.0671875 0.065625
3 0.09140625 0.24453125 0.0828125 0.0703125
3 0.146875 0.93984375 0.075 0.0578125
3 0.87734375 0.58203125 0.084375 0.0765625
3 0.9296875 0.39765625 0.103125 0.0609375
3 0.62578125 0.15625 0.0765625 0.0625
3 0.228125 0.6703125 0.08125 0.05625
3 0.38046875 0.76875 0.0828125 0.06875
3 0.3921875 0.26796875 0.0875 0.0875
3 0.628125 0.534375 0.071875 0.0625
3 0.521875 0.63671875 0.071875 0.071875
3 0.0421875 0.0984375 0.084375 0.059375
3 0.43515625 0.94296875 0.0796875 0.0796875
3 0.33203125 0.45390625 0.0734375 0.0734375
3 0.9609375 0.8765625 0.06875 0.06875
3 0.29375 0.959375 0.084375 0.08125
3 0.8390625 0.928125 0.0765625 0.0765625
3 0.83984375 0.8859375 0.125 0.059375