3 0.80703125 0.42421875 0.0734375 0.0734375
3 0.0609375 0.51484375 0.078125 0.0953125
3 0.44921875 0.70546875 0.059375 0.0765625
3 0.140625 0.7859375 0.075 0.103125
3 0.8078125 0.5078125 0.0671875 0.0671875
3 0.309375 0.8125 0.0734375 0.0734375
3 0.54921875 0.78046875 0.0640625 0.0859375
3 0.365625 0.74296875 0.078125 0.078125
3 0.81328125 0.74296875 0.0609375 0.0890625
3 0.7796875 0.58125 0.059375 0.08125
3 0.3828125 0.06953125 0.0671875 0.065625
3 0.36875 0.83671875 0.078125 0.078125
3 0.8703125 0.303125 0.071875 0.08125
3 0.81484375 0.33515625 0.0765625 0.0859375
3 0.51171875 0.6609375 0.075 0.075
3 0.88203125 0.5828125 0.078125 0.0765625
3 0.7203125 0.62265625 0.075 0.075
3 0.228125 0.21171875 0.08125 0.0828125
3 0.44765625 0.08828125 0.06875 0.0703125
3 0.54609375 0.09921875 0.078125 0.0875
3 0.8140625 0.9453125 0.075 0.075
3 0.67734375 0.14140625 0.078125 0.078125
3 0.146875 0.1234375 0.059375 0.084375
3 0.2203125 0.803125 0.0765625 0.0765625
3 0.07734375 0.22890625 0.071875 0.071875
3 0.65546875 0.053125 0.071875 0.0703125
3 0.2796875 0.54921875 0.071875 0.0953125
3 0.08359375 0.36796875 0.0734375 0.0734375
3 0.73671875 0.53515625 0.0765625 0.078125
3 0.70703125 0.32578125 0.08125 0.0796875
3 0.1453125 0.89453125 0.0625 0.0828125
3 0.57578125 0.4609375 0.08125 0.0796875
3 0.3265625 0.90078125 0.065625 0.0828125
3 0.66875 0.5734375 0.05625 0.078125
3 0.42890625 0.790625 0.06875 0.06875
3 0.14609375 0.4640625 0.0734375 0.084375
3 0.03984375 0.78046875 0.0609375 0.096875
3 0.33515625 0.13046875 0.0671875 0.0890625
3 0.57578125 0.1609375 0.075 0.0734375
3 0.49453125 0.33671875 0.0828125 0.0828125
3 0.87578125 0.7359375 0.084375 0.0859375
3 0.084375 0.64921875 0.0625 0.0765625
3 0.65 0.38671875 0.06875 0.0859375
3 0.65703125 0.95234375 0.0640625 0.0953125
3 0.7390625 0.2421875 0.059375 0.084375
3 0.17578125 0.6859375 0.075 0.075
3 0.59609375 0.5421875 0.0734375 0.071875
3 0.1890625 0.17265625 0.06875 0.0890625
3 0.8890625 0.1671875 0.065625 0.084375
3 0.82578125 0.246875 0.0640625 0.08125
3 0.74453125 0.459375 0.0765625 0.0765625
3 0.41015625 0.959375 0.0578125 0.075
3 0.75546875 0.09140625 0.0703125 0.0828125
3 0.06015625 0.146875 0.0671875 0.0671875
3 0.41796875 0.87734375 0.08125 0.08125
3 0.60234375 0.9296875 0.0609375 0.103125
3 0.84375 0.62578125 0.06875 0.06875
3 0.3296875 0.228125 0.06875 0.06875
3 0.23125 0.38046875 0.06875 0.0828125
3 0.73203125 0.3921875 0.0796875 0.096875
3 0.465625 0.628125 0.0625 0.071875
3 0.36328125 0.521875 0.0671875 0.078125
3 0.9015625 0.0421875 0.059375 0.084375
3 0.05703125 0.43515625 0.0890625 0.0703125
3 0.54609375 0.33203125 0.0734375 0.0734375
3 0.1234375 0.9609375 0.06875 0.06875
3 0.04140625 0.29453125 0.0828125 0.0828125
3 0.071875 0.8390625 0.0765625 0.0765625
3 0.1140625 0.83984375 0.059375 0.125