3 0.19296875 0.57578125 0.0640625 0.0828125
3 0.9390625 0.48515625 0.078125 0.0953125
3 0.55078125 0.29453125 0.06875 0.06875
3 0.859375 0.2140625 0.075 0.103125
3 0.1921875 0.4921875 0.05625 0.078125
3 0.690625 0.1875 0.0625 0.084375
3 0.45078125 0.21953125 0.075 0.075
3 0.634375 0.25703125 0.078125 0.078125
3 0.18671875 0.25703125 0.0609375 0.0890625
3 0.2203125 0.41875 0.059375 0.08125
3 0.6171875 0.93046875 0.0671875 0.065625
3 0.63125 0.16328125 0.065625 0.0921875
3 0.1296875 0.696875 0.0765625 0.078125
3 0.18515625 0.66484375 0.0765625 0.0859375
3 0.48828125 0.3390625 0.059375 0.090625
3 0.11796875 0.4171875 0.0640625 0.090625
3 0.2796875 0.37734375 0.065625 0.0828125
3 0.771875 0.78828125 0.08125 0.0828125
3 0.55234375 0.91171875 0.06875 0.0703125
3 0.45390625 0.90078125 0.0828125 0.0828125
3 0.1859375 0.0546875 0.075 0.075
3 0.32265625 0.85859375 0.078125 0.078125
3 0.853125 0.8765625 0.059375 0.084375
3 0.7796875 0.196875 0.0765625 0.0765625
3 0.92265625 0.77109375 0.071875 0.071875
3 0.34453125 0.946875 0.0609375 0.08125
3 0.7203125 0.45078125 0.0828125 0.0828125
3 0.91640625 0.63203125 0.0734375 0.0734375
3 0.26328125 0.46484375 0.078125 0.078125
3 0.29296875 0.67421875 0.08125 0.0796875
3 0.8546875 0.10546875 0.071875 0.0734375
3 0.42421875 0.5390625 0.0703125 0.090625
3 0.6734375 0.09921875 0.075 0.075
3 0.33125 0.4265625 0.05625 0.078125
3 0.57109375 0.209375 0.06875 0.06875
3 0.85390625 0.5359375 0.0734375 0.084375
3 0.96015625 0.21953125 0.078125 0.078125
3 0.66484375 0.86953125 0.078125 0.078125
3 0.42421875 0.8390625 0.0640625 0.084375
3 0.50546875 0.66328125 0.0609375 0.1046875
3 0.12421875 0.2640625 0.0859375 0.0859375
3 0.915625 0.35078125 0.06875 0.06875
3 0.35 0.61328125 0.078125 0.0765625
3 0.34296875 0.04765625 0.0640625 0.0953125
3 0.2609375 0.7578125 0.059375 0.084375
3 0.82421875 0.3140625 0.075 0.075
3 0.40390625 0.4578125 0.0609375 0.084375
3 0.8109375 0.82734375 0.06875 0.0890625
3 0.1109375 0.8328125 0.065625 0.084375
3 0.17421875 0.753125 0.0640625 0.08125
3 0.25546875 0.540625 0.0765625 0.0765625
3 0.58984375 0.040625 0.0578125 0.075
3 0.24453125 0.90859375 0.0765625 0.0765625
3 0.93984375 0.853125 0.0671875 0.0671875
3 0.58203125 0.12265625 0.0765625 0.084375
3 0.39765625 0.0703125 0.0609375 0.103125
3 0.15625 0.37421875 0.0625 0.0765625
3 0.6703125 0.771875 0.06875 0.06875
3 0.76875 0.61953125 0.075 0.0765625
3 0.26796875 0.6078125 0.0796875 0.096875
3 0.534375 0.371875 0.0625 0.071875
3 0.63671875 0.478125 0.0671875 0.078125
3 0.0984375 0.9578125 0.059375 0.084375
3 0.94296875 0.56484375 0.0796875 0.0796875
3 0.45390625 0.66796875 0.0578125 0.0890625
3 0.8765625 0.0390625 0.06875 0.06875
3 0.959375 0.70625 0.08125 0.084375
3 0.928125 0.1609375 0.0765625 0.0765625
3 0.8859375 0.16015625 0.059375 0.125