3 0.27421875 0.06953125 0.090625 0.0796875
3 0.696875 0.7390625 0.075 0.0765625
3 0.209375 0.69609375 0.08125 0.0640625
3 0.46796875 0.10546875 0.075 0.075
3 0.35625 0.0734375 0.0734375 0.0734375
3 0.56484375 0.0953125 0.0953125 0.0953125
3 0.8984375 0.140625 0.0734375 0.0734375
3 0.33359375 0.6421875 0.0890625 0.071875
3 0.453125 0.65078125 0.0875 0.0703125
3 0.1234375 0.06875 0.0828125 0.0828125
3 0.54609375 0.41171875 0.0921875 0.0734375
3 0.59921875 0.459375 0.0890625 0.06875
3 0.85546875 0.88125 0.1046875 0.08125
3 0.61171875 0.8484375 0.0796875 0.06875
3 0.10625 0.6078125 0.084375 0.084375
3 0.74140625 0.4796875 0.084375 0.0859375
3 0.42109375 0.70390625 0.0765625 0.0765625
3 0.515625 0.60859375 0.090625 0.0734375
3 0.14609375 0.32265625 0.078125 0.078125
3 0.234375 0.12578125 0.08125 0.0546875
3 0.37734375 0.81796875 0.0734375 0.075
3 0.2328125 0.340625 0.084375 0.065625
3 0.84765625 0.5546875 0.0796875 0.0796875
3 0.85390625 0.20234375 0.0921875 0.0765625
3 0.6609375 0.5296875 0.078125 0.065625
3 0.1828125 0.18359375 0.103125 0.0734375
3 0.271875 0.1703125 0.078125 0.078125
3 0.80703125 0.95625 0.0890625 0.0875
3 0.5234375 0.83203125 0.090625 0.0609375
3 0.27265625 0.2796875 0.08125 0.0796875
3 0.315625 0.490625 0.096875 0.096875
3 0.73125 0.89765625 0.0875 0.0859375
3 0.25859375 0.8265625 0.096875 0.078125
3 0.80859375 0.728125 0.090625 0.0890625
3 0.1171875 0.68828125 0.078125 0.0796875
3 0.66953125 0.30390625 0.0984375 0.078125
3 0.4421875 0.875 0.071875 0.0625
3 0.3375 0.7578125 0.09375 0.078125
3 0.359375 0.88046875 0.0875 0.0875
3 0.1671875 0.478125 0.103125 0.075
3 0.33984375 0.371875 0.0828125 0.084375
3 0.77578125 0.7953125 0.0828125 0.065625
3 0.33828125 0.2640625 0.0859375 0.065625
3 0.42890625 0.27265625 0.0875 0.0875
3 0.30390625 0.596875 0.075 0.075
3 0.2765625 0.75390625 0.071875 0.0703125
3 0.721875 0.578125 0.1 0.071875
3 0.290625 0.90625 0.1 0.084375
3 0.84140625 0.8171875 0.08125 0.08125
3 0.09765625 0.2703125 0.0859375 0.071875
3 0.84609375 0.0921875 0.0921875 0.071875
3 0.0578125 0.3296875 0.084375 0.06875
3 0.76484375 0.6671875 0.0984375 0.06875
3 0.60625 0.7578125 0.0875 0.065625
3 0.61796875 0.621875 0.0765625 0.0765625
3 0.20546875 0.39765625 0.0890625 0.0734375
3 0.08203125 0.54921875 0.0703125 0.0703125
3 0.58203125 0.32578125 0.08125 0.08125
3 0.44921875 0.7953125 0.0765625 0.075
3 0.20625 0.9359375 0.0875 0.075
3 0.58046875 0.696875 0.0921875 0.0921875
3 0.2359375 0.55546875 0.103125 0.0765625
3 0.64765625 0.9140625 0.0765625 0.078125
3 0.14609375 0.553125 0.084375 0.075
3 0.06953125 0.41015625 0.075 0.075
3 0.1390625 0.4375 0.090625 0.06875
3 0.16171875 0.646875 0.0734375 0.0734375
3 0.57890625 0.9578125 0.0890625 0.084375
3 0.9 0.51015625 0.078125 0.078125
3 0.76640625 0.6125 0.075 0.06875
3 0.4234375 0.346875 0.096875 0.06875
3 0.14296875 0.92109375 0.0921875 0.0734375
3 0.15390625 0.7640625 0.0734375 0.071875
3 0.615625 0.57265625 0.0875 0.0875
3 0.184375 0.77578125 0.0890625 0.0890625
6 0.1109375 0.38046875 0.1125 0.0671875
3 0.51953125 0.3546875 0.078125 0.078125
3 0.76796875 0.053125 0.0796875 0.0796875
3 0.93359375 0.07578125 0.0921875 0.0640625
3 0.9515625 0.096875 0.0875 0.065625
6 0.81484375 0.51484375 0.084375 0.084375
4 0.2171875 0.871875 0.0984375 0.0984375
4 0.54765625 0.8875 0.0875 0.0875
3 0.43046875 0.7671875 0.0984375 0.065625
3 0.43046875 0.31953125 0.1015625 0.075
3 0.7046875 0.959375 0.090625 0.053125