3 0.778125 0.4984375 0.0625 0.084375
3 0.17109375 0.7765625 0.084375 0.084375
3 0.05859375 0.640625 0.06875 0.090625
3 0.21640625 0.88203125 0.0875 0.0875
3 0.634375 0.4609375 0.08125 0.08125
3 0.278125 0.17265625 0.071875 0.0953125
3 0.73671875 0.27421875 0.0734375 0.096875
3 0.2796875 0.68671875 0.06875 0.0875
3 0.83828125 0.49765625 0.08125 0.08125
3 0.8890625 0.90390625 0.0796875 0.08125
3 0.675 0.70390625 0.0765625 0.0765625
3 0.48828125 0.365625 0.0796875 0.078125
3 0.80546875 0.7921875 0.078125 0.078125
3 0.209375 0.50703125 0.08125 0.0828125
3 0.5828125 0.54453125 0.0671875 0.0671875
3 0.1171875 0.41015625 0.071875 0.090625
3 0.7328125 0.671875 0.084375 0.084375
3 0.7109375 0.5046875 0.065625 0.096875
3 0.73046875 0.85546875 0.0828125 0.0828125
3 0.83203125 0.609375 0.0640625 0.065625
3 0.3609375 0.50078125 0.065625 0.0734375
3 0.3 0.428125 0.06875 0.09375
3 0.94140625 0.7671875 0.078125 0.0796875
3 0.775 0.58046875 0.0671875 0.0671875
3 0.484375 0.62421875 0.0765625 0.0765625
3 0.0546875 0.30859375 0.078125 0.096875
3 0.2234375 0.421875 0.075 0.075
3 0.08125 0.49453125 0.075 0.0953125
3 0.28359375 0.88046875 0.0703125 0.0953125
3 0.68203125 0.8265625 0.0578125 0.065625
3 0.4640625 0.7796875 0.0703125 0.0703125
3 0.6171875 0.81171875 0.075 0.0984375
3 0.64296875 0.503125 0.065625 0.096875
3 0.765625 0.359375 0.0828125 0.0828125
3 0.3421875 0.93515625 0.071875 0.0828125
3 0.84609375 0.246875 0.075 0.0734375
3 0.9140625 0.46796875 0.0734375 0.075
3 0.42265625 0.58984375 0.084375 0.084375
3 0.24140625 0.13515625 0.0640625 0.090625
3 0.11328125 0.09375 0.084375 0.0828125
3 0.53203125 0.90703125 0.0703125 0.0953125
3 0.85625 0.12890625 0.0828125 0.0828125
3 0.503125 0.7234375 0.0625 0.075
3 0.890625 0.7734375 0.065625 0.096875
3 0.884375 0.33359375 0.071875 0.071875
3 0.58828125 0.1203125 0.059375 0.0609375
3 0.4328125 0.88046875 0.065625 0.0921875
3 0.2453125 0.2765625 0.053125 0.078125
3 0.58046875 0.884375 0.071875 0.09375
3 0.78359375 0.6859375 0.0734375 0.075
3 0.1203125 0.66875 0.059375 0.059375
3 0.1875 0.62109375 0.06875 0.0796875
3 0.928125 0.95390625 0.065625 0.0640625
3 0.30390625 0.090625 0.0671875 0.090625
3 0.409375 0.46484375 0.05625 0.0703125
3 0.36484375 0.57734375 0.0671875 0.0671875
3 0.79609375 0.2765625 0.075 0.075
3 0.82890625 0.6828125 0.0546875 0.075
3 0.384375 0.83203125 0.0734375 0.0734375
3 0.2359375 0.796875 0.053125 0.06875
3 0.17734375 0.4375 0.078125 0.078125
3 0.9359375 0.68828125 0.059375 0.0703125
3 0.2125 0.23359375 0.065625 0.0859375
3 0.1890625 0.084375 0.075 0.075
3 0.115625 0.73828125 0.0625 0.0734375
3 0.840625 0.96015625 0.05625 0.071875
3 0.165625 0.29609375 0.065625 0.0640625
3 0.3859375 0.70703125 0.05625 0.0703125
3 0.76875 0.1984375 0.0671875 0.0671875
3 0.47421875 0.51796875 0.0765625 0.0765625
3 0.915625 0.0984375 0.075 0.08125
3 0.55234375 0.7078125 0.0625 0.0625
3 0.1140625 0.56640625 0.059375 0.059375
3 0.109375 0.20234375 0.05 0.084375
3 0.078125 0.240625 0.053125 0.053125
6 0.178125 0.1890625 0.0984375 0.0984375
3 0.0578125 0.08125 0.053125 0.08125
3 0.66484375 0.33046875 0.071875 0.071875
3 0.515625 0.4515625 0.05 0.065625
3 0.52421875 0.6671875 0.0546875 0.06875
3 0.96953125 0.55703125 0.059375 0.059375
3 0.896875 0.4875 0.05625 0.084375
3 0.74296875 0.36171875 0.0625 0.0625
3 0.740625 0.4453125 0.0625 0.0625
3 0.38828125 0.63515625 0.0515625 0.0640625
3 0.4390625 0.71015625 0.0625 0.0625
3 0.73203125 0.93203125 0.059375 0.0671875
3 0.86953125 0.71171875 0.0578125 0.0734375
3 0.74296875 0.7953125 0.071875 0.071875
6 0.59453125 0.81953125 0.0859375 0.134375
3 0.93203125 0.22578125 0.0578125 0.0828125
3 0.884375 0.20859375 0.05625 0.0828125
3 0.8546875 0.04609375 0.05625 0.05625
3 0.45 0.1078125 0.05625 0.071875
6 0.33828125 0.10234375 0.090625 0.090625
3 0.6140625 0.38671875 0.05625 0.0578125
3 0.6234375 0.32265625 0.0578125 0.059375
3 0.40234375 0.9609375 0.0515625 0.078125
3 0.425 0.834375 0.05 0.071875
3 0.6234375 0.65078125 0.0546875 0.05625
3 0.15625 0.15234375 0.059375 0.0875
3 0.9109375 0.15078125 0.053125 0.0578125
3 0.8078125 0.08984375 0.059375 0.059375
3 0.4640625 0.475 0.065625 0.065625
3 0.4453125 0.5046875 0.053125 0.059375
3 0.57421875 0.1734375 0.05625 0.05625