3 0.6359375 0.52578125 0.071875 0.0984375
3 0.70859375 0.1390625 0.075 0.0734375
3 0.62734375 0.79296875 0.0734375 0.0984375
3 0.61875 0.17578125 0.0625 0.0796875
3 0.534375 0.5859375 0.0734375 0.0734375
3 0.72421875 0.63359375 0.0796875 0.0796875
3 0.8796875 0.1890625 0.078125 0.1
3 0.8015625 0.3140625 0.078125 0.0765625
3 0.71015625 0.3875 0.08125 0.08125
3 0.07890625 0.54140625 0.078125 0.078125
3 0.225 0.4484375 0.06875 0.0875
3 0.48203125 0.52578125 0.0703125 0.0953125
3 0.4203125 0.26015625 0.078125 0.078125
3 0.53203125 0.7859375 0.0734375 0.103125
3 0.17421875 0.8140625 0.0640625 0.078125
3 0.28359375 0.41015625 0.08125 0.08125
3 0.5328125 0.67265625 0.065625 0.0828125
3 0.1546875 0.73125 0.0671875 0.0671875
3 0.47109375 0.77578125 0.075 0.075
3 0.2828125 0.6671875 0.06875 0.08125
3 0.146875 0.54765625 0.06875 0.0703125
3 0.36171875 0.78984375 0.0609375 0.0765625
3 0.50703125 0.40078125 0.0671875 0.0890625
3 0.4203125 0.5109375 0.071875 0.071875
3 0.06015625 0.15234375 0.0703125 0.096875
3 0.559375 0.28515625 0.06875 0.0828125
3 0.3125 0.23359375 0.075 0.0921875
3 0.64453125 0.23203125 0.0734375 0.071875
3 0.39453125 0.91484375 0.0609375 0.1015625
6 0.2484375 0.82109375 0.084375 0.103125
3 0.14375 0.62890625 0.0796875 0.08125
3 0.88984375 0.64375 0.06875 0.06875
3 0.896875 0.83515625 0.06875 0.0859375
3 0.4546875 0.6203125 0.071875 0.078125
3 0.875 0.49765625 0.0625 0.0734375
3 0.5109375 0.2546875 0.0625 0.08125
3 0.90546875 0.0953125 0.0640625 0.078125
3 0.8015625 0.61015625 0.08125 0.08125
3 0.38125 0.04375 0.06875 0.075
3 0.8140625 0.83046875 0.078125 0.0765625
3 0.7484375 0.715625 0.065625 0.08125
3 0.3421875 0.17890625 0.05625 0.0828125
6 0.77734375 0.1921875 0.09375 0.09375
3 0.875 0.24375 0.059375 0.08125
3 0.91953125 0.7421875 0.0578125 0.084375
3 0.8046875 0.6796875 0.0703125 0.0703125
3 0.0703125 0.4546875 0.06875 0.06875
3 0.94140625 0.59609375 0.0546875 0.0734375
3 0.1109375 0.415625 0.075 0.09375
3 0.36640625 0.55234375 0.053125 0.0734375
3 0.19921875 0.20859375 0.0546875 0.075
3 0.121875 0.3671875 0.071875 0.071875
3 0.46015625 0.9390625 0.0671875 0.065625
3 0.803125 0.7546875 0.06875 0.084375
3 0.10390625 0.28984375 0.0640625 0.0703125
3 0.2140625 0.871875 0.05625 0.05625
3 0.15625 0.1265625 0.0765625 0.0765625
3 0.9359375 0.890625 0.065625 0.08125
3 0.81640625 0.47109375 0.0515625 0.0734375
3 0.621875 0.046875 0.0828125 0.0828125
3 0.73359375 0.22734375 0.0546875 0.071875
3 0.290625 0.590625 0.065625 0.065625
3 0.221875 0.13984375 0.0671875 0.0671875
3 0.85 0.92265625 0.071875 0.0765625
3 0.865625 0.759375 0.0625 0.0625
3 0.121875 0.91953125 0.071875 0.0703125
3 0.34375 0.33203125 0.05625 0.0765625
3 0.8703125 0.9546875 0.065625 0.078125
3 0.4359375 0.83046875 0.0671875 0.06875
3 0.15546875 0.1796875 0.0609375 0.071875
3 0.8859375 0.6796875 0.078125 0.084375
3 0.75 0.79765625 0.05625 0.0703125
3 0.89453125 0.87265625 0.0671875 0.0953125
3 0.97109375 0.42578125 0.0578125 0.0640625
3 0.6953125 0.8421875 0.0578125 0.0578125
3 0.4578125 0.70859375 0.0625 0.0609375
3 0.52421875 0.07265625 0.05625 0.05625
3 0.52265625 0.96875 0.0609375 0.0609375
3 0.9734375 0.73046875 0.053125 0.0578125
3 0.23515625 0.959375 0.071875 0.071875