3 0.8015625 0.34765625 0.09375 0.0953125
3 0.79296875 0.47421875 0.0703125 0.0953125
3 0.15078125 0.50703125 0.075 0.075
3 0.56171875 0.7046875 0.0640625 0.090625
3 0.71484375 0.64453125 0.0703125 0.0890625
3 0.04453125 0.78828125 0.0640625 0.0875
3 0.10234375 0.865625 0.0765625 0.103125
3 0.609375 0.409375 0.0828125 0.0828125
3 0.121875 0.73984375 0.06875 0.0875
3 0.64375 0.32421875 0.0796875 0.0796875
3 0.48515625 0.73671875 0.059375 0.0828125
3 0.40546875 0.32578125 0.0734375 0.0734375
3 0.50234375 0.21328125 0.0671875 0.0890625
3 0.41015625 0.740625 0.08125 0.08125
3 0.66875 0.56484375 0.071875 0.071875
3 0.29921875 0.4375 0.0828125 0.1
3 0.0453125 0.50234375 0.08125 0.08125
3 0.309375 0.54765625 0.08125 0.0953125
3 0.77265625 0.8203125 0.0765625 0.109375
3 0.69921875 0.275 0.084375 0.084375
3 0.14375 0.6046875 0.078125 0.078125
3 0.23203125 0.7265625 0.078125 0.096875
3 0.2578125 0.634375 0.0703125 0.0703125
3 0.4390625 0.5859375 0.0859375 0.0859375
3 0.83203125 0.89296875 0.084375 0.084375
3 0.3234375 0.26484375 0.0859375 0.0875
3 0.50859375 0.82734375 0.0734375 0.0953125
3 0.6703125 0.79140625 0.0875 0.0875
3 0.9625 0.7421875 0.06875 0.090625
3 0.5359375 0.33671875 0.08125 0.08125
3 0.278125 0.340625 0.0703125 0.0703125
3 0.953125 0.4875 0.0890625 0.0875
3 0.096875 0.40859375 0.05625 0.1203125
3 0.90234375 0.15546875 0.0734375 0.1140625
3 0.690625 0.4609375 0.0953125 0.0953125
3 0.55390625 0.14140625 0.06875 0.06875
3 0.21171875 0.85078125 0.059375 0.109375
3 0.92578125 0.22578125 0.0703125 0.0703125
3 0.8828125 0.6390625 0.084375 0.10625
3 0.93125 0.27734375 0.0859375 0.084375
3 0.1421875 0.30703125 0.0828125 0.0828125
3 0.8484375 0.07578125 0.071875 0.0859375
3 0.684375 0.04609375 0.08125 0.0828125
3 0.23984375 0.10703125 0.0890625 0.0890625
6 0.50859375 0.52578125 0.0859375 0.1296875