3 0.80390625 0.6734375 0.0890625 0.0625
3 0.4296875 0.6671875 0.075 0.075
3 0.49296875 0.38125 0.0734375 0.071875
3 0.5015625 0.0859375 0.065625 0.053125
3 0.3078125 0.628125 0.071875 0.071875
3 0.50546875 0.30078125 0.0890625 0.0625
3 0.171875 0.25 0.075 0.075
3 0.8859375 0.80390625 0.084375 0.0703125
3 0.66015625 0.725 0.078125 0.078125
3 0.86796875 0.7265625 0.0953125 0.075
3 0.57421875 0.459375 0.0796875 0.05625
3 0.62265625 0.52265625 0.0734375 0.0734375
3 0.3515625 0.69453125 0.075 0.075
3 0.3828125 0.590625 0.096875 0.0625
3 0.746875 0.7140625 0.084375 0.059375
3 0.228125 0.66328125 0.0875 0.0640625
3 0.72109375 0.4125 0.084375 0.059375
3 0.7078125 0.271875 0.090625 0.0625
3 0.9515625 0.3 0.084375 0.0625
3 0.94296875 0.42109375 0.071875 0.071875
3 0.78984375 0.31015625 0.0796875 0.0578125
3 0.57578125 0.3515625 0.0828125 0.059375
3 0.72578125 0.778125 0.0828125 0.0625
3 0.61484375 0.06953125 0.0828125 0.0609375
3 0.84296875 0.4515625 0.0703125 0.0703125
3 0.80390625 0.51328125 0.0890625 0.0640625
3 0.38828125 0.4046875 0.0703125 0.0703125
3 0.83359375 0.2125 0.0890625 0.06875
3 0.6828125 0.9578125 0.0765625 0.0765625
3 0.71328125 0.51953125 0.0796875 0.059375
3 0.92890625 0.93984375 0.0859375 0.0578125
3 0.48828125 0.175 0.0796875 0.0796875
3 0.44921875 0.2484375 0.0765625 0.065625
3 0.28828125 0.9015625 0.078125 0.078125
3 0.29921875 0.4234375 0.0890625 0.065625
3 0.6078125 0.2921875 0.096875 0.065625
3 0.1421875 0.640625 0.0875 0.0625
3 0.42578125 0.86171875 0.0765625 0.0765625
3 0.0765625 0.31328125 0.0828125 0.08125
3 0.14296875 0.9046875 0.075 0.0625
3 0.228125 0.60625 0.08125 0.05
3 0.16953125 0.3203125 0.0796875 0.059375
3 0.41953125 0.34296875 0.0828125 0.0546875
3 0.25703125 0.240625 0.0734375 0.0625
3 0.27734375 0.728125 0.08125 0.0828125
3 0.315625 0.30625 0.078125 0.065625
3 0.10625 0.85 0.071875 0.05625
3 0.29296875 0.55078125 0.0984375 0.059375
3 0.73671875 0.1109375 0.0796875 0.0625
3 0.1984375 0.546875 0.0703125 0.0703125
3 0.28515625 0.090625 0.0828125 0.0625
3 0.48203125 0.59453125 0.0890625 0.06875
3 0.71640625 0.63046875 0.078125 0.078125
3 0.55 0.15546875 0.075 0.0734375
3 0.59921875 0.6171875 0.0734375 0.0734375
3 0.6234375 0.22421875 0.08125 0.08125
3 0.1140625 0.59609375 0.090625 0.0734375
3 0.86171875 0.2828125 0.0796875 0.071875
3 0.1390625 0.06640625 0.075 0.0765625
3 0.6171875 0.915625 0.071875 0.071875
3 0.80859375 0.88671875 0.0890625 0.0640625
3 0.18984375 0.1671875 0.084375 0.0828125
3 0.68046875 0.35625 0.0828125 0.059375
3 0.509375 0.9421875 0.0875 0.065625
3 0.92265625 0.13359375 0.0828125 0.0640625
3 0.74609375 0.4625 0.0734375 0.0734375
3 0.05390625 0.625 0.0921875 0.0625
3 0.88359375 0.53046875 0.0921875 0.0671875
3 0.740625 0.20625 0.078125 0.078125
3 0.3453125 0.52890625 0.0703125 0.0703125
3 0.209375 0.42265625 0.08125 0.0609375
3 0.225 0.86953125 0.0734375 0.0734375
3 0.57109375 0.7421875 0.090625 0.075
3 0.58515625 0.2109375 0.0765625 0.0765625
3 0.91875 0.4984375 0.078125 0.0625
3 0.81015625 0.78046875 0.0703125 0.05
3 0.65234375 0.4234375 0.0953125 0.0625
3 0.09609375 0.21484375 0.06875 0.06875
3 0.07578125 0.1140625 0.0671875 0.053125
3 0.9421875 0.2125 0.0625 0.0625
3 0.67578125 0.1171875 0.1015625 0.071875
3 0.5265625 0.7578125 0.075 0.075
3 0.81171875 0.04140625 0.0765625 0.078125
3 0.6359375 0.1484375 0.08125 0.08125
3 0.54921875 0.8453125 0.0796875 0.0625
3 0.53828125 0.0515625 0.065625 0.065625
3 0.08671875 0.95703125 0.0828125 0.0625
3 0.30390625 0.1671875 0.0625 0.0640625
3 0.734375 0.84375 0.065625 0.065625
3 0.78671875 0.3625 0.0953125 0.071875
3 0.11328125 0.41796875 0.0859375 0.0765625
3 0.6796875 0.578125 0.0703125 0.0703125
3 0.65546875 0.8703125 0.0734375 0.053125
3 0.10703125 0.15234375 0.0859375 0.0625
3 0.1828125 0.7796875 0.0765625 0.0765625
3 0.253125 0.13828125 0.08125 0.08125
3 0.246875 0.321875 0.075 0.078125
3 0.946875 0.16640625 0.08125 0.0640625
3 0.39921875 0.07109375 0.0703125 0.0609375
3 0.82890625 0.11015625 0.06875 0.06875
3 0.44453125 0.7359375 0.075 0.075
3 0.24609375 0.83203125 0.0765625 0.0640625
3 0.0453125 0.265625 0.078125 0.078125
3 0.76640625 0.57734375 0.0859375 0.0640625
3 0.8625 0.0828125 0.0796875 0.0796875
3 0.83203125 0.38515625 0.0703125 0.0703125
3 0.046875 0.3859375 0.0703125 0.0703125
3 0.95546875 0.75625 0.078125 0.0796875
3 0.63984375 0.33515625 0.0875 0.06875
3 0.303125 0.76015625 0.084375 0.0859375
3 0.3046875 0.03203125 0.06875 0.0640625
3 0.56875 0.584375 0.065625 0.065625
3 0.96015625 0.66328125 0.06875 0.06875
3 0.22734375 0.3578125 0.071875 0.071875
3 0.2828125 0.34375 0.0828125 0.0828125
6 0.51875 0.6703125 0.103125 0.103125
6 0.82109375 0.596875 0.125 0.09375
3 0.4671875 0.53203125 0.06875 0.06875
3 0.49140625 0.46328125 0.0796875 0.0546875
3 0.82265625 0.9578125 0.0734375 0.0734375
3 0.803125 0.96875 0.08125 0.0625
3 0.603125 0.89609375 0.0609375 0.0609375
3 0.52578125 0.91875 0.071875 0.071875
3 0.5515625 0.8203125 0.078125 0.053125
3 0.68359375 0.646875 0.0921875 0.06875
3 0.9234375 0.23046875 0.06875 0.06875
3 0.83046875 0.1390625 0.0703125 0.05625
3 0.71328125 0.178125 0.0828125 0.08125
3 0.84765625 0.4 0.065625 0.065625
3 0.47421875 0.45859375 0.0625 0.0625
3 0.4796875 0.54765625 0.071875 0.0546875
3 0.4109375 0.75546875 0.075 0.0671875
3 0.45625 0.85 0.071875 0.0703125
3 0.06875 0.94140625 0.0875 0.0625
3 0.20390625 0.4421875 0.0765625 0.075
3 0.1 0.7296875 0.075 0.053125
3 0.0828125 0.7265625 0.071875 0.071875
3 0.1890625 0.76015625 0.0671875 0.065625
3 0.16640625 0.915625 0.078125 0.0625
3 0.08046875 0.8421875 0.0859375 0.05625
3 0.0953125 0.3875 0.071875 0.071875
3 0.17734375 0.54765625 0.0796875 0.0640625
3 0.15078125 0.0828125 0.06875 0.06875
3 0.728125 0.87578125 0.078125 0.078125
3 0.1546875 0.1640625 0.0671875 0.0671875
3 0.06328125 0.20703125 0.0875 0.0515625
3 0.4765625 0.08984375 0.071875 0.071875
3 0.4234375 0.25546875 0.084375 0.0734375
3 0.38984375 0.0953125 0.065625 0.065625
3 0.390625 0.1234375 0.08125 0.071875
3 0.3265625 0.0359375 0.071875 0.053125
3 0.334375 0.1765625 0.0671875 0.0671875
3 0.33671875 0.2078125 0.0703125 0.0703125
3 0.05859375 0.128125 0.0703125 0.05625
3 0.63671875 0.403125 0.0765625 0.059375
3 0.80078125 0.80625 0.0625 0.0640625
3 0.37578125 0.7765625 0.0671875 0.059375
3 0.39140625 0.7921875 0.075 0.075
3 0.259375 0.8109375 0.075 0.059375
3 0.93203125 0.4796875 0.0640625 0.0640625
3 0.3484375 0.29765625 0.06875 0.0703125
3 0.56171875 0.6890625 0.059375 0.059375