3 0.19609375 0.6734375 0.0890625 0.0625
3 0.5703125 0.6671875 0.084375 0.065625
3 0.50703125 0.38125 0.0734375 0.071875
3 0.4984375 0.0859375 0.059375 0.059375
3 0.6921875 0.628125 0.071875 0.071875
3 0.49453125 0.30078125 0.0890625 0.0625
3 0.828125 0.25 0.0875 0.0625
3 0.1140625 0.80390625 0.084375 0.0703125
3 0.33984375 0.725 0.0859375 0.06875
3 0.13203125 0.7265625 0.084375 0.0859375
3 0.42578125 0.459375 0.0796875 0.05625
3 0.37734375 0.52265625 0.0734375 0.0734375
3 0.6484375 0.69453125 0.084375 0.0640625
3 0.6171875 0.590625 0.0796875 0.0796875
3 0.253125 0.7140625 0.084375 0.059375
3 0.771875 0.66328125 0.075 0.075
3 0.27890625 0.4125 0.071875 0.071875
3 0.2921875 0.271875 0.0765625 0.0765625
3 0.0484375 0.3 0.084375 0.0625
3 0.05703125 0.42109375 0.071875 0.071875
3 0.21015625 0.31015625 0.0796875 0.0578125
3 0.42421875 0.3515625 0.0828125 0.059375
3 0.27421875 0.778125 0.0828125 0.0625
3 0.38515625 0.06953125 0.071875 0.071875
3 0.15703125 0.4515625 0.0828125 0.059375
3 0.19609375 0.51328125 0.0890625 0.0640625
3 0.61171875 0.4046875 0.0703125 0.0703125
3 0.16640625 0.2125 0.0890625 0.06875
3 0.3171875 0.9578125 0.0875 0.065625
3 0.28671875 0.51953125 0.0703125 0.06875
3 0.07109375 0.93984375 0.0859375 0.0578125
3 0.51171875 0.175 0.090625 0.06875
3 0.55078125 0.2484375 0.0765625 0.065625
3 0.71171875 0.9015625 0.078125 0.078125
3 0.70078125 0.4234375 0.078125 0.078125
3 0.3921875 0.2921875 0.096875 0.065625
3 0.8578125 0.640625 0.0875 0.0625
3 0.57421875 0.86171875 0.0890625 0.0640625
3 0.9234375 0.31328125 0.0828125 0.08125
3 0.85703125 0.9046875 0.06875 0.06875
3 0.771875 0.60625 0.08125 0.05
3 0.83046875 0.3203125 0.06875 0.06875
3 0.58046875 0.34296875 0.06875 0.06875
3 0.74296875 0.240625 0.0734375 0.0625
3 0.72265625 0.728125 0.0953125 0.06875
3 0.684375 0.30625 0.071875 0.071875
3 0.89375 0.85 0.071875 0.05625
3 0.70703125 0.55078125 0.0984375 0.059375
3 0.26328125 0.1109375 0.0703125 0.071875
3 0.8015625 0.546875 0.078125 0.0625
3 0.71484375 0.090625 0.071875 0.071875
3 0.51796875 0.59453125 0.078125 0.078125
3 0.28359375 0.63046875 0.0875 0.0671875
3 0.45 0.15546875 0.0734375 0.075
3 0.40078125 0.6171875 0.0734375 0.0734375
3 0.3765625 0.22421875 0.09375 0.0671875
3 0.8859375 0.59609375 0.08125 0.08125
3 0.13828125 0.2828125 0.075 0.0765625
3 0.8609375 0.06640625 0.075 0.0765625
3 0.3828125 0.915625 0.0875 0.05625
3 0.19140625 0.88671875 0.0890625 0.0640625
3 0.81015625 0.1671875 0.0890625 0.078125
3 0.31953125 0.35625 0.0703125 0.0703125
3 0.490625 0.9421875 0.0875 0.065625
3 0.07734375 0.13359375 0.0734375 0.0734375
3 0.25390625 0.4625 0.0984375 0.05
3 0.94609375 0.625 0.0921875 0.0625
3 0.11640625 0.53046875 0.0796875 0.0796875
3 0.259375 0.20625 0.0875 0.06875
3 0.6546875 0.52890625 0.0703125 0.0703125
3 0.790625 0.42265625 0.0703125 0.0703125
3 0.775 0.86953125 0.0734375 0.0734375
3 0.42890625 0.7421875 0.0828125 0.0828125
3 0.41484375 0.2109375 0.0890625 0.065625
3 0.08125 0.4984375 0.0703125 0.0703125
3 0.18984375 0.78046875 0.0703125 0.05
3 0.34765625 0.4234375 0.0796875 0.078125
3 0.90390625 0.21484375 0.06875 0.06875
3 0.92421875 0.1140625 0.0671875 0.053125
3 0.0578125 0.2125 0.0625 0.0625
3 0.32421875 0.1171875 0.1015625 0.071875
3 0.4734375 0.7578125 0.075 0.075
3 0.18828125 0.04140625 0.0765625 0.078125
3 0.3640625 0.1484375 0.08125 0.08125
3 0.45078125 0.8453125 0.0703125 0.071875
3 0.46171875 0.0515625 0.065625 0.065625
3 0.91328125 0.95703125 0.071875 0.071875
3 0.69609375 0.1671875 0.0625 0.0640625
3 0.265625 0.84375 0.075 0.05625
3 0.21328125 0.3625 0.084375 0.084375
3 0.88671875 0.41796875 0.08125 0.08125
3 0.3203125 0.578125 0.078125 0.0625
3 0.34453125 0.8703125 0.0625 0.0625
3 0.89296875 0.15234375 0.0859375 0.0625
3 0.8171875 0.7796875 0.090625 0.0625
3 0.746875 0.13828125 0.065625 0.0953125
3 0.753125 0.321875 0.075 0.078125
3 0.053125 0.16640625 0.08125 0.0640625
3 0.60078125 0.07109375 0.065625 0.065625
3 0.17109375 0.11015625 0.0765625 0.0609375
3 0.55546875 0.7359375 0.075 0.075
3 0.75390625 0.83203125 0.0703125 0.0703125
3 0.9546875 0.265625 0.078125 0.078125
3 0.23359375 0.57734375 0.075 0.075
3 0.1375 0.0828125 0.08125 0.078125
3 0.16796875 0.38515625 0.0765625 0.0640625
3 0.953125 0.3859375 0.0703125 0.0703125
3 0.04453125 0.75625 0.0890625 0.06875
3 0.36015625 0.33515625 0.0875 0.06875
3 0.696875 0.76015625 0.084375 0.0859375
3 0.69609375 0.0296875 0.0765625 0.059375
3 0.43125 0.584375 0.071875 0.059375
3 0.03984375 0.66328125 0.0796875 0.0578125
3 0.77265625 0.3578125 0.0765625 0.065625
3 0.7171875 0.34375 0.090625 0.075
6 0.48125 0.6703125 0.103125 0.103125
6 0.17890625 0.596875 0.109375 0.109375
3 0.5328125 0.53203125 0.075 0.0609375
3 0.50859375 0.46328125 0.0796875 0.0546875
3 0.17734375 0.9578125 0.0875 0.059375
3 0.196875 0.96875 0.08125 0.0625
3 0.396875 0.89609375 0.0609375 0.0609375
3 0.47421875 0.91875 0.071875 0.071875
3 0.4484375 0.8203125 0.078125 0.053125
3 0.31640625 0.646875 0.0921875 0.06875
3 0.0765625 0.23046875 0.06875 0.06875
3 0.16953125 0.1390625 0.0625 0.0625
3 0.28671875 0.178125 0.0828125 0.08125
3 0.15234375 0.4 0.078125 0.053125
3 0.52578125 0.45859375 0.0609375 0.0625
3 0.5203125 0.54765625 0.071875 0.0546875
3 0.5890625 0.75546875 0.071875 0.0703125
3 0.54375 0.85 0.08125 0.059375
3 0.93125 0.94140625 0.0875 0.0625
3 0.79609375 0.4421875 0.0765625 0.075
3 0.9 0.7296875 0.0640625 0.0640625
3 0.9171875 0.7265625 0.071875 0.071875
3 0.8109375 0.76015625 0.065625 0.0671875
3 0.83359375 0.915625 0.0703125 0.0703125
3 0.91953125 0.8421875 0.0859375 0.05625
3 0.9046875 0.3875 0.071875 0.071875
3 0.82265625 0.54765625 0.071875 0.071875
3 0.84921875 0.0828125 0.0796875 0.059375
3 0.271875 0.87578125 0.078125 0.078125
3 0.8453125 0.1640625 0.0671875 0.0671875
3 0.93671875 0.20703125 0.0875 0.0515625
3 0.5234375 0.08984375 0.078125 0.0640625
3 0.5765625 0.25546875 0.084375 0.0734375
3 0.61015625 0.0953125 0.065625 0.065625
3 0.609375 0.1234375 0.0765625 0.0765625
3 0.6734375 0.0359375 0.071875 0.053125
3 0.665625 0.1765625 0.0671875 0.0671875
3 0.66328125 0.2078125 0.0796875 0.059375
3 0.94140625 0.128125 0.0625 0.0625
3 0.36328125 0.403125 0.06875 0.06875
3 0.19921875 0.80625 0.0625 0.0640625
3 0.62421875 0.7765625 0.0671875 0.059375
3 0.60859375 0.7921875 0.075 0.075
3 0.740625 0.8109375 0.0671875 0.0671875
3 0.06796875 0.4796875 0.0734375 0.053125
3 0.6515625 0.29765625 0.078125 0.0609375
3 0.43828125 0.6890625 0.059375 0.059375