3 0.34140625 0.1125 0.0984375 0.075
3 0.48359375 0.0703125 0.1 0.065625
3 0.55390625 0.9546875 0.075 0.075
3 0.26640625 0.7015625 0.109375 0.078125
3 0.5921875 0.22890625 0.084375 0.065625
3 0.35546875 0.48203125 0.0921875 0.0734375
3 0.52109375 0.5515625 0.0890625 0.090625
3 0.3109375 0.9125 0.096875 0.075
3 0.2078125 0.5921875 0.075 0.0765625
3 0.621875 0.83515625 0.0859375 0.0859375
3 0.446875 0.1703125 0.075 0.059375
3 0.353125 0.28671875 0.078125 0.078125
3 0.396875 0.68828125 0.084375 0.084375
3 0.2609375 0.3625 0.0796875 0.0796875
3 0.6625 0.9171875 0.090625 0.090625
3 0.56953125 0.5984375 0.0796875 0.0796875
3 0.72734375 0.6375 0.0859375 0.078125
3 0.33203125 0.75 0.0953125 0.075
3 0.240625 0.2125 0.078125 0.078125
3 0.71484375 0.38203125 0.1015625 0.071875
3 0.8671875 0.85703125 0.096875 0.0734375
3 0.690625 0.49375 0.1125 0.078125
3 0.10859375 0.8140625 0.084375 0.0859375
3 0.67890625 0.7609375 0.096875 0.065625
3 0.71953125 0.234375 0.0796875 0.0796875
3 0.6734375 0.21484375 0.078125 0.0734375
3 0.540625 0.80703125 0.078125 0.078125
3 0.10703125 0.2375 0.08125 0.08125
3 0.89609375 0.3359375 0.078125 0.0765625
3 0.06015625 0.7109375 0.0734375 0.109375
3 0.48359375 0.8359375 0.078125 0.078125
3 0.52109375 0.49609375 0.0984375 0.0671875
3 0.1875 0.9671875 0.090625 0.065625
3 0.40078125 0.8578125 0.1015625 0.065625
3 0.76875 0.33515625 0.078125 0.0578125
1 0.84921875 0.48671875 0.1078125 0.0828125
3 0.95390625 0.49375 0.0828125 0.08125
3 0.68125 0.8671875 0.08125 0.059375
3 0.4609375 0.78203125 0.090625 0.0765625