3 0.8875 0.34140625 0.075 0.0984375
3 0.9296875 0.48359375 0.0828125 0.0828125
3 0.0453125 0.55390625 0.0625 0.0859375
3 0.2984375 0.26640625 0.09375 0.09375
3 0.77109375 0.5921875 0.075 0.075
3 0.51796875 0.35546875 0.0828125 0.0828125
3 0.4484375 0.52109375 0.090625 0.0890625
3 0.0875 0.3109375 0.075 0.096875
3 0.4078125 0.2078125 0.0765625 0.0765625
3 0.16484375 0.621875 0.0734375 0.096875
3 0.8296875 0.446875 0.065625 0.0671875
3 0.71328125 0.353125 0.078125 0.078125
3 0.31171875 0.396875 0.0796875 0.090625
3 0.6375 0.2609375 0.075 0.084375
3 0.0828125 0.6625 0.090625 0.090625
3 0.4015625 0.56953125 0.0796875 0.0796875
3 0.3625 0.72734375 0.08125 0.0828125
3 0.25 0.33203125 0.084375 0.084375
3 0.7875 0.240625 0.078125 0.078125
3 0.61796875 0.71484375 0.071875 0.1015625
3 0.14296875 0.8671875 0.084375 0.084375
3 0.50625 0.690625 0.078125 0.1125
3 0.1859375 0.10859375 0.0859375 0.084375
3 0.2390625 0.67890625 0.0671875 0.096875
3 0.765625 0.71953125 0.0796875 0.0796875
3 0.78515625 0.6734375 0.075 0.0765625
3 0.19296875 0.540625 0.078125 0.078125
3 0.7625 0.10703125 0.0828125 0.08125
3 0.6640625 0.89609375 0.065625 0.0890625
3 0.2890625 0.06015625 0.109375 0.0734375
3 0.1640625 0.48359375 0.071875 0.0859375
3 0.50390625 0.52109375 0.0828125 0.0828125
3 0.03515625 0.18828125 0.0703125 0.0796875
3 0.1421875 0.40078125 0.065625 0.1015625
3 0.66484375 0.76875 0.06875 0.0671875
1 0.51328125 0.84921875 0.0828125 0.1078125
3 0.50625 0.95390625 0.08125 0.0828125
3 0.1328125 0.68125 0.059375 0.08125
3 0.21796875 0.4609375 0.0765625 0.090625