3 0.16796875 0.0859375 0.0796875 0.08125
6 0.58515625 0.41640625 0.0984375 0.0703125
3 0.39296875 0.57265625 0.0796875 0.0796875
3 0.20546875 0.86875 0.0796875 0.0625
3 0.1015625 0.2578125 0.078125 0.078125
3 0.22890625 0.23203125 0.078125 0.0578125
3 0.11171875 0.41484375 0.1 0.0703125
3 0.20703125 0.47890625 0.0953125 0.0640625
3 0.83828125 0.19921875 0.0875 0.0703125
3 0.09609375 0.66796875 0.078125 0.0578125
3 0.6390625 0.33125 0.084375 0.075
3 0.5125 0.3734375 0.09375 0.065625
3 0.32109375 0.37265625 0.0734375 0.059375
3 0.43828125 0.5234375 0.065625 0.0640625
3 0.13984375 0.52890625 0.0796875 0.059375
3 0.93984375 0.28359375 0.06875 0.06875
3 0.53046875 0.2875 0.0703125 0.06875
3 0.18671875 0.62890625 0.0890625 0.0609375
3 0.42109375 0.6296875 0.06875 0.06875
3 0.1515625 0.76796875 0.0703125 0.0703125
3 0.796875 0.428125 0.0671875 0.0671875
3 0.315625 0.73125 0.0734375 0.0734375
3 0.62890625 0.07109375 0.06875 0.06875
3 0.09296875 0.18046875 0.0765625 0.0671875
3 0.06875 0.08828125 0.0859375 0.0859375
3 0.69140625 0.3671875 0.0734375 0.0625
3 0.86484375 0.30390625 0.0890625 0.071875
3 0.70625 0.225 0.0703125 0.0703125
3 0.628125 0.6265625 0.0875 0.065625
3 0.75078125 0.8828125 0.0828125 0.084375
3 0.38046875 0.0453125 0.078125 0.059375
3 0.2984375 0.6921875 0.06875 0.06875
2 0.8421875 0.615625 0.0890625 0.0890625
3 0.6265625 0.215625 0.06875 0.05625
3 0.41953125 0.3875 0.0828125 0.05625
3 0.37734375 0.92578125 0.0671875 0.0671875
3 0.903125 0.3640625 0.075 0.075
6 0.67265625 0.50625 0.1109375 0.084375
3 0.5609375 0.0765625 0.071875 0.059375
3 0.10390625 0.3203125 0.0859375 0.05625
3 0.62890625 0.7140625 0.08125 0.08125
3 0.75859375 0.134375 0.084375 0.0625
3 0.8 0.25625 0.08125 0.05625
3 0.35234375 0.0953125 0.0953125 0.059375
3 0.371875 0.303125 0.08125 0.05625
3 0.93984375 0.903125 0.0765625 0.059375
3 0.3078125 0.9328125 0.0671875 0.0671875
3 0.4671875 0.9625 0.0734375 0.0734375
3 0.71953125 0.9546875 0.1046875 0.065625
3 0.7078125 0.06875 0.071875 0.071875
3 0.8609375 0.0359375 0.090625 0.065625
3 0.80234375 0.31953125 0.065625 0.0640625
3 0.653125 0.8953125 0.08125 0.059375
3 0.5796875 0.18125 0.0640625 0.0640625
3 0.66640625 0.03515625 0.0734375 0.0703125
3 0.35078125 0.878125 0.0875 0.05625
3 0.61484375 0.93984375 0.071875 0.071875
3 0.42421875 0.3375 0.078125 0.078125
3 0.26328125 0.42421875 0.0859375 0.0640625
3 0.6703125 0.2828125 0.0625 0.0625
6 0.90234375 0.43203125 0.109375 0.0734375
3 0.75390625 0.18046875 0.0671875 0.0671875
3 0.84921875 0.5234375 0.071875 0.071875
3 0.39453125 0.78671875 0.059375 0.059375
3 0.18671875 0.9359375 0.0734375 0.0734375
3 0.059375 0.4921875 0.06875 0.06875
3 0.4890625 0.728125 0.065625 0.0625
3 0.47734375 0.859375 0.071875 0.0703125
3 0.8671875 0.8515625 0.06875 0.06875
3 0.8828125 0.48125 0.05625 0.05625
3 0.665625 0.428125 0.08125 0.08125
3 0.065625 0.41171875 0.0828125 0.084375
3 0.659375 0.84375 0.09375 0.0578125
3 0.89609375 0.53515625 0.0734375 0.0515625
6 0.5046875 0.1734375 0.096875 0.08125
3 0.3578125 0.1453125 0.0703125 0.0703125
3 0.89453125 0.659375 0.0609375 0.0609375
3 0.725 0.57734375 0.075 0.059375
3 0.790625 0.4859375 0.075 0.078125
3 0.51328125 0.0359375 0.0765625 0.071875
0 0.3078125 0.8015625 0.0875 0.0875
3 0.86328125 0.8171875 0.090625 0.059375
3 0.76171875 0.52734375 0.0984375 0.0546875
3 0.53984375 0.12421875 0.075 0.075
3 0.5171875 0.765625 0.10625 0.06875
3 0.56328125 0.771875 0.1109375 0.05625
3 0.715625 0.9125 0.075 0.075
3 0.8328125 0.96953125 0.065625 0.0609375
3 0.840625 0.6796875 0.0609375 0.0609375
3 0.71171875 0.1328125 0.0671875 0.0671875
3 0.10234375 0.02421875 0.0828125 0.0484375
3 0.55625 0.6734375 0.059375 0.046875
3 0.93125 0.55703125 0.071875 0.071875
3 0.9171875 0.59921875 0.0859375 0.0875
3 0.4078125 0.8390625 0.0625 0.0625
3 0.34765625 0.76796875 0.0625 0.0625