3 0.83203125 0.9140625 0.0953125 0.065625
6 0.41484375 0.58359375 0.084375 0.084375
3 0.60703125 0.42734375 0.0921875 0.0671875
3 0.79453125 0.13125 0.0796875 0.0625
3 0.8984375 0.7421875 0.078125 0.078125
3 0.77109375 0.76796875 0.06875 0.0671875
3 0.88828125 0.58515625 0.1 0.0703125
3 0.79296875 0.52109375 0.0953125 0.0640625
3 0.16171875 0.80078125 0.078125 0.0796875
3 0.90390625 0.33203125 0.078125 0.0578125
3 0.3609375 0.66875 0.084375 0.075
3 0.4875 0.6265625 0.0796875 0.0796875
3 0.67890625 0.62734375 0.0734375 0.059375
3 0.56171875 0.4765625 0.065625 0.0640625
3 0.86015625 0.47109375 0.06875 0.06875
3 0.06015625 0.71640625 0.06875 0.06875
3 0.46953125 0.7125 0.06875 0.06875
3 0.81328125 0.37109375 0.075 0.075
3 0.57890625 0.3703125 0.0765625 0.0625
3 0.8484375 0.23203125 0.078125 0.0609375
3 0.203125 0.571875 0.0671875 0.0671875
3 0.684375 0.26875 0.090625 0.05625
3 0.37109375 0.92890625 0.0796875 0.0578125
3 0.90703125 0.81953125 0.0765625 0.0671875
3 0.93125 0.91171875 0.0859375 0.0859375
3 0.30859375 0.6328125 0.06875 0.06875
3 0.13515625 0.69609375 0.0890625 0.071875
3 0.29375 0.775 0.0703125 0.0703125
3 0.371875 0.3734375 0.0765625 0.0765625
3 0.24921875 0.1171875 0.1046875 0.0625
3 0.61953125 0.9546875 0.06875 0.06875
3 0.7015625 0.3078125 0.078125 0.059375
2 0.1578125 0.384375 0.0890625 0.0890625
3 0.3734375 0.784375 0.0625 0.0625
3 0.58046875 0.6125 0.0828125 0.05625
3 0.62265625 0.07421875 0.0765625 0.0578125
3 0.096875 0.6359375 0.075 0.075
6 0.32734375 0.49375 0.096875 0.096875
3 0.4390625 0.9234375 0.071875 0.059375
3 0.89609375 0.6796875 0.071875 0.071875
3 0.37109375 0.2859375 0.0890625 0.071875
3 0.24140625 0.865625 0.084375 0.0625
3 0.2 0.74375 0.06875 0.06875
3 0.64765625 0.9046875 0.078125 0.078125
3 0.628125 0.696875 0.08125 0.05625
3 0.06015625 0.096875 0.0765625 0.059375
3 0.6921875 0.0671875 0.0671875 0.0671875
3 0.5328125 0.0375 0.0734375 0.0734375
3 0.28046875 0.0453125 0.1046875 0.065625
3 0.2921875 0.93125 0.071875 0.071875
3 0.1390625 0.9640625 0.090625 0.065625
3 0.19765625 0.68046875 0.065625 0.0640625
3 0.346875 0.1046875 0.0703125 0.0703125
3 0.4203125 0.81875 0.071875 0.05625
3 0.33359375 0.96484375 0.0734375 0.0703125
3 0.64921875 0.121875 0.0875 0.05625
3 0.38515625 0.06015625 0.0953125 0.0484375
3 0.57578125 0.6625 0.078125 0.078125
3 0.73671875 0.57578125 0.075 0.075
3 0.3296875 0.7171875 0.071875 0.053125
6 0.09765625 0.56796875 0.090625 0.0921875
3 0.24609375 0.81953125 0.0671875 0.0671875
3 0.15078125 0.4765625 0.071875 0.071875
3 0.60546875 0.21328125 0.059375 0.059375
3 0.81328125 0.0640625 0.0828125 0.065625
3 0.940625 0.5078125 0.075 0.0625
3 0.5109375 0.271875 0.0640625 0.0640625
3 0.52265625 0.140625 0.071875 0.0703125
3 0.1328125 0.1484375 0.06875 0.06875
3 0.1171875 0.51875 0.0625 0.05
3 0.334375 0.571875 0.1 0.0625
3 0.934375 0.58828125 0.0828125 0.0828125
3 0.340625 0.15625 0.09375 0.05625
3 0.10390625 0.46484375 0.0625 0.0625
6 0.4953125 0.8265625 0.090625 0.0890625
3 0.6421875 0.8546875 0.084375 0.05625
3 0.10546875 0.340625 0.0609375 0.0609375
3 0.275 0.42265625 0.075 0.059375
3 0.209375 0.5140625 0.0765625 0.0765625
3 0.48671875 0.965625 0.0875 0.065625
0 0.6921875 0.1984375 0.115625 0.059375
3 0.13671875 0.1828125 0.090625 0.059375
3 0.23828125 0.47265625 0.0765625 0.0765625
3 0.46015625 0.87578125 0.075 0.075
3 0.4828125 0.234375 0.0875 0.0875
3 0.43671875 0.228125 0.0828125 0.084375
3 0.284375 0.0875 0.0875 0.0625
3 0.16640625 0.028125 0.0734375 0.05625
3 0.159375 0.3203125 0.0625 0.059375
3 0.28828125 0.8671875 0.0671875 0.0671875
3 0.8984375 0.971875 0.065625 0.05625
3 0.44375 0.3265625 0.053125 0.053125
3 0.06875 0.44296875 0.0875 0.0546875
3 0.0828125 0.40078125 0.0859375 0.0875
3 0.5921875 0.1609375 0.0625 0.0625
3 0.65234375 0.23203125 0.075 0.05