3 0.83515625 0.8640625 0.078125 0.078125
3 0.8671875 0.3265625 0.09375 0.09375
3 0.5484375 0.23125 0.0953125 0.09375
3 0.5109375 0.64375 0.0890625 0.0890625
3 0.72890625 0.86328125 0.06875 0.06875
3 0.8234375 0.9296875 0.06875 0.06875
3 0.09140625 0.84375 0.0828125 0.06875
3 0.08046875 0.9078125 0.0953125 0.065625
3 0.92421875 0.86328125 0.0984375 0.0734375
3 0.59765625 0.84296875 0.090625 0.090625
3 0.228125 0.1484375 0.1125 0.0875
3 0.509375 0.78515625 0.0875 0.0671875
3 0.7140625 0.7296875 0.0828125 0.0828125
3 0.66796875 0.8046875 0.071875 0.0734375
3 0.34609375 0.92421875 0.096875 0.0734375
3 0.34921875 0.5828125 0.0984375 0.071875
3 0.190625 0.775 0.090625 0.078125
3 0.41015625 0.834375 0.0875 0.0875
4 0.1953125 0.94296875 0.09375 0.09375
3 0.31015625 0.8515625 0.103125 0.071875
3 0.715625 0.36796875 0.08125 0.08125
3 0.16171875 0.10546875 0.08125 0.08125
3 0.91171875 0.0890625 0.1015625 0.075
3 0.734375 0.6640625 0.09375 0.071875
3 0.29140625 0.63984375 0.09375 0.09375
3 0.840625 0.12890625 0.1 0.0671875
3 0.8734375 0.234375 0.109375 0.0625
3 0.62265625 0.29296875 0.103125 0.0703125
3 0.63359375 0.678125 0.0890625 0.075
3 0.4328125 0.7640625 0.0875 0.071875
2 0.39296875 0.05390625 0.0890625 0.0546875
3 0.17890625 0.70390625 0.0921875 0.0703125
3 0.21796875 0.884375 0.0796875 0.05625
3 0.31171875 0.734375 0.1 0.053125
3 0.1421875 0.275 0.0921875 0.0921875
3 0.26328125 0.25625 0.0890625 0.075
3 0.73984375 0.165625 0.0703125 0.071875
3 0.271875 0.78671875 0.0671875 0.0671875
3 0.309375 0.271875 0.0875 0.065625
3 0.7125 0.05859375 0.075 0.0671875
3 0.39609375 0.44609375 0.0875 0.0859375
3 0.6015625 0.6984375 0.078125 0.078125
3 0.684375 0.1890625 0.0875 0.071875
3 0.76171875 0.5921875 0.084375 0.084375
3 0.24375 0.90546875 0.1 0.084375
0 0.8890625 0.17421875 0.0921875 0.09375
6 0.18515625 0.61171875 0.1 0.1015625
3 0.2640625 0.06640625 0.090625 0.090625
3 0.04765625 0.775 0.08125 0.0828125
1 0.52578125 0.54375 0.065625 0.065625
6 0.48046875 0.33359375 0.1390625 0.1390625
6 0.86015625 0.59296875 0.140625 0.0953125
6 0.79140625 0.08046875 0.1140625 0.0921875
3 0.95703125 0.94609375 0.0828125 0.0671875
3 0.3671875 0.2359375 0.1 0.065625
3 0.38671875 0.490625 0.078125 0.0765625
3 0.39140625 0.70234375 0.109375 0.0859375
3 0.796875 0.54453125 0.071875 0.0734375
3 0.446875 0.5328125 0.084375 0.084375
3 0.25078125 0.834375 0.0765625 0.05
3 0.09296875 0.71640625 0.065625 0.065625
3 0.86953125 0.52890625 0.084375 0.084375
3 0.88671875 0.4734375 0.0828125 0.059375
3 0.41640625 0.290625 0.0734375 0.0734375
3 0.6421875 0.2375 0.0734375 0.0734375
3 0.38359375 0.103125 0.078125 0.0625
3 0.3671875 0.159375 0.06875 0.06875