3 0.08359375 0.30625 0.0875 0.0625
3 0.878125 0.55546875 0.0765625 0.075
3 0.309375 0.4203125 0.0875 0.059375
3 0.5953125 0.36328125 0.090625 0.0609375
3 0.071875 0.9421875 0.0796875 0.0796875
3 0.57890625 0.95078125 0.078125 0.0765625
3 0.52578125 0.64765625 0.084375 0.0625
3 0.8609375 0.36796875 0.0875 0.0640625
3 0.47890625 0.4484375 0.0859375 0.0625
3 0.6171875 0.29609375 0.075 0.075
3 0.1609375 0.4375 0.0875 0.071875
3 0.2609375 0.23359375 0.084375 0.059375
3 0.3546875 0.0734375 0.06875 0.06875
3 0.31328125 0.546875 0.0859375 0.0625
3 0.48984375 0.803125 0.0734375 0.071875
3 0.6484375 0.42265625 0.0875 0.0609375
3 0.89296875 0.134375 0.0984375 0.05
3 0.12734375 0.56875 0.075 0.053125
3 0.43125 0.7515625 0.0765625 0.0765625
3 0.37109375 0.68671875 0.0734375 0.0734375
3 0.31484375 0.665625 0.084375 0.05625
3 0.2484375 0.7 0.084375 0.059375
3 0.26640625 0.3609375 0.0796875 0.053125
3 0.49609375 0.2421875 0.0984375 0.0625
3 0.23671875 0.775 0.0953125 0.06875
3 0.690625 0.8234375 0.06875 0.06875
3 0.85390625 0.62265625 0.08125 0.08125
3 0.11953125 0.49296875 0.0828125 0.071875
3 0.4015625 0.55 0.084375 0.0625
3 0.9296875 0.621875 0.103125 0.06875
3 0.38671875 0.41796875 0.0671875 0.0703125
3 0.85078125 0.7796875 0.0875 0.0875
3 0.66484375 0.5984375 0.0828125 0.053125
3 0.55703125 0.73984375 0.0828125 0.0578125
3 0.253125 0.60625 0.071875 0.071875
3 0.746875 0.3703125 0.09375 0.071875
3 0.9609375 0.5359375 0.078125 0.065625
3 0.73515625 0.2953125 0.0765625 0.05625
3 0.37578125 0.87109375 0.084375 0.0546875
3 0.73984375 0.81875 0.0859375 0.0859375
3 0.3765625 0.6171875 0.09375 0.059375
3 0.121875 0.13984375 0.090625 0.0546875
3 0.20703125 0.42578125 0.0828125 0.0828125
3 0.4453125 0.2484375 0.078125 0.059375
3 0.42890625 0.50703125 0.0671875 0.0671875
3 0.94765625 0.91875 0.078125 0.078125
3 0.06015625 0.52109375 0.078125 0.078125
3 0.8484375 0.4125 0.078125 0.078125
3 0.4109375 0.9609375 0.08125 0.078125
3 0.34765625 0.48671875 0.0625 0.0625
3 0.82421875 0.2890625 0.078125 0.065625
3 0.49140625 0.91796875 0.0765625 0.0609375
3 0.2640625 0.06171875 0.0609375 0.0609375
3 0.5203125 0.58203125 0.0875 0.0546875
3 0.6171875 0.659375 0.0875 0.06875
3 0.8125 0.4953125 0.075 0.065625
3 0.19296875 0.3078125 0.1078125 0.071875
3 0.878125 0.9375 0.075 0.05625
3 0.753125 0.89140625 0.0734375 0.0734375
3 0.46484375 0.31328125 0.06875 0.06875
3 0.8109375 0.6546875 0.0875 0.06875
3 0.54453125 0.0703125 0.078125 0.078125
3 0.6734375 0.21796875 0.071875 0.071875
3 0.0671875 0.403125 0.0765625 0.0765625
3 0.70390625 0.90234375 0.0875 0.0609375
3 0.06796875 0.59140625 0.075 0.075
3 0.2453125 0.853125 0.078125 0.078125
3 0.05078125 0.628125 0.0703125 0.071875
3 0.42109375 0.6078125 0.0921875 0.046875
3 0.26796875 0.16796875 0.0625 0.0625
3 0.6203125 0.225 0.096875 0.06875
3 0.565625 0.109375 0.065625 0.065625
3 0.28359375 0.95 0.0796875 0.05625
3 0.79765625 0.17578125 0.08125 0.08125
3 0.7234375 0.7453125 0.08125 0.0625
3 0.7546875 0.32890625 0.071875 0.071875
3 0.38046875 0.34375 0.0953125 0.0625
3 0.653125 0.53359375 0.08125 0.0578125
3 0.16328125 0.3765625 0.0796875 0.071875
3 0.79140625 0.94375 0.0828125 0.053125
3 0.8515625 0.82265625 0.090625 0.090625
3 0.17109375 0.146875 0.071875 0.071875
3 0.16484375 0.69765625 0.0734375 0.05625
3 0.19609375 0.79375 0.0796875 0.0625
3 0.5953125 0.44375 0.090625 0.05625
4 0.4109375 0.8078125 0.0734375 0.0734375
3 0.14375 0.9171875 0.0875 0.071875
3 0.1640625 0.27109375 0.0796875 0.0796875
3 0.94296875 0.19453125 0.0859375 0.0625
3 0.13671875 0.0796875 0.0671875 0.04375
3 0.91328125 0.84375 0.090625 0.059375
3 0.09453125 0.828125 0.06875 0.0671875
3 0.4140625 0.28125 0.071875 0.071875
3 0.49921875 0.1609375 0.06875 0.06875
3 0.27109375 0.1171875 0.09375 0.0921875
3 0.56796875 0.5765625 0.084375 0.059375
3 0.46484375 0.1109375 0.06875 0.0703125
3 0.56328125 0.8453125 0.0765625 0.0375
3 0.08046875 0.71328125 0.0859375 0.06875
3 0.759375 0.49921875 0.090625 0.053125
3 0.9390625 0.45234375 0.071875 0.071875
3 0.05546875 0.2375 0.059375 0.059375
3 0.68359375 0.7453125 0.0796875 0.053125
3 0.15390625 0.809375 0.1140625 0.059375
3 0.83203125 0.92734375 0.0734375 0.0734375
3 0.91640625 0.91875 0.065625 0.065625
3 0.8125 0.89453125 0.09375 0.0546875
3 0.84765625 0.796875 0.065625 0.0640625
3 0.94765625 0.85078125 0.0859375 0.0578125
3 0.95234375 0.296875 0.084375 0.05625
3 0.8390625 0.46328125 0.071875 0.071875
3 0.8578125 0.346875 0.078125 0.05
3 0.709375 0.60390625 0.09375 0.0578125
3 0.615625 0.6859375 0.0640625 0.0640625
3 0.58203125 0.7546875 0.071875 0.071875
3 0.846875 0.1828125 0.065625 0.065625
3 0.8796875 0.14375 0.071875 0.071875
3 0.75859375 0.159375 0.071875 0.071875
3 0.81171875 0.253125 0.0859375 0.05625
3 0.71171875 0.46875 0.0640625 0.05625
3 0.6109375 0.56640625 0.075 0.075
3 0.478125 0.57265625 0.078125 0.078125
3 0.22265625 0.5421875 0.0765625 0.0765625
3 0.1765625 0.61640625 0.078125 0.0609375
3 0.03828125 0.646875 0.0640625 0.065625
3 0.20859375 0.6171875 0.0828125 0.053125
3 0.265625 0.5171875 0.0828125 0.0828125
3 0.16875 0.34921875 0.078125 0.0640625
3 0.38984375 0.30859375 0.0671875 0.0625
3 0.44609375 0.34375 0.0828125 0.05625
3 0.4546875 0.440625 0.078125 0.059375
3 0.5671875 0.4484375 0.06875 0.059375
3 0.48828125 0.18046875 0.0671875 0.0671875
3 0.59375 0.12890625 0.0875 0.0546875
3 0.5484375 0.1296875 0.0734375 0.0734375
3 0.715625 0.27890625 0.078125 0.0640625
3 0.22421875 0.04609375 0.075 0.0734375
3 0.1703125 0.0453125 0.09375 0.053125
3 0.2 0.12890625 0.0671875 0.065625
3 0.15625 0.2140625 0.059375 0.059375
3 0.165625 0.228125 0.084375 0.0625
3 0.35234375 0.84453125 0.0625 0.0625
3 0.46484375 0.90625 0.0703125 0.05625
3 0.240625 0.8796875 0.0625 0.065625
3 0.1671875 0.95625 0.078125 0.075
3 0.4484375 0.09375 0.075 0.05625
3 0.3796875 0.49453125 0.065625 0.0640625
3 0.709375 0.4953125 0.0734375 0.0734375
3 0.65234375 0.8046875 0.0671875 0.0671875