2 0.8109375 0.28515625 0.0765625 0.0765625
2 0.75546875 0.26328125 0.084375 0.084375
2 0.03984375 0.69453125 0.0671875 0.0984375
2 0.29609375 0.8078125 0.0859375 0.0859375
2 0.115625 0.06640625 0.0859375 0.0859375
2 0.17265625 0.0578125 0.0890625 0.0875
2 0.884375 0.1265625 0.05 0.103125
2 0.68203125 0.1390625 0.08125 0.09375
2 0.56875 0.77890625 0.071875 0.071875
2 0.8890625 0.88828125 0.075 0.0890625
2 0.4640625 0.4765625 0.0625 0.096875
2 0.7015625 0.89296875 0.071875 0.0953125
2 0.075 0.6390625 0.078125 0.09375
2 0.571875 0.1265625 0.06875 0.109375
2 0.21875 0.1734375 0.0859375 0.0859375
2 0.4328125 0.89453125 0.0921875 0.09375
2 0.23203125 0.728125 0.0875 0.0875
2 0.93125 0.21875 0.05 0.071875
2 0.6515625 0.853125 0.078125 0.1
2 0.803125 0.19609375 0.090625 0.090625
2 0.6125 0.40234375 0.06875 0.096875
2 0.3359375 0.51171875 0.075 0.10625
2 0.89921875 0.7828125 0.0734375 0.0734375
2 0.84765625 0.59609375 0.06875 0.06875
2 0.35390625 0.3234375 0.0859375 0.0875
2 0.40625 0.63125 0.0734375 0.0734375
2 0.80234375 0.85625 0.0875 0.0859375
2 0.9484375 0.096875 0.090625 0.090625
2 0.8578125 0.7859375 0.059375 0.11875
2 0.70859375 0.51640625 0.05 0.0734375
2 0.1703125 0.82265625 0.0875 0.0875
2 0.14296875 0.2453125 0.0625 0.103125
2 0.134375 0.72109375 0.08125 0.1046875
2 0.196875 0.234375 0.075 0.109375
2 0.38125 0.28125 0.06875 0.09375
2 0.38515625 0.57109375 0.0859375 0.1171875
2 0.70625 0.27734375 0.071875 0.071875
2 0.14140625 0.4203125 0.0515625 0.115625
2 0.7375 0.825 0.090625 0.090625
2 0.4625 0.315625 0.0921875 0.0921875
2 0.278125 0.66953125 0.065625 0.1140625
2 0.79453125 0.5828125 0.0859375 0.103125
2 0.96953125 0.7390625 0.0609375 0.065625
2 0.640625 0.559375 0.071875 0.103125
2 0.31015625 0.67421875 0.05625 0.1203125
2 0.575 0.61171875 0.0859375 0.084375
2 0.41015625 0.34921875 0.0921875 0.0921875
2 0.03671875 0.52109375 0.0734375 0.0765625
2 0.8421875 0.7125 0.0625 0.065625
2 0.47890625 0.55703125 0.0859375 0.0859375
5 0.40390625 0.79765625 0.0703125 0.1640625
5 0.2328125 0.353125 0.078125 0.121875
5 0.58671875 0.70859375 0.0890625 0.0890625
5 0.1546875 0.3171875 0.10625 0.1375
2 0.32734375 0.0484375 0.0828125 0.084375