2 0.7203125 0.39453125 0.084375 0.084375
2 0.83359375 0.90234375 0.0671875 0.0796875
2 0.75703125 0.878125 0.084375 0.084375
2 0.0640625 0.59609375 0.075 0.0984375
2 0.6921875 0.86171875 0.0734375 0.075
2 0.24453125 0.51953125 0.0703125 0.0859375
2 0.57578125 0.5765625 0.084375 0.084375
2 0.91640625 0.8515625 0.0828125 0.08125
2 0.79765625 0.60390625 0.0671875 0.0984375
2 0.77421875 0.7640625 0.0703125 0.096875
2 0.40390625 0.0515625 0.0734375 0.0875
2 0.1328125 0.4328125 0.06875 0.10625
2 0.0484375 0.903125 0.05625 0.10625
2 0.54140625 0.70390625 0.06875 0.0921875
2 0.91484375 0.1625 0.0890625 0.090625
2 0.7109375 0.784375 0.084375 0.084375
2 0.434375 0.45625 0.071875 0.1
2 0.89453125 0.52109375 0.0765625 0.103125
2 0.92578125 0.2578125 0.0765625 0.096875
2 0.03984375 0.68203125 0.075 0.1046875
2 0.8453125 0.43203125 0.0859375 0.0859375
2 0.79296875 0.69375 0.0796875 0.08125
2 0.10078125 0.803125 0.0890625 0.0890625
2 0.93984375 0.06328125 0.0546875 0.1203125
2 0.2515625 0.15546875 0.0828125 0.08125
2 0.7921875 0.52421875 0.090625 0.090625
2 0.05078125 0.4671875 0.090625 0.090625
2 0.10234375 0.9484375 0.0734375 0.1
2 0.13046875 0.86328125 0.0890625 0.0890625
2 0.12421875 0.13359375 0.06875 0.115625
2 0.58515625 0.90859375 0.090625 0.090625
2 0.83046875 0.825 0.0734375 0.09375
2 0.8078125 0.246875 0.0921875 0.0921875
2 0.396875 0.80703125 0.0890625 0.0890625
2 0.73984375 0.5671875 0.0640625 0.06875
2 0.23046875 0.43203125 0.0890625 0.0890625
2 0.60390625 0.0828125 0.090625 0.090625
2 0.60703125 0.396875 0.0875 0.0875
2 0.70703125 0.72265625 0.0734375 0.065625
2 0.05078125 0.215625 0.0734375 0.109375
2 0.459375 0.55703125 0.0953125 0.0953125
2 0.68671875 0.0484375 0.0796875 0.096875
3 0.11171875 0.6796875 0.0875 0.0890625
3 0.728125 0.64296875 0.0859375 0.0859375