3 0.78203125 0.96015625 0.084375 0.078125
3 0.70234375 0.61328125 0.1 0.0765625
3 0.83125 0.66171875 0.109375 0.08125
3 0.08203125 0.115625 0.090625 0.090625
3 0.92421875 0.75703125 0.1 0.0765625
3 0.92109375 0.340625 0.08125 0.0796875
3 0.8015625 0.53828125 0.1 0.08125
3 0.71171875 0.3265625 0.0828125 0.08125
3 0.33125 0.53984375 0.1 0.0703125
3 0.1546875 0.8265625 0.090625 0.090625
3 0.43203125 0.5359375 0.090625 0.090625
3 0.68046875 0.3984375 0.103125 0.075
3 0.41875 0.203125 0.0875 0.0875
3 0.3078125 0.2765625 0.0796875 0.0796875
3 0.0546875 0.4953125 0.0875 0.08125
3 0.71484375 0.515625 0.075 0.075
3 0.89453125 0.5 0.0890625 0.065625
3 0.08828125 0.27734375 0.0890625 0.0890625
3 0.5671875 0.609375 0.10625 0.06875
3 0.08515625 0.04453125 0.1078125 0.0796875
3 0.55390625 0.67421875 0.078125 0.078125
3 0.47890625 0.27734375 0.084375 0.084375
3 0.76171875 0.7078125 0.090625 0.065625
3 0.428125 0.61015625 0.090625 0.090625
3 0.8390625 0.371875 0.0921875 0.0921875
3 0.946875 0.671875 0.0859375 0.084375
3 0.746875 0.2609375 0.09375 0.071875
3 0.88828125 0.7203125 0.084375 0.084375
3 0.2046875 0.58125 0.115625 0.05625
3 0.23984375 0.8625 0.090625 0.090625
3 0.1921875 0.1171875 0.103125 0.071875
3 0.609375 0.21953125 0.1125 0.0859375
3 0.85234375 0.84375 0.0921875 0.090625
3 0.4265625 0.33203125 0.1 0.078125