3 0.61484375 0.84921875 0.0859375 0.06875
3 0.85703125 0.4546875 0.0921875 0.065625
3 0.51875 0.465625 0.0734375 0.0734375
3 0.36953125 0.746875 0.0921875 0.06875
3 0.915625 0.565625 0.1 0.075
3 0.14609375 0.4734375 0.0734375 0.0734375
3 0.43828125 0.54921875 0.1046875 0.0796875
3 0.3515625 0.1875 0.0875 0.06875
3 0.06015625 0.15 0.0921875 0.06875
3 0.31796875 0.8140625 0.0921875 0.075
3 0.690625 0.70546875 0.078125 0.078125
3 0.809375 0.90703125 0.075 0.0515625
3 0.9640625 0.84375 0.0625 0.0625
3 0.1171875 0.359375 0.084375 0.06875
3 0.69921875 0.065625 0.0796875 0.071875
6 0.7609375 0.49453125 0.0796875 0.078125
3 0.69609375 0.23125 0.0765625 0.078125
3 0.80625 0.31640625 0.08125 0.065625
3 0.53828125 0.265625 0.0859375 0.059375
6 0.09609375 0.259375 0.090625 0.090625
3 0.33203125 0.45 0.0921875 0.065625
3 0.2390625 0.525 0.078125 0.075
3 0.26015625 0.625 0.0921875 0.06875
3 0.2046875 0.1265625 0.090625 0.06875
3 0.21328125 0.4234375 0.084375 0.084375
3 0.8078125 0.8203125 0.06875 0.0671875
3 0.2265625 0.3578125 0.0625 0.0625
3 0.7265625 0.76953125 0.065625 0.065625
3 0.42734375 0.23125 0.0828125 0.06875
3 0.478125 0.1828125 0.084375 0.059375
3 0.4390625 0.290625 0.078125 0.078125
3 0.88671875 0.88203125 0.08125 0.08125
3 0.696875 0.5671875 0.096875 0.071875
3 0.9328125 0.334375 0.0765625 0.078125
3 0.8921875 0.6546875 0.084375 0.0625
3 0.56015625 0.6875 0.075 0.0625
3 0.65078125 0.5328125 0.1015625 0.071875
3 0.61484375 0.6953125 0.0796875 0.08125
3 0.778125 0.03671875 0.078125 0.0734375
3 0.484375 0.35 0.078125 0.078125
3 0.69765625 0.4296875 0.078125 0.078125
3 0.5703125 0.303125 0.08125 0.08125
3 0.70234375 0.35 0.0703125 0.0703125
3 0.52578125 0.8609375 0.0765625 0.075
3 0.9421875 0.9328125 0.084375 0.059375
3 0.8640625 0.0546875 0.078125 0.078125
3 0.10546875 0.5453125 0.0734375 0.053125
3 0.90859375 0.09453125 0.078125 0.078125
3 0.34765625 0.0859375 0.0828125 0.0625
3 0.2609375 0.75546875 0.075 0.075
4 0.30546875 0.48984375 0.08125 0.08125
3 0.565625 0.07734375 0.0640625 0.0625
3 0.31953125 0.246875 0.065625 0.0671875
3 0.5109375 0.79375 0.078125 0.06875
3 0.35 0.9 0.084375 0.075
3 0.60703125 0.44375 0.090625 0.090625
3 0.16640625 0.18046875 0.0765625 0.0671875
3 0.72890625 0.434375 0.0828125 0.06875
3 0.303125 0.34921875 0.0828125 0.084375
3 0.6171875 0.35625 0.0765625 0.0765625
3 0.43046875 0.84375 0.1046875 0.06875
3 0.6265625 0.05859375 0.065625 0.0578125
3 0.49375 0.675 0.071875 0.05625
3 0.16640625 0.86953125 0.059375 0.0578125
3 0.521875 0.52578125 0.0625 0.0640625
3 0.421875 0.39765625 0.084375 0.0609375
3 0.9265625 0.39375 0.0578125 0.0578125
3 0.2734375 0.0953125 0.06875 0.06875
3 0.6359375 0.4625 0.0875 0.065625
6 0.146875 0.6546875 0.09375 0.078125
3 0.08984375 0.7640625 0.065625 0.065625
3 0.37265625 0.50859375 0.0640625 0.0625
3 0.65390625 0.89765625 0.0671875 0.0671875
3 0.62421875 0.571875 0.0890625 0.06875
3 0.3671875 0.2625 0.065625 0.065625
3 0.046875 0.596875 0.08125 0.08125
3 0.24765625 0.40390625 0.078125 0.078125
3 0.0796875 0.6078125 0.0734375 0.0734375
0 0.68515625 0.82734375 0.0734375 0.0828125
3 0.7078125 0.2953125 0.078125 0.053125
3 0.0734375 0.9 0.065625 0.059375
3 0.959375 0.14296875 0.078125 0.0640625
3 0.5265625 0.1421875 0.065625 0.053125
3 0.1765625 0.5484375 0.071875 0.059375
3 0.77890625 0.3765625 0.0671875 0.0625
3 0.14921875 0.27890625 0.0578125 0.0578125
3 0.3546875 0.0328125 0.065625 0.05625
3 0.21796875 0.20390625 0.0671875 0.0671875
3 0.28984375 0.0421875 0.0609375 0.059375
3 0.2125 0.0578125 0.08125 0.046875
3 0.1078125 0.621875 0.084375 0.0625
3 0.053125 0.67265625 0.08125 0.0484375
3 0.19453125 0.78828125 0.05625 0.05625
3 0.5703125 0.896875 0.0578125 0.0578125
3 0.1859375 0.97578125 0.05625 0.0484375
3 0.2171875 0.6953125 0.071875 0.06875
3 0.8375 0.50859375 0.06875 0.0546875
3 0.97109375 0.5125 0.0578125 0.04375
3 0.88828125 0.68046875 0.0671875 0.0671875
3 0.534375 0.38671875 0.059375 0.059375
3 0.2671875 0.646875 0.075 0.075
3 0.7421875 0.840625 0.0578125 0.0578125
3 0.121875 0.8828125 0.0609375 0.0609375
3 0.86640625 0.3703125 0.0703125 0.053125
3 0.32109375 0.384375 0.0671875 0.065625