3 0.89765625 0.54921875 0.0640625 0.1078125
3 0.2515625 0.7671875 0.065625 0.10625
3 0.2140625 0.44921875 0.0859375 0.0859375
3 0.7328125 0.5734375 0.078125 0.078125
3 0.49921875 0.5765625 0.0640625 0.096875
3 0.696875 0.8296875 0.06875 0.090625
3 0.803125 0.62109375 0.084375 0.084375
3 0.9078125 0.290625 0.078125 0.078125
3 0.7984375 0.31171875 0.071875 0.0953125
3 0.23125 0.275 0.075 0.075
3 0.70625 0.92734375 0.06875 0.0890625
3 0.7671875 0.871875 0.075 0.075
3 0.7796875 0.4359375 0.071875 0.071875
3 0.44609375 0.18203125 0.0671875 0.0859375
3 0.85859375 0.86484375 0.078125 0.078125
3 0.30625 0.440625 0.0625 0.08125
3 0.278125 0.34609375 0.075 0.0890625
3 0.10546875 0.3421875 0.0609375 0.084375
3 0.6046875 0.07578125 0.08125 0.08125
3 0.67421875 0.340625 0.078125 0.0796875
3 0.565625 0.14921875 0.06875 0.0875
3 0.53046875 0.22265625 0.0875 0.0875
3 0.109375 0.56953125 0.065625 0.0875
3 0.9453125 0.7078125 0.078125 0.078125
3 0.390625 0.61171875 0.0625 0.0890625
3 0.55390625 0.82265625 0.071875 0.071875
3 0.60703125 0.46015625 0.0796875 0.0796875
3 0.18359375 0.615625 0.0875 0.0875
3 0.38046875 0.5140625 0.0734375 0.0734375
3 0.4953125 0.6734375 0.0796875 0.0796875
3 0.28046875 0.21015625 0.075 0.075
3 0.471875 0.08359375 0.075 0.0859375
3 0.13203125 0.46328125 0.084375 0.084375
3 0.3140625 0.828125 0.059375 0.096875
3 0.5890625 0.65234375 0.065625 0.0828125
3 0.7328125 0.21484375 0.071875 0.0921875
3 0.25234375 0.88828125 0.0703125 0.0984375
3 0.7484375 0.1171875 0.071875 0.084375
3 0.646875 0.165625 0.075 0.1
3 0.815625 0.490625 0.071875 0.0703125
3 0.1828125 0.190625 0.078125 0.1
3 0.4390625 0.5671875 0.0734375 0.0734375
3 0.621875 0.56796875 0.075 0.075
3 0.8296875 0.1984375 0.065625 0.090625
3 0.82578125 0.1390625 0.059375 0.08125
3 0.63203125 0.87265625 0.0578125 0.0953125
3 0.48125 0.76953125 0.06875 0.0984375
3 0.1390625 0.09921875 0.0828125 0.08125
3 0.42421875 0.43046875 0.0671875 0.0828125
3 0.8453125 0.3859375 0.0796875 0.0796875
3 0.8921875 0.76171875 0.05625 0.0921875
3 0.528125 0.46484375 0.065625 0.0984375
3 0.95546875 0.10546875 0.0703125 0.0828125
3 0.353125 0.2078125 0.065625 0.084375
3 0.27734375 0.66328125 0.0671875 0.0953125
3 0.22890625 0.09921875 0.08125 0.08125
3 0.4875 0.353125 0.065625 0.084375
3 0.65625 0.61640625 0.06875 0.0890625
3 0.12265625 0.05234375 0.0640625 0.0890625
3 0.790625 0.7546875 0.065625 0.0875
3 0.959375 0.5390625 0.059375 0.084375
3 0.15234375 0.27109375 0.0796875 0.078125
3 0.171875 0.70859375 0.0734375 0.071875
3 0.3265625 0.61640625 0.0734375 0.071875
3 0.05625 0.50390625 0.065625 0.0796875
3 0.6015625 0.346875 0.065625 0.1
3 0.040625 0.3171875 0.065625 0.090625
3 0.05625 0.6359375 0.08125 0.0796875
3 0.909375 0.08828125 0.06875 0.0953125
3 0.15546875 0.84296875 0.0734375 0.0734375
3 0.70390625 0.70859375 0.071875 0.071875
3 0.55 0.5109375 0.0796875 0.0796875
3 0.253125 0.14453125 0.0703125 0.0703125
3 0.175 0.88828125 0.075 0.1015625
3 0.37421875 0.7796875 0.0703125 0.078125
3 0.44765625 0.4640625 0.0671875 0.096875
3 0.92265625 0.80390625 0.071875 0.071875
3 0.615625 0.76796875 0.0828125 0.0828125
3 0.4953125 0.87578125 0.06875 0.06875
3 0.3 0.06484375 0.084375 0.0734375
3 0.58671875 0.30390625 0.084375 0.084375
3 0.075 0.67578125 0.0875 0.0875
3 0.3671875 0.109375 0.075 0.075
3 0.36875 0.290625 0.06875 0.08125
3 0.828125 0.95546875 0.06875 0.0890625
3 0.0546875 0.44765625 0.084375 0.0859375
3 0.46796875 0.91171875 0.0765625 0.0765625
3 0.428125 0.75703125 0.0625 0.0921875
3 0.66796875 0.521875 0.0703125 0.0703125
3 0.965625 0.171875 0.06875 0.071875
3 0.6 0.728125 0.0625 0.09375
3 0.1 0.915625 0.075 0.075
6 0.66875 0.46015625 0.0640625 0.065625
3 0.80625 0.79296875 0.05625 0.078125
3 0.86875 0.7609375 0.0734375 0.0734375
3 0.409375 0.79140625 0.075 0.075
3 0.5828125 0.68671875 0.059375 0.075
3 0.6875 0.7390625 0.0625 0.0875
3 0.3375 0.659375 0.0703125 0.0703125
3 0.38671875 0.07421875 0.0578125 0.0875
3 0.39765625 0.3 0.0671875 0.06875
3 0.96796875 0.60234375 0.0609375 0.0875
3 0.83125 0.51875 0.06875 0.06875
3 0.18125 0.75234375 0.0625 0.0765625
3 0.71015625 0.47109375 0.0609375 0.0609375