3 0.10234375 0.54921875 0.0859375 0.0859375
3 0.7484375 0.7671875 0.0859375 0.0859375
3 0.7859375 0.44921875 0.0859375 0.0859375
3 0.2671875 0.5734375 0.078125 0.078125
3 0.50078125 0.5765625 0.0640625 0.096875
3 0.303125 0.8296875 0.0796875 0.0796875
3 0.196875 0.62109375 0.084375 0.084375
3 0.0921875 0.290625 0.071875 0.084375
3 0.2015625 0.31171875 0.084375 0.0828125
3 0.76875 0.275 0.075 0.075
3 0.29375 0.92734375 0.06875 0.0890625
3 0.2328125 0.871875 0.075 0.075
3 0.2203125 0.4359375 0.059375 0.084375
3 0.55390625 0.18203125 0.0671875 0.0859375
3 0.14140625 0.86484375 0.078125 0.078125
3 0.69375 0.440625 0.0625 0.08125
3 0.721875 0.34609375 0.0828125 0.08125
3 0.89453125 0.3421875 0.071875 0.0734375
3 0.3953125 0.07578125 0.065625 0.0953125
3 0.32578125 0.340625 0.0671875 0.090625
3 0.434375 0.14921875 0.0703125 0.0875
3 0.46953125 0.22265625 0.0875 0.0875
3 0.890625 0.56953125 0.065625 0.0875
3 0.0546875 0.7078125 0.065625 0.090625
3 0.609375 0.61171875 0.0765625 0.0765625
3 0.44609375 0.82265625 0.071875 0.071875
3 0.39296875 0.46015625 0.0640625 0.0953125
3 0.81640625 0.615625 0.0875 0.0875
3 0.61953125 0.5140625 0.0734375 0.0734375
3 0.5046875 0.6734375 0.0796875 0.0796875
3 0.71953125 0.21015625 0.075 0.075
3 0.528125 0.08359375 0.075 0.0859375
3 0.86796875 0.46328125 0.084375 0.084375
3 0.6859375 0.828125 0.059375 0.096875
3 0.4109375 0.65234375 0.065625 0.0828125
3 0.2671875 0.21484375 0.071875 0.0921875
3 0.74765625 0.88828125 0.0703125 0.0984375
3 0.2515625 0.1171875 0.071875 0.084375
3 0.353125 0.165625 0.075 0.1
3 0.184375 0.490625 0.071875 0.0703125
3 0.8171875 0.190625 0.078125 0.1
3 0.5609375 0.5671875 0.065625 0.08125
3 0.378125 0.56796875 0.06875 0.0828125
3 0.1703125 0.1984375 0.065625 0.090625
3 0.17421875 0.1390625 0.059375 0.08125
3 0.36796875 0.87265625 0.0765625 0.0765625
3 0.51875 0.76953125 0.084375 0.0828125
3 0.8609375 0.09921875 0.0828125 0.08125
3 0.57578125 0.43046875 0.0671875 0.0828125
3 0.1546875 0.3859375 0.0796875 0.0796875
3 0.1078125 0.76171875 0.05625 0.0921875
3 0.471875 0.46484375 0.065625 0.0984375
3 0.04453125 0.10546875 0.0765625 0.0765625
3 0.646875 0.2078125 0.075 0.075
3 0.72265625 0.66328125 0.08125 0.08125
3 0.77109375 0.09921875 0.08125 0.08125
3 0.5125 0.353125 0.065625 0.084375
3 0.34375 0.61640625 0.078125 0.078125
3 0.87734375 0.05234375 0.0765625 0.0765625
3 0.209375 0.7546875 0.065625 0.0875
3 0.040625 0.5390625 0.071875 0.071875
3 0.84765625 0.27109375 0.0671875 0.090625
3 0.828125 0.70859375 0.0734375 0.0734375
3 0.6734375 0.61640625 0.0734375 0.071875
3 0.94375 0.50390625 0.071875 0.0734375
3 0.3984375 0.346875 0.084375 0.0828125
3 0.959375 0.3171875 0.065625 0.090625
3 0.94375 0.6359375 0.0625 0.096875
3 0.090625 0.08828125 0.06875 0.0953125
3 0.84453125 0.84296875 0.0734375 0.0734375
3 0.29609375 0.70859375 0.071875 0.071875
3 0.45 0.5109375 0.071875 0.0875
3 0.746875 0.14453125 0.06875 0.0734375
3 0.825 0.88828125 0.0890625 0.0890625
3 0.62578125 0.7796875 0.075 0.075
3 0.55234375 0.4640625 0.0671875 0.096875
3 0.07734375 0.80390625 0.0546875 0.0890625
3 0.384375 0.76796875 0.06875 0.096875
3 0.5046875 0.87578125 0.065625 0.0734375
3 0.7 0.06484375 0.084375 0.0734375
3 0.41328125 0.30390625 0.084375 0.084375
3 0.925 0.67578125 0.0875 0.0875
3 0.6328125 0.109375 0.075 0.075
3 0.63125 0.290625 0.06875 0.08125
3 0.171875 0.95546875 0.06875 0.0890625
3 0.9453125 0.44765625 0.084375 0.0859375
3 0.53203125 0.91171875 0.0765625 0.0765625
3 0.571875 0.75703125 0.0765625 0.078125
3 0.33203125 0.521875 0.05625 0.084375
3 0.034375 0.171875 0.06875 0.071875
3 0.4 0.728125 0.078125 0.078125
3 0.9 0.915625 0.075 0.075
6 0.33125 0.46015625 0.0640625 0.065625
3 0.19375 0.79296875 0.05625 0.078125
3 0.13125 0.7609375 0.0734375 0.0734375
3 0.590625 0.79140625 0.065625 0.0859375
3 0.4171875 0.68671875 0.059375 0.075
3 0.3125 0.7390625 0.0625 0.0875
3 0.6625 0.659375 0.0703125 0.0703125
3 0.61328125 0.07421875 0.0578125 0.0875
3 0.60234375 0.3 0.0671875 0.06875
3 0.034375 0.603125 0.06875 0.075
3 0.16875 0.51875 0.06875 0.06875
3 0.81875 0.75234375 0.06875 0.06875
3 0.28984375 0.47109375 0.0609375 0.0609375