3 0.25234375 0.15703125 0.065625 0.065625
3 0.5625 0.73515625 0.05625 0.084375
3 0.61015625 0.36796875 0.0578125 0.0796875
4 0.70859375 0.44453125 0.0734375 0.0984375
3 0.9390625 0.29296875 0.059375 0.0796875
3 0.8609375 0.690625 0.0671875 0.0671875
3 0.721875 0.3328125 0.05625 0.078125
3 0.08671875 0.6921875 0.08125 0.08125
3 0.17421875 0.11640625 0.0640625 0.0796875
3 0.3625 0.90703125 0.0859375 0.0859375
3 0.30546875 0.19921875 0.0546875 0.0765625
3 0.853125 0.440625 0.071875 0.071875
3 0.1296875 0.409375 0.0765625 0.0765625
3 0.44921875 0.153125 0.0703125 0.0703125
3 0.1515625 0.503125 0.078125 0.078125
3 0.225 0.7546875 0.0625 0.084375
3 0.07421875 0.24765625 0.05625 0.0734375
3 0.2125 0.87109375 0.0625 0.0859375
3 0.78203125 0.059375 0.0765625 0.1
3 0.45703125 0.0703125 0.06875 0.06875
3 0.87578125 0.36171875 0.0609375 0.0796875
3 0.884375 0.80234375 0.0765625 0.078125
3 0.28984375 0.36640625 0.0734375 0.0828125
3 0.73046875 0.24765625 0.0734375 0.0984375
3 0.35625 0.68984375 0.0828125 0.0828125
3 0.14453125 0.809375 0.071875 0.103125
3 0.17734375 0.3328125 0.065625 0.065625
5 0.47421875 0.471875 0.0734375 0.103125
3 0.4765625 0.34609375 0.06875 0.06875
3 0.596875 0.18984375 0.0625 0.0765625
3 0.575 0.2921875 0.090625 0.090625
3 0.54609375 0.36171875 0.075 0.075
3 0.35703125 0.5984375 0.08125 0.0796875
3 0.32265625 0.78125 0.090625 0.090625
3 0.60625 0.1078125 0.078125 0.078125
3 0.52109375 0.665625 0.0671875 0.0671875
3 0.9515625 0.18359375 0.071875 0.0984375
3 0.78984375 0.5328125 0.0828125 0.0828125
3 0.9265625 0.59609375 0.071875 0.1046875
3 0.4046875 0.76484375 0.065625 0.0859375
3 0.3703125 0.4421875 0.0796875 0.0796875
3 0.0546875 0.40078125 0.08125 0.08125
3 0.1921875 0.5890625 0.084375 0.084375
3 0.78046875 0.6921875 0.0734375 0.096875
3 0.5734375 0.89296875 0.078125 0.1
3 0.85390625 0.52578125 0.0609375 0.0765625
3 0.4140625 0.53671875 0.0765625 0.0765625
3 0.8453125 0.14296875 0.084375 0.084375
3 0.790625 0.29296875 0.065625 0.0890625
3 0.8453125 0.92421875 0.071875 0.071875
3 0.33671875 0.49765625 0.0734375 0.0734375
3 0.8796875 0.6171875 0.065625 0.065625
3 0.43046875 0.71953125 0.065625 0.0984375
3 0.8234375 0.3046875 0.08125 0.08125
3 0.2875 0.65078125 0.08125 0.0796875
3 0.47734375 0.26171875 0.0703125 0.084375
3 0.796875 0.15625 0.065625 0.078125
3 0.47734375 0.5765625 0.0640625 0.090625
3 0.6984375 0.09765625 0.0734375 0.075
3 0.1171875 0.3109375 0.08125 0.08125
3 0.271875 0.04296875 0.0703125 0.06875
3 0.7046875 0.184375 0.065625 0.065625
3 0.915625 0.4234375 0.06875 0.0875
3 0.928125 0.41015625 0.075 0.0734375
3 0.74765625 0.61640625 0.0765625 0.0921875
3 0.75859375 0.521875 0.0703125 0.0875
3 0.42890625 0.23359375 0.0765625 0.0765625
3 0.79765625 0.6265625 0.0765625 0.075
3 0.49765625 0.52265625 0.0765625 0.096875
3 0.71171875 0.5484375 0.078125 0.078125
3 0.746875 0.12578125 0.0703125 0.0703125
3 0.82421875 0.74140625 0.0484375 0.0796875