3 0.79921875 0.39765625 0.0703125 0.0703125
3 0.5921875 0.78828125 0.071875 0.0859375
3 0.871875 0.15234375 0.090625 0.090625
3 0.6609375 0.56171875 0.090625 0.090625
3 0.66640625 0.375 0.078125 0.078125
3 0.0796875 0.86875 0.071875 0.0875
3 0.2234375 0.60625 0.0875 0.0875
3 0.87734375 0.421875 0.0609375 0.103125
3 0.74375 0.67421875 0.0625 0.0953125
3 0.94921875 0.2015625 0.0703125 0.071875
3 0.83671875 0.909375 0.0890625 0.090625
3 0.49921875 0.07578125 0.0671875 0.0921875
3 0.7984375 0.05859375 0.078125 0.1015625
3 0.234375 0.3203125 0.0828125 0.0828125
3 0.8 0.49140625 0.0859375 0.0875
3 0.83046875 0.81640625 0.0703125 0.0921875
3 0.9359375 0.73203125 0.0765625 0.075
6 0.3875 0.3875 0.08125 0.1
3 0.26640625 0.69921875 0.0859375 0.0859375
3 0.2578125 0.52109375 0.071875 0.090625
3 0.7046875 0.18203125 0.08125 0.0796875
3 0.2484375 0.20703125 0.0890625 0.090625
3 0.4421875 0.20703125 0.065625 0.0984375
3 0.39453125 0.29609375 0.0609375 0.0734375
3 0.1828125 0.1171875 0.071875 0.075
6 0.6265625 0.12421875 0.09375 0.09375
3 0.55 0.1609375 0.05625 0.096875
3 0.3640625 0.50234375 0.08125 0.0828125
3 0.20078125 0.4140625 0.0703125 0.096875
3 0.4734375 0.784375 0.0671875 0.0671875
3 0.5125 0.85546875 0.06875 0.090625
3 0.0359375 0.45390625 0.071875 0.0765625
3 0.38203125 0.6546875 0.0875 0.0875
3 0.64296875 0.2703125 0.0828125 0.084375
3 0.84453125 0.6328125 0.075 0.0734375
3 0.16484375 0.3453125 0.084375 0.0828125
6 0.95 0.4828125 0.08125 0.115625
3 0.815625 0.72421875 0.06875 0.1046875
3 0.434375 0.78828125 0.0765625 0.078125
3 0.1734375 0.04765625 0.071875 0.0828125
3 0.253125 0.94765625 0.071875 0.1015625
3 0.42421875 0.540625 0.0703125 0.096875
3 0.25078125 0.04375 0.0734375 0.08125
3 0.94453125 0.28203125 0.078125 0.078125
2 0.53984375 0.55078125 0.14375 0.14375
6 0.05234375 0.7 0.0984375 0.096875