3 0.49296875 0.42265625 0.06875 0.06875
3 0.84140625 0.7625 0.0859375 0.090625
3 0.640625 0.25 0.078125 0.078125
3 0.2890625 0.90078125 0.06875 0.109375
3 0.2296875 0.53203125 0.09375 0.0921875
3 0.3125 0.54296875 0.0875 0.0765625
3 0.8421875 0.6703125 0.065625 0.115625
3 0.04921875 0.76328125 0.0765625 0.096875
3 0.91015625 0.49609375 0.09375 0.09375
3 0.434375 0.8453125 0.090625 0.090625
3 0.36484375 0.6421875 0.0875 0.0890625
3 0.675 0.3640625 0.0625 0.1125
3 0.696875 0.51171875 0.0828125 0.084375
3 0.38515625 0.7703125 0.084375 0.084375
3 0.95546875 0.7171875 0.0890625 0.1
3 0.11328125 0.60546875 0.0875 0.084375
3 0.1484375 0.52265625 0.0875 0.0984375
3 0.828125 0.3375 0.06875 0.1375
3 0.04609375 0.61875 0.0921875 0.096875
3 0.73671875 0.4171875 0.059375 0.146875
3 0.3234375 0.42265625 0.09375 0.09375
3 0.771875 0.32265625 0.059375 0.1078125
3 0.4453125 0.62109375 0.09375 0.09375
3 0.64296875 0.49765625 0.0765625 0.1109375
3 0.60234375 0.684375 0.0515625 0.128125
3 0.5328125 0.28671875 0.109375 0.109375
3 0.675 0.4421875 0.0734375 0.0734375
3 0.77109375 0.1140625 0.1 0.1
3 0.36328125 0.82734375 0.0671875 0.1234375
3 0.1890625 0.3765625 0.09375 0.09375
3 0.49453125 0.31640625 0.053125 0.1703125
3 0.14453125 0.1484375 0.059375 0.1125
3 0.32734375 0.1859375 0.0921875 0.09375
3 0.046875 0.0421875 0.075 0.084375
3 0.896875 0.30703125 0.0921875 0.090625
3 0.71875 0.6921875 0.0984375 0.0984375
3 0.2921875 0.2109375 0.0875 0.0875