3 0.54453125 0.47578125 0.0765625 0.0765625
3 0.78046875 0.22890625 0.1015625 0.0765625
3 0.65390625 0.296875 0.0828125 0.08125
3 0.8140625 0.37109375 0.1 0.0765625
3 0.11484375 0.640625 0.0859375 0.0875
3 0.3046875 0.12421875 0.103125 0.0734375
3 0.7953125 0.90234375 0.0796875 0.078125
3 0.453125 0.465625 0.075 0.075
3 0.5515625 0.3484375 0.090625 0.090625
3 0.1578125 0.77890625 0.0875 0.065625
3 0.77421875 0.70234375 0.0953125 0.0765625
3 0.11484375 0.390625 0.0828125 0.084375
3 0.753125 0.8375 0.0875 0.071875
3 0.27109375 0.87734375 0.0953125 0.0734375
3 0.18984375 0.11875 0.0859375 0.059375
3 0.646875 0.69765625 0.090625 0.0671875
3 0.1046875 0.246875 0.1 0.08125
3 0.63984375 0.5109375 0.0828125 0.084375
3 0.10390625 0.0734375 0.078125 0.078125
3 0.3671875 0.36640625 0.090625 0.0765625
3 0.515625 0.91953125 0.09375 0.09375
3 0.18671875 0.54375 0.090625 0.0921875
3 0.590625 0.80234375 0.0875 0.0703125
3 0.43203125 0.78359375 0.0859375 0.0875
3 0.57890625 0.046875 0.0875 0.0875
3 0.62265625 0.94921875 0.1015625 0.071875
3 0.73671875 0.5734375 0.1 0.0984375
3 0.67734375 0.06484375 0.0890625 0.0734375
3 0.7859375 0.4890625 0.090625 0.071875
3 0.86640625 0.709375 0.0671875 0.06875
3 0.23046875 0.21953125 0.0875 0.0875
3 0.46484375 0.34765625 0.0921875 0.0890625
3 0.74375 0.31171875 0.0796875 0.078125
3 0.2078125 0.72578125 0.0828125 0.084375
3 0.66015625 0.83203125 0.0890625 0.08125
3 0.0453125 0.7015625 0.0875 0.059375
3 0.2765625 0.7046875 0.0875 0.078125
3 0.66796875 0.140625 0.075 0.075
3 0.2109375 0.0640625 0.084375 0.084375
3 0.21875 0.9671875 0.09375 0.065625
3 0.9453125 0.8234375 0.0921875 0.0921875
3 0.95625 0.13203125 0.078125 0.078125
6 0.4546875 0.546875 0.0921875 0.0921875