2 0.60703125 0.1765625 0.0703125 0.0703125
2 0.653125 0.31796875 0.0875 0.0671875
2 0.86171875 0.59296875 0.0953125 0.075
2 0.36640625 0.35234375 0.06875 0.06875
2 0.57578125 0.8609375 0.0984375 0.065625
2 0.29375 0.3921875 0.0875 0.078125
2 0.72890625 0.94453125 0.0828125 0.0828125
2 0.56328125 0.128125 0.0984375 0.06875
2 0.41171875 0.3015625 0.09375 0.059375
2 0.36875 0.240625 0.0890625 0.0875
2 0.7671875 0.7953125 0.0890625 0.0890625
2 0.77578125 0.534375 0.084375 0.084375
2 0.21640625 0.2953125 0.096875 0.065625
2 0.715625 0.87421875 0.109375 0.0734375
2 0.2953125 0.06640625 0.084375 0.084375
2 0.16953125 0.34375 0.0953125 0.071875
2 0.78125 0.17734375 0.0828125 0.08125
2 0.76796875 0.05703125 0.0953125 0.06875
2 0.1171875 0.67578125 0.103125 0.0796875
2 0.184375 0.859375 0.1 0.078125
2 0.42265625 0.74921875 0.078125 0.078125
2 0.171875 0.4546875 0.0828125 0.0828125
2 0.28515625 0.86875 0.075 0.0765625
2 0.41171875 0.92421875 0.0875 0.0875
2 0.9265625 0.278125 0.071875 0.06875
2 0.7078125 0.5671875 0.0875 0.0875
2 0.73359375 0.4703125 0.1046875 0.075
2 0.44609375 0.82890625 0.0828125 0.0578125
2 0.56796875 0.33046875 0.0859375 0.071875
2 0.3375 0.76015625 0.0703125 0.0703125
2 0.65859375 0.82734375 0.09375 0.09375
2 0.20390625 0.634375 0.096875 0.078125
2 0.134375 0.78046875 0.09375 0.0765625
2 0.5609375 0.89765625 0.115625 0.0640625
2 0.6921875 0.76171875 0.090625 0.090625
2 0.07734375 0.425 0.0890625 0.065625
2 0.65078125 0.07421875 0.0796875 0.08125
2 0.91328125 0.44453125 0.09375 0.09375
2 0.2078125 0.39609375 0.090625 0.06875
2 0.440625 0.41171875 0.0875 0.0765625
2 0.76875 0.62734375 0.096875 0.0796875
2 0.69375 0.15859375 0.10625 0.0734375
2 0.5359375 0.68671875 0.0859375 0.0859375
2 0.6328125 0.6546875 0.10625 0.06875
2 0.44765625 0.67265625 0.090625 0.090625
2 0.2921875 0.81484375 0.08125 0.0796875
2 0.48203125 0.2421875 0.090625 0.090625
2 0.20703125 0.56796875 0.1078125 0.0640625
2 0.61875 0.5859375 0.065625 0.065625
2 0.1109375 0.5625 0.109375 0.075
2 0.17734375 0.709375 0.1203125 0.08125
2 0.2171875 0.815625 0.0859375 0.0859375
2 0.428125 0.075 0.08125 0.05625
2 0.828125 0.12734375 0.084375 0.084375
2 0.44140625 0.596875 0.09375 0.0921875
2 0.48984375 0.3359375 0.0953125 0.065625
2 0.7546875 0.3328125 0.096875 0.096875
2 0.809375 0.90234375 0.0875 0.0875
2 0.3515625 0.6328125 0.103125 0.075
2 0.58359375 0.04375 0.1015625 0.08125
2 0.6921875 0.625 0.0796875 0.0796875
2 0.653125 0.50390625 0.109375 0.0796875
2 0.25546875 0.95 0.090625 0.090625
2 0.3734375 0.8609375 0.09375 0.071875
2 0.72265625 0.68359375 0.084375 0.084375
2 0.934375 0.6265625 0.096875 0.078125
2 0.10390625 0.4921875 0.08125 0.08125
2 0.74375 0.1140625 0.08125 0.08125
2 0.54921875 0.76328125 0.09375 0.09375
2 0.225 0.753125 0.0984375 0.0984375
2 0.75234375 0.3890625 0.075 0.0765625
2 0.825 0.403125 0.1 0.0875
2 0.09375 0.8234375 0.090625 0.06875
2 0.35 0.42578125 0.1 0.0765625
2 0.31796875 0.9078125 0.1 0.0984375
2 0.95546875 0.08359375 0.078125 0.0796875
2 0.8609375 0.51953125 0.0890625 0.0875
2 0.259375 0.65078125 0.0671875 0.06875
2 0.61015625 0.7953125 0.0875 0.0859375
2 0.63125 0.4515625 0.0875 0.071875
2 0.1578125 0.52109375 0.0828125 0.0828125
2 0.50625 0.07578125 0.08125 0.0921875
2 0.68046875 0.38046875 0.0859375 0.0859375
2 0.45859375 0.528125 0.0734375 0.065625
2 0.07578125 0.35234375 0.0890625 0.0859375
2 0.36015625 0.70625 0.0953125 0.0953125
2 0.37890625 0.47890625 0.0828125 0.084375
2 0.60625 0.38671875 0.084375 0.0859375
2 0.28515625 0.459375 0.0875 0.0890625
2 0.9578125 0.15625 0.084375 0.06875
2 0.3734375 0.8140625 0.075 0.075
2 0.50390625 0.79609375 0.0796875 0.071875
2 0.08984375 0.62265625 0.096875 0.096875
2 0.52265625 0.3828125 0.1171875 0.06875
2 0.27421875 0.60078125 0.0890625 0.090625
2 0.46953125 0.459375 0.1171875 0.075
2 0.48046875 0.73359375 0.0796875 0.0796875
2 0.31015625 0.53515625 0.096875 0.096875
5 0.5421875 0.61484375 0.103125 0.103125
2 0.23359375 0.49609375 0.096875 0.096875
2 0.6265625 0.7171875 0.09375 0.09375
2 0.275 0.70078125 0.10625 0.0875
2 0.390625 0.54921875 0.096875 0.096875
2 0.56875 0.4390625 0.0875 0.0875
2 0.60703125 0.5203125 0.1015625 0.08125
2 0.546875 0.54375 0.075 0.075
2 0.51953125 0.490625 0.1234375 0.071875
2 0.4828125 0.55234375 0.0734375 0.075