2 0.39296875 0.8234375 0.0703125 0.0703125
2 0.346875 0.68203125 0.078125 0.078125
2 0.13828125 0.40703125 0.084375 0.084375
2 0.63359375 0.64765625 0.08125 0.0578125
2 0.42421875 0.1390625 0.0984375 0.065625
2 0.70625 0.6078125 0.0875 0.078125
2 0.27109375 0.05546875 0.0890625 0.0765625
2 0.43671875 0.871875 0.0984375 0.06875
2 0.58828125 0.6984375 0.09375 0.059375
2 0.63125 0.759375 0.0890625 0.0875
2 0.2328125 0.2046875 0.1 0.078125
2 0.22421875 0.465625 0.0921875 0.075
2 0.78359375 0.7046875 0.08125 0.08125
2 0.284375 0.12578125 0.109375 0.0734375
2 0.7046875 0.93359375 0.096875 0.071875
2 0.83046875 0.65625 0.0953125 0.071875
2 0.21875 0.82265625 0.0828125 0.0828125
2 0.23203125 0.94296875 0.08125 0.0828125
2 0.8828125 0.32421875 0.0921875 0.090625
2 0.815625 0.140625 0.0890625 0.0890625
2 0.57734375 0.25078125 0.0921875 0.0640625
2 0.828125 0.5453125 0.0828125 0.0828125
2 0.71484375 0.13125 0.075 0.075
2 0.58828125 0.07578125 0.0875 0.0875
2 0.0734375 0.721875 0.071875 0.06875
2 0.2921875 0.4328125 0.0875 0.0875
2 0.26640625 0.5296875 0.090625 0.090625
2 0.55390625 0.17109375 0.0703125 0.0703125
2 0.43203125 0.66953125 0.0859375 0.071875
2 0.6625 0.23984375 0.084375 0.0578125
2 0.34140625 0.17265625 0.09375 0.09375
2 0.79609375 0.365625 0.0875 0.0875
2 0.865625 0.21953125 0.09375 0.0765625
2 0.4390625 0.10234375 0.090625 0.0890625
2 0.3078125 0.23828125 0.109375 0.0734375
2 0.92265625 0.575 0.078125 0.078125
2 0.34921875 0.92578125 0.0921875 0.06875
2 0.08671875 0.55546875 0.1078125 0.0796875
2 0.7921875 0.60390625 0.090625 0.06875
2 0.559375 0.58828125 0.08125 0.08125
2 0.23125 0.37265625 0.096875 0.0796875
2 0.30625 0.84140625 0.10625 0.0734375
2 0.4640625 0.31328125 0.0859375 0.0859375
2 0.3671875 0.3453125 0.0875 0.0875
2 0.55234375 0.32734375 0.10625 0.0765625
2 0.7078125 0.18515625 0.08125 0.0796875
2 0.51796875 0.7578125 0.090625 0.090625
2 0.79296875 0.43203125 0.0859375 0.0859375
2 0.38125 0.4140625 0.06875 0.0625
2 0.8890625 0.4375 0.09375 0.0921875
2 0.82265625 0.290625 0.1203125 0.08125
2 0.7828125 0.184375 0.0859375 0.0859375
2 0.571875 0.925 0.08125 0.05625
2 0.171875 0.87265625 0.084375 0.084375
2 0.55859375 0.403125 0.1046875 0.08125
2 0.51015625 0.6640625 0.0953125 0.065625
2 0.2453125 0.6671875 0.121875 0.071875
2 0.190625 0.09765625 0.0875 0.0875
2 0.6484375 0.3671875 0.0890625 0.0890625
2 0.41640625 0.95625 0.1015625 0.0828125
2 0.3078125 0.375 0.0796875 0.0796875
2 0.346875 0.49609375 0.109375 0.0796875
2 0.74453125 0.05 0.090625 0.090625
2 0.6265625 0.1390625 0.09375 0.071875
2 0.27734375 0.31640625 0.0984375 0.06875
2 0.065625 0.3734375 0.0875 0.0875
2 0.89609375 0.5078125 0.090625 0.071875
2 0.25625 0.8859375 0.096875 0.065625
2 0.45078125 0.23671875 0.09375 0.09375
2 0.775 0.246875 0.134375 0.0625
2 0.24765625 0.6109375 0.0765625 0.075
2 0.175 0.596875 0.1 0.0875
2 0.90625 0.1765625 0.090625 0.06875
2 0.65 0.57421875 0.1 0.0765625
2 0.68203125 0.0921875 0.1328125 0.065625
2 0.04453125 0.91640625 0.0875 0.0703125
2 0.1390625 0.48046875 0.096875 0.0796875
2 0.740625 0.34921875 0.0671875 0.06875
2 0.38984375 0.2046875 0.0953125 0.078125
2 0.36875 0.5484375 0.0796875 0.0796875
2 0.8421875 0.47890625 0.0828125 0.0828125
2 0.49375 0.92421875 0.08125 0.0921875
2 0.31953125 0.61953125 0.0859375 0.0859375
2 0.54140625 0.471875 0.0734375 0.065625
2 0.92421875 0.64765625 0.0875 0.0875
2 0.63984375 0.29375 0.11875 0.071875
2 0.62109375 0.52109375 0.1015625 0.065625
2 0.39375 0.61328125 0.084375 0.0859375
2 0.71484375 0.540625 0.1015625 0.075
2 0.0421875 0.84375 0.075 0.0765625
2 0.6265625 0.1859375 0.075 0.075
2 0.49609375 0.20390625 0.0765625 0.075
2 0.91015625 0.37734375 0.11875 0.0734375
2 0.47734375 0.6171875 0.09375 0.09375
2 0.72578125 0.39921875 0.0890625 0.090625
2 0.53046875 0.540625 0.1171875 0.075
2 0.51953125 0.26640625 0.0828125 0.0765625
2 0.68984375 0.46484375 0.096875 0.096875
5 0.4578125 0.38515625 0.125 0.0828125
2 0.76640625 0.50390625 0.1125 0.0828125
2 0.3734375 0.2828125 0.1 0.0875
2 0.725 0.29921875 0.10625 0.0875
2 0.609375 0.45078125 0.103125 0.0921875
2 0.43125 0.5609375 0.103125 0.071875
2 0.39296875 0.4796875 0.090625 0.090625
2 0.453125 0.45625 0.075 0.075
2 0.48046875 0.509375 0.1234375 0.071875
2 0.5171875 0.44765625 0.0734375 0.075