2 0.93046875 0.28984375 0.0921875 0.0625
2 0.70703125 0.4703125 0.078125 0.0765625
2 0.33125 0.50625 0.0828125 0.0828125
2 0.5171875 0.68046875 0.09375 0.0640625
2 0.5 0.8796875 0.0734375 0.0734375
2 0.5828125 0.2984375 0.090625 0.065625
2 0.80859375 0.284375 0.071875 0.071875
2 0.6140625 0.71171875 0.078125 0.078125
2 0.75703125 0.8140625 0.0703125 0.06875
2 0.42109375 0.49453125 0.0859375 0.0671875
2 0.53671875 0.6140625 0.084375 0.071875
2 0.653125 0.246875 0.08125 0.0625
2 0.46328125 0.4421875 0.0828125 0.084375
2 0.46484375 0.1109375 0.084375 0.084375
2 0.446875 0.91953125 0.08125 0.0609375
2 0.68671875 0.3671875 0.0921875 0.05625
2 0.275 0.82421875 0.0875 0.0890625
2 0.16484375 0.47734375 0.0859375 0.0859375
2 0.95078125 0.23828125 0.071875 0.071875
2 0.2015625 0.85625 0.065625 0.065625
2 0.60546875 0.58125 0.0796875 0.078125
2 0.93671875 0.2015625 0.071875 0.071875
2 0.71328125 0.0546875 0.059375 0.059375
2 0.30546875 0.875 0.1203125 0.065625
2 0.1203125 0.5234375 0.0875 0.0875
2 0.36328125 0.09609375 0.09375 0.09375
2 0.91640625 0.57265625 0.0921875 0.0921875
2 0.8203125 0.20078125 0.065625 0.0421875
2 0.66953125 0.6078125 0.084375 0.0828125
2 0.50625 0.20625 0.103125 0.103125
5 0.184375 0.6453125 0.115625 0.078125
5 0.69609375 0.30078125 0.1015625 0.1015625
2 0.859375 0.2125 0.0625 0.0625