3 0.8671875 0.6203125 0.071875 0.071875
3 0.22890625 0.88984375 0.071875 0.071875
3 0.52890625 0.63125 0.071875 0.071875
3 0.30546875 0.03203125 0.0703125 0.0640625
6 0.11015625 0.1 0.1171875 0.06875
3 0.33671875 0.228125 0.084375 0.084375
3 0.1640625 0.43359375 0.09375 0.0703125
3 0.25859375 0.30078125 0.071875 0.071875
3 0.6328125 0.5046875 0.103125 0.071875
3 0.38515625 0.909375 0.071875 0.071875
3 0.67265625 0.08828125 0.08125 0.08125
3 0.51328125 0.26171875 0.0828125 0.0609375
3 0.51484375 0.8265625 0.0890625 0.065625
3 0.296875 0.7671875 0.0921875 0.0921875
3 0.084375 0.33359375 0.0875 0.0640625
3 0.36015625 0.140625 0.0703125 0.071875
3 0.87109375 0.19140625 0.0859375 0.0640625
3 0.8203125 0.4265625 0.090625 0.071875
3 0.6640625 0.96640625 0.08125 0.0578125
3 0.30546875 0.6828125 0.0890625 0.071875
3 0.3671875 0.4265625 0.0765625 0.0765625
3 0.27109375 0.41015625 0.0984375 0.0703125
3 0.134375 0.165625 0.103125 0.0625
3 0.94140625 0.409375 0.084375 0.0828125
3 0.415625 0.6546875 0.0734375 0.0734375
3 0.43203125 0.57109375 0.08125 0.08125
3 0.8203125 0.91484375 0.109375 0.0671875
3 0.3578125 0.54375 0.071875 0.071875
3 0.45703125 0.528125 0.0765625 0.0765625
3 0.58828125 0.36796875 0.0953125 0.0546875
3 0.13359375 0.61875 0.1 0.06875
3 0.9375 0.7375 0.0765625 0.0765625
0 0.8671875 0.778125 0.115625 0.075
3 0.7921875 0.0625 0.078125 0.078125
3 0.26953125 0.5921875 0.0734375 0.0734375
3 0.5953125 0.5921875 0.090625 0.0625
3 0.11015625 0.675 0.0671875 0.06875
3 0.51484375 0.3265625 0.071875 0.071875
3 0.709375 0.36484375 0.090625 0.0640625
3 0.89140625 0.8359375 0.090625 0.0625
3 0.3515625 0.078125 0.075 0.075
3 0.87890625 0.121875 0.0859375 0.0625
3 0.60390625 0.9359375 0.0765625 0.0625
3 0.334375 0.62421875 0.0875 0.0578125
3 0.159375 0.26640625 0.08125 0.0796875
3 0.77265625 0.390625 0.0921875 0.0921875
6 0.23125 0.23671875 0.090625 0.090625
3 0.4359375 0.8484375 0.08125 0.0625
3 0.4109375 0.103125 0.084375 0.0625
3 0.61796875 0.30625 0.0734375 0.0734375
3 0.12734375 0.79296875 0.1109375 0.0578125
3 0.68359375 0.7890625 0.1171875 0.05625
3 0.75546875 0.74296875 0.0890625 0.0578125
3 0.6703125 0.8890625 0.10625 0.0625
3 0.56875 0.2453125 0.090625 0.059375
6 0.78828125 0.1828125 0.096875 0.084375
3 0.96015625 0.271875 0.0765625 0.065625
3 0.0421875 0.4484375 0.084375 0.065625