3 0.1328125 0.6203125 0.078125 0.065625
3 0.77109375 0.88984375 0.071875 0.071875
3 0.47109375 0.63125 0.0828125 0.059375
3 0.69453125 0.03203125 0.0703125 0.0640625
6 0.88984375 0.1 0.0921875 0.09375
3 0.66328125 0.228125 0.0921875 0.075
3 0.8359375 0.43359375 0.0828125 0.08125
3 0.74140625 0.30078125 0.0859375 0.0578125
3 0.3671875 0.5046875 0.0875 0.0875
3 0.61484375 0.909375 0.0859375 0.0578125
3 0.32734375 0.08828125 0.08125 0.08125
3 0.48671875 0.26171875 0.071875 0.071875
3 0.48515625 0.8265625 0.0890625 0.065625
3 0.703125 0.7671875 0.109375 0.075
3 0.915625 0.33359375 0.0765625 0.075
3 0.63984375 0.140625 0.0859375 0.05625
3 0.12890625 0.19140625 0.075 0.075
3 0.1796875 0.4265625 0.08125 0.08125
3 0.33515625 0.965625 0.0703125 0.06875
3 0.69453125 0.6828125 0.0890625 0.071875
3 0.6328125 0.4265625 0.0875 0.065625
3 0.72890625 0.41015625 0.084375 0.084375
3 0.865625 0.165625 0.103125 0.0625
3 0.05859375 0.409375 0.0984375 0.06875
3 0.584375 0.6546875 0.0734375 0.0734375
3 0.56796875 0.57109375 0.08125 0.08125
3 0.1796875 0.91484375 0.109375 0.0671875
3 0.6421875 0.54375 0.071875 0.071875
3 0.54296875 0.528125 0.0890625 0.0625
3 0.41171875 0.36796875 0.075 0.075
3 0.86640625 0.61875 0.1 0.06875
3 0.0625 0.7375 0.0765625 0.0765625
0 0.1328125 0.778125 0.0953125 0.0953125
3 0.2078125 0.0625 0.09375 0.0625
3 0.73046875 0.5921875 0.0734375 0.0734375
3 0.4046875 0.5921875 0.0765625 0.0765625
3 0.88984375 0.675 0.0671875 0.06875
3 0.48515625 0.3265625 0.0765625 0.065625
3 0.290625 0.36484375 0.090625 0.0640625
3 0.10859375 0.8359375 0.0765625 0.0765625
3 0.6484375 0.078125 0.084375 0.065625
3 0.12109375 0.121875 0.0859375 0.0625
3 0.39609375 0.9359375 0.06875 0.06875
3 0.665625 0.62421875 0.071875 0.071875
3 0.840625 0.26640625 0.090625 0.0703125
3 0.22734375 0.390625 0.1171875 0.06875
6 0.76875 0.23671875 0.1125 0.0671875
3 0.5640625 0.8484375 0.071875 0.071875
3 0.5890625 0.103125 0.0734375 0.0734375
3 0.38203125 0.30625 0.090625 0.05625
3 0.87265625 0.79296875 0.084375 0.084375
3 0.31640625 0.7890625 0.1171875 0.05625
3 0.24453125 0.74296875 0.0734375 0.0734375
3 0.3296875 0.8890625 0.084375 0.084375
3 0.43125 0.2453125 0.075 0.075
6 0.21171875 0.1828125 0.090625 0.090625
3 0.03984375 0.271875 0.071875 0.071875
3 0.9578125 0.4484375 0.075 0.075