2 0.603125 0.4265625 0.0875 0.059375
2 0.559375 0.315625 0.084375 0.065625
2 0.68203125 0.5921875 0.0921875 0.059375
2 0.9046875 0.40859375 0.08125 0.0828125
2 0.678125 0.67734375 0.0859375 0.0875
2 0.80546875 0.29921875 0.0765625 0.0765625
2 0.9203125 0.684375 0.10625 0.075
2 0.82890625 0.684375 0.0921875 0.0921875
2 0.75859375 0.59140625 0.0921875 0.071875
2 0.5265625 0.1359375 0.0875 0.0875
2 0.76171875 0.66640625 0.0734375 0.1015625
2 0.6046875 0.10703125 0.084375 0.0546875
2 0.5796875 0.37890625 0.071875 0.071875
2 0.91015625 0.559375 0.0734375 0.06875
2 0.93203125 0.4578125 0.09375 0.075
2 0.3984375 0.2828125 0.0875 0.0875
2 0.3953125 0.2109375 0.078125 0.078125
2 0.60078125 0.646875 0.0765625 0.0765625
2 0.728125 0.24375 0.096875 0.065625
2 0.36796875 0.33828125 0.0859375 0.0859375
2 0.684375 0.1265625 0.0734375 0.0734375
2 0.4703125 0.55546875 0.0875 0.0859375
2 0.82578125 0.3859375 0.0640625 0.071875
2 0.55234375 0.49609375 0.0734375 0.0734375
2 0.47421875 0.23671875 0.090625 0.090625
2 0.93671875 0.6359375 0.115625 0.065625
2 0.840625 0.328125 0.084375 0.075
2 0.88828125 0.4515625 0.0953125 0.075
2 0.54609375 0.56875 0.0890625 0.071875
2 0.5953125 0.59140625 0.0734375 0.075
2 0.49453125 0.18125 0.1078125 0.09375
2 0.5265625 0.4 0.078125 0.084375
2 0.65078125 0.27890625 0.1046875 0.0578125
5 0.8515625 0.596875 0.10625 0.084375
5 0.63984375 0.525 0.09375 0.0953125
2 0.44453125 0.371875 0.1015625 0.071875
2 0.43671875 0.4984375 0.1234375 0.059375
2 0.46640625 0.3171875 0.10625 0.065625
2 0.5203125 0.63359375 0.096875 0.0890625