3 0.43203125 0.67734375 0.103125 0.103125
3 0.625 0.621875 0.09375 0.06875
3 0.08203125 0.246875 0.1 0.1
3 0.8859375 0.41484375 0.1 0.0984375
3 0.4203125 0.11640625 0.109375 0.0859375
3 0.11171875 0.453125 0.078125 0.078125
3 0.2875 0.3546875 0.0875 0.0875
3 0.12890625 0.72578125 0.1015625 0.1015625
3 0.8421875 0.1828125 0.1 0.1
3 0.7546875 0.56796875 0.103125 0.103125
3 0.13125 0.67421875 0.0859375 0.0875
3 0.5 0.5046875 0.0953125 0.0953125
3 0.7890625 0.36875 0.109375 0.109375
3 0.4953125 0.82578125 0.103125 0.103125
3 0.134375 0.546875 0.078125 0.078125
3 0.671875 0.4359375 0.0953125 0.0953125
3 0.5765625 0.5546875 0.0921875 0.0921875
3 0.3890625 0.2578125 0.090625 0.090625
3 0.11171875 0.49921875 0.1046875 0.0640625
3 0.31171875 0.20625 0.0828125 0.10625
3 0.7296875 0.40078125 0.1 0.1
3 0.621875 0.51953125 0.1 0.0828125
2 0.584375 0.2640625 0.15 0.15
3 0.2828125 0.4265625 0.09375 0.071875
3 0.1796875 0.259375 0.1015625 0.1015625
3 0.16796875 0.5390625 0.0953125 0.075
3 0.48984375 0.42265625 0.0984375 0.1
3 0.46640625 0.36953125 0.0953125 0.0953125
3 0.39609375 0.396875 0.0875 0.0875
3 0.346875 0.41875 0.0828125 0.0828125