3 0.6 0.928125 0.08125 0.1
3 0.509375 0.6140625 0.078125 0.1125
3 0.7109375 0.7640625 0.0859375 0.0859375
3 0.07578125 0.5625 0.0703125 0.1
3 0.209375 0.75703125 0.075 0.1109375
3 0.19765625 0.14921875 0.0828125 0.1125
3 0.76484375 0.809375 0.0734375 0.103125
3 0.25234375 0.434375 0.0765625 0.103125
3 0.73671875 0.67421875 0.0796875 0.0984375
3 0.7703125 0.5296875 0.078125 0.103125
3 0.1203125 0.89921875 0.084375 0.1015625
3 0.2484375 0.559375 0.078125 0.1125
3 0.515625 0.178125 0.08125 0.1125
3 0.31484375 0.490625 0.0859375 0.11875
3 0.32578125 0.68515625 0.090625 0.090625
3 0.4671875 0.77265625 0.084375 0.1046875
3 0.0875 0.234375 0.075 0.10625
3 0.334375 0.809375 0.08125 0.1
3 0.175 0.47734375 0.0953125 0.096875
3 0.428125 0.659375 0.0828125 0.0828125
3 0.7125 0.41328125 0.1015625 0.1015625
3 0.67109375 0.83984375 0.0875 0.0875
3 0.80390625 0.62734375 0.084375 0.0859375
3 0.15 0.0546875 0.075 0.096875
3 0.78671875 0.40390625 0.09375 0.09375
3 0.41328125 0.471875 0.0765625 0.1125
3 0.53046875 0.8046875 0.0890625 0.10625
6 0.409375 0.25859375 0.1109375 0.109375
3 0.353125 0.21875 0.071875 0.1125
3 0.70625 0.9234375 0.0953125 0.0953125
3 0.15234375 0.80625 0.090625 0.0890625
3 0.8515625 0.38984375 0.065625 0.0828125
3 0.075 0.72890625 0.0859375 0.0859375
3 0.446875 0.378125 0.0875 0.109375
3 0.0609375 0.64140625 0.0828125 0.084375
3 0.1421875 0.68046875 0.08125 0.08125
3 0.040625 0.74765625 0.08125 0.0859375
3 0.9203125 0.078125 0.090625 0.103125