3 0.928125 0.4 0.090625 0.090625
3 0.6140625 0.490625 0.0953125 0.0953125
3 0.7640625 0.2890625 0.0859375 0.0859375
3 0.5625 0.92421875 0.0859375 0.084375
3 0.75703125 0.790625 0.1109375 0.075
3 0.14921875 0.80234375 0.1125 0.0828125
3 0.809375 0.23515625 0.103125 0.0734375
3 0.434375 0.74765625 0.090625 0.090625
3 0.67421875 0.26328125 0.0984375 0.0796875
3 0.5296875 0.2296875 0.090625 0.090625
3 0.89921875 0.8796875 0.1015625 0.084375
3 0.559375 0.7515625 0.0953125 0.096875
3 0.178125 0.484375 0.1125 0.08125
3 0.490625 0.68515625 0.11875 0.0859375
3 0.68515625 0.67421875 0.090625 0.090625
3 0.77265625 0.5328125 0.09375 0.09375
3 0.234375 0.9125 0.090625 0.090625
3 0.809375 0.665625 0.1 0.08125
3 0.47734375 0.825 0.096875 0.0953125
3 0.659375 0.571875 0.096875 0.06875
3 0.41328125 0.2875 0.1171875 0.0875
3 0.83984375 0.32890625 0.1 0.0734375
3 0.62734375 0.19609375 0.0984375 0.071875
3 0.0546875 0.85 0.096875 0.075
3 0.40390625 0.21328125 0.1078125 0.078125
3 0.471875 0.58671875 0.1125 0.0765625
3 0.8046875 0.46953125 0.0984375 0.096875
6 0.25859375 0.590625 0.109375 0.109375
3 0.21875 0.646875 0.0921875 0.0921875
3 0.9234375 0.29375 0.0953125 0.0953125
3 0.80625 0.84765625 0.0890625 0.090625
3 0.38984375 0.1484375 0.075 0.075
3 0.72890625 0.925 0.0859375 0.0859375
3 0.378125 0.553125 0.109375 0.0875
3 0.64140625 0.9390625 0.0890625 0.078125
3 0.68046875 0.8578125 0.0921875 0.071875
3 0.7484375 0.9625 0.103125 0.0703125
3 0.078125 0.0796875 0.096875 0.096875