3 0.896875 0.89609375 0.0796875 0.078125
3 0.43671875 0.296875 0.0796875 0.06875
3 0.58671875 0.20703125 0.0875 0.0703125
3 0.6140625 0.71015625 0.078125 0.078125
3 0.7203125 0.209375 0.090625 0.06875
3 0.61640625 0.48671875 0.0859375 0.0765625
3 0.8109375 0.1921875 0.0875 0.05625
3 0.86484375 0.1484375 0.078125 0.078125
3 0.1375 0.86875 0.109375 0.075
3 0.5234375 0.8078125 0.090625 0.078125
3 0.1484375 0.125 0.0765625 0.0765625
3 0.77890625 0.8203125 0.084375 0.071875
3 0.42421875 0.4140625 0.0875 0.065625
3 0.30546875 0.88984375 0.0859375 0.0640625
3 0.82265625 0.61875 0.084375 0.0828125
3 0.14609375 0.1921875 0.075 0.075
3 0.6734375 0.64921875 0.0875 0.0640625
3 0.609375 0.8625 0.084375 0.084375
3 0.44296875 0.19921875 0.0875 0.0875
3 0.80625 0.25078125 0.0875 0.0640625
3 0.25390625 0.85546875 0.0796875 0.08125
3 0.48671875 0.44921875 0.0890625 0.0671875
3 0.6140625 0.35703125 0.084375 0.084375
3 0.72578125 0.26875 0.065625 0.0671875
3 0.15078125 0.30625 0.0953125 0.059375
3 0.7640625 0.3203125 0.065625 0.065625
3 0.60078125 0.5828125 0.0953125 0.065625
3 0.7765625 0.38984375 0.0890625 0.0890625
3 0.22578125 0.3109375 0.0890625 0.071875
3 0.11796875 0.80703125 0.1015625 0.0671875
3 0.90703125 0.165625 0.0890625 0.075
3 0.27578125 0.95078125 0.0796875 0.0796875
3 0.7140625 0.36875 0.078125 0.0625
3 0.78984375 0.89375 0.0765625 0.0625
3 0.1953125 0.93125 0.084375 0.06875
3 0.615625 0.14765625 0.090625 0.0703125
3 0.65 0.2984375 0.096875 0.084375
6 0.89375 0.5328125 0.1 0.078125
3 0.0859375 0.07421875 0.0875 0.0578125
3 0.3703125 0.82421875 0.084375 0.0671875
3 0.8484375 0.05625 0.0828125 0.0828125
3 0.409375 0.903125 0.1 0.06875
3 0.91875 0.2578125 0.075 0.0734375
3 0.46015625 0.13046875 0.096875 0.0671875
3 0.86484375 0.29921875 0.084375 0.084375
3 0.715625 0.9140625 0.096875 0.065625
3 0.65 0.1578125 0.090625 0.06875
3 0.36171875 0.265625 0.0828125 0.065625
3 0.6796875 0.58203125 0.0859375 0.0875
3 0.4578125 0.95703125 0.0859375 0.0859375
3 0.496875 0.1859375 0.08125 0.08125
3 0.20390625 0.66796875 0.06875 0.06875
3 0.4796875 0.365625 0.078125 0.05625
3 0.9546875 0.94765625 0.0875 0.078125
3 0.29453125 0.15703125 0.1359375 0.0671875
3 0.7109375 0.86953125 0.084375 0.084375
6 0.21484375 0.765625 0.0921875 0.09375
3 0.2765625 0.79765625 0.071875 0.071875
3 0.32734375 0.7703125 0.075 0.075
3 0.503125 0.2421875 0.075 0.075
3 0.54375 0.26875 0.0796875 0.078125
3 0.5921875 0.32734375 0.075 0.075
3 0.5234375 0.303125 0.0875 0.075
3 0.29375 0.2765625 0.078125 0.078125
4 0.50234375 0.3359375 0.0875 0.0875
3 0.74140625 0.5890625 0.0765625 0.059375
3 0.79765625 0.5578125 0.075 0.075
3 0.78984375 0.50859375 0.0796875 0.059375