3 0.10390625 0.103125 0.0734375 0.084375
3 0.703125 0.56328125 0.075 0.075
3 0.79296875 0.41328125 0.078125 0.078125
3 0.28984375 0.3859375 0.0703125 0.0875
3 0.790625 0.2796875 0.06875 0.090625
3 0.51328125 0.38359375 0.0765625 0.0859375
3 0.8078125 0.1890625 0.05625 0.0875
3 0.8515625 0.13515625 0.078125 0.078125
3 0.13125 0.8625 0.090625 0.0921875
3 0.1921875 0.4765625 0.078125 0.090625
3 0.875 0.8515625 0.06875 0.084375
3 0.1796875 0.22109375 0.078125 0.078125
3 0.5859375 0.57578125 0.065625 0.0875
3 0.11015625 0.69453125 0.0640625 0.0859375
3 0.38125 0.17734375 0.06875 0.0984375
3 0.8078125 0.85390625 0.075 0.075
3 0.35078125 0.3265625 0.0640625 0.0875
3 0.1375 0.390625 0.084375 0.084375
3 0.80078125 0.55703125 0.0875 0.0875
3 0.74921875 0.19375 0.0640625 0.0875
3 0.14453125 0.74609375 0.065625 0.0953125
3 0.55078125 0.51328125 0.0671875 0.0890625
3 0.64296875 0.3859375 0.084375 0.084375
3 0.73125 0.27421875 0.0671875 0.065625
3 0.69375 0.84921875 0.0765625 0.078125
3 0.6796875 0.2359375 0.059375 0.071875
3 0.4171875 0.39921875 0.065625 0.0953125
3 0.61015625 0.2234375 0.0765625 0.1
3 0.6890625 0.77421875 0.071875 0.0890625
3 0.19296875 0.88203125 0.0671875 0.1015625
3 0.834375 0.09296875 0.08125 0.0828125
3 0.04921875 0.72421875 0.071875 0.0875
3 0.63125 0.2859375 0.0703125 0.0703125
3 0.10625 0.21015625 0.0625 0.0765625
3 0.06875 0.8046875 0.06875 0.084375
3 0.85234375 0.384375 0.08125 0.08125
3 0.7015625 0.35 0.084375 0.096875
6 0.4671875 0.10625 0.0890625 0.0890625
3 0.92578125 0.9140625 0.0578125 0.0875
3 0.17578125 0.6296875 0.0765625 0.075
3 0.94375 0.1515625 0.06875 0.096875
3 0.096875 0.590625 0.084375 0.084375
3 0.7421875 0.08125 0.0734375 0.0734375
3 0.86953125 0.53984375 0.08125 0.08125
3 0.70078125 0.13515625 0.0796875 0.090625
3 0.0859375 0.284375 0.065625 0.096875
3 0.8421875 0.35 0.06875 0.090625
3 0.734375 0.63828125 0.075 0.075
3 0.41796875 0.3203125 0.0828125 0.090625
3 0.04296875 0.5421875 0.0671875 0.103125
3 0.8140625 0.503125 0.08125 0.08125
3 0.33203125 0.79609375 0.0609375 0.078125
3 0.634375 0.5203125 0.05625 0.078125
3 0.05234375 0.0453125 0.0828125 0.0828125
3 0.84296875 0.70546875 0.0671875 0.1359375
3 0.13046875 0.2890625 0.0578125 0.1125
6 0.234375 0.78515625 0.09375 0.0921875
3 0.20234375 0.7234375 0.071875 0.071875
3 0.2296875 0.67265625 0.065625 0.0859375
3 0.7578125 0.496875 0.0625 0.0875
3 0.73125 0.45625 0.06875 0.090625
3 0.67265625 0.4078125 0.059375 0.090625
3 0.696875 0.4765625 0.08125 0.08125
3 0.7234375 0.70625 0.065625 0.09375
4 0.6640625 0.49765625 0.0875 0.0875
3 0.4109375 0.25859375 0.06875 0.06875
3 0.4421875 0.20234375 0.075 0.075
3 0.49140625 0.21015625 0.06875 0.06875