3 0.74375 0.559375 0.071875 0.071875
3 0.509375 0.62265625 0.084375 0.065625
3 0.77734375 0.42109375 0.084375 0.0609375
3 0.15234375 0.2984375 0.0734375 0.0734375
3 0.35234375 0.3625 0.0734375 0.075
3 0.17578125 0.71328125 0.075 0.075
4 0.7546875 0.19453125 0.096875 0.0734375
3 0.765625 0.853125 0.0796875 0.0796875
3 0.87890625 0.0671875 0.0828125 0.065625
3 0.82734375 0.26328125 0.078125 0.0578125
3 0.9234375 0.49140625 0.08125 0.059375
3 0.65234375 0.5453125 0.0875 0.0875
3 0.5703125 0.7015625 0.084375 0.084375
3 0.78984375 0.31953125 0.078125 0.078125
3 0.184375 0.65234375 0.078125 0.0765625
3 0.61328125 0.20859375 0.0875 0.0703125
3 0.25859375 0.60703125 0.078125 0.078125
3 0.33359375 0.509375 0.0734375 0.0625
3 0.41796875 0.6671875 0.0828125 0.053125
3 0.634375 0.3171875 0.0875 0.071875
3 0.5015625 0.4390625 0.071875 0.071875
3 0.4109375 0.31640625 0.084375 0.0671875
3 0.66640625 0.928125 0.090625 0.075
3 0.459375 0.16484375 0.0765625 0.078125
3 0.04296875 0.73203125 0.0765625 0.0765625
4 0.1046875 0.453125 0.109375 0.075
3 0.94765625 0.834375 0.0796875 0.06875
3 0.20078125 0.8140625 0.0796875 0.059375
3 0.04375 0.77734375 0.0875 0.0765625
3 0.10625 0.9203125 0.08125 0.065625
3 0.5 0.92890625 0.0765625 0.0765625
3 0.22109375 0.4421875 0.0734375 0.065625
3 0.9140625 0.1359375 0.084375 0.059375
3 0.2765625 0.2703125 0.08125 0.08125
3 0.1171875 0.628125 0.075 0.075
3 0.8453125 0.175 0.0734375 0.0734375
3 0.13984375 0.54453125 0.0765625 0.0625
3 0.55078125 0.2890625 0.078125 0.078125
3 0.6875 0.04140625 0.075 0.0609375
3 0.36328125 0.084375 0.0796875 0.0796875
3 0.059375 0.32578125 0.08125 0.0578125
3 0.778125 0.925 0.084375 0.0625
3 0.3484375 0.2484375 0.0875 0.0875
3 0.1671875 0.159375 0.0765625 0.0765625
3 0.4046875 0.50390625 0.08125 0.0640625
3 0.13984375 0.959375 0.078125 0.059375
3 0.8328125 0.09921875 0.078125 0.0640625
3 0.08359375 0.2578125 0.0921875 0.065625
3 0.95078125 0.68828125 0.084375 0.084375
3 0.5109375 0.046875 0.075 0.075
3 0.8109375 0.12109375 0.084375 0.084375
3 0.29921875 0.1125 0.084375 0.06875
3 0.58984375 0.584375 0.0765625 0.075
3 0.36640625 0.0515625 0.075 0.0765625
3 0.62890625 0.6109375 0.090625 0.065625
3 0.2625 0.4828125 0.0703125 0.0703125
3 0.31953125 0.215625 0.0859375 0.0625
3 0.446875 0.04453125 0.06875 0.05625
3 0.62265625 0.665625 0.1203125 0.06875
3 0.70625 0.134375 0.0875 0.06875
3 0.903125 0.7453125 0.13125 0.059375
3 0.09921875 0.2296875 0.0890625 0.065625
3 0.6015625 0.034375 0.071875 0.06875
3 0.8375 0.82421875 0.078125 0.0609375
3 0.3484375 0.28203125 0.0734375 0.0734375
3 0.43046875 0.465625 0.0796875 0.06875
3 0.8625 0.8109375 0.084375 0.084375
3 0.9546875 0.54921875 0.075 0.0640625
3 0.93359375 0.96484375 0.0765625 0.0703125
3 0.6796875 0.09453125 0.078125 0.078125