3 0.74375 0.440625 0.08125 0.0625
3 0.509375 0.37734375 0.075 0.075
3 0.77734375 0.57890625 0.071875 0.0734375
3 0.15234375 0.7015625 0.0734375 0.0734375
3 0.35234375 0.6375 0.0859375 0.0625
3 0.17578125 0.28671875 0.0953125 0.0546875
4 0.7546875 0.80546875 0.084375 0.084375
3 0.765625 0.146875 0.0875 0.071875
3 0.87890625 0.9328125 0.0828125 0.065625
3 0.82734375 0.73671875 0.06875 0.0671875
3 0.9234375 0.50859375 0.0703125 0.0703125
3 0.65234375 0.4546875 0.1046875 0.071875
3 0.5703125 0.2984375 0.084375 0.084375
3 0.78984375 0.68046875 0.078125 0.078125
3 0.184375 0.34765625 0.0875 0.0671875
3 0.61328125 0.79140625 0.0875 0.0703125
3 0.25859375 0.39296875 0.0890625 0.06875
3 0.33359375 0.490625 0.0734375 0.0625
3 0.41796875 0.3328125 0.0828125 0.053125
3 0.634375 0.6828125 0.0875 0.071875
3 0.5015625 0.5609375 0.071875 0.071875
3 0.4109375 0.68359375 0.075 0.0765625
3 0.66640625 0.071875 0.0828125 0.0828125
3 0.459375 0.83515625 0.0765625 0.078125
3 0.04296875 0.26796875 0.0765625 0.0765625
4 0.1046875 0.546875 0.109375 0.075
3 0.94765625 0.165625 0.075 0.075
3 0.20078125 0.1859375 0.06875 0.06875
3 0.04375 0.22265625 0.08125 0.08125
3 0.10625 0.0796875 0.0734375 0.0734375
3 0.5 0.07109375 0.0765625 0.0765625
3 0.22109375 0.5578125 0.06875 0.06875
3 0.9140625 0.8640625 0.084375 0.059375
3 0.2765625 0.7296875 0.08125 0.08125
3 0.1171875 0.371875 0.075 0.075
3 0.8453125 0.825 0.0734375 0.0734375
3 0.13984375 0.45546875 0.0765625 0.0625
3 0.55078125 0.7109375 0.0859375 0.06875
3 0.6875 0.95859375 0.06875 0.06875
3 0.36328125 0.915625 0.0953125 0.065625
3 0.059375 0.67421875 0.06875 0.06875
3 0.778125 0.075 0.0734375 0.0734375
3 0.3484375 0.7515625 0.0875 0.0875
3 0.1671875 0.840625 0.0765625 0.0765625
3 0.4046875 0.49609375 0.08125 0.0640625
3 0.13984375 0.040625 0.078125 0.059375
3 0.8328125 0.90078125 0.071875 0.071875
3 0.08359375 0.7421875 0.078125 0.078125
3 0.95078125 0.31171875 0.084375 0.084375
3 0.5109375 0.953125 0.08125 0.06875
3 0.8109375 0.87890625 0.103125 0.0640625
3 0.29921875 0.8875 0.084375 0.06875
3 0.58984375 0.415625 0.0859375 0.065625
3 0.36640625 0.9484375 0.0859375 0.065625
3 0.62890625 0.3890625 0.078125 0.078125
3 0.2625 0.5171875 0.0703125 0.0703125
3 0.31953125 0.784375 0.0859375 0.0625
3 0.446875 0.95546875 0.06875 0.05625
3 0.62265625 0.334375 0.09375 0.09375
3 0.70625 0.865625 0.0875 0.0703125
3 0.903125 0.2546875 0.096875 0.0953125
3 0.09921875 0.7703125 0.0890625 0.065625
3 0.6015625 0.965625 0.071875 0.06875
3 0.8375 0.17578125 0.078125 0.0609375
3 0.3484375 0.71796875 0.0734375 0.0734375
3 0.43046875 0.534375 0.0796875 0.06875
3 0.8625 0.1890625 0.1 0.06875
3 0.9546875 0.45078125 0.06875 0.0703125
3 0.934375 0.0328125 0.084375 0.065625
3 0.6796875 0.90546875 0.078125 0.0796875