2 0.51953125 0.8296875 0.0765625 0.053125
2 0.41640625 0.915625 0.0796875 0.0796875
2 0.71796875 0.9296875 0.075 0.053125
2 0.2546875 0.86953125 0.084375 0.084375
2 0.10078125 0.9234375 0.075 0.075
2 0.8421875 0.88359375 0.0640625 0.0640625
2 0.946875 0.2328125 0.0875 0.078125
2 0.896875 0.425 0.09375 0.06875
2 0.30546875 0.71796875 0.0578125 0.0578125
2 0.43984375 0.86640625 0.059375 0.059375
2 0.68515625 0.84765625 0.0734375 0.05625
2 0.19140625 0.71796875 0.0578125 0.0578125
2 0.83046875 0.44453125 0.0734375 0.0734375
0 0.33203125 0.6296875 0.05625 0.05625