3 0.81484375 0.77421875 0.0828125 0.0671875
3 0.909375 0.1796875 0.103125 0.078125
3 0.17265625 0.68046875 0.0921875 0.0921875
3 0.15859375 0.771875 0.0984375 0.078125
3 0.55546875 0.3171875 0.071875 0.071875
3 0.690625 0.71015625 0.0953125 0.0953125
3 0.7921875 0.62734375 0.084375 0.0546875
3 0.59609375 0.58046875 0.090625 0.075
6 0.59375 0.053125 0.09375 0.065625
3 0.63203125 0.1171875 0.078125 0.0796875
3 0.0578125 0.78125 0.090625 0.075
3 0.61640625 0.87265625 0.0859375 0.0671875
3 0.63828125 0.196875 0.0921875 0.071875
3 0.79140625 0.7046875 0.1046875 0.071875
3 0.16328125 0.1609375 0.0875 0.0875
3 0.06640625 0.871875 0.0828125 0.065625
3 0.390625 0.24375 0.084375 0.065625
3 0.94765625 0.0890625 0.0921875 0.071875
3 0.54921875 0.3921875 0.0875 0.0875
3 0.61796875 0.24921875 0.0765625 0.0609375
3 0.69140625 0.92890625 0.0953125 0.0765625
3 0.4703125 0.3125 0.1 0.08125
3 0.7578125 0.871875 0.0890625 0.0890625
3 0.30625 0.24921875 0.078125 0.078125
3 0.46328125 0.2296875 0.0765625 0.065625
3 0.40390625 0.428125 0.090625 0.075
3 0.52734375 0.46328125 0.08125 0.08125
3 0.39921875 0.17421875 0.084375 0.0703125
3 0.34453125 0.73203125 0.09375 0.09375
3 0.0703125 0.9453125 0.09375 0.09375
3 0.7203125 0.2171875 0.090625 0.090625
3 0.88203125 0.72109375 0.1046875 0.0703125
3 0.9296875 0.26015625 0.096875 0.0703125
3 0.53203125 0.25625 0.0984375 0.078125
3 0.6765625 0.834375 0.090625 0.090625
3 0.82109375 0.08984375 0.075 0.075
2 0.740625 0.40625 0.08125 0.059375
3 0.24140625 0.2140625 0.0953125 0.078125
3 0.45625 0.5515625 0.096875 0.078125
3 0.328125 0.89140625 0.090625 0.090625
3 0.271875 0.32578125 0.084375 0.084375
3 0.85 0.31484375 0.065625 0.065625
3 0.87890625 0.39765625 0.078125 0.078125
3 0.77265625 0.54140625 0.090625 0.090625
3 0.81015625 0.4859375 0.075 0.0765625
3 0.7515625 0.1078125 0.090625 0.071875
3 0.4765625 0.0625 0.090625 0.0890625
3 0.24296875 0.16875 0.0765625 0.0765625
3 0.04296875 0.67890625 0.0703125 0.071875
6 0.14765625 0.8625 0.0921875 0.09375
3 0.43046875 0.1515625 0.0640625 0.0625
3 0.32265625 0.31484375 0.0765625 0.0765625
3 0.49921875 0.55234375 0.0890625 0.0890625
3 0.36328125 0.32578125 0.078125 0.078125
3 0.47890625 0.834375 0.084375 0.084375
3 0.43359375 0.04453125 0.071875 0.071875
3 0.53359375 0.80546875 0.09375 0.09375
3 0.75546875 0.35 0.06875 0.0703125
3 0.8796875 0.2609375 0.08125 0.08125
3 0.425 0.4390625 0.0875 0.065625
3 0.2515625 0.9359375 0.084375 0.084375
6 0.41328125 0.08671875 0.1140625 0.0796875
6 0.25859375 0.053125 0.121875 0.08125
6 0.3796875 0.37109375 0.09375 0.09375
6 0.3875 0.7625 0.10625 0.08125
3 0.7734375 0.909375 0.0765625 0.0765625
3 0.9515625 0.65546875 0.0796875 0.0796875
3 0.26171875 0.078125 0.084375 0.0828125
3 0.0421875 0.2109375 0.084375 0.059375
3 0.06328125 0.325 0.0875 0.06875
3 0.4078125 0.2765625 0.103125 0.071875
3 0.63046875 0.30390625 0.0625 0.0625
3 0.69921875 0.2890625 0.06875 0.06875
3 0.7234375 0.5484375 0.084375 0.065625
3 0.68515625 0.52734375 0.0703125 0.0703125
3 0.87578125 0.66484375 0.0890625 0.0671875
3 0.8328125 0.415625 0.090625 0.071875
3 0.93359375 0.4609375 0.0890625 0.065625
3 0.87734375 0.4609375 0.0734375 0.059375
3 0.8421875 0.4734375 0.0875 0.0625
3 0.8109375 0.35078125 0.08125 0.065625
3 0.684375 0.0859375 0.078125 0.078125
3 0.72578125 0.10078125 0.0796875 0.0765625
3 0.2921875 0.83046875 0.08125 0.0828125
3 0.21953125 0.93125 0.0921875 0.06875
3 0.25703125 0.84609375 0.078125 0.0609375
3 0.16171875 0.928125 0.08125 0.08125
3 0.1640625 0.965625 0.06875 0.05625
3 0.2328125 0.86875 0.0640625 0.0640625