3 0.8515625 0.85078125 0.09375 0.0953125
3 0.7234375 0.65703125 0.090625 0.08125
3 0.540625 0.4890625 0.1125 0.08125
3 0.46015625 0.596875 0.1109375 0.075
3 0.925 0.325 0.109375 0.075
3 0.83984375 0.15546875 0.0921875 0.0921875
3 0.30546875 0.084375 0.0796875 0.0796875
3 0.8171875 0.7765625 0.084375 0.084375
3 0.684375 0.35390625 0.109375 0.0734375
3 0.79296875 0.70390625 0.090625 0.090625
3 0.4828125 0.3078125 0.0859375 0.0859375
3 0.18515625 0.578125 0.0859375 0.0875
3 0.5859375 0.67890625 0.0875 0.075
3 0.37421875 0.1828125 0.084375 0.084375
5 0.75625 0.4359375 0.109375 0.090625
3 0.940625 0.1515625 0.0953125 0.0953125
3 0.5046875 0.1953125 0.090625 0.090625
3 0.59609375 0.94140625 0.08125 0.0828125
3 0.49453125 0.8609375 0.1140625 0.078125
3 0.7765625 0.05390625 0.08125 0.0796875
3 0.928125 0.05 0.1125 0.06875
3 0.67578125 0.59765625 0.09375 0.09375
3 0.76875 0.31484375 0.0890625 0.0875
3 0.68046875 0.91953125 0.0890625 0.0890625
3 0.8328125 0.46875 0.084375 0.084375
3 0.1359375 0.703125 0.1 0.06875
3 0.43203125 0.14375 0.1078125 0.084375
3 0.5 0.65625 0.084375 0.075
3 0.6546875 0.8125 0.0921875 0.0921875
3 0.79296875 0.21640625 0.084375 0.084375
3 0.6796875 0.19453125 0.08125 0.08125
3 0.8953125 0.7140625 0.08125 0.08125
3 0.52890625 0.9328125 0.0875 0.0875
3 0.36640625 0.66171875 0.09375 0.09375
3 0.7140625 0.85 0.084375 0.084375
3 0.7234375 0.1796875 0.0875 0.078125
3 0.2890625 0.33125 0.090625 0.090625
3 0.32890625 0.3125 0.0859375 0.075