3 0.85078125 0.1484375 0.0828125 0.10625
3 0.65703125 0.2765625 0.08125 0.090625
3 0.4890625 0.459375 0.08125 0.1125
3 0.596875 0.53984375 0.0921875 0.09375
3 0.325 0.075 0.0921875 0.0921875
3 0.15546875 0.16015625 0.0921875 0.0921875
3 0.084375 0.69453125 0.06875 0.0890625
3 0.7765625 0.1828125 0.084375 0.084375
3 0.35390625 0.315625 0.0734375 0.109375
3 0.70390625 0.20703125 0.090625 0.090625
3 0.3078125 0.5171875 0.0859375 0.0859375
3 0.578125 0.81484375 0.08125 0.0921875
3 0.67890625 0.4140625 0.08125 0.08125
3 0.1828125 0.62578125 0.084375 0.084375
5 0.4359375 0.24375 0.090625 0.109375
3 0.1515625 0.059375 0.0953125 0.0953125
3 0.1953125 0.4953125 0.090625 0.090625
3 0.94140625 0.40390625 0.08125 0.08125
3 0.8609375 0.50546875 0.0953125 0.096875
3 0.05390625 0.2234375 0.0796875 0.08125
3 0.05 0.071875 0.090625 0.090625
3 0.59765625 0.32421875 0.09375 0.09375
3 0.31484375 0.23125 0.0875 0.0890625
3 0.91953125 0.31953125 0.0890625 0.0890625
3 0.46875 0.1671875 0.084375 0.084375
3 0.703125 0.8640625 0.084375 0.084375
3 0.14375 0.56796875 0.0953125 0.096875
3 0.65625 0.5 0.075 0.084375
3 0.8125 0.3453125 0.0921875 0.0921875
3 0.21640625 0.20703125 0.084375 0.084375
3 0.19453125 0.3203125 0.08125 0.08125
3 0.7140625 0.1046875 0.08125 0.08125
3 0.9328125 0.47109375 0.0875 0.0875
3 0.66171875 0.63359375 0.0859375 0.1015625
3 0.85 0.2859375 0.06875 0.1
3 0.1796875 0.2765625 0.0828125 0.0828125
3 0.33125 0.7109375 0.071875 0.109375
3 0.3125 0.67109375 0.08125 0.08125