3 0.9203125 0.753125 0.071875 0.071875
3 0.15546875 0.790625 0.071875 0.071875
4 0.2203125 0.403125 0.090625 0.08125
3 0.30703125 0.38515625 0.0859375 0.0859375
3 0.48359375 0.9359375 0.1109375 0.065625
3 0.68125 0.88125 0.075 0.059375
3 0.409375 0.32109375 0.0765625 0.075
3 0.48515625 0.253125 0.1046875 0.071875
3 0.76484375 0.709375 0.0734375 0.0734375
3 0.359375 0.62265625 0.08125 0.08125
3 0.81015625 0.55 0.065625 0.065625
4 0.540625 0.6296875 0.09375 0.078125
3 0.6390625 0.69375 0.096875 0.071875
4 0.7890625 0.7984375 0.0890625 0.0890625
3 0.865625 0.61328125 0.084375 0.06875
3 0.57890625 0.390625 0.08125 0.08125
3 0.46796875 0.8578125 0.090625 0.078125
3 0.15234375 0.18828125 0.0671875 0.0671875
3 0.4640625 0.42109375 0.08125 0.0640625
3 0.78984375 0.37421875 0.0703125 0.0703125
3 0.8546875 0.13984375 0.084375 0.0546875
3 0.04921875 0.19765625 0.08125 0.08125
3 0.89296875 0.0875 0.0796875 0.065625
3 0.23828125 0.665625 0.0890625 0.071875
3 0.29609375 0.86484375 0.0671875 0.0671875
3 0.6796875 0.1640625 0.084375 0.06875
3 0.7515625 0.25 0.071875 0.0625
3 0.60625 0.321875 0.0703125 0.0703125
3 0.803125 0.1 0.0703125 0.0703125
3 0.4328125 0.57265625 0.075 0.075
3 0.309375 0.7453125 0.08125 0.065625
3 0.8796875 0.3546875 0.075 0.0765625
3 0.52421875 0.4515625 0.08125 0.0828125
3 0.40546875 0.19375 0.078125 0.078125
3 0.2578125 0.25 0.084375 0.065625
3 0.5296875 0.54921875 0.0828125 0.0828125
3 0.240625 0.7796875 0.065625 0.065625
3 0.771875 0.48828125 0.0875 0.075
3 0.67578125 0.6296875 0.0796875 0.0796875
3 0.41796875 0.4734375 0.0703125 0.0703125
3 0.43828125 0.1171875 0.078125 0.0796875
3 0.33984375 0.4625 0.0765625 0.078125
3 0.37265625 0.89375 0.0921875 0.075
3 0.86796875 0.196875 0.078125 0.078125
3 0.69140625 0.30859375 0.0734375 0.075
3 0.2359375 0.90546875 0.078125 0.059375
3 0.7578125 0.33125 0.084375 0.06875
3 0.15546875 0.5984375 0.1046875 0.06875
3 0.57890625 0.0828125 0.0671875 0.06875
3 0.89765625 0.27578125 0.0859375 0.0640625
3 0.71015625 0.096875 0.075 0.075
3 0.2671875 0.309375 0.084375 0.084375
3 0.25703125 0.140625 0.078125 0.078125
3 0.28046875 0.55703125 0.0796875 0.0796875
3 0.52109375 0.34375 0.0796875 0.06875
3 0.55625 0.83359375 0.0859375 0.0859375
3 0.95546875 0.41484375 0.0734375 0.0578125
3 0.93828125 0.671875 0.06875 0.0671875
3 0.83828125 0.42734375 0.0984375 0.0734375
3 0.05546875 0.47578125 0.075 0.059375
3 0.6890625 0.10859375 0.0765625 0.0765625
3 0.896875 0.5421875 0.0734375 0.075
3 0.328125 0.940625 0.0765625 0.0765625
3 0.44375 0.35703125 0.08125 0.0609375
3 0.046875 0.33046875 0.078125 0.078125
3 0.59296875 0.1875 0.0703125 0.0625
3 0.94765625 0.1515625 0.065625 0.065625
3 0.79296875 0.21875 0.071875 0.071875
3 0.56796875 0.8828125 0.090625 0.090625
3 0.31015625 0.5140625 0.06875 0.0671875
3 0.90234375 0.590625 0.078125 0.0765625
3 0.14375 0.334375 0.06875 0.071875
3 0.63359375 0.384375 0.0640625 0.0625
3 0.60234375 0.7703125 0.078125 0.0765625
3 0.70703125 0.8328125 0.06875 0.06875
3 0.64453125 0.82109375 0.0734375 0.05625
3 0.95390625 0.11328125 0.0671875 0.065625
3 0.58515625 0.79375 0.0921875 0.06875
3 0.2890625 0.928125 0.0578125 0.0578125