3 0.515625 0.03828125 0.08125 0.0765625
3 0.7546875 0.378125 0.1 0.075
3 0.871875 0.33046875 0.09375 0.0734375
3 0.353125 0.190625 0.1 0.075
3 0.5671875 0.53125 0.090625 0.075
3 0.159375 0.3140625 0.1 0.078125
3 0.121875 0.2359375 0.1 0.078125
3 0.7640625 0.61015625 0.09375 0.0796875
3 0.24453125 0.16640625 0.0921875 0.0734375
3 0.58828125 0.69375 0.1078125 0.08125
3 0.17265625 0.56015625 0.096875 0.0828125
3 0.50625 0.1921875 0.0828125 0.0828125
3 0.76328125 0.73203125 0.0890625 0.0765625
3 0.43984375 0.62265625 0.1171875 0.071875
3 0.2203125 0.8625 0.109375 0.075
3 0.828125 0.678125 0.109375 0.071875
3 0.54140625 0.3875 0.1109375 0.08125
3 0.2890625 0.40390625 0.096875 0.0734375
3 0.8828125 0.7328125 0.084375 0.084375
3 0.11640625 0.0921875 0.1046875 0.065625
3 0.46796875 0.45703125 0.08125 0.08125
3 0.38984375 0.53046875 0.090625 0.0734375
3 0.92890625 0.2609375 0.1078125 0.065625
3 0.47421875 0.8625 0.0828125 0.084375
3 0.75078125 0.1140625 0.1046875 0.06875
3 0.7765625 0.190625 0.090625 0.08125
3 0.18046875 0.27421875 0.0859375 0.0859375
3 0.1109375 0.8625 0.0765625 0.078125
3 0.36875 0.11875 0.090625 0.06875
3 0.9390625 0.590625 0.0796875 0.0796875
3 0.20234375 0.45 0.078125 0.0765625
3 0.746875 0.8234375 0.090625 0.078125
3 0.4953125 0.678125 0.08125 0.08125
3 0.3703125 0.94609375 0.0828125 0.08125
3 0.68515625 0.2125 0.0984375 0.065625
3 0.7640625 0.48671875 0.0890625 0.0890625
3 0.2765625 0.784375 0.075 0.0765625
3 0.69140625 0.65078125 0.0890625 0.0765625
3 0.71796875 0.94375 0.0875 0.0875
3 0.9078125 0.059375 0.0828125 0.0828125
3 0.67734375 0.465625 0.0796875 0.0796875
3 0.7078125 0.72265625 0.084375 0.0828125
3 0.6828125 0.76640625 0.090625 0.090625
3 0.17734375 0.75 0.090625 0.0921875
3 0.8953125 0.775 0.08125 0.08125
3 0.28828125 0.3359375 0.103125 0.071875
3 0.30390625 0.30078125 0.09375 0.09375
3 0.31953125 0.878125 0.084375 0.075
3 0.48125 0.48046875 0.0875 0.071875
3 0.7546875 0.2671875 0.096875 0.08125
3 0.5734375 0.23203125 0.0765625 0.0765625
3 0.21171875 0.63046875 0.084375 0.084375
3 0.065625 0.3125 0.1 0.06875
3 0.34296875 0.47265625 0.08125 0.08125
3 0.865625 0.5421875 0.090625 0.090625
3 0.5109375 0.7390625 0.096875 0.071875
3 0.06875 0.628125 0.0875 0.06875
3 0.625 0.18359375 0.103125 0.0671875
3 0.684375 0.52578125 0.084375 0.0828125
3 0.26640625 0.565625 0.0828125 0.0828125
3 0.26015625 0.5296875 0.0796875 0.08125
3 0.3859375 0.7453125 0.09375 0.09375
3 0.85 0.14765625 0.1 0.0796875
3 0.13828125 0.675 0.090625 0.090625
3 0.6328125 0.1046875 0.0890625 0.090625
3 0.91015625 0.090625 0.08125 0.08125
3 0.63984375 0.5921875 0.1 0.1
3 0.8546875 0.6109375 0.096875 0.078125
3 0.1921875 0.153125 0.103125 0.078125
3 0.58515625 0.17109375 0.1046875 0.0734375
3 0.209375 0.096875 0.0828125 0.08125
3 0.846875 0.20390625 0.0921875 0.09375
3 0.6140625 0.365625 0.1140625 0.1140625
3 0.40078125 0.3484375 0.065625 0.065625
3 0.41328125 0.721875 0.0953125 0.06875
3 0.6046875 0.08671875 0.0875 0.0875
3 0.28046875 0.08828125 0.084375 0.084375
3 0.1546875 0.9375 0.078125 0.06875
3 0.29609375 0.83515625 0.0765625 0.0765625
3 0.61953125 0.27890625 0.1 0.1
6 0.3953125 0.4046875 0.0984375 0.1
6 0.6484375 0.30625 0.10625 0.090625
3 0.5890625 0.61171875 0.0859375 0.0875
3 0.19453125 0.9328125 0.078125 0.0765625
3 0.384375 0.9609375 0.0765625 0.0765625
3 0.121875 0.85 0.0875 0.06875
3 0.75546875 0.0953125 0.08125 0.08125
3 0.76953125 0.3171875 0.096875 0.065625