3 0.484375 0.96171875 0.08125 0.0765625
3 0.2453125 0.621875 0.0875 0.0875
3 0.128125 0.66953125 0.09375 0.0734375
3 0.646875 0.809375 0.0875 0.0875
3 0.4328125 0.46875 0.0828125 0.08125
3 0.840625 0.6859375 0.1 0.078125
3 0.878125 0.7640625 0.1 0.0796875
3 0.2359375 0.38984375 0.0859375 0.0875
3 0.75546875 0.83359375 0.0921875 0.0734375
3 0.41171875 0.30625 0.1078125 0.08125
3 0.82734375 0.43984375 0.096875 0.0828125
3 0.49375 0.8078125 0.0828125 0.0828125
3 0.23671875 0.26796875 0.0890625 0.0765625
3 0.56015625 0.37734375 0.09375 0.09375
3 0.7796875 0.1375 0.109375 0.075
3 0.171875 0.321875 0.109375 0.071875
3 0.45859375 0.6125 0.096875 0.0953125
3 0.7109375 0.59609375 0.084375 0.0859375
3 0.1171875 0.2671875 0.084375 0.084375
3 0.88359375 0.9078125 0.1046875 0.065625
3 0.53203125 0.54296875 0.0921875 0.06875
3 0.61015625 0.46953125 0.08125 0.08125
3 0.07109375 0.7390625 0.1078125 0.065625
3 0.52578125 0.1375 0.084375 0.08125
3 0.24921875 0.8859375 0.0875 0.0859375
3 0.2234375 0.809375 0.090625 0.0796875
3 0.81953125 0.72578125 0.0984375 0.0734375
3 0.8890625 0.1375 0.090625 0.0625
3 0.63125 0.88125 0.090625 0.06875
3 0.0609375 0.409375 0.0875 0.071875
3 0.79765625 0.55 0.0859375 0.06875
3 0.253125 0.1765625 0.084375 0.084375
3 0.5046875 0.321875 0.0875 0.075
3 0.6296875 0.05390625 0.103125 0.0609375
3 0.31484375 0.7875 0.08125 0.08125
3 0.2359375 0.51328125 0.103125 0.0765625
3 0.7234375 0.215625 0.084375 0.06875
3 0.30859375 0.34921875 0.0890625 0.0765625
3 0.28203125 0.05625 0.0875 0.0875
3 0.0921875 0.940625 0.096875 0.06875
3 0.32265625 0.534375 0.0921875 0.06875
3 0.2921875 0.27734375 0.084375 0.0828125
3 0.3171875 0.23359375 0.090625 0.090625
3 0.82265625 0.25 0.1046875 0.078125
3 0.1046875 0.225 0.096875 0.0625
3 0.71171875 0.6640625 0.103125 0.071875
3 0.69609375 0.69921875 0.1015625 0.0859375
3 0.68046875 0.121875 0.0796875 0.0796875
3 0.51875 0.51953125 0.0875 0.071875
3 0.2453125 0.7328125 0.096875 0.08125
3 0.4265625 0.76796875 0.084375 0.0703125
3 0.78828125 0.36953125 0.084375 0.084375
3 0.934375 0.6875 0.084375 0.084375
3 0.65703125 0.52734375 0.08125 0.08125
3 0.134375 0.4578125 0.1 0.08125
3 0.4890625 0.2609375 0.084375 0.084375
3 0.93125 0.371875 0.078125 0.078125
3 0.375 0.81640625 0.084375 0.084375
3 0.315625 0.47421875 0.084375 0.0828125
3 0.73359375 0.434375 0.090625 0.075
3 0.73984375 0.4703125 0.0796875 0.08125
3 0.6140625 0.2546875 0.09375 0.09375
3 0.15 0.85234375 0.1 0.0796875
3 0.86171875 0.325 0.090625 0.090625
3 0.3671875 0.8953125 0.10625 0.071875
3 0.08984375 0.909375 0.08125 0.08125
3 0.36015625 0.4078125 0.1 0.1
3 0.1453125 0.3890625 0.096875 0.078125
3 0.8078125 0.846875 0.103125 0.078125
3 0.41484375 0.82890625 0.0890625 0.0890625
3 0.790625 0.903125 0.096875 0.06875
3 0.153125 0.79609375 0.0921875 0.09375
3 0.3859375 0.634375 0.1140625 0.1140625
3 0.59921875 0.6515625 0.0640625 0.06875
3 0.58671875 0.278125 0.0953125 0.06875
3 0.3953125 0.91328125 0.096875 0.0796875
3 0.71953125 0.91171875 0.1046875 0.0640625
3 0.8453125 0.0625 0.0734375 0.0734375
3 0.70390625 0.16484375 0.0765625 0.0765625
3 0.38046875 0.72109375 0.1 0.1
6 0.6046875 0.5953125 0.11875 0.078125
6 0.3515625 0.69375 0.0984375 0.0984375
3 0.4109375 0.38828125 0.0859375 0.0875
3 0.80546875 0.0671875 0.0890625 0.065625
3 0.615625 0.0390625 0.08125 0.071875
3 0.878125 0.15 0.0875 0.06875
3 0.24453125 0.9046875 0.08125 0.08125
3 0.23046875 0.6828125 0.08125 0.08125