3 0.484375 0.03828125 0.08125 0.0765625
3 0.2453125 0.378125 0.0875 0.0875
3 0.128125 0.33046875 0.09375 0.0734375
3 0.646875 0.190625 0.1 0.075
3 0.4328125 0.53125 0.090625 0.075
3 0.840625 0.3140625 0.1 0.078125
3 0.878125 0.2359375 0.1 0.078125
3 0.2359375 0.61015625 0.0859375 0.0875
3 0.75546875 0.16640625 0.0828125 0.0828125
3 0.41171875 0.69375 0.1078125 0.08125
3 0.82734375 0.56015625 0.096875 0.0828125
3 0.49375 0.1921875 0.09375 0.071875
3 0.23671875 0.73203125 0.0890625 0.0765625
3 0.56015625 0.62265625 0.1171875 0.071875
3 0.7796875 0.8625 0.109375 0.075
3 0.171875 0.678125 0.109375 0.071875
3 0.45859375 0.3875 0.1109375 0.08125
3 0.7109375 0.40390625 0.084375 0.0859375
3 0.1171875 0.7328125 0.084375 0.0859375
3 0.88359375 0.0921875 0.084375 0.0859375
3 0.53203125 0.45703125 0.08125 0.08125
3 0.61015625 0.53046875 0.090625 0.0734375
3 0.07109375 0.2609375 0.0875 0.0875
3 0.52578125 0.8625 0.084375 0.08125
3 0.24921875 0.1140625 0.1046875 0.06875
3 0.2234375 0.190625 0.090625 0.08125
3 0.81953125 0.27421875 0.0859375 0.0859375
3 0.8890625 0.8625 0.0765625 0.0765625
3 0.63125 0.11875 0.090625 0.06875
3 0.0609375 0.590625 0.0875 0.071875
3 0.79765625 0.45 0.078125 0.0765625
3 0.253125 0.8234375 0.090625 0.078125
3 0.5046875 0.678125 0.08125 0.08125
3 0.6296875 0.94609375 0.103125 0.0609375
3 0.31484375 0.2125 0.0984375 0.065625
3 0.2359375 0.48671875 0.0890625 0.0890625
3 0.7234375 0.784375 0.0765625 0.0765625
3 0.30859375 0.65078125 0.0828125 0.0828125
3 0.28203125 0.94375 0.0875 0.0875
3 0.0921875 0.059375 0.0828125 0.0828125
3 0.32265625 0.465625 0.0921875 0.06875
3 0.2921875 0.72265625 0.084375 0.0828125
3 0.3171875 0.76640625 0.090625 0.090625
3 0.82265625 0.75 0.090625 0.0921875
3 0.1046875 0.775 0.0796875 0.0796875
3 0.71171875 0.3359375 0.103125 0.071875
3 0.69609375 0.30078125 0.1015625 0.0859375
3 0.68046875 0.878125 0.084375 0.075
3 0.51875 0.48046875 0.0796875 0.0796875
3 0.2453125 0.2671875 0.0875 0.0890625
3 0.4265625 0.23203125 0.0765625 0.0765625
3 0.78828125 0.63046875 0.084375 0.084375
3 0.934375 0.3125 0.084375 0.084375
3 0.65703125 0.47265625 0.08125 0.08125
3 0.134375 0.5421875 0.090625 0.090625
3 0.4890625 0.7390625 0.096875 0.071875
3 0.93125 0.628125 0.078125 0.078125
3 0.375 0.18359375 0.084375 0.084375
3 0.315625 0.52578125 0.084375 0.0828125
3 0.73359375 0.565625 0.0828125 0.084375
3 0.73984375 0.5296875 0.0796875 0.08125
3 0.6140625 0.7453125 0.109375 0.078125
3 0.15 0.14765625 0.1 0.0796875
3 0.86171875 0.675 0.1078125 0.075
3 0.3671875 0.1046875 0.10625 0.071875
3 0.08984375 0.090625 0.08125 0.08125
3 0.36015625 0.5921875 0.1 0.1
3 0.1453125 0.6109375 0.096875 0.078125
3 0.8078125 0.153125 0.090625 0.090625
3 0.41484375 0.17109375 0.0890625 0.0890625
3 0.790625 0.096875 0.096875 0.06875
3 0.153125 0.20390625 0.0921875 0.09375
3 0.3859375 0.365625 0.14375 0.084375
3 0.59921875 0.3484375 0.065625 0.065625
3 0.58671875 0.721875 0.08125 0.0828125
3 0.3953125 0.08671875 0.096875 0.0796875
3 0.71953125 0.08828125 0.084375 0.084375
3 0.8453125 0.9375 0.0734375 0.0734375
3 0.70390625 0.83515625 0.0828125 0.0703125
3 0.38046875 0.27890625 0.1 0.1
6 0.6046875 0.4046875 0.0984375 0.0984375
6 0.3515625 0.30625 0.10625 0.090625
3 0.4109375 0.61171875 0.09375 0.0796875
3 0.80546875 0.9328125 0.078125 0.0765625
3 0.615625 0.9609375 0.0765625 0.0765625
3 0.878125 0.85 0.078125 0.078125
3 0.24453125 0.0953125 0.08125 0.08125
3 0.23046875 0.3171875 0.096875 0.065625