3 0.73515625 0.225 0.078125 0.078125
3 0.38203125 0.053125 0.071875 0.0734375
3 0.3625 0.14375 0.0859375 0.0859375
3 0.66171875 0.88203125 0.0609375 0.0828125
3 0.31484375 0.0734375 0.075 0.075
3 0.875 0.54453125 0.0828125 0.0828125
3 0.44375 0.3625 0.06875 0.1
3 0.0765625 0.1546875 0.075 0.075
3 0.34453125 0.5140625 0.078125 0.078125
3 0.2609375 0.47890625 0.0828125 0.084375
3 0.07890625 0.7 0.0609375 0.084375
3 0.7265625 0.45390625 0.0734375 0.071875
3 0.37890625 0.39765625 0.078125 0.078125
3 0.17265625 0.83359375 0.0609375 0.0875
3 0.25546875 0.1671875 0.0796875 0.0796875
3 0.2734375 0.759375 0.0765625 0.0765625
3 0.190625 0.9203125 0.0796875 0.0796875
3 0.51875 0.51640625 0.0625 0.0875
3 0.68125 0.6421875 0.071875 0.071875
3 0.1484375 0.146875 0.0796875 0.0796875
3 0.3984375 0.8671875 0.071875 0.071875
3 0.07421875 0.925 0.0796875 0.0796875
3 0.95625 0.18359375 0.0796875 0.0796875
3 0.153125 0.0578125 0.071875 0.071875
3 0.4578125 0.64921875 0.059375 0.0828125
3 0.61875 0.596875 0.08125 0.08125
3 0.9390625 0.7296875 0.065625 0.090625
3 0.80625 0.821875 0.09375 0.09375
3 0.28359375 0.2609375 0.0703125 0.071875
3 0.7515625 0.30390625 0.0828125 0.0828125
3 0.771875 0.67265625 0.05625 0.0796875
3 0.0765625 0.04765625 0.065625 0.0859375
3 0.29296875 0.6484375 0.0640625 0.09375
3 0.43125 0.0921875 0.0765625 0.0765625
3 0.3359375 0.72421875 0.059375 0.0796875
3 0.44765625 0.9359375 0.08125 0.0796875
3 0.51640625 0.2484375 0.0640625 0.090625
3 0.1046875 0.53515625 0.08125 0.0796875
3 0.81328125 0.93359375 0.0671875 0.0921875
3 0.446875 0.7984375 0.0625 0.103125
3 0.8328125 0.70703125 0.06875 0.06875
3 0.3640625 0.5984375 0.06875 0.06875
3 0.3171875 0.38125 0.08125 0.08125
3 0.07109375 0.3859375 0.0703125 0.096875
3 0.1453125 0.7640625 0.065625 0.090625
3 0.0703125 0.26328125 0.065625 0.0859375
3 0.19453125 0.50546875 0.0625 0.0828125
3 0.22734375 0.35 0.084375 0.084375
3 0.7328125 0.78125 0.0765625 0.0765625
3 0.1390625 0.2890625 0.075 0.075
3 0.9015625 0.85234375 0.078125 0.078125
3 0.16796875 0.40390625 0.078125 0.078125
3 0.834375 0.328125 0.09375 0.09375
3 0.778125 0.084375 0.090625 0.090625
3 0.72890625 0.54375 0.0921875 0.103125
3 0.20078125 0.23125 0.0640625 0.08125
3 0.940625 0.56328125 0.065625 0.1078125
3 0.84453125 0.896875 0.0765625 0.096875
3 0.56015625 0.6359375 0.0640625 0.06875
3 0.56484375 0.33828125 0.06875 0.1046875
3 0.890625 0.61796875 0.071875 0.071875
3 0.41875 0.2640625 0.075 0.075
3 0.79765625 0.26328125 0.0828125 0.0828125
3 0.34375 0.30703125 0.075 0.0734375
3 0.3265625 0.8234375 0.059375 0.090625
3 0.85625 0.08671875 0.075 0.0828125
3 0.91484375 0.24921875 0.06875 0.0671875
3 0.5984375 0.28359375 0.08125 0.08125
3 0.39140625 0.73125 0.040625 0.115625
3 0.95625 0.0859375 0.0796875 0.0796875
3 0.10703125 0.81015625 0.059375 0.1078125
3 0.7953125 0.43828125 0.06875 0.0796875
3 0.2140625 0.609375 0.065625 0.065625
3 0.8890625 0.42421875 0.065625 0.090625
3 0.20546875 0.68203125 0.06875 0.06875
3 0.271875 0.90859375 0.071875 0.0953125
3 0.7984375 0.5515625 0.078125 0.078125
3 0.246875 0.8640625 0.06875 0.103125
3 0.77734375 0.3640625 0.0578125 0.084375
3 0.684375 0.309375 0.05625 0.084375
3 0.48984375 0.14140625 0.0703125 0.06875
3 0.38828125 0.23046875 0.0703125 0.0921875
3 0.37734375 0.78359375 0.0703125 0.0984375
3 0.26796875 0.36796875 0.0765625 0.1171875
3 0.61796875 0.1234375 0.0609375 0.0875
3 0.7359375 0.90859375 0.071875 0.0828125
3 0.33046875 0.94921875 0.0875 0.0875
3 0.053125 0.47265625 0.0796875 0.078125
3 0.44296875 0.509375 0.0515625 0.075
3 0.1921875 0.11484375 0.0625 0.0625
3 0.50234375 0.86484375 0.075 0.075
3 0.665625 0.196875 0.071875 0.071875
3 0.55625 0.175 0.05625 0.084375
3 0.03359375 0.58125 0.0671875 0.06875
3 0.1125 0.24140625 0.0625 0.0859375
3 0.534375 0.73125 0.06875 0.06875
3 0.50625 0.39375 0.0625 0.0875
3 0.925 0.35546875 0.0625 0.0828125
3 0.2296875 0.053125 0.065625 0.08125
3 0.5125 0.9484375 0.075 0.075
3 0.78671875 0.15625 0.0546875 0.090625
3 0.6578125 0.4515625 0.08125 0.08125
3 0.71796875 0.0640625 0.065625 0.0640625
3 0.59609375 0.3921875 0.06875 0.06875
3 0.6171875 0.4984375 0.065625 0.065625
3 0.58359375 0.05 0.0671875 0.1
3 0.95546875 0.45859375 0.06875 0.06875
6 0.8453125 0.44921875 0.1046875 0.1046875
3 0.6265625 0.71796875 0.05 0.090625
3 0.61171875 0.740625 0.0734375 0.0734375
3 0.93515625 0.06796875 0.0546875 0.0796875
3 0.953125 0.346875 0.0796875 0.0796875
3 0.59375 0.159375 0.0625 0.08125
3 0.68515625 0.1671875 0.05625 0.084375
3 0.034375 0.33203125 0.06875 0.0734375
3 0.1328125 0.3265625 0.059375 0.075
3 0.1734375 0.43359375 0.071875 0.0828125
3 0.221875 0.246875 0.0703125 0.0703125
3 0.04609375 0.55234375 0.071875 0.071875
3 0.084375 0.78828125 0.0625 0.0890625
3 0.23125 0.575 0.071875 0.08125
3 0.1859375 0.5328125 0.06875 0.06875
3 0.23515625 0.71953125 0.0578125 0.075
3 0.14765625 0.72734375 0.0765625 0.0765625
3 0.4484375 0.7578125 0.0625 0.078125
3 0.3953125 0.9609375 0.065625 0.075
3 0.54296875 0.953125 0.065625 0.075
3 0.20390625 0.92265625 0.0671875 0.0671875
3 0.38125 0.6203125 0.0640625 0.0640625
3 0.53515625 0.86015625 0.075 0.0828125
3 0.521875 0.81875 0.078125 0.0796875
3 0.32265625 0.8703125 0.0640625 0.078125
3 0.59453125 0.48984375 0.06875 0.06875
3 0.8875 0.8015625 0.0734375 0.0734375
3 0.728125 0.9359375 0.059375 0.090625
3 0.95546875 0.96015625 0.06875 0.06875
3 0.765625 0.5046875 0.071875 0.071875
3 0.56171875 0.67109375 0.0796875 0.0796875
3 0.5203125 0.70546875 0.059375 0.0828125
3 0.825 0.56640625 0.0765625 0.0765625
3 0.4859375 0.18046875 0.059375 0.0921875
3 0.65703125 0.31171875 0.071875 0.0703125
3 0.4140625 0.48671875 0.0765625 0.0765625
3 0.48984375 0.42265625 0.0625 0.0796875
3 0.5734375 0.409375 0.0625 0.0625
3 0.34375 0.25625 0.046875 0.06875
3 0.67265625 0.42109375 0.075 0.075
3 0.44140625 0.26796875 0.078125 0.0765625
3 0.5359375 0.26796875 0.0703125 0.071875
3 0.428125 0.45546875 0.0625 0.0625
3 0.66484375 0.38125 0.0515625 0.0625
3 0.3265625 0.696875 0.0625 0.06875
3 0.7328125 0.809375 0.0671875 0.0671875