3 0.73515625 0.775 0.0671875 0.0875
3 0.38203125 0.946875 0.0734375 0.0734375
3 0.3625 0.85625 0.075 0.096875
3 0.66171875 0.11796875 0.0609375 0.0828125
3 0.31484375 0.9265625 0.0625 0.0875
3 0.875 0.45546875 0.0828125 0.0828125
3 0.44375 0.6375 0.084375 0.084375
3 0.0765625 0.8453125 0.0625 0.0875
3 0.34453125 0.4859375 0.078125 0.078125
3 0.2609375 0.52109375 0.071875 0.0953125
3 0.07890625 0.3 0.0609375 0.084375
3 0.7265625 0.54609375 0.0734375 0.071875
3 0.37890625 0.60234375 0.0671875 0.0890625
3 0.17265625 0.16640625 0.0609375 0.0875
3 0.25546875 0.8328125 0.075 0.084375
3 0.2734375 0.240625 0.0765625 0.0765625
3 0.190625 0.0796875 0.0625 0.096875
3 0.51875 0.48359375 0.0625 0.0875
3 0.68125 0.3578125 0.05625 0.0875
3 0.1484375 0.853125 0.078125 0.08125
3 0.3984375 0.1328125 0.071875 0.071875
3 0.07421875 0.075 0.0671875 0.090625
3 0.95625 0.81640625 0.06875 0.090625
3 0.153125 0.9421875 0.06875 0.075
3 0.4578125 0.35078125 0.071875 0.071875
3 0.61875 0.403125 0.08125 0.08125
3 0.9390625 0.2703125 0.065625 0.090625
3 0.80625 0.178125 0.09375 0.09375
3 0.28359375 0.7390625 0.0703125 0.071875
3 0.7515625 0.69609375 0.065625 0.1
3 0.771875 0.32734375 0.06875 0.06875
3 0.0765625 0.95234375 0.065625 0.0859375
3 0.29296875 0.3515625 0.0796875 0.0796875
3 0.43125 0.9078125 0.0625 0.090625
3 0.3359375 0.27578125 0.059375 0.0796875
3 0.44765625 0.0640625 0.0640625 0.096875
3 0.51640625 0.7515625 0.0640625 0.090625
3 0.1046875 0.46484375 0.08125 0.0796875
3 0.81328125 0.06640625 0.0671875 0.0921875
3 0.446875 0.2015625 0.0828125 0.0828125
3 0.8328125 0.29296875 0.05625 0.0796875
3 0.3640625 0.4015625 0.06875 0.06875
3 0.3171875 0.61875 0.08125 0.08125
3 0.07109375 0.6140625 0.084375 0.0828125
3 0.1453125 0.2359375 0.065625 0.090625
3 0.0703125 0.73671875 0.065625 0.0859375
3 0.19453125 0.49453125 0.0625 0.0828125
3 0.22734375 0.65 0.084375 0.084375
3 0.7328125 0.21875 0.0765625 0.0765625
3 0.1390625 0.7109375 0.0625 0.0875
3 0.9015625 0.14765625 0.078125 0.078125
3 0.16796875 0.59609375 0.0703125 0.0859375
3 0.834375 0.671875 0.09375 0.09375
3 0.778125 0.915625 0.0890625 0.090625
3 0.72890625 0.45625 0.096875 0.0984375
3 0.20078125 0.76875 0.0640625 0.08125
3 0.940625 0.43671875 0.065625 0.1078125
3 0.84453125 0.103125 0.0859375 0.0875
3 0.56015625 0.3640625 0.0671875 0.0671875
3 0.56484375 0.66171875 0.06875 0.1046875
3 0.890625 0.38203125 0.06875 0.075
3 0.41875 0.7359375 0.0625 0.0875
3 0.79765625 0.73671875 0.0703125 0.0953125
3 0.34375 0.69296875 0.0734375 0.075
3 0.3265625 0.1765625 0.075 0.075
3 0.85625 0.91328125 0.078125 0.078125
3 0.91484375 0.75078125 0.05625 0.0796875
3 0.5984375 0.71640625 0.065625 0.096875
3 0.39140625 0.26875 0.040625 0.115625
3 0.95625 0.9140625 0.0796875 0.0796875
3 0.10703125 0.18984375 0.084375 0.0828125
3 0.7953125 0.56171875 0.06875 0.0796875
3 0.2140625 0.390625 0.0609375 0.071875
3 0.8890625 0.57578125 0.078125 0.078125
3 0.20546875 0.31796875 0.0640625 0.0734375
3 0.271875 0.09140625 0.071875 0.0953125
3 0.7984375 0.4484375 0.078125 0.078125
3 0.246875 0.1359375 0.0859375 0.0859375
3 0.77734375 0.6359375 0.0703125 0.0703125
3 0.684375 0.690625 0.05625 0.084375
3 0.48984375 0.85859375 0.0703125 0.06875
3 0.38828125 0.76953125 0.08125 0.08125
3 0.37734375 0.21640625 0.0703125 0.0984375
3 0.26796875 0.63203125 0.0765625 0.1171875
3 0.61796875 0.8765625 0.075 0.075
3 0.7359375 0.09140625 0.071875 0.0828125
3 0.33046875 0.05078125 0.0875 0.0875
3 0.053125 0.52734375 0.0625 0.0953125
3 0.44296875 0.490625 0.0640625 0.0625
3 0.1921875 0.88515625 0.053125 0.0734375
3 0.50234375 0.13515625 0.0671875 0.084375
3 0.665625 0.803125 0.071875 0.071875
3 0.55625 0.825 0.05625 0.084375
3 0.0328125 0.41796875 0.059375 0.0765625
3 0.1125 0.75859375 0.075 0.075
3 0.534375 0.26875 0.06875 0.06875
3 0.50625 0.60625 0.0625 0.0875
3 0.925 0.64453125 0.071875 0.0734375
3 0.2296875 0.946875 0.0734375 0.075
3 0.5125 0.0515625 0.075 0.075
3 0.78671875 0.84375 0.071875 0.071875
3 0.6578125 0.5484375 0.065625 0.096875
3 0.71796875 0.9359375 0.065625 0.0640625
3 0.59609375 0.6078125 0.0515625 0.0875
3 0.6171875 0.5015625 0.065625 0.065625
3 0.58359375 0.95 0.0671875 0.1
3 0.95546875 0.54140625 0.0546875 0.0828125
6 0.8453125 0.55078125 0.0875 0.121875
3 0.6265625 0.28203125 0.0703125 0.0703125
3 0.61171875 0.259375 0.065625 0.08125
3 0.93515625 0.93203125 0.0671875 0.0671875
3 0.953125 0.653125 0.0796875 0.0796875
3 0.59375 0.840625 0.071875 0.071875
3 0.68515625 0.8328125 0.05625 0.084375
3 0.034375 0.66796875 0.06875 0.0734375
3 0.1328125 0.6734375 0.059375 0.075
3 0.1734375 0.56640625 0.078125 0.0765625
3 0.221875 0.753125 0.0625 0.078125
3 0.04609375 0.44765625 0.0671875 0.0765625
3 0.084375 0.21171875 0.0625 0.0890625
3 0.23125 0.425 0.0765625 0.0765625
3 0.1859375 0.4671875 0.059375 0.078125
3 0.23515625 0.28046875 0.0671875 0.065625
3 0.14765625 0.27265625 0.0609375 0.0921875
3 0.4484375 0.2421875 0.0625 0.078125
3 0.3953125 0.0390625 0.065625 0.075
3 0.54296875 0.046875 0.065625 0.075
3 0.20390625 0.07734375 0.0578125 0.0765625
3 0.38125 0.3796875 0.0640625 0.0640625
3 0.53515625 0.13984375 0.0796875 0.078125
3 0.521875 0.18125 0.078125 0.0796875
3 0.32265625 0.1296875 0.0640625 0.078125
3 0.59453125 0.51015625 0.06875 0.06875
3 0.8875 0.1984375 0.05625 0.090625
3 0.728125 0.0640625 0.075 0.075
3 0.95546875 0.03984375 0.0609375 0.0765625
3 0.765625 0.4953125 0.059375 0.084375
3 0.56171875 0.32890625 0.0796875 0.0796875
3 0.5203125 0.29453125 0.059375 0.0828125
3 0.825 0.43359375 0.053125 0.1
3 0.4859375 0.81953125 0.075 0.075
3 0.65703125 0.68828125 0.059375 0.0828125
3 0.4140625 0.51328125 0.0765625 0.0765625
3 0.48984375 0.57734375 0.0625 0.0796875
3 0.5734375 0.590625 0.05625 0.06875
3 0.34375 0.74375 0.0578125 0.0578125
3 0.67265625 0.57890625 0.0734375 0.0765625
3 0.44140625 0.73203125 0.0625 0.0921875
3 0.5359375 0.73203125 0.0703125 0.071875
3 0.428125 0.54453125 0.059375 0.0671875
3 0.66484375 0.61875 0.0578125 0.05625
3 0.3265625 0.303125 0.0625 0.06875
3 0.7328125 0.190625 0.059375 0.075