3 0.12578125 0.8671875 0.071875 0.0734375
3 0.853125 0.16875 0.08125 0.08125
3 0.1109375 0.22109375 0.078125 0.1046875
3 0.57890625 0.17265625 0.0640625 0.0859375
3 0.66953125 0.5796875 0.0640625 0.0875
3 0.60234375 0.07265625 0.0859375 0.0859375
3 0.953125 0.61953125 0.071875 0.1015625
3 0.428125 0.78984375 0.05625 0.0796875
3 0.58515625 0.71484375 0.0625 0.096875
4 0.334375 0.4328125 0.06875 0.096875
3 0.1609375 0.74765625 0.0625 0.0859375
3 0.6984375 0.234375 0.059375 0.0875
3 0.3890625 0.63359375 0.0859375 0.0859375
3 0.8890625 0.115625 0.0625 0.08125
3 0.3609375 0.2484375 0.0625 0.075
3 0.284375 0.13515625 0.06875 0.0921875
3 0.50390625 0.2359375 0.08125 0.0796875
3 0.084375 0.11015625 0.075 0.1015625
3 0.89453125 0.39765625 0.0609375 0.0796875
3 0.3390625 0.8328125 0.071875 0.071875
3 0.71484375 0.7703125 0.075 0.075
3 0.5140625 0.084375 0.078125 0.078125
3 0.23046875 0.759375 0.08125 0.08125
3 0.90625 0.7171875 0.0625 0.078125
3 0.40703125 0.44140625 0.0828125 0.0828125
3 0.2734375 0.8203125 0.059375 0.084375
3 0.2328125 0.27421875 0.0796875 0.078125
3 0.19296875 0.0796875 0.08125 0.08125
3 0.76171875 0.12734375 0.078125 0.078125
3 0.61171875 0.8546875 0.071875 0.0734375
4 0.68125 0.91328125 0.0625 0.0875
3 0.728125 0.33359375 0.084375 0.084375
3 0.0828125 0.51484375 0.065625 0.0796875
3 0.19140625 0.33984375 0.0796875 0.0796875
3 0.15078125 0.3015625 0.0671875 0.078125
3 0.8046875 0.6515625 0.06875 0.1
3 0.65 0.45390625 0.090625 0.090625
3 0.35625 0.51796875 0.0625 0.0859375
3 0.15625 0.1234375 0.0828125 0.0828125
3 0.75703125 0.2234375 0.065625 0.090625
3 0.596875 0.5671875 0.0859375 0.0859375
3 0.56484375 0.259375 0.078125 0.078125
3 0.47421875 0.5453125 0.0703125 0.084375
3 0.29140625 0.24296875 0.0703125 0.1
3 0.48515625 0.1578125 0.0625 0.0875
3 0.4859375 0.609375 0.065625 0.084375
3 0.171875 0.4484375 0.065625 0.084375
3 0.83671875 0.6234375 0.071875 0.096875
3 0.0421875 0.39921875 0.08125 0.08125
3 0.384375 0.8390625 0.05625 0.08125
3 0.88671875 0.6125 0.078125 0.0796875
3 0.74296875 0.90234375 0.0671875 0.0859375
3 0.784375 0.946875 0.075 0.075
3 0.6734375 0.4109375 0.071875 0.09375
3 0.11953125 0.446875 0.0765625 0.0765625
3 0.14375 0.51796875 0.05625 0.0734375
3 0.596875 0.9515625 0.08125 0.08125
3 0.2265625 0.52734375 0.059375 0.1109375
3 0.83203125 0.9484375 0.0671875 0.1