3 0.09453125 0.36015625 0.0765625 0.0765625
3 0.54140625 0.575 0.08125 0.08125
3 0.646875 0.38671875 0.071875 0.0921875
3 0.0859375 0.74375 0.090625 0.090625
3 0.1984375 0.1140625 0.0734375 0.0734375
3 0.1328125 0.58984375 0.0859375 0.084375
3 0.1625 0.32890625 0.08125 0.0796875
3 0.66796875 0.58359375 0.0703125 0.1078125
3 0.6328125 0.8328125 0.065625 0.078125
3 0.94296875 0.34765625 0.0640625 0.0984375
3 0.778125 0.0953125 0.06875 0.096875
3 0.35390625 0.0578125 0.078125 0.078125
3 0.3734375 0.61328125 0.065625 0.0703125
3 0.83359375 0.55625 0.078125 0.078125
3 0.5328125 0.85703125 0.0734375 0.0734375
3 0.51875 0.74921875 0.06875 0.0859375
3 0.39375 0.2203125 0.05625 0.103125
3 0.9234375 0.6640625 0.0859375 0.0859375
3 0.7109375 0.33046875 0.0796875 0.078125
3 0.471875 0.13203125 0.06875 0.1078125
3 0.2390625 0.89296875 0.065625 0.0921875
3 0.1296875 0.06640625 0.078125 0.0578125
3 0.3421875 0.67265625 0.059375 0.103125
3 0.94765625 0.81484375 0.0828125 0.0828125
3 0.80859375 0.446875 0.1078125 0.08125
3 0.52109375 0.46640625 0.08125 0.08125
3 0.16953125 0.51484375 0.0734375 0.0765625
3 0.77421875 0.253125 0.06875 0.0703125
3 0.728125 0.52578125 0.06875 0.0640625
3 0.878125 0.29609375 0.096875 0.0984375
3 0.60390625 0.77421875 0.0765625 0.0671875
3 0.61484375 0.23671875 0.0875 0.0921875
3 0.35390625 0.4734375 0.0609375 0.09375
3 0.54921875 0.3109375 0.071875 0.071875
3 0.9078125 0.4640625 0.06875 0.090625
3 0.3203125 0.35234375 0.075 0.075
3 0.3234375 0.52734375 0.084375 0.084375
3 0.8375 0.06171875 0.0765625 0.078125
3 0.353125 0.32421875 0.08125 0.08125
3 0.69375 0.25546875 0.0875 0.0875
3 0.946875 0.51640625 0.0859375 0.0875
3 0.1921875 0.8546875 0.06875 0.103125
3 0.63125 0.91171875 0.065625 0.0921875
3 0.9390625 0.8953125 0.084375 0.084375
3 0.66171875 0.5265625 0.08125 0.08125
3 0.0390625 0.34140625 0.078125 0.0890625
3 0.35234375 0.853125 0.08125 0.08125
3 0.76015625 0.5796875 0.090625 0.0890625
3 0.721875 0.4609375 0.078125 0.078125
3 0.82109375 0.20703125 0.0765625 0.0765625
3 0.46640625 0.74140625 0.084375 0.084375
3 0.76484375 0.63359375 0.0953125 0.0703125
3 0.29609375 0.6359375 0.078125 0.0765625
3 0.70234375 0.1109375 0.084375 0.084375
3 0.07890625 0.0984375 0.0828125 0.090625
3 0.621875 0.4671875 0.06875 0.096875
3 0.95625 0.20703125 0.08125 0.090625
3 0.08125 0.271875 0.071875 0.090625
3 0.83046875 0.775 0.08125 0.0828125
3 0.2109375 0.22734375 0.071875 0.1078125
3 0.915625 0.559375 0.0890625 0.0890625
3 0.91171875 0.759375 0.0796875 0.0796875
3 0.6109375 0.06953125 0.090625 0.0921875
3 0.1 0.2359375 0.084375 0.084375
3 0.58359375 0.1734375 0.078125 0.090625
3 0.084375 0.94375 0.0921875 0.0921875
3 0.3390625 0.25234375 0.078125 0.0796875
3 0.09609375 0.55234375 0.071875 0.071875
3 0.51015625 0.38984375 0.0859375 0.065625
3 0.753125 0.20625 0.08125 0.075
3 0.4640625 0.8828125 0.090625 0.090625
3 0.89765625 0.93125 0.090625 0.090625
3 0.2125 0.61953125 0.0859375 0.0859375
3 0.07109375 0.171875 0.090625 0.0890625
3 0.86015625 0.8390625 0.0890625 0.08125
3 0.25859375 0.57421875 0.0875 0.0875
3 0.053125 0.52890625 0.09375 0.0828125
3 0.22265625 0.534375 0.0765625 0.0765625
3 0.296875 0.15625 0.075 0.096875
3 0.86875 0.22421875 0.0875 0.0875
3 0.7578125 0.4015625 0.09375 0.078125
3 0.11015625 0.475 0.0921875 0.090625
3 0.403125 0.44296875 0.0625 0.0953125
3 0.5890625 0.69765625 0.0875 0.0984375
3 0.59453125 0.93359375 0.0625 0.0953125
3 0.4875 0.2796875 0.0859375 0.0859375
3 0.78125 0.9609375 0.075 0.075
3 0.49375 0.34609375 0.090625 0.090625
3 0.88125 0.78671875 0.075 0.075