3 0.33046875 0.4671875 0.06875 0.096875
3 0.2546875 0.19609375 0.0625 0.0890625
3 0.6734375 0.55078125 0.075 0.0984375
3 0.9453125 0.8109375 0.078125 0.078125
3 0.0609375 0.49140625 0.075 0.075
3 0.709375 0.4234375 0.08125 0.1125
3 0.6328125 0.31171875 0.065625 0.0984375
3 0.3109375 0.11015625 0.0796875 0.08125
3 0.53125 0.08125 0.0828125 0.0828125
3 0.3671875 0.30078125 0.0796875 0.0796875
3 0.8484375 0.15859375 0.065625 0.1015625
3 0.62578125 0.128125 0.0609375 0.084375
3 0.4921875 0.30078125 0.078125 0.1015625
3 0.7796875 0.6109375 0.0734375 0.0734375
3 0.47421875 0.17109375 0.0765625 0.0984375
3 0.3859375 0.4 0.078125 0.078125
3 0.1140625 0.4140625 0.0859375 0.0859375
3 0.1078125 0.58359375 0.0734375 0.1015625
3 0.690625 0.071875 0.071875 0.109375
3 0.8625 0.68671875 0.06875 0.0828125
3 0.9296875 0.51875 0.059375 0.075
3 0.76796875 0.1203125 0.0703125 0.090625
3 0.58515625 0.83515625 0.0609375 0.0828125
3 0.26875 0.81328125 0.0765625 0.0765625
3 0.5359375 0.40078125 0.078125 0.0984375
3 0.515625 0.7921875 0.09375 0.09375
3 0.68984375 0.18203125 0.06875 0.06875
3 0.32421875 0.6265625 0.0875 0.0875
3 0.1890625 0.65234375 0.0703125 0.0703125
3 0.1734375 0.8046875 0.08125 0.103125
3 0.35703125 0.915625 0.0609375 0.08125
3 0.2203125 0.378125 0.0625 0.084375
3 0.34375 0.5703125 0.065625 0.09375
3 0.9546875 0.1453125 0.090625 0.09375
3 0.925 0.3640625 0.071875 0.071875
3 0.21640625 0.859375 0.0640625 0.0875
3 0.1 0.73671875 0.075 0.0890625
3 0.9203125 0.28046875 0.05 0.0640625
3 0.8875 0.209375 0.071875 0.071875
3 0.91484375 0.44296875 0.0765625 0.0859375
3 0.74609375 0.69296875 0.0734375 0.0734375
3 0.91875 0.0546875 0.09375 0.09375
3 0.25625 0.49921875 0.0625 0.0875
3 0.40703125 0.45234375 0.0703125 0.096875
6 0.72109375 0.26328125 0.103125 0.103125
6 0.4046875 0.7109375 0.0875 0.121875
3 0.36875 0.94140625 0.078125 0.078125
3 0.2671875 0.534375 0.071875 0.0875
3 0.96484375 0.43515625 0.0671875 0.078125