3 0.82890625 0.93359375 0.0734375 0.075
3 0.8921875 0.79765625 0.071875 0.0734375
3 0.93671875 0.54609375 0.08125 0.08125
3 0.57734375 0.71796875 0.06875 0.06875
3 0.93828125 0.9484375 0.0703125 0.090625
3 0.90546875 0.87578125 0.0640625 0.075
3 0.76015625 0.9484375 0.0640625 0.090625
3 0.0796875 0.49765625 0.059375 0.0859375
3 0.69296875 0.41484375 0.065625 0.0796875
3 0.928125 0.33046875 0.059375 0.0984375
3 0.121875 0.42109375 0.06875 0.0984375
3 0.328125 0.54453125 0.065625 0.065625
3 0.80703125 0.2703125 0.0578125 0.090625
3 0.25625 0.21484375 0.08125 0.08125
3 0.475 0.90546875 0.06875 0.06875
3 0.1421875 0.17890625 0.059375 0.0828125
3 0.32734375 0.246875 0.06875 0.0671875
3 0.7390625 0.0765625 0.075 0.075
3 0.1171875 0.75234375 0.0828125 0.084375
3 0.4765625 0.4890625 0.075 0.075
3 0.390625 0.890625 0.06875 0.06875
3 0.75234375 0.8703125 0.0671875 0.084375
3 0.1109375 0.09765625 0.08125 0.08125
3 0.58984375 0.29765625 0.08125 0.08125
3 0.7125 0.50859375 0.08125 0.0828125
3 0.4359375 0.81328125 0.071875 0.0859375
3 0.046875 0.696875 0.0671875 0.0671875
3 0.87578125 0.27265625 0.0671875 0.0984375
3 0.21328125 0.465625 0.0734375 0.078125
3 0.62578125 0.88671875 0.0609375 0.096875
3 0.628125 0.465625 0.06875 0.06875
3 0.303125 0.0859375 0.071875 0.1
3 0.26875 0.32265625 0.08125 0.08125
3 0.565625 0.1140625 0.0734375 0.0734375
3 0.50703125 0.740625 0.08125 0.08125
3 0.73203125 0.34296875 0.0578125 0.0796875
3 0.696875 0.59921875 0.0625 0.0703125
3 0.3 0.35390625 0.065625 0.0953125
3 0.76484375 0.6015625 0.0671875 0.0671875
3 0.41640625 0.12265625 0.06875 0.06875
3 0.690625 0.925 0.0625 0.084375
3 0.8078125 0.1765625 0.071875 0.071875
3 0.38515625 0.70546875 0.0703125 0.0703125
3 0.8140625 0.06640625 0.0703125 0.0703125
3 0.3125 0.83984375 0.08125 0.08125
3 0.55390625 0.56796875 0.065625 0.065625
3 0.284375 0.7453125 0.05625 0.08125
3 0.61796875 0.546875 0.0703125 0.0703125
3 0.48046875 0.359375 0.0734375 0.09375
3 0.740625 0.25234375 0.0671875 0.0671875
3 0.78984375 0.859375 0.0671875 0.09375
3 0.7640625 0.428125 0.05625 0.078125
3 0.2140625 0.81640625 0.0671875 0.065625
3 0.29296875 0.70390625 0.0671875 0.0671875
3 0.7515625 0.73203125 0.078125 0.1015625
3 0.93671875 0.72578125 0.065625 0.0984375
3 0.96875 0.815625 0.0625 0.090625
3 0.846875 0.6578125 0.078125 0.11875
3 0.33984375 0.1546875 0.0671875 0.090625
3 0.203125 0.12109375 0.0671875 0.06875
3 0.5078125 0.27109375 0.0796875 0.0796875
3 0.0578125 0.5921875 0.065625 0.090625
3 0.11015625 0.6203125 0.0671875 0.0671875
3 0.26796875 0.578125 0.0546875 0.08125
3 0.75859375 0.515625 0.0640625 0.075
3 0.3953125 0.396875 0.065625 0.078125
3 0.10234375 0.33671875 0.0578125 0.0765625
3 0.41171875 0.22265625 0.0703125 0.0734375
3 0.825 0.38359375 0.075 0.075
3 0.44375 0.196875 0.065625 0.0875
3 0.89375 0.18203125 0.071875 0.071875
3 0.378125 0.2953125 0.0640625 0.0625
3 0.91796875 0.65234375 0.078125 0.078125
3 0.659375 0.66484375 0.0734375 0.075
3 0.2640625 0.09140625 0.059375 0.0828125
3 0.8890625 0.22578125 0.053125 0.0828125
3 0.7046875 0.14765625 0.08125 0.0828125
3 0.490625 0.10703125 0.065625 0.065625
3 0.30703125 0.91328125 0.0515625 0.0890625
3 0.4765625 0.77421875 0.059375 0.0859375
3 0.875 0.1296875 0.05625 0.084375
3 0.353125 0.62578125 0.05 0.0859375
3 0.36171875 0.42421875 0.0734375 0.0734375
3 0.15234375 0.50390625 0.0703125 0.0921875
3 0.47734375 0.1546875 0.0703125 0.0703125
3 0.06640625 0.9203125 0.0609375 0.084375
3 0.44765625 0.32890625 0.0671875 0.0734375
3 0.57890625 0.92578125 0.0515625 0.0890625
3 0.3421875 0.359375 0.06875 0.06875
3 0.09140625 0.82265625 0.0828125 0.0828125
3 0.10078125 0.21328125 0.0640625 0.0640625
3 0.203125 0.34375 0.0625 0.078125
3 0.64140625 0.1984375 0.0625 0.0625
3 0.034375 0.08203125 0.06875 0.0734375
3 0.63671875 0.8109375 0.0640625 0.084375
3 0.0390625 0.31875 0.0703125 0.0703125
3 0.5265625 0.246875 0.0703125 0.0703125
3 0.390625 0.49140625 0.05625 0.0875
3 0.871875 0.58125 0.0625 0.084375
3 0.75 0.14453125 0.084375 0.078125
3 0.51015625 0.8296875 0.08125 0.08125
3 0.5765625 0.81171875 0.090625 0.0859375
3 0.1375 0.54609375 0.06875 0.0859375
3 0.1640625 0.903125 0.071875 0.090625
3 0.6390625 0.3734375 0.053125 0.06875
3 0.85234375 0.08515625 0.0703125 0.0859375
3 0.96171875 0.2390625 0.0625 0.075
4 0.2640625 0.89375 0.1015625 0.1015625
3 0.88359375 0.4515625 0.06875 0.06875
3 0.9640625 0.04609375 0.0671875 0.065625
3 0.45625 0.92109375 0.05625 0.0703125
3 0.03359375 0.86015625 0.0640625 0.0828125
3 0.209375 0.78984375 0.053125 0.0765625
3 0.29921875 0.6703125 0.0578125 0.08125
3 0.2453125 0.56328125 0.059375 0.0765625
3 0.19609375 0.596875 0.0796875 0.0796875
3 0.15703125 0.7296875 0.065625 0.0671875
3 0.0328125 0.60703125 0.065625 0.0703125
3 0.046875 0.66328125 0.078125 0.0796875
3 0.07421875 0.86015625 0.075 0.075
3 0.1015625 0.84921875 0.06875 0.0703125
3 0.1703125 0.7046875 0.06875 0.06875
3 0.171875 0.678125 0.0734375 0.0734375
3 0.1796875 0.64453125 0.071875 0.0765625
3 0.12578125 0.59765625 0.065625 0.065625
3 0.0609375 0.70390625 0.071875 0.071875
3 0.17421875 0.32578125 0.0515625 0.071875
3 0.17109375 0.47578125 0.071875 0.071875
3 0.415625 0.4046875 0.0625 0.065625
3 0.46953125 0.5109375 0.06875 0.06875
3 0.3140625 0.52421875 0.0671875 0.0671875
3 0.41953125 0.63828125 0.05625 0.0875
3 0.384375 0.64453125 0.084375 0.084375
3 0.396875 0.5234375 0.0734375 0.0734375
3 0.41953125 0.553125 0.0640625 0.1
3 0.45390625 0.55234375 0.059375 0.059375
3 0.18828125 0.92734375 0.0703125 0.0859375
3 0.321875 0.21875 0.0625 0.0625
3 0.19140625 0.38515625 0.075 0.075
3 0.1234375 0.26015625 0.059375 0.0734375
3 0.10390625 0.2390625 0.0546875 0.075
3 0.1046875 0.3 0.065625 0.065625
3 0.2359375 0.11640625 0.0734375 0.071875
3 0.41328125 0.0828125 0.0625 0.0625
3 0.4890625 0.065625 0.059375 0.084375
3 0.59453125 0.23984375 0.0578125 0.0859375
3 0.61796875 0.20546875 0.065625 0.065625
3 0.5546875 0.15078125 0.065625 0.0734375
3 0.58203125 0.13359375 0.0765625 0.0765625
3 0.540625 0.21640625 0.08125 0.065625
3 0.76171875 0.3390625 0.071875 0.071875
3 0.85234375 0.3609375 0.0609375 0.065625
3 0.72265625 0.22421875 0.0625 0.0625
3 0.7078125 0.25078125 0.071875 0.071875
3 0.9484375 0.12109375 0.06875 0.06875
3 0.79296875 0.14609375 0.0671875 0.065625
3 0.76640625 0.14609375 0.0515625 0.075
3 0.93359375 0.15625 0.0640625 0.0640625
3 0.925 0.446875 0.0734375 0.0734375
3 0.61796875 0.38203125 0.0640625 0.0703125
3 0.578125 0.3828125 0.0546875 0.0546875
3 0.9609375 0.44921875 0.065625 0.0765625
3 0.95859375 0.67421875 0.08125 0.08125
3 0.8359375 0.51328125 0.0640625 0.0625
3 0.85859375 0.4828125 0.0640625 0.084375
3 0.8609375 0.53984375 0.071875 0.1
3 0.63984375 0.53984375 0.0625 0.0859375
3 0.73125 0.696875 0.05625 0.09375
3 0.64140625 0.68515625 0.0734375 0.075
3 0.64140625 0.88828125 0.0734375 0.0734375
3 0.37734375 0.865625 0.05 0.08125
3 0.41875 0.79609375 0.0578125 0.05625
3 0.5921875 0.63984375 0.0703125 0.0703125
3 0.58125 0.6265625 0.0765625 0.0765625
3 0.91484375 0.696875 0.06875 0.0703125
3 0.8765625 0.6421875 0.084375 0.084375
3 0.7390625 0.53203125 0.084375 0.0828125
3 0.78125 0.61171875 0.06875 0.06875
3 0.68359375 0.61875 0.0640625 0.0640625
3 0.7765625 0.63515625 0.059375 0.0828125
3 0.55703125 0.94375 0.0671875 0.0671875
3 0.07734375 0.9609375 0.06875 0.06875