3 0.7734375 0.8640625 0.078125 0.059375
3 0.43359375 0.26953125 0.078125 0.078125
3 0.18671875 0.3703125 0.078125 0.078125
3 0.33359375 0.87578125 0.084375 0.0609375
3 0.5375 0.89921875 0.09375 0.0640625
3 0.61796875 0.5421875 0.0953125 0.071875
3 0.49296875 0.1328125 0.075 0.075
3 0.7046875 0.59375 0.090625 0.06875
3 0.425 0.9265625 0.084375 0.084375
3 0.74453125 0.39375 0.078125 0.078125
3 0.5734375 0.24765625 0.0796875 0.08125
3 0.2796875 0.6015625 0.084375 0.084375
3 0.8421875 0.4875 0.078125 0.078125
3 0.2890625 0.68984375 0.0765625 0.075
3 0.19765625 0.5421875 0.084375 0.084375
3 0.6609375 0.05390625 0.075 0.075
3 0.296875 0.2109375 0.0625 0.0625
3 0.15390625 0.6203125 0.08125 0.0828125
3 0.07109375 0.25859375 0.0828125 0.0578125
3 0.68125 0.8078125 0.0875 0.0875
3 0.246875 0.4375 0.0875 0.0875
3 0.4390625 0.82109375 0.090625 0.0671875
3 0.64609375 0.340625 0.0828125 0.0625
3 0.6828125 0.90234375 0.08125 0.08125
3 0.23046875 0.296875 0.0796875 0.08125
3 0.58046875 0.78828125 0.0875 0.0875
3 0.828125 0.7984375 0.0859375 0.0859375
3 0.32265625 0.9609375 0.0875 0.065625
3 0.478125 0.20703125 0.090625 0.0671875
3 0.62578125 0.70859375 0.0984375 0.0703125
3 0.28671875 0.8078125 0.0796875 0.0625
3 0.73359375 0.509375 0.0734375 0.05
3 0.5578125 0.1625 0.09375 0.06875
3 0.81484375 0.353125 0.0796875 0.05625
3 0.6453125 0.43046875 0.075 0.0890625
3 0.39296875 0.3921875 0.084375 0.084375
3 0.1921875 0.25625 0.090625 0.090625
3 0.7609375 0.0984375 0.125 0.071875
3 0.3234375 0.08515625 0.0640625 0.0640625
3 0.19296875 0.1609375 0.075 0.0765625
3 0.91015625 0.34140625 0.1046875 0.075
3 0.44765625 0.45390625 0.0734375 0.0640625
3 0.9203125 0.265625 0.0796875 0.0796875
3 0.10078125 0.09609375 0.1046875 0.0640625
3 0.071875 0.17890625 0.0625 0.0625
3 0.18359375 0.096875 0.0703125 0.0625
3 0.3859375 0.03984375 0.078125 0.0703125
3 0.41015625 0.6796875 0.0875 0.0890625
3 0.9328125 0.03984375 0.08125 0.0796875
3 0.5328125 0.48046875 0.08125 0.0421875
3 0.11015625 0.046875 0.06875 0.06875
6 0.5234375 0.4390625 0.090625 0.090625
3 0.1609375 0.02734375 0.05625 0.0546875