3 0.8640625 0.2265625 0.06875 0.06875
3 0.26953125 0.56640625 0.078125 0.078125
3 0.3703125 0.81328125 0.065625 0.0921875
3 0.87578125 0.66640625 0.0734375 0.0734375
3 0.89921875 0.4625 0.0640625 0.09375
3 0.5421875 0.38203125 0.071875 0.0953125
3 0.1328125 0.50703125 0.075 0.075
3 0.59375 0.2953125 0.0796875 0.0796875
3 0.9265625 0.575 0.071875 0.096875
3 0.39375 0.25546875 0.078125 0.078125
3 0.24765625 0.4265625 0.0671875 0.09375
3 0.6015625 0.7203125 0.084375 0.084375
3 0.4875 0.1578125 0.065625 0.090625
3 0.68984375 0.7109375 0.0640625 0.0875
3 0.5421875 0.80234375 0.071875 0.0984375
3 0.05390625 0.3390625 0.0640625 0.0875
3 0.2109375 0.703125 0.0625 0.0625
3 0.6203125 0.84609375 0.06875 0.0953125
3 0.25859375 0.92890625 0.0703125 0.0703125
3 0.8078125 0.31875 0.071875 0.103125
3 0.4375 0.753125 0.0859375 0.0875
3 0.82109375 0.5609375 0.0671875 0.090625
3 0.340625 0.35390625 0.071875 0.071875
3 0.90234375 0.3171875 0.0640625 0.096875
3 0.296875 0.76953125 0.06875 0.0921875
3 0.78828125 0.41953125 0.0734375 0.1
3 0.7984375 0.171875 0.0875 0.0859375
3 0.9609375 0.67734375 0.0765625 0.0765625
3 0.20703125 0.521875 0.0671875 0.090625
3 0.70859375 0.37421875 0.084375 0.084375
3 0.8078125 0.71328125 0.0625 0.0796875
3 0.509375 0.26640625 0.0609375 0.0625
3 0.1625 0.4421875 0.06875 0.09375
3 0.353125 0.18515625 0.06875 0.06875
3 0.43046875 0.3546875 0.08125 0.08125
3 0.3921875 0.60703125 0.065625 0.1046875
3 0.25625 0.8078125 0.090625 0.090625
3 0.0984375 0.2390625 0.071875 0.125
3 0.08515625 0.6765625 0.0640625 0.0640625
3 0.1609375 0.80703125 0.0765625 0.075
3 0.34140625 0.08984375 0.075 0.1046875
3 0.45390625 0.55234375 0.06875 0.06875
3 0.265625 0.0796875 0.075 0.084375
3 0.09609375 0.89921875 0.084375 0.084375
3 0.17890625 0.928125 0.0625 0.0625
3 0.096875 0.81640625 0.0625 0.0703125
3 0.03984375 0.6140625 0.0703125 0.078125
3 0.6796875 0.58984375 0.078125 0.0984375
3 0.03984375 0.0671875 0.0796875 0.08125
3 0.48046875 0.4671875 0.0421875 0.08125
3 0.046875 0.88984375 0.06875 0.06875
6 0.4390625 0.4765625 0.090625 0.090625
3 0.02734375 0.8390625 0.0546875 0.05625