3 0.6765625 0.0921875 0.06875 0.090625
3 0.615625 0.29453125 0.084375 0.0859375
3 0.66796875 0.91171875 0.059375 0.0765625
3 0.6765625 0.33203125 0.065625 0.0890625
3 0.5203125 0.28828125 0.075 0.1015625
3 0.42421875 0.27265625 0.075 0.0921875
3 0.596875 0.4328125 0.0859375 0.0859375
3 0.67578125 0.42890625 0.078125 0.0953125
3 0.4078125 0.1859375 0.0859375 0.0859375
3 0.25078125 0.51171875 0.0703125 0.0953125
3 0.53203125 0.66328125 0.0875 0.0875
3 0.121875 0.76171875 0.0890625 0.0875
3 0.4671875 0.70078125 0.084375 0.084375
3 0.378125 0.06171875 0.075 0.0890625
3 0.18125 0.51796875 0.071875 0.0984375
3 0.5515625 0.75 0.065625 0.084375
3 0.61484375 0.609375 0.08125 0.08125
3 0.30546875 0.42109375 0.0578125 0.0734375
3 0.1875 0.21953125 0.071875 0.071875
3 0.259375 0.36796875 0.05 0.0765625
3 0.75 0.4109375 0.06875 0.096875
3 0.3015625 0.31953125 0.084375 0.084375
3 0.0953125 0.92578125 0.05625 0.0859375
3 0.953125 0.83359375 0.075 0.1015625
3 0.8125 0.6875 0.0765625 0.0765625
3 0.61640625 0.734375 0.0765625 0.090625
2 0.94375 0.93359375 0.075 0.075
3 0.7859375 0.2828125 0.053125 0.071875
3 0.2921875 0.04921875 0.075 0.0890625
3 0.1359375 0.60859375 0.071875 0.103125
3 0.196875 0.36328125 0.06875 0.0828125
3 0.3390625 0.23984375 0.06875 0.0953125
3 0.18515625 0.29765625 0.065625 0.065625
3 0.47421875 0.58359375 0.078125 0.078125
3 0.6984375 0.5765625 0.06875 0.0875
6 0.2734375 0.16484375 0.096875 0.0953125
3 0.68515625 0.2046875 0.071875 0.0875
3 0.8234375 0.21328125 0.05625 0.0828125
3 0.746875 0.49453125 0.0625 0.0921875
3 0.65234375 0.8109375 0.0609375 0.075
3 0.71953125 0.31796875 0.0828125 0.0828125
3 0.65625 0.18671875 0.0625 0.0921875
3 0.7359375 0.6890625 0.075 0.075
3 0.72109375 0.84765625 0.071875 0.1046875
3 0.6546875 0.69296875 0.059375 0.0921875
3 0.59609375 0.6546875 0.071875 0.0703125
3 0.3265625 0.5140625 0.0859375 0.0859375
3 0.928125 0.75859375 0.059375 0.0796875
3 0.3546875 0.54765625 0.075 0.0921875
3 0.82421875 0.13984375 0.0640625 0.090625
6 0.07421875 0.61171875 0.09375 0.09375
3 0.0375 0.69921875 0.075 0.0921875
6 0.8625 0.1 0.1015625 0.1015625
3 0.359375 0.4515625 0.05625 0.08125
6 0.490625 0.809375 0.078125 0.125
3 0.47421875 0.4984375 0.071875 0.0703125
3 0.15390625 0.16640625 0.0921875 0.0921875
3 0.50390625 0.9265625 0.08125 0.090625
3 0.53984375 0.496875 0.08125 0.0796875
3 0.5359375 0.53203125 0.08125 0.08125
3 0.20234375 0.0546875 0.08125 0.08125
3 0.428125 0.87265625 0.06875 0.0734375
6 0.75703125 0.9140625 0.0640625 0.103125
3 0.18203125 0.3875 0.0765625 0.078125
3 0.2296875 0.20234375 0.06875 0.0921875
3 0.2125 0.1421875 0.0625 0.090625
3 0.40859375 0.53515625 0.075 0.075
3 0.540625 0.57265625 0.071875 0.071875
3 0.69765625 0.76796875 0.0640625 0.0796875
3 0.75703125 0.55078125 0.06875 0.06875
3 0.6984375 0.5203125 0.0625 0.090625
3 0.09609375 0.0453125 0.05625 0.065625
3 0.7890625 0.9375 0.0765625 0.0765625
3 0.04453125 0.24453125 0.0578125 0.0796875