3 0.659375 0.61484375 0.0640625 0.065625
3 0.43046875 0.26796875 0.0625 0.0828125
3 0.321875 0.31484375 0.0625 0.0765625
3 0.90234375 0.64296875 0.06875 0.06875
3 0.36328125 0.12734375 0.071875 0.071875
3 0.4609375 0.365625 0.071875 0.096875
3 0.07265625 0.6953125 0.0609375 0.08125
3 0.2015625 0.41171875 0.059375 0.090625
3 0.7875 0.41640625 0.05625 0.075
3 0.3515625 0.60078125 0.071875 0.071875
3 0.0890625 0.10234375 0.0734375 0.0734375
3 0.84453125 0.8984375 0.0734375 0.09375
3 0.15390625 0.06171875 0.0640625 0.0859375
3 0.2359375 0.0890625 0.059375 0.08125
3 0.425 0.89375 0.078125 0.078125
3 0.84375 0.3359375 0.0671875 0.0671875
3 0.59609375 0.3390625 0.06875 0.06875
3 0.640625 0.2671875 0.05 0.08125
3 0.725 0.06796875 0.059375 0.0796875
4 0.1921875 0.92421875 0.065625 0.0984375
3 0.1375 0.74453125 0.0765625 0.078125
3 0.81875 0.715625 0.05625 0.078125
3 0.62734375 0.67890625 0.0734375 0.0734375
3 0.1453125 0.259375 0.06875 0.06875
3 0.540625 0.90546875 0.065625 0.0859375
6 0.86875 0.8125 0.0953125 0.0953125
3 0.2890625 0.62109375 0.0625 0.075
3 0.05625 0.50546875 0.0828125 0.08125
3 0.11875 0.58046875 0.059375 0.0796875
4 0.0734375 0.22890625 0.071875 0.1015625
3 0.9515625 0.57578125 0.065625 0.0921875
3 0.7453125 0.4765625 0.065625 0.084375
3 0.7546875 0.90078125 0.065625 0.0640625
3 0.8109375 0.59765625 0.0859375 0.0859375
3 0.7765625 0.78515625 0.0921875 0.090625
3 0.56015625 0.40625 0.0703125 0.0875
3 0.91640625 0.95390625 0.0609375 0.0921875
3 0.06953125 0.61328125 0.0703125 0.0703125
3 0.58828125 0.775 0.0671875 0.0875
3 0.77109375 0.3171875 0.065625 0.0875
3 0.534375 0.8109375 0.0796875 0.0796875
3 0.43203125 0.565625 0.0546875 0.08125
3 0.853125 0.25625 0.078125 0.078125
3 0.68203125 0.159375 0.0640625 0.096875
0 0.4328125 0.0609375 0.09375 0.09375
3 0.70859375 0.53359375 0.084375 0.084375
3 0.19609375 0.690625 0.071875 0.084375
3 0.53203125 0.71953125 0.065625 0.090625
3 0.48046875 0.69609375 0.071875 0.071875
3 0.5265625 0.60703125 0.065625 0.0671875
3 0.9359375 0.16875 0.0703125 0.0703125
3 0.43046875 0.5078125 0.0796875 0.0796875
3 0.96328125 0.909375 0.071875 0.0734375
3 0.72109375 0.82890625 0.0703125 0.090625
3 0.07109375 0.92265625 0.075 0.075
3 0.7375 0.2578125 0.075 0.109375
3 0.9 0.93515625 0.071875 0.0921875
3 0.68515625 0.246875 0.06875 0.0671875
3 0.15390625 0.85390625 0.0515625 0.0890625
3 0.06796875 0.85546875 0.06875 0.0859375
3 0.11640625 0.89140625 0.0765625 0.0765625
3 0.26875 0.9 0.0625 0.06875
3 0.9640625 0.23671875 0.0703125 0.0703125
3 0.9609375 0.32421875 0.078125 0.0859375
3 0.28046875 0.43359375 0.0640625 0.0640625
3 0.625 0.46875 0.05625 0.10625
3 0.1796875 0.696875 0.065625 0.0875