3 0.340625 0.38515625 0.05625 0.0734375
3 0.56953125 0.73203125 0.071875 0.071875
3 0.678125 0.68515625 0.0625 0.0765625
3 0.09765625 0.35703125 0.06875 0.06875
3 0.63671875 0.87265625 0.071875 0.071875
3 0.5390625 0.634375 0.071875 0.096875
3 0.92734375 0.3046875 0.071875 0.0703125
3 0.7984375 0.58828125 0.059375 0.090625
3 0.2125 0.58359375 0.065625 0.065625
3 0.6484375 0.39921875 0.059375 0.084375
3 0.9109375 0.89765625 0.0734375 0.0734375
3 0.15546875 0.1015625 0.0734375 0.09375
3 0.84609375 0.93828125 0.0640625 0.0859375
3 0.7640625 0.9109375 0.059375 0.08125
3 0.575 0.10625 0.078125 0.078125
3 0.15625 0.6640625 0.0671875 0.0671875
3 0.40390625 0.6609375 0.0609375 0.078125
3 0.359375 0.7328125 0.065625 0.065625
3 0.275 0.93203125 0.0703125 0.06875
4 0.8078125 0.07578125 0.0828125 0.0828125
3 0.8625 0.25546875 0.0765625 0.078125
3 0.18125 0.284375 0.05625 0.078125
3 0.37265625 0.32109375 0.0671875 0.0796875
3 0.8546875 0.740625 0.06875 0.06875
3 0.459375 0.09453125 0.065625 0.0859375
6 0.13125 0.1875 0.084375 0.10625
3 0.7109375 0.37890625 0.0625 0.075
3 0.94375 0.49453125 0.06875 0.0953125
3 0.88125 0.41953125 0.06875 0.06875
4 0.9265625 0.77109375 0.071875 0.1015625
3 0.0484375 0.42421875 0.0671875 0.0921875
3 0.2546875 0.5234375 0.065625 0.084375
3 0.2453125 0.09921875 0.065625 0.0640625
3 0.1890625 0.40234375 0.0859375 0.0859375
3 0.2234375 0.21484375 0.0921875 0.090625
3 0.43984375 0.59375 0.0703125 0.0875
3 0.08359375 0.04609375 0.0609375 0.0921875
3 0.93046875 0.38671875 0.0703125 0.0703125
3 0.41171875 0.225 0.0765625 0.0765625
3 0.22890625 0.6828125 0.065625 0.0875
3 0.465625 0.1890625 0.0796875 0.0796875
3 0.56796875 0.434375 0.0546875 0.08125
3 0.146875 0.74375 0.06875 0.0875
3 0.31796875 0.840625 0.08125 0.08125
0 0.5671875 0.9390625 0.09375 0.09375
3 0.29140625 0.46640625 0.0765625 0.0921875
3 0.80390625 0.309375 0.078125 0.078125
3 0.46796875 0.28046875 0.065625 0.090625
3 0.51953125 0.30390625 0.059375 0.0859375
3 0.4734375 0.39296875 0.065625 0.0671875
3 0.0640625 0.83125 0.059375 0.08125
3 0.56953125 0.4921875 0.06875 0.090625
3 0.03671875 0.090625 0.071875 0.0734375
3 0.27890625 0.17109375 0.08125 0.08125
3 0.92890625 0.07734375 0.075 0.075
3 0.2625 0.7421875 0.0921875 0.0921875
3 0.1 0.06484375 0.071875 0.0921875
3 0.31484375 0.753125 0.06875 0.0671875
3 0.84609375 0.14609375 0.0703125 0.0703125
3 0.93203125 0.14453125 0.078125 0.0765625
3 0.88359375 0.10859375 0.0765625 0.0765625
3 0.73125 0.1 0.065625 0.065625
3 0.0359375 0.76328125 0.0625 0.0765625
3 0.0390625 0.67578125 0.078125 0.0859375
3 0.71953125 0.56640625 0.0640625 0.0640625
3 0.375 0.53125 0.05625 0.10625
3 0.8203125 0.303125 0.065625 0.0875