3 0.50234375 0.52109375 0.0765625 0.0765625
3 0.7078125 0.40234375 0.078125 0.078125
3 0.8734375 0.35703125 0.0875 0.0703125
3 0.22578125 0.17734375 0.078125 0.078125
3 0.8203125 0.24140625 0.090625 0.0734375
3 0.33828125 0.6171875 0.090625 0.071875
3 0.709375 0.75546875 0.071875 0.071875
3 0.103125 0.7609375 0.078125 0.065625
3 0.3953125 0.253125 0.103125 0.06875
6 0.3234375 0.1125 0.10625 0.08125
3 0.07890625 0.2625 0.078125 0.05625
3 0.35546875 0.33125 0.0859375 0.0859375
3 0.4828125 0.69609375 0.0796875 0.0796875
3 0.784375 0.6609375 0.09375 0.065625
3 0.95 0.79140625 0.0765625 0.075
3 0.115625 0.934375 0.0796875 0.0796875
3 0.89921875 0.82734375 0.1046875 0.0734375
3 0.16796875 0.41875 0.08125 0.08125
3 0.05703125 0.59609375 0.078125 0.078125
3 0.8734375 0.16796875 0.071875 0.071875
3 0.12890625 0.55078125 0.06875 0.06875
3 0.37734375 0.57734375 0.0953125 0.0734375
3 0.38984375 0.3953125 0.090625 0.059375
3 0.59609375 0.1765625 0.08125 0.08125
3 0.21953125 0.62578125 0.08125 0.08125
3 0.6953125 0.1890625 0.084375 0.084375
3 0.95234375 0.6140625 0.075 0.075
3 0.1140625 0.1421875 0.08125 0.08125
3 0.2828125 0.8046875 0.0875 0.0875
3 0.25078125 0.55625 0.0890625 0.0890625
3 0.39453125 0.74296875 0.0828125 0.08125
3 0.68046875 0.82265625 0.09375 0.0953125
3 0.0484375 0.409375 0.0765625 0.0765625
3 0.6328125 0.309375 0.0875 0.0875
3 0.77421875 0.1078125 0.096875 0.075
3 0.56953125 0.40390625 0.1015625 0.0671875
3 0.9265625 0.4734375 0.103125 0.071875
3 0.30859375 0.87421875 0.0859375 0.0859375
4 0.58125 0.46328125 0.1125 0.0703125
3 0.3421875 0.82734375 0.0765625 0.075
6 0.596875 0.2640625 0.10625 0.078125
3 0.8125 0.8046875 0.096875 0.059375
3 0.58359375 0.040625 0.0859375 0.08125
3 0.0484375 0.51328125 0.0734375 0.0734375
3 0.8171875 0.134375 0.075 0.075
3 0.21796875 0.47421875 0.0796875 0.0609375
3 0.25234375 0.49765625 0.09375 0.09375
3 0.36328125 0.9296875 0.09375 0.09375