3 0.52109375 0.49765625 0.0765625 0.0765625
3 0.40234375 0.2921875 0.078125 0.078125
3 0.35703125 0.1265625 0.0703125 0.0875
3 0.17734375 0.77421875 0.078125 0.078125
3 0.24140625 0.1796875 0.0828125 0.08125
3 0.6171875 0.66171875 0.071875 0.090625
3 0.75546875 0.290625 0.0640625 0.078125
3 0.7609375 0.896875 0.065625 0.078125
3 0.253125 0.6046875 0.0859375 0.0859375
6 0.1125 0.6765625 0.09375 0.09375
3 0.2625 0.92109375 0.05625 0.078125
3 0.33125 0.64453125 0.06875 0.103125
3 0.69609375 0.5171875 0.0703125 0.090625
3 0.6609375 0.215625 0.065625 0.09375
3 0.79140625 0.05 0.075 0.0765625
3 0.934375 0.884375 0.0796875 0.0796875
3 0.82734375 0.10078125 0.0890625 0.0890625
3 0.41875 0.83203125 0.071875 0.0890625
3 0.59609375 0.94296875 0.078125 0.078125
3 0.16796875 0.1265625 0.071875 0.071875
3 0.55078125 0.87109375 0.0578125 0.078125
3 0.57734375 0.62265625 0.0734375 0.0953125
3 0.3953125 0.61015625 0.059375 0.090625
3 0.1765625 0.40390625 0.071875 0.0921875
3 0.62578125 0.78046875 0.08125 0.08125
3 0.1890625 0.3046875 0.084375 0.084375
3 0.6140625 0.04765625 0.065625 0.0828125
3 0.1421875 0.8859375 0.075 0.0875
3 0.8046875 0.7171875 0.078125 0.096875
3 0.55625 0.74921875 0.0625 0.115625
3 0.74296875 0.60546875 0.08125 0.0828125
3 0.82265625 0.31953125 0.0671875 0.121875
3 0.409375 0.9515625 0.0765625 0.0765625
3 0.309375 0.3671875 0.0875 0.0875
3 0.1078125 0.22578125 0.075 0.096875
3 0.40390625 0.43046875 0.084375 0.084375
3 0.4734375 0.0734375 0.0875 0.0875
3 0.87421875 0.69140625 0.0859375 0.0859375
4 0.46328125 0.41875 0.0703125 0.1125
3 0.82734375 0.6578125 0.075 0.0765625
6 0.2640625 0.403125 0.0921875 0.0921875
3 0.8046875 0.1875 0.059375 0.096875
3 0.03984375 0.415625 0.0703125 0.1
3 0.51328125 0.9515625 0.0625 0.084375
3 0.134375 0.1828125 0.075 0.075
3 0.47421875 0.78203125 0.0703125 0.0703125
3 0.49765625 0.74765625 0.0765625 0.109375
3 0.9296875 0.63671875 0.09375 0.09375