3 0.45078125 0.1171875 0.075 0.0734375
3 0.08203125 0.503125 0.0703125 0.0875
3 0.63203125 0.6984375 0.071875 0.0875
3 0.334375 0.153125 0.075 0.09375
3 0.53828125 0.2515625 0.06875 0.0671875
3 0.38125 0.3875 0.0875 0.0875
3 0.21640625 0.190625 0.065625 0.090625
3 0.32421875 0.5609375 0.075 0.075
3 0.8234375 0.65078125 0.0828125 0.0828125
3 0.6234375 0.784375 0.084375 0.1
3 0.2875 0.63671875 0.065625 0.0875
3 0.7203125 0.7140625 0.071875 0.084375
3 0.75625 0.65390625 0.059375 0.0734375
3 0.403125 0.80703125 0.05625 0.0765625
3 0.17734375 0.2703125 0.0734375 0.0734375
3 0.11875 0.04140625 0.05625 0.078125
3 0.709375 0.2203125 0.075 0.075
3 0.5078125 0.8078125 0.0859375 0.0859375
3 0.37578125 0.509375 0.0703125 0.06875
3 0.8484375 0.55078125 0.0703125 0.071875
3 0.5359375 0.54765625 0.059375 0.0796875
3 0.3125 0.7671875 0.071875 0.090625
3 0.17421875 0.5828125 0.0734375 0.09375
3 0.203125 0.30546875 0.0765625 0.0765625
6 0.5640625 0.07578125 0.090625 0.090625
3 0.6359375 0.390625 0.065625 0.090625
3 0.425 0.8859375 0.0734375 0.0734375
3 0.890625 0.47734375 0.0796875 0.0796875
3 0.25 0.890625 0.06875 0.096875
3 0.0515625 0.17421875 0.0640625 0.0640625
3 0.44140625 0.53515625 0.0640625 0.0640625
3 0.60390625 0.87890625 0.0578125 0.0734375
3 0.8703125 0.184375 0.090625 0.090625
3 0.671875 0.81953125 0.0765625 0.0875
3 0.478125 0.25703125 0.075 0.075
3 0.8078125 0.0953125 0.084375 0.084375
3 0.88203125 0.26640625 0.0640625 0.0734375
3 0.6015625 0.58671875 0.065625 0.065625
3 0.96484375 0.296875 0.0703125 0.075
3 0.48125 0.9484375 0.06875 0.103125
3 0.15703125 0.19140625 0.0578125 0.078125
6 0.075 0.671875 0.06875 0.084375
6 0.3765625 0.6421875 0.078125 0.115625
3 0.1140625 0.2796875 0.06875 0.090625
3 0.640625 0.91484375 0.0671875 0.065625
6 0.4046875 0.25234375 0.0828125 0.084375
3 0.73671875 0.79453125 0.0734375 0.0734375
3 0.6765625 0.6375 0.08125 0.1
3 0.10625 0.1828125 0.05625 0.078125
3 0.425 0.7328125 0.071875 0.0734375
3 0.74375 0.88125 0.06875 0.06875
3 0.0875 0.78984375 0.065625 0.0703125
3 0.7421875 0.95546875 0.065625 0.0734375
3 0.8953125 0.3921875 0.0625 0.0625
3 0.19609375 0.50390625 0.0546875 0.0609375
3 0.159375 0.4546875 0.05625 0.075
3 0.87890625 0.79609375 0.0765625 0.0765625
3 0.07578125 0.95234375 0.078125 0.078125
3 0.15234375 0.66875 0.065625 0.0671875
3 0.91875 0.790625 0.0796875 0.0796875
3 0.3671875 0.21796875 0.0625 0.078125
3 0.046875 0.315625 0.078125 0.078125
1 0.52421875 0.634375 0.0875 0.0875
3 0.7828125 0.7640625 0.0671875 0.0671875
3 0.29453125 0.0546875 0.06875 0.06875
3 0.48125 0.56484375 0.0703125 0.0703125
3 0.153125 0.76796875 0.0578125 0.0765625
3 0.9125 0.05625 0.059375 0.059375
3 0.5625 0.33359375 0.05625 0.0703125
3 0.2640625 0.26875 0.059375 0.059375
3 0.34609375 0.0453125 0.0640625 0.065625
3 0.05546875 0.071875 0.0609375 0.078125
3 0.684375 0.89609375 0.06875 0.0671875
3 0.3921875 0.08671875 0.08125 0.08125
3 0.51015625 0.10546875 0.0578125 0.0734375
3 0.7046875 0.35390625 0.053125 0.0671875
3 0.96328125 0.95078125 0.0703125 0.096875
3 0.55 0.1703125 0.078125 0.078125
3 0.7796875 0.5796875 0.0765625 0.0765625
3 0.64609375 0.209375 0.0609375 0.06875
3 0.0578125 0.39609375 0.075 0.075
3 0.45703125 0.45703125 0.0640625 0.0640625
3 0.11328125 0.365625 0.0734375 0.0734375
3 0.096875 0.2703125 0.053125 0.071875
3 0.2921875 0.39765625 0.059375 0.059375
3 0.20390625 0.77890625 0.053125 0.0671875
3 0.040625 0.6 0.0609375 0.0609375
3 0.79375 0.4953125 0.0609375 0.0609375
3 0.47109375 0.7 0.0703125 0.090625
3 0.82265625 0.1921875 0.0640625 0.0640625
3 0.21484375 0.440625 0.0578125 0.075
3 0.95 0.3609375 0.059375 0.059375
3 0.6859375 0.54921875 0.0625 0.0609375
3 0.1171875 0.61015625 0.059375 0.071875
3 0.5796875 0.2015625 0.071875 0.071875
3 0.05234375 0.04609375 0.0671875 0.0671875
3 0.78671875 0.134375 0.0578125 0.0875
3 0.75625 0.05703125 0.059375 0.0609375
3 0.97109375 0.03515625 0.0578125 0.0609375
3 0.3390625 0.7296875 0.053125 0.078125
3 0.4203125 0.96484375 0.053125 0.0671875
3 0.2234375 0.67734375 0.0625 0.0625
3 0.090625 0.38828125 0.08125 0.08125
3 0.08125 0.73828125 0.059375 0.0578125
3 0.02890625 0.72265625 0.0578125 0.0640625
6 0.43046875 0.334375 0.090625 0.128125
3 0.253125 0.82265625 0.046875 0.0671875
2 0.10625 0.8859375 0.1421875 0.1421875
3 0.02734375 0.9015625 0.0546875 0.0625
6 0.74453125 0.1234375 0.0421875 0.084375
3 0.73671875 0.5890625 0.0703125 0.0703125