3 0.1171875 0.54921875 0.0734375 0.075
3 0.503125 0.91796875 0.0875 0.0703125
3 0.6984375 0.36796875 0.0796875 0.0796875
3 0.153125 0.665625 0.084375 0.084375
3 0.2515625 0.46171875 0.078125 0.0578125
3 0.3875 0.61875 0.0875 0.0875
3 0.190625 0.78359375 0.078125 0.078125
3 0.5609375 0.67578125 0.075 0.075
3 0.65078125 0.1765625 0.0921875 0.071875
3 0.784375 0.3765625 0.1 0.084375
3 0.63671875 0.7125 0.0765625 0.0765625
3 0.7140625 0.2796875 0.084375 0.071875
3 0.65390625 0.24375 0.0671875 0.0671875
3 0.80703125 0.596875 0.0765625 0.05625
3 0.2703125 0.82265625 0.0875 0.0609375
3 0.04140625 0.88125 0.078125 0.05625
3 0.2203125 0.290625 0.078125 0.071875
3 0.8078125 0.4921875 0.0859375 0.0859375
3 0.509375 0.62421875 0.078125 0.0609375
3 0.55078125 0.1515625 0.071875 0.0703125
3 0.54765625 0.4640625 0.06875 0.06875
3 0.7671875 0.6875 0.090625 0.071875
3 0.5828125 0.82578125 0.084375 0.084375
3 0.30546875 0.796875 0.084375 0.06875
6 0.07578125 0.4359375 0.1078125 0.071875
3 0.390625 0.3640625 0.078125 0.078125
3 0.8859375 0.575 0.0734375 0.0734375
3 0.47734375 0.109375 0.0796875 0.0796875
3 0.890625 0.75 0.0828125 0.084375
3 0.17421875 0.9484375 0.0703125 0.059375
3 0.53515625 0.55859375 0.0765625 0.0515625
3 0.87890625 0.39609375 0.0734375 0.0578125
3 0.184375 0.1296875 0.109375 0.071875
3 0.81953125 0.328125 0.0875 0.075
3 0.25703125 0.521875 0.0859375 0.065625
3 0.0953125 0.1921875 0.1 0.06875
3 0.26640625 0.11796875 0.0734375 0.0640625
3 0.58671875 0.3984375 0.065625 0.065625
3 0.29765625 0.03359375 0.0890625 0.0609375
3 0.9484375 0.51875 0.103125 0.06875
3 0.19140625 0.84296875 0.06875 0.06875
6 0.671875 0.925 0.0765625 0.0765625
6 0.6421875 0.6234375 0.096875 0.096875
3 0.2796875 0.8859375 0.0796875 0.0796875
3 0.91484375 0.359375 0.065625 0.0671875
6 0.25234375 0.5953125 0.084375 0.0828125
3 0.79453125 0.26328125 0.0734375 0.0734375
3 0.6375 0.3234375 0.090625 0.090625
3 0.1828125 0.89375 0.078125 0.05625
3 0.7328125 0.575 0.0734375 0.0734375
3 0.88125 0.25625 0.06875 0.06875
3 0.78984375 0.9125 0.0703125 0.065625
3 0.95546875 0.2578125 0.06875 0.06875
3 0.3921875 0.1046875 0.0625 0.0625
3 0.50390625 0.80390625 0.0578125 0.0578125
3 0.4546875 0.840625 0.065625 0.065625
3 0.79609375 0.12109375 0.0828125 0.0703125
3 0.95234375 0.92421875 0.0859375 0.06875
3 0.66875 0.84765625 0.075 0.0578125
3 0.790625 0.08125 0.0796875 0.0796875
3 0.21796875 0.6328125 0.0703125 0.0703125
3 0.315625 0.953125 0.078125 0.078125
1 0.634375 0.47578125 0.0875 0.0875
3 0.7640625 0.2171875 0.08125 0.053125
3 0.0546875 0.70546875 0.06875 0.06875
3 0.56484375 0.51875 0.0890625 0.05
3 0.76796875 0.846875 0.0765625 0.05625
3 0.05625 0.0875 0.06875 0.05
3 0.33359375 0.4375 0.0640625 0.0625
3 0.26875 0.7359375 0.06875 0.05
3 0.0453125 0.65390625 0.065625 0.0640625
3 0.071875 0.94453125 0.078125 0.0609375
3 0.89609375 0.315625 0.0859375 0.05
3 0.08671875 0.6078125 0.0953125 0.0671875
3 0.10546875 0.48984375 0.0734375 0.0578125
3 0.35390625 0.2953125 0.0671875 0.053125
3 0.95078125 0.03671875 0.096875 0.0703125
3 0.1703125 0.45 0.084375 0.071875
3 0.5796875 0.2203125 0.0765625 0.0765625
3 0.209375 0.35390625 0.06875 0.0609375
3 0.39609375 0.9421875 0.075 0.075
3 0.45703125 0.54296875 0.0640625 0.0640625
3 0.365625 0.88671875 0.0875 0.059375
3 0.2703125 0.903125 0.0625 0.0625
3 0.39765625 0.7078125 0.0734375 0.046875
3 0.77890625 0.79609375 0.059375 0.059375
3 0.6 0.959375 0.0609375 0.0609375
3 0.4953125 0.20625 0.0609375 0.0609375
3 0.7 0.52890625 0.0796875 0.0796875
3 0.1921875 0.17734375 0.071875 0.0578125
3 0.440625 0.78515625 0.075 0.0578125
3 0.3609375 0.05 0.0625 0.05625
3 0.54921875 0.3140625 0.0609375 0.0625
3 0.61015625 0.8828125 0.071875 0.059375
3 0.2015625 0.4203125 0.090625 0.053125
3 0.04609375 0.94765625 0.0671875 0.0671875
3 0.134375 0.21328125 0.071875 0.071875
3 0.05703125 0.24375 0.0609375 0.0609375
3 0.03515625 0.02890625 0.0609375 0.0578125
3 0.7296875 0.6609375 0.078125 0.053125
3 0.96484375 0.5796875 0.0609375 0.0609375
3 0.67734375 0.7765625 0.059375 0.065625
3 0.38828125 0.909375 0.08125 0.08125
3 0.73828125 0.91875 0.0578125 0.059375
3 0.7234375 0.9734375 0.071875 0.053125
6 0.334375 0.56953125 0.128125 0.090625
3 0.82265625 0.746875 0.0671875 0.046875
2 0.8859375 0.89375 0.1421875 0.1421875
3 0.9015625 0.97265625 0.0625 0.0546875
6 0.1234375 0.25546875 0.0640625 0.0625
3 0.5890625 0.26328125 0.0703125 0.0703125