3 0.79140625 0.1890625 0.090625 0.08125
3 0.834375 0.89296875 0.0875 0.0703125
3 0.48671875 0.6453125 0.090625 0.090625
3 0.59140625 0.03984375 0.1015625 0.0703125
3 0.771875 0.7890625 0.0921875 0.0921875
3 0.53203125 0.19140625 0.090625 0.090625
3 0.83828125 0.0359375 0.090625 0.065625
3 0.63203125 0.89609375 0.084375 0.0828125
3 0.6671875 0.13125 0.096875 0.08125
3 0.3671875 0.27109375 0.08125 0.08125
3 0.2 0.4015625 0.09375 0.09375
3 0.94765625 0.93046875 0.0921875 0.0921875
3 0.8203125 0.1125 0.09375 0.06875
3 0.56875 0.67734375 0.090625 0.0671875
3 0.921875 0.09296875 0.1 0.0765625
3 0.57109375 0.1078125 0.1140625 0.065625
3 0.72421875 0.95 0.1046875 0.084375
3 0.44921875 0.47734375 0.084375 0.084375
3 0.34765625 0.340625 0.0859375 0.084375
3 0.584375 0.8171875 0.084375 0.084375
3 0.81328125 0.66328125 0.0921875 0.0640625
3 0.0515625 0.315625 0.090625 0.075
3 0.28671875 0.0484375 0.0953125 0.071875
3 0.08359375 0.03984375 0.0859375 0.0796875
3 0.05234375 0.625 0.1015625 0.075
3 0.609375 0.346875 0.08125 0.08125
3 0.7859375 0.5140625 0.096875 0.059375
3 0.8703125 0.71484375 0.1 0.0796875
3 0.30625 0.56015625 0.1125 0.0796875
3 0.1890625 0.15859375 0.0890625 0.0890625
3 0.13671875 0.10859375 0.0859375 0.0859375
3 0.3703125 0.74140625 0.096875 0.096875
3 0.8671875 0.4453125 0.090625 0.090625
3 0.7921875 0.4 0.090625 0.06875
3 0.28359375 0.65859375 0.090625 0.0890625
3 0.7859375 0.2828125 0.0890625 0.0890625
3 0.6671875 0.2171875 0.0875 0.075
3 0.0796875 0.39140625 0.08125 0.08125
3 0.49140625 0.40859375 0.0875 0.0875
3 0.4125 0.790625 0.0875 0.0875
3 0.61171875 0.73671875 0.090625 0.0609375
3 0.95390625 0.26640625 0.0921875 0.0734375
3 0.2796875 0.19375 0.1 0.075
3 0.3703125 0.68984375 0.10625 0.0734375
3 0.3703125 0.57578125 0.090625 0.084375
3 0.2359375 0.71484375 0.0703125 0.071875
3 0.678125 0.29609375 0.09375 0.0921875
3 0.70234375 0.46875 0.08125 0.08125
3 0.4140625 0.84453125 0.0921875 0.09375
3 0.6140625 0.6203125 0.0875 0.0875
3 0.12734375 0.45703125 0.1140625 0.078125
3 0.25234375 0.1375 0.0796875 0.08125
5 0.33203125 0.87421875 0.115625 0.115625
3 0.09609375 0.4453125 0.0921875 0.090625