3 0.2578125 0.634375 0.084375 0.084375
3 0.09296875 0.93203125 0.0859375 0.065625
3 0.11953125 0.06015625 0.0734375 0.0671875
3 0.71640625 0.05234375 0.0765625 0.0765625
3 0.20703125 0.0671875 0.078125 0.0796875
3 0.12109375 0.8421875 0.0859375 0.071875
3 0.5203125 0.8984375 0.078125 0.059375
3 0.8625 0.078125 0.0703125 0.0703125
3 0.4671875 0.45 0.1 0.071875
3 0.1984375 0.7828125 0.0703125 0.0703125
3 0.7421875 0.9046875 0.090625 0.071875
3 0.9171875 0.49375 0.09375 0.059375
3 0.725 0.6671875 0.0875 0.06875
3 0.12890625 0.4671875 0.0796875 0.059375
3 0.8515625 0.271875 0.0671875 0.0671875
3 0.409375 0.5453125 0.0671875 0.06875
3 0.54921875 0.3421875 0.0796875 0.053125
3 0.14375 0.54296875 0.0765625 0.078125
3 0.85859375 0.78125 0.0859375 0.065625
3 0.75625 0.18125 0.075 0.05625
3 0.1203125 0.37265625 0.08125 0.0671875
3 0.0921875 0.75859375 0.08125 0.0546875
3 0.41796875 0.77109375 0.0625 0.0625
3 0.50703125 0.74453125 0.084375 0.0609375
3 0.8640625 0.7296875 0.096875 0.06875
3 0.0921875 0.18515625 0.0765625 0.0765625
3 0.725 0.2859375 0.065625 0.065625
3 0.50546875 0.646875 0.078125 0.078125
3 0.10234375 0.625 0.0734375 0.071875
3 0.80859375 0.603125 0.0859375 0.075
3 0.09453125 0.540625 0.0828125 0.065625
3 0.3015625 0.38515625 0.06875 0.0671875
3 0.16484375 0.2 0.0671875 0.065625
3 0.303125 0.33828125 0.059375 0.0609375
3 0.46015625 0.165625 0.0796875 0.065625
3 0.61796875 0.51953125 0.071875 0.0703125
3 0.565625 0.95546875 0.078125 0.0765625
6 0.63828125 0.34140625 0.1140625 0.0734375
3 0.41171875 0.27109375 0.0859375 0.0640625
3 0.29765625 0.46953125 0.0671875 0.0671875
3 0.7890625 0.65625 0.075 0.06875
3 0.86171875 0.66796875 0.0859375 0.0578125
3 0.9265625 0.7578125 0.06875 0.05625
3 0.52265625 0.59375 0.0765625 0.05
3 0.66328125 0.2625 0.075 0.059375
3 0.5203125 0.846875 0.071875 0.05
3 0.5359375 0.259375 0.06875 0.06875
6 0.3140625 0.11328125 0.121875 0.0734375
3 0.3109375 0.19765625 0.075 0.075
3 0.584375 0.7109375 0.0625 0.065625
3 0.409375 0.2015625 0.084375 0.059375
3 0.7046875 0.58671875 0.071875 0.071875
6 0.890625 0.94375 0.125 0.0875
3 0.66796875 0.95546875 0.084375 0.0859375
3 0.94921875 0.5953125 0.0859375 0.0875
3 0.77265625 0.43515625 0.0671875 0.0546875
3 0.78984375 0.26953125 0.0765625 0.0609375
3 0.659375 0.84375 0.071875 0.05
3 0.53046875 0.784375 0.0890625 0.06875
3 0.58359375 0.66015625 0.065625 0.065625
3 0.64609375 0.63671875 0.0640625 0.0640625
3 0.56640625 0.06015625 0.071875 0.0546875
6 0.20703125 0.896875 0.08125 0.0828125
3 0.86171875 0.18359375 0.06875 0.06875
3 0.65234375 0.3953125 0.065625 0.065625
3 0.55390625 0.41171875 0.0703125 0.0609375
3 0.2390625 0.16640625 0.059375 0.0578125
3 0.559375 0.11015625 0.078125 0.0765625
3 0.40078125 0.1203125 0.06875 0.0703125
3 0.13828125 0.7078125 0.0609375 0.053125
3 0.36796875 0.6796875 0.0640625 0.071875
3 0.6828125 0.48515625 0.065625 0.065625
3 0.734375 0.840625 0.065625 0.06875
3 0.64765625 0.96796875 0.0875 0.0515625
3 0.93359375 0.8546875 0.05625 0.05625
3 0.81640625 0.18046875 0.065625 0.0640625
3 0.240625 0.82265625 0.075 0.05625
3 0.1984375 0.940625 0.0609375 0.0609375
3 0.159375 0.89609375 0.059375 0.0578125
3 0.09609375 0.71484375 0.0734375 0.0609375
3 0.034375 0.71015625 0.06875 0.05625
3 0.04453125 0.66171875 0.071875 0.071875
3 0.26328125 0.5234375 0.0859375 0.071875
3 0.459375 0.3828125 0.0640625 0.0640625
3 0.96796875 0.45703125 0.0609375 0.05625
3 0.59921875 0.7875 0.0765625 0.053125
3 0.55234375 0.553125 0.0640625 0.04375
3 0.6359375 0.58125 0.075 0.05625
3 0.5796875 0.60546875 0.078125 0.0609375
3 0.3765625 0.8046875 0.11875 0.05625
3 0.446875 0.09609375 0.0875 0.0875
3 0.403125 0.30546875 0.078125 0.0609375
3 0.44375 0.265625 0.0875 0.059375
3 0.26796875 0.2390625 0.0671875 0.0671875
3 0.18828125 0.13359375 0.05625 0.05625
3 0.23984375 0.02265625 0.0703125 0.0453125
3 0.2671875 0.1984375 0.084375 0.065625