3 0.1390625 0.7796875 0.090625 0.071875
3 0.82734375 0.95 0.090625 0.0921875
3 0.471875 0.7421875 0.090625 0.090625
3 0.24609375 0.2796875 0.090625 0.090625
3 0.709375 0.278125 0.0859375 0.0859375
3 0.76484375 0.321875 0.090625 0.090625
3 0.83984375 0.7109375 0.0875 0.0875
3 0.16328125 0.92890625 0.0984375 0.0796875
3 0.86171875 0.48828125 0.0921875 0.0796875
3 0.684375 0.153125 0.090625 0.090625
3 0.059375 0.6890625 0.096875 0.065625
3 0.6203125 0.428125 0.096875 0.071875
3 0.44765625 0.5859375 0.0796875 0.08125
3 0.5609375 0.70078125 0.0890625 0.0890625
3 0.42265625 0.27109375 0.0890625 0.0765625
3 0.5125 0.23359375 0.0921875 0.0921875
3 0.63671875 0.2484375 0.084375 0.0828125
3 0.78359375 0.0484375 0.1046875 0.084375
3 0.74296875 0.84453125 0.0921875 0.0921875
3 0.33359375 0.1609375 0.0953125 0.0953125
3 0.33125 0.825 0.096875 0.075
3 0.07421875 0.0453125 0.0953125 0.071875
3 0.59921875 0.12265625 0.090625 0.090625
0 0.15390625 0.4046875 0.1078125 0.071875
3 0.7953125 0.540625 0.0875 0.0875
3 0.484375 0.43046875 0.0984375 0.1
3 0.440625 0.1921875 0.0859375 0.0859375
3 0.92265625 0.628125 0.0984375 0.071875
3 0.63046875 0.8796875 0.1109375 0.065625
3 0.54296875 0.9109375 0.0890625 0.075
3 0.29453125 0.4375 0.08125 0.08125
3 0.1359375 0.4875 0.096875 0.075
3 0.4890625 0.8296875 0.09375 0.09375
3 0.403125 0.5328125 0.071875 0.071875
3 0.06484375 0.55390625 0.0859375 0.0859375
3 0.534375 0.31328125 0.10625 0.078125
3 0.3359375 0.2140625 0.109375 0.090625
3 0.35234375 0.765625 0.084375 0.084375
3 0.9375 0.70390625 0.0921875 0.090625
3 0.84375 0.3171875 0.08125 0.08125
3 0.5375 0.059375 0.090625 0.06875
3 0.678125 0.6328125 0.1 0.084375
3 0.80703125 0.44921875 0.090625 0.090625
3 0.2875 0.05390625 0.08125 0.0765625
3 0.16015625 0.634375 0.090625 0.0890625
3 0.92734375 0.43671875 0.0859375 0.0859375
3 0.88515625 0.3734375 0.09375 0.09375
3 0.86953125 0.140625 0.084375 0.0828125
3 0.08046875 0.95 0.0796875 0.08125
3 0.7515625 0.690625 0.0765625 0.0765625
3 0.91171875 0.54375 0.071875 0.0703125
3 0.1078125 0.6265625 0.103125 0.078125
3 0.34453125 0.659375 0.1015625 0.0625
3 0.08359375 0.37109375 0.1046875 0.0796875
3 0.82109375 0.2640625 0.0859375 0.0875
3 0.61953125 0.62421875 0.0875 0.0875
3 0.25859375 0.08203125 0.084375 0.084375
3 0.38046875 0.353125 0.0828125 0.084375
3 0.63203125 0.8390625 0.0890625 0.0890625
3 0.434375 0.9125 0.0875 0.071875
3 0.51015625 0.540625 0.08125 0.08125
3 0.0640625 0.8203125 0.0859375 0.0859375
3 0.05859375 0.41953125 0.090625 0.090625
3 0.06015625 0.75625 0.0796875 0.078125
3 0.4921875 0.934375 0.1 0.075
3 0.52109375 0.08203125 0.0921875 0.0796875
3 0.3671875 0.6203125 0.096875 0.053125
3 0.33671875 0.3609375 0.0875 0.071875
3 0.92421875 0.33671875 0.08125 0.08125
3 0.21328125 0.7078125 0.09375 0.0921875
3 0.22109375 0.73984375 0.0734375 0.075
3 0.42421875 0.8828125 0.08125 0.08125
3 0.54453125 0.5484375 0.084375 0.084375