3 0.7796875 0.8609375 0.08125 0.08125
3 0.95 0.17265625 0.0921875 0.090625
3 0.7421875 0.528125 0.090625 0.090625
3 0.2796875 0.75390625 0.090625 0.090625
3 0.278125 0.290625 0.0859375 0.0859375
3 0.321875 0.23515625 0.090625 0.090625
3 0.7109375 0.16015625 0.0875 0.0875
3 0.92890625 0.83671875 0.0796875 0.0984375
3 0.48828125 0.13828125 0.0859375 0.0859375
3 0.153125 0.315625 0.08125 0.1
3 0.6890625 0.940625 0.065625 0.096875
3 0.428125 0.3796875 0.084375 0.084375
3 0.5859375 0.55234375 0.08125 0.0796875
3 0.70078125 0.4390625 0.0890625 0.0890625
3 0.27109375 0.57734375 0.0828125 0.0828125
3 0.23359375 0.4875 0.0765625 0.109375
3 0.2484375 0.36328125 0.0828125 0.084375
3 0.0484375 0.21640625 0.084375 0.1046875
3 0.84453125 0.25703125 0.0859375 0.0984375
3 0.1609375 0.66640625 0.08125 0.109375
3 0.825 0.66875 0.0859375 0.0859375
3 0.0453125 0.92578125 0.084375 0.084375
3 0.12265625 0.40078125 0.090625 0.090625
0 0.4046875 0.84609375 0.071875 0.1078125
3 0.540625 0.2046875 0.0875 0.0875
3 0.43046875 0.515625 0.0859375 0.1125
3 0.1921875 0.559375 0.0859375 0.0859375
3 0.628125 0.07734375 0.084375 0.084375
3 0.8796875 0.36953125 0.0875 0.0890625
3 0.9109375 0.45703125 0.0828125 0.0828125
3 0.4375 0.70546875 0.06875 0.0921875
3 0.4875 0.8640625 0.0859375 0.0859375
3 0.8296875 0.5109375 0.09375 0.09375
3 0.5328125 0.596875 0.059375 0.084375
3 0.55390625 0.93515625 0.0765625 0.0953125
3 0.31328125 0.465625 0.0921875 0.0921875
3 0.2140625 0.6640625 0.090625 0.109375
3 0.765625 0.64765625 0.084375 0.084375
3 0.70390625 0.0625 0.0765625 0.10625
3 0.3171875 0.15625 0.08125 0.08125
3 0.059375 0.4625 0.0796875 0.0796875
3 0.6328125 0.321875 0.0921875 0.0921875
3 0.44921875 0.19296875 0.0734375 0.1078125
3 0.05390625 0.7125 0.0796875 0.0796875
3 0.634375 0.83984375 0.08125 0.0984375
3 0.43671875 0.07265625 0.0859375 0.0859375
3 0.3734375 0.11484375 0.09375 0.09375
3 0.140625 0.13046875 0.0828125 0.084375
3 0.95 0.91953125 0.06875 0.090625
3 0.690625 0.2484375 0.0625 0.090625
3 0.54375 0.08828125 0.0625 0.0796875
3 0.6265625 0.8921875 0.078125 0.103125
3 0.659375 0.65546875 0.0828125 0.08125
3 0.37109375 0.91640625 0.0796875 0.1046875
3 0.2640625 0.17890625 0.078125 0.0953125
3 0.62421875 0.38046875 0.0875 0.0875
3 0.08203125 0.74140625 0.084375 0.084375
3 0.353125 0.61953125 0.084375 0.0828125
3 0.8390625 0.36796875 0.0890625 0.0890625
3 0.9125 0.565625 0.071875 0.0875
3 0.540625 0.48984375 0.06875 0.0921875
3 0.8203125 0.9359375 0.0859375 0.0859375
3 0.41953125 0.94140625 0.090625 0.090625
3 0.75625 0.93984375 0.0625 0.0953125
3 0.934375 0.5078125 0.075 0.1
3 0.08203125 0.47890625 0.0859375 0.0859375
3 0.6203125 0.6328125 0.053125 0.096875
3 0.3609375 0.66328125 0.0796875 0.0796875
3 0.33671875 0.07578125 0.0859375 0.0765625
3 0.7078125 0.78671875 0.071875 0.1140625
3 0.73984375 0.77890625 0.059375 0.0890625
3 0.8828125 0.57578125 0.08125 0.08125
3 0.5484375 0.45546875 0.065625 0.103125