3 0.315625 0.0734375 0.096875 0.071875
3 0.73671875 0.36484375 0.0921875 0.0734375
3 0.28984375 0.6875 0.1078125 0.078125
3 0.540625 0.66953125 0.0875 0.0625
3 0.2546875 0.5578125 0.0765625 0.0765625
3 0.4015625 0.93828125 0.0765625 0.078125
3 0.2421875 0.04375 0.0734375 0.0734375
3 0.6546875 0.5484375 0.075 0.075
3 0.07421875 0.16796875 0.0859375 0.0609375
3 0.73828125 0.52109375 0.0890625 0.0671875
3 0.33046875 0.52890625 0.0953125 0.0734375
3 0.72890625 0.1296875 0.0953125 0.065625
3 0.31328125 0.3734375 0.0828125 0.084375
0 0.0765625 0.94453125 0.0890625 0.0890625
3 0.61015625 0.6328125 0.075 0.075
3 0.22734375 0.8671875 0.0875 0.059375
3 0.74375 0.609375 0.0875 0.0625
3 0.4890625 0.5265625 0.0796875 0.0796875
3 0.13046875 0.49296875 0.078125 0.0609375
3 0.8109375 0.55078125 0.090625 0.0828125
3 0.76796875 0.67265625 0.0890625 0.0890625
3 0.36796875 0.19765625 0.075 0.075
3 0.58125 0.490625 0.0734375 0.0734375
3 0.878125 0.7265625 0.075 0.059375
3 0.3296875 0.85625 0.084375 0.0625
3 0.5859375 0.2328125 0.0828125 0.0828125
3 0.921875 0.55625 0.09375 0.0625
3 0.49296875 0.24765625 0.0734375 0.0859375
3 0.8390625 0.834375 0.0734375 0.0734375
3 0.72734375 0.4609375 0.0796875 0.0625
3 0.32421875 0.14375 0.075 0.075
3 0.93828125 0.8375 0.0859375 0.06875
3 0.7703125 0.89609375 0.08125 0.08125
3 0.39296875 0.771875 0.0828125 0.065625
3 0.13828125 0.6171875 0.0921875 0.065625
3 0.2171875 0.83046875 0.103125 0.0703125
3 0.271875 0.25 0.075 0.0625
3 0.7921875 0.2125 0.103125 0.078125
3 0.953125 0.2859375 0.0875 0.065625
3 0.096875 0.7078125 0.0828125 0.0828125
3 0.6484375 0.45546875 0.078125 0.05625
3 0.50234375 0.865625 0.0734375 0.0734375
3 0.7578125 0.2578125 0.078125 0.05625
3 0.265625 0.18828125 0.0875 0.0734375
3 0.93984375 0.60390625 0.0984375 0.0640625
3 0.421875 0.41484375 0.08125 0.0609375
3 0.928125 0.90390625 0.1 0.065625
3 0.38671875 0.38359375 0.0890625 0.0890625
3 0.41953125 0.878125 0.0765625 0.0765625
0 0.671875 0.08828125 0.1 0.0953125
3 0.16796875 0.96015625 0.0765625 0.078125
3 0.41875 0.80546875 0.084375 0.0515625
0 0.70234375 0.853125 0.1265625 0.084375
3 0.41015625 0.5359375 0.0765625 0.059375
3 0.44921875 0.90078125 0.0828125 0.084375
3 0.9484375 0.6578125 0.078125 0.046875