3 0.315625 0.9265625 0.096875 0.071875
3 0.73671875 0.63515625 0.0828125 0.0828125
3 0.28984375 0.3125 0.1078125 0.078125
3 0.540625 0.33046875 0.0875 0.0625
3 0.2546875 0.4421875 0.0765625 0.0765625
3 0.4015625 0.06171875 0.0765625 0.078125
3 0.2421875 0.95625 0.0734375 0.0734375
3 0.6546875 0.4515625 0.075 0.075
3 0.07421875 0.83203125 0.0734375 0.0734375
3 0.73828125 0.47890625 0.0890625 0.0671875
3 0.33046875 0.47109375 0.084375 0.084375
3 0.72890625 0.8703125 0.0953125 0.065625
3 0.31328125 0.6265625 0.084375 0.0828125
0 0.0765625 0.05546875 0.103125 0.075
3 0.61015625 0.3671875 0.075 0.075
3 0.22734375 0.1328125 0.0875 0.059375
3 0.74375 0.390625 0.0875 0.0625
3 0.4890625 0.4734375 0.0875 0.071875
3 0.13046875 0.50703125 0.078125 0.0609375
3 0.8109375 0.44921875 0.090625 0.0828125
3 0.76796875 0.32734375 0.1078125 0.0703125
3 0.36796875 0.80234375 0.0859375 0.0640625
3 0.58125 0.509375 0.078125 0.06875
3 0.878125 0.2734375 0.075 0.059375
3 0.3296875 0.14375 0.084375 0.0625
3 0.5859375 0.7671875 0.09375 0.071875
3 0.921875 0.44375 0.09375 0.0625
3 0.49296875 0.75234375 0.0796875 0.0796875
3 0.8390625 0.165625 0.084375 0.0625
3 0.72734375 0.5390625 0.071875 0.0703125
3 0.32421875 0.85625 0.0875 0.0625
3 0.93828125 0.1625 0.0765625 0.0765625
3 0.7703125 0.10390625 0.090625 0.0734375
3 0.39296875 0.228125 0.0828125 0.065625
3 0.13828125 0.3828125 0.0796875 0.078125
3 0.2171875 0.16953125 0.0859375 0.0875
3 0.271875 0.75 0.06875 0.06875
3 0.7921875 0.7875 0.090625 0.090625
3 0.953125 0.7140625 0.0875 0.065625
3 0.096875 0.2921875 0.1 0.065625
3 0.6484375 0.54453125 0.078125 0.05625
3 0.50234375 0.134375 0.084375 0.0625
3 0.7578125 0.7421875 0.0671875 0.0671875
3 0.265625 0.81171875 0.08125 0.0796875
3 0.93984375 0.39609375 0.08125 0.08125
3 0.421875 0.58515625 0.0703125 0.071875
3 0.928125 0.09609375 0.0828125 0.0828125
3 0.38671875 0.61640625 0.0890625 0.0890625
3 0.41953125 0.121875 0.0765625 0.0765625
0 0.671875 0.91171875 0.1 0.0953125
3 0.16796875 0.03984375 0.0765625 0.078125
3 0.41875 0.19453125 0.06875 0.0671875
0 0.70234375 0.146875 0.1265625 0.084375
3 0.41015625 0.4640625 0.06875 0.06875
3 0.44921875 0.09921875 0.0921875 0.075
3 0.9484375 0.3421875 0.0625 0.0625