3 0.1796875 0.6234375 0.078125 0.103125
3 0.16875 0.37109375 0.075 0.0890625
3 0.30390625 0.83046875 0.090625 0.090625
3 0.13515625 0.69765625 0.0671875 0.1
3 0.66796875 0.890625 0.0921875 0.0921875
3 0.040625 0.17578125 0.06875 0.1171875
3 0.11171875 0.41796875 0.0640625 0.1140625
3 0.25078125 0.68515625 0.084375 0.084375
3 0.10234375 0.15859375 0.0734375 0.1015625
3 0.21484375 0.1859375 0.0828125 0.0828125
3 0.453125 0.11171875 0.096875 0.0734375
3 0.571875 0.6484375 0.071875 0.1
3 0.678125 0.79453125 0.06875 0.1125
3 0.890625 0.91796875 0.0828125 0.0828125
3 0.73515625 0.63046875 0.0734375 0.1
3 0.60234375 0.66484375 0.0796875 0.1015625
3 0.5 0.33359375 0.065625 0.0828125
3 0.534375 0.28359375 0.065625 0.096875
3 0.54140625 0.13515625 0.05 0.1109375