2 0.865625 0.91953125 0.08125 0.08125
2 0.1875 0.30625 0.071875 0.065625
2 0.93828125 0.62734375 0.0859375 0.06875
2 0.38671875 0.26875 0.0859375 0.059375
2 0.5765625 0.20625 0.090625 0.065625
2 0.73671875 0.68984375 0.0921875 0.0625
2 0.9171875 0.52265625 0.0875 0.06875
2 0.68203125 0.38515625 0.075 0.0734375
2 0.51796875 0.50078125 0.075 0.075
2 0.4234375 0.2234375 0.0703125 0.0703125
2 0.9125 0.2390625 0.0875 0.059375
2 0.8625 0.6640625 0.08125 0.065625
2 0.09296875 0.35703125 0.0734375 0.071875
2 0.2953125 0.16796875 0.090625 0.0734375
2 0.2375 0.06875 0.065625 0.0625
2 0.6109375 0.76796875 0.0890625 0.0890625
2 0.9078125 0.825 0.0640625 0.0640625
2 0.665625 0.46875 0.0875 0.0625
2 0.4890625 0.24375 0.0796875 0.0796875
2 0.70390625 0.84453125 0.0859375 0.0859375
2 0.2890625 0.29375 0.0640625 0.0640625
2 0.75703125 0.93046875 0.1109375 0.0703125
2 0.49609375 0.1734375 0.078125 0.0796875
2 0.22578125 0.5953125 0.0953125 0.059375
2 0.31796875 0.07890625 0.0828125 0.0828125
2 0.54375 0.2640625 0.0671875 0.0671875
2 0.621875 0.4140625 0.071875 0.071875
2 0.096875 0.61640625 0.10625 0.08125
2 0.6125 0.84140625 0.0890625 0.0875
2 0.19375 0.77421875 0.0875 0.0875
2 0.28515625 0.784375 0.09375 0.09375
2 0.66640625 0.9140625 0.090625 0.0921875
2 0.46875 0.5921875 0.0625 0.05
2 0.34140625 0.725 0.0875 0.0875
2 0.4171875 0.14375 0.090625 0.090625
2 0.39296875 0.084375 0.0859375 0.084375
2 0.84609375 0.8609375 0.078125 0.078125
2 0.7828125 0.86640625 0.08125 0.0796875
3 0.265625 0.41640625 0.090625 0.0671875