3 0.73359375 0.62578125 0.0953125 0.0734375
3 0.4796875 0.93515625 0.090625 0.0796875
3 0.35859375 0.90078125 0.0953125 0.0765625
3 0.3109375 0.8515625 0.103125 0.071875
3 0.61171875 0.7953125 0.109375 0.065625
3 0.2109375 0.57734375 0.090625 0.0640625
3 0.259375 0.63046875 0.0875 0.0734375
3 0.52109375 0.8578125 0.0765625 0.078125
3 0.0671875 0.8890625 0.0765625 0.0765625
3 0.70234375 0.9453125 0.0875 0.0890625
3 0.1390625 0.8609375 0.0890625 0.0890625
3 0.2203125 0.27265625 0.071875 0.0734375
3 0.13671875 0.51953125 0.1015625 0.0703125
3 0.34609375 0.35390625 0.0984375 0.0796875
3 0.44609375 0.1375 0.096875 0.06875
3 0.41328125 0.584375 0.078125 0.078125
3 0.6734375 0.0625 0.0859375 0.0859375
3 0.63046875 0.6328125 0.1140625 0.065625
3 0.3140625 0.1265625 0.10625 0.065625
3 0.5609375 0.5390625 0.09375 0.071875
3 0.51875 0.375 0.10625 0.075
3 0.328125 0.6375 0.0921875 0.0921875
3 0.6296875 0.7015625 0.0875 0.0875
3 0.2546875 0.71953125 0.0875 0.0921875
3 0.89921875 0.7625 0.090625 0.0921875
3 0.240625 0.20546875 0.10625 0.05625
3 0.9328125 0.6859375 0.0921875 0.0921875
3 0.50703125 0.05 0.1 0.0625
3 0.790625 0.3015625 0.075 0.059375
3 0.47265625 0.53125 0.0859375 0.0859375
3 0.1765625 0.9421875 0.109375 0.065625
3 0.784375 0.7 0.103125 0.06875
3 0.57734375 0.22578125 0.078125 0.078125
3 0.22734375 0.51015625 0.0828125 0.0828125
3 0.54609375 0.7453125 0.1 0.084375
3 0.05078125 0.3703125 0.0953125 0.065625
3 0.60703125 0.2875 0.0765625 0.0765625
3 0.80234375 0.81328125 0.1046875 0.0609375
3 0.553125 0.43671875 0.115625 0.0671875
3 0.55703125 0.5796875 0.0921875 0.065625
3 0.2828125 0.28046875 0.103125 0.0734375
3 0.56875 0.89453125 0.10625 0.0765625
3 0.9203125 0.2859375 0.1125 0.0625
3 0.06875 0.1203125 0.075 0.071875
3 0.79140625 0.928125 0.0890625 0.06875
3 0.309375 0.55703125 0.0921875 0.0921875
3 0.0828125 0.57265625 0.103125 0.0578125
3 0.87109375 0.603125 0.1109375 0.075
3 0.79921875 0.66015625 0.078125 0.078125
3 0.53515625 0.690625 0.08125 0.08125
3 0.8015625 0.8671875 0.08125 0.0796875
3 0.31171875 0.46171875 0.0875 0.0875
3 0.1953125 0.1671875 0.090625 0.090625
3 0.84921875 0.171875 0.065625 0.065625
3 0.80703125 0.03671875 0.115625 0.0640625
3 0.6203125 0.16953125 0.096875 0.0828125
3 0.39140625 0.271875 0.1015625 0.08125
3 0.13046875 0.296875 0.0890625 0.071875
3 0.08359375 0.31796875 0.0875 0.078125
3 0.29453125 0.18046875 0.103125 0.0640625
3 0.09765625 0.23125 0.0890625 0.078125
3 0.22578125 0.1171875 0.0921875 0.071875
3 0.40390625 0.46875 0.0875 0.0875
3 0.8328125 0.528125 0.0796875 0.0796875
3 0.88828125 0.22421875 0.0765625 0.078125
3 0.2359375 0.446875 0.075 0.075
3 0.54765625 0.165625 0.071875 0.0734375
3 0.15625 0.10078125 0.075 0.0890625
3 0.3703125 0.2078125 0.0765625 0.0765625
3 0.23671875 0.3640625 0.0734375 0.06875
3 0.740625 0.4359375 0.0921875 0.0921875
3 0.88359375 0.309375 0.0859375 0.0875
3 0.58984375 0.3625 0.0875 0.0875
3 0.63125 0.25859375 0.0875 0.0671875
3 0.40546875 0.9640625 0.1140625 0.071875
3 0.90703125 0.4640625 0.0796875 0.075
3 0.778125 0.0828125 0.1 0.075
3 0.70703125 0.2234375 0.0890625 0.090625
3 0.09453125 0.0828125 0.0796875 0.078125
3 0.81015625 0.26171875 0.1046875 0.0765625
3 0.134375 0.38515625 0.0796875 0.078125
3 0.4546875 0.2515625 0.090625 0.078125
3 0.928125 0.515625 0.0828125 0.0828125
3 0.3984375 0.15390625 0.096875 0.0546875
3 0.93203125 0.3890625 0.0765625 0.08125
3 0.9453125 0.89921875 0.084375 0.0828125
3 0.80703125 0.125 0.0875 0.0875
3 0.96015625 0.821875 0.0796875 0.071875
3 0.45546875 0.19921875 0.0859375 0.084375
3 0.1453125 0.4546875 0.084375 0.084375
3 0.84296875 0.48203125 0.0796875 0.084375
3 0.128125 0.60546875 0.078125 0.078125
3 0.96328125 0.2 0.071875 0.071875
3 0.878125 0.96015625 0.1 0.0625
3 0.85390625 0.8734375 0.078125 0.0796875
3 0.85078125 0.9328125 0.0890625 0.065625
3 0.53046875 0.19140625 0.0890625 0.0578125
3 0.0984375 0.4328125 0.084375 0.084375
3 0.82265625 0.3875 0.1015625 0.096875
3 0.6796875 0.44375 0.0953125 0.0953125
3 0.78828125 0.4796875 0.0671875 0.0671875
3 0.05703125 0.53125 0.090625 0.0921875
3 0.17421875 0.37265625 0.0703125 0.0765625
3 0.9359375 0.94609375 0.078125 0.0890625
3 0.8921875 0.3796875 0.071875 0.071875