0 0.4859375 0.2984375 0.146875 0.103125
3 0.84140625 0.15625 0.0734375 0.103125
3 0.72734375 0.121875 0.0734375 0.09375
3 0.7765625 0.1453125 0.08125 0.09375
3 0.44140625 0.06015625 0.0875 0.1046875
3 0.3578125 0.0734375 0.065625 0.090625
3 0.125 0.09921875 0.075 0.1015625
3 0.22109375 0.20859375 0.08125 0.08125
3 0.3984375 0.1390625 0.071875 0.0875
3 0.3421875 0.2078125 0.090625 0.1
3 0.2078125 0.30703125 0.084375 0.0953125
3 0.4984375 0.2171875 0.0875 0.0875
3 0.3953125 0.25390625 0.0875 0.0875
3 0.36640625 0.3203125 0.1078125 0.078125
3 0.365625 0.365625 0.0875 0.0875
3 0.3171875 0.446875 0.075 0.084375
3 0.190625 0.49296875 0.0859375 0.0859375
3 0.09609375 0.54609375 0.0828125 0.1046875
3 0.1953125 0.69296875 0.096875 0.0953125
3 0.06171875 0.884375 0.0859375 0.10625
3 0.203125 0.83359375 0.08125 0.1125
3 0.153125 0.8359375 0.075 0.09375
3 0.3953125 0.75390625 0.0890625 0.0890625
3 0.48359375 0.78046875 0.09375 0.09375
3 0.4375 0.85546875 0.0984375 0.0984375
3 0.6875 0.83359375 0.078125 0.1046875
3 0.8171875 0.4046875 0.1078125 0.1078125
3 0.765625 0.45390625 0.0828125 0.0828125
3 0.80078125 0.51171875 0.096875 0.096875
3 0.825 0.72421875 0.08125 0.0984375
3 0.828125 0.90859375 0.0890625 0.0890625