2 0.32109375 0.29453125 0.0828125 0.0828125
2 0.0515625 0.3484375 0.084375 0.065625
2 0.64609375 0.103125 0.0796875 0.08125
2 0.79375 0.453125 0.078125 0.078125
2 0.88828125 0.53203125 0.08125 0.059375
2 0.753125 0.959375 0.09375 0.06875
2 0.64921875 0.6015625 0.0921875 0.075
2 0.46484375 0.23515625 0.0953125 0.06875
2 0.6546875 0.70234375 0.084375 0.084375
2 0.8109375 0.89609375 0.09375 0.0703125
2 0.34296875 0.04921875 0.1015625 0.06875
2 0.753125 0.28515625 0.103125 0.071875
2 0.72890625 0.4984375 0.0734375 0.0734375
2 0.66875 0.5328125 0.096875 0.078125
2 0.4015625 0.26953125 0.071875 0.071875
2 0.571875 0.30078125 0.1125 0.0734375
2 0.48359375 0.684375 0.1015625 0.078125
2 0.215625 0.27421875 0.096875 0.071875
2 0.13046875 0.5078125 0.09375 0.0921875
2 0.47578125 0.36484375 0.0875 0.0875
2 0.92578125 0.07265625 0.090625 0.090625
2 0.353125 0.6578125 0.09375 0.084375
2 0.57734375 0.40546875 0.1015625 0.0734375
2 0.27421875 0.415625 0.0875 0.0875
2 0.70625 0.653125 0.075 0.071875
2 0.47734375 0.296875 0.0875 0.0875
2 0.91640625 0.5953125 0.1015625 0.078125
2 0.221875 0.49453125 0.090625 0.090625
2 0.47578125 0.078125 0.1046875 0.075
2 0.221875 0.37890625 0.0921875 0.090625
2 0.49609375 0.1140625 0.096875 0.0953125
2 0.86875 0.334375 0.103125 0.071875
2 0.54453125 0.05625 0.0703125 0.06875
2 0.60703125 0.04375 0.0984375 0.075
2 0.12109375 0.70078125 0.1015625 0.0828125
2 0.95703125 0.13359375 0.075 0.075
2 0.37734375 0.14140625 0.0703125 0.0453125
2 0.94921875 0.5296875 0.0828125 0.0828125
2 0.80625 0.19453125 0.09375 0.09375
2 0.0875 0.1609375 0.0546875 0.0546875
2 0.45390625 0.03515625 0.0671875 0.05
3 0.57421875 0.2359375 0.1171875 0.071875
5 0.5734375 0.6125 0.109375 0.109375
3 0.4234375 0.61328125 0.090625 0.103125
5 0.5671875 0.69375 0.090625 0.075