2 0.67890625 0.29453125 0.0921875 0.0734375
2 0.9484375 0.3484375 0.084375 0.065625
2 0.35390625 0.103125 0.0921875 0.06875
2 0.20625 0.453125 0.078125 0.078125
2 0.11171875 0.53203125 0.0703125 0.0703125
2 0.246875 0.959375 0.08125 0.08125
2 0.35078125 0.6015625 0.084375 0.084375
2 0.53515625 0.23515625 0.0953125 0.06875
2 0.3453125 0.70234375 0.084375 0.084375
2 0.1890625 0.89609375 0.08125 0.08125
2 0.65703125 0.04921875 0.1015625 0.06875
2 0.246875 0.28515625 0.103125 0.071875
2 0.27109375 0.4984375 0.0875 0.059375
2 0.33125 0.5328125 0.096875 0.078125
2 0.5984375 0.26953125 0.078125 0.0640625
2 0.428125 0.30078125 0.0921875 0.09375
2 0.51640625 0.684375 0.1015625 0.078125
2 0.784375 0.27421875 0.084375 0.084375
2 0.86953125 0.5078125 0.09375 0.0921875
2 0.52421875 0.36484375 0.103125 0.0734375
2 0.07421875 0.07265625 0.1078125 0.0734375
2 0.646875 0.6578125 0.09375 0.084375
2 0.42265625 0.40546875 0.0875 0.0875
2 0.72578125 0.415625 0.0875 0.0875
2 0.29375 0.653125 0.075 0.071875
2 0.52265625 0.296875 0.1015625 0.071875
2 0.08359375 0.5953125 0.1015625 0.078125
2 0.778125 0.49453125 0.1 0.0796875
2 0.52421875 0.078125 0.1046875 0.075
2 0.778125 0.37890625 0.109375 0.0734375
2 0.50390625 0.1140625 0.096875 0.0953125
2 0.13125 0.334375 0.0875 0.0875
2 0.45546875 0.05625 0.0703125 0.06875
2 0.39296875 0.04375 0.0859375 0.0875
2 0.87890625 0.70078125 0.0921875 0.0921875
2 0.04296875 0.13359375 0.0859375 0.065625
2 0.62265625 0.14140625 0.0578125 0.0578125
2 0.05078125 0.5296875 0.0875 0.078125
2 0.19375 0.19453125 0.115625 0.071875
2 0.9125 0.1609375 0.0546875 0.0546875
2 0.54609375 0.03515625 0.0671875 0.05
3 0.42578125 0.2359375 0.1171875 0.071875
5 0.4265625 0.6125 0.115625 0.103125
3 0.5765625 0.61328125 0.090625 0.103125
5 0.4328125 0.69375 0.090625 0.075