2 0.70546875 0.32109375 0.0828125 0.0828125
2 0.6515625 0.0515625 0.065625 0.084375
2 0.896875 0.64609375 0.06875 0.0921875
2 0.546875 0.79375 0.06875 0.0875
2 0.46796875 0.88828125 0.059375 0.08125
2 0.040625 0.753125 0.06875 0.09375
2 0.3984375 0.64921875 0.084375 0.084375
2 0.76484375 0.46484375 0.08125 0.08125
2 0.29765625 0.6546875 0.071875 0.096875
2 0.10390625 0.8109375 0.0703125 0.09375
2 0.95078125 0.34296875 0.06875 0.1015625
2 0.71484375 0.753125 0.071875 0.103125
2 0.5015625 0.72890625 0.059375 0.0875
2 0.4671875 0.66875 0.0875 0.0875
2 0.73046875 0.4015625 0.0640625 0.078125
2 0.69921875 0.571875 0.0734375 0.1125
2 0.315625 0.48359375 0.078125 0.1015625
2 0.72578125 0.215625 0.071875 0.096875
2 0.4921875 0.13046875 0.08125 0.1046875
2 0.63515625 0.47578125 0.0734375 0.103125
2 0.92734375 0.92578125 0.090625 0.090625
2 0.3421875 0.353125 0.0890625 0.0890625
2 0.59453125 0.57734375 0.0875 0.0875
2 0.584375 0.27421875 0.075 0.0984375
2 0.346875 0.70625 0.0734375 0.0734375
2 0.703125 0.47734375 0.0875 0.0875
2 0.4046875 0.91640625 0.078125 0.1015625
2 0.50546875 0.221875 0.0796875 0.1
2 0.921875 0.47578125 0.075 0.1046875
2 0.62109375 0.221875 0.090625 0.0921875
2 0.8859375 0.49609375 0.0953125 0.096875
2 0.665625 0.86875 0.0875 0.0875
2 0.94375 0.54453125 0.06875 0.0703125
2 0.95625 0.60703125 0.0875 0.0859375
2 0.29921875 0.12109375 0.0828125 0.1015625
2 0.86640625 0.95703125 0.075 0.075
2 0.85859375 0.37734375 0.0453125 0.0703125
2 0.4703125 0.94921875 0.0828125 0.0828125
2 0.80546875 0.80625 0.071875 0.115625
2 0.8390625 0.0875 0.0546875 0.0546875
2 0.96484375 0.45390625 0.05 0.0671875
3 0.7640625 0.57421875 0.09375 0.09375
5 0.3875 0.5734375 0.109375 0.109375
3 0.38671875 0.4234375 0.103125 0.090625
5 0.30625 0.5671875 0.075 0.090625