3 0.546875 0.85625 0.084375 0.0625
3 0.22265625 0.0828125 0.1046875 0.071875
3 0.32890625 0.30703125 0.0890625 0.090625
3 0.11953125 0.946875 0.0984375 0.071875
3 0.22265625 0.27265625 0.0875 0.0875
3 0.5984375 0.4578125 0.0796875 0.0796875
3 0.10390625 0.415625 0.0796875 0.08125
3 0.81640625 0.36875 0.1046875 0.06875
3 0.74140625 0.07890625 0.0796875 0.0796875
3 0.2046875 0.6546875 0.084375 0.065625
3 0.303125 0.5203125 0.0765625 0.0765625
3 0.84921875 0.2359375 0.0890625 0.0890625
3 0.44453125 0.4609375 0.0890625 0.053125
3 0.48828125 0.678125 0.0953125 0.065625
3 0.47109375 0.8203125 0.084375 0.084375
3 0.490625 0.2140625 0.0796875 0.08125
3 0.46796875 0.08359375 0.0828125 0.071875
3 0.11796875 0.0625 0.0859375 0.0625
3 0.39609375 0.2203125 0.0890625 0.065625
3 0.5484375 0.27734375 0.084375 0.0640625
3 0.3984375 0.6828125 0.0828125 0.0828125
3 0.44765625 0.74765625 0.103125 0.08125
3 0.15859375 0.8703125 0.0828125 0.0828125
3 0.44453125 0.3046875 0.0921875 0.059375
3 0.7296875 0.4234375 0.078125 0.065625
3 0.95 0.1546875 0.0765625 0.0765625
3 0.7953125 0.86640625 0.071875 0.071875
3 0.45390625 0.55546875 0.071875 0.071875
3 0.278125 0.20390625 0.1 0.0765625
3 0.56015625 0.6453125 0.0765625 0.065625
3 0.1265625 0.49140625 0.0890625 0.0875
3 0.06796875 0.82421875 0.0828125 0.0796875
3 0.2984375 0.86328125 0.0828125 0.0828125
3 0.14765625 0.20546875 0.0875 0.0875
3 0.4109375 0.51953125 0.0609375 0.0625
3 0.621875 0.77890625 0.0828125 0.084375
3 0.9328125 0.29140625 0.084375 0.0828125
3 0.5921875 0.303125 0.0859375 0.0859375
3 0.90703125 0.36796875 0.0765625 0.0765625
3 0.1125 0.17734375 0.075 0.075
3 0.9453125 0.85625 0.084375 0.078125
3 0.66640625 0.2546875 0.0703125 0.0703125
3 0.80390625 0.96015625 0.090625 0.0640625
3 0.65703125 0.5609375 0.0859375 0.053125
3 0.71171875 0.32109375 0.103125 0.0671875
3 0.67734375 0.1671875 0.0953125 0.084375
3 0.84140625 0.89296875 0.0890625 0.0578125
3 0.56796875 0.15390625 0.084375 0.0578125
3 0.20234375 0.8953125 0.084375 0.084375
3 0.1078125 0.35 0.0796875 0.0796875
3 0.2046875 0.3578125 0.0828125 0.0828125
3 0.86796875 0.64140625 0.084375 0.0671875
3 0.3484375 0.390625 0.08125 0.08125
3 0.05859375 0.2625 0.0859375 0.05625
3 0.5265625 0.346875 0.096875 0.08125
3 0.796875 0.53828125 0.1125 0.06875
3 0.12578125 0.60859375 0.1046875 0.0734375
3 0.22109375 0.39140625 0.08125 0.08125
3 0.23046875 0.8171875 0.059375 0.059375
3 0.64609375 0.89296875 0.0890625 0.0640625
3 0.734375 0.9046875 0.078125 0.078125
3 0.35234375 0.56640625 0.0796875 0.0609375
3 0.5578125 0.96875 0.078125 0.05
3 0.765625 0.3015625 0.090625 0.090625
3 0.2953125 0.79609375 0.08125 0.08125
3 0.76015625 0.74921875 0.0921875 0.0703125
3 0.6421875 0.63359375 0.096875 0.0734375
3 0.43984375 0.38359375 0.0796875 0.0796875
3 0.5796875 0.0703125 0.0875 0.065625
3 0.7546875 0.5734375 0.0859375 0.0859375
3 0.18515625 0.76015625 0.0828125 0.0828125
3 0.39921875 0.86171875 0.1015625 0.0890625
3 0.54609375 0.759375 0.0828125 0.075
3 0.2296875 0.47578125 0.0859375 0.0859375
3 0.37890625 0.12890625 0.0875 0.0875
3 0.39921875 0.4078125 0.103125 0.065625
3 0.4203125 0.15 0.08125 0.08125
3 0.18515625 0.7 0.06875 0.0671875
3 0.47109375 0.8921875 0.071875 0.071875
3 0.87890625 0.08125 0.0890625 0.0625
3 0.684375 0.9203125 0.0765625 0.0765625
3 0.60703125 0.09140625 0.0875 0.0875
3 0.69765625 0.46796875 0.065625 0.065625
3 0.2390625 0.95859375 0.084375 0.0828125
3 0.94140625 0.7765625 0.0765625 0.078125
3 0.3046875 0.63828125 0.0734375 0.071875
3 0.91171875 0.52421875 0.090625 0.0921875
3 0.821875 0.140625 0.0859375 0.0859375
3 0.58046875 0.5625 0.0875 0.0875
3 0.9578125 0.59921875 0.0734375 0.0734375
3 0.48828125 0.128125 0.0921875 0.065625
3 0.446875 0.96484375 0.06875 0.06875
3 0.09453125 0.7421875 0.0953125 0.071875
3 0.315625 0.67421875 0.0875 0.059375
3 0.12890625 0.56171875 0.0953125 0.059375
3 0.7015625 0.5875 0.0796875 0.0796875
3 0.87890625 0.42578125 0.078125 0.078125
3 0.0578125 0.1890625 0.084375 0.05625
3 0.36875 0.59765625 0.084375 0.0859375
3 0.5625 0.384375 0.0796875 0.0796875
4 0.81015625 0.44609375 0.071875 0.0609375
3 0.678125 0.7015625 0.08125 0.08125
3 0.87734375 0.903125 0.0734375 0.06875
3 0.90546875 0.8078125 0.06875 0.06875
3 0.8671875 0.6703125 0.0734375 0.0734375
3 0.7203125 0.66875 0.08125 0.08125
3 0.6359375 0.8515625 0.071875 0.071875
3 0.6921875 0.22421875 0.078125 0.078125
3 0.690625 0.4953125 0.078125 0.065625
3 0.83984375 0.56328125 0.0734375 0.0703125
3 0.84609375 0.103125 0.075 0.0734375
3 0.9296875 0.08203125 0.0703125 0.0703125
3 0.81953125 0.171875 0.0765625 0.0765625
3 0.71953125 0.14921875 0.0875 0.0703125
3 0.65703125 0.03671875 0.0796875 0.0640625
3 0.5484375 0.05234375 0.075 0.0609375
3 0.3234375 0.2421875 0.0578125 0.0578125
3 0.125 0.0875 0.078125 0.059375
3 0.0921875 0.271875 0.0734375 0.0734375
3 0.25703125 0.57421875 0.0796875 0.06875
3 0.26875 0.71875 0.0921875 0.0921875
3 0.2859375 0.8265625 0.0671875 0.0671875
3 0.08125 0.71484375 0.08125 0.08125
3 0.171875 0.546875 0.06875 0.06875
3 0.1890625 0.5796875 0.0734375 0.0734375
3 0.57734375 0.7421875 0.0734375 0.0734375
3 0.534375 0.60546875 0.096875 0.0765625
3 0.5640625 0.58125 0.075 0.075
3 0.47109375 0.48046875 0.0703125 0.0703125
3 0.48984375 0.56015625 0.0734375 0.071875
3 0.23671875 0.44609375 0.078125 0.078125
3 0.58125 0.18359375 0.075 0.075
3 0.76328125 0.72265625 0.075 0.075
3 0.78515625 0.8375 0.0609375 0.0609375
3 0.56953125 0.9484375 0.0796875 0.06875
3 0.43515625 0.90078125 0.0703125 0.0703125
3 0.67265625 0.65703125 0.078125 0.078125
3 0.13125 0.73828125 0.08125 0.0828125
3 0.06328125 0.496875 0.084375 0.071875
3 0.44140625 0.0796875 0.0859375 0.059375