3 0.14375 0.453125 0.0625 0.084375
3 0.9171875 0.77734375 0.0875 0.0875
3 0.69296875 0.67109375 0.090625 0.0890625
3 0.053125 0.88046875 0.071875 0.0984375
3 0.72734375 0.77734375 0.0875 0.0875
3 0.5421875 0.4015625 0.06875 0.090625
3 0.584375 0.89609375 0.065625 0.0953125
3 0.63125 0.18359375 0.06875 0.1046875
3 0.92109375 0.25859375 0.0671875 0.0921875
3 0.3453125 0.7953125 0.065625 0.084375
3 0.4796875 0.696875 0.0765625 0.0765625
3 0.7640625 0.15078125 0.0890625 0.0890625
3 0.5390625 0.55546875 0.071875 0.071875
3 0.321875 0.51171875 0.0796875 0.0796875
3 0.1796875 0.52890625 0.065625 0.1015625
3 0.7859375 0.509375 0.0796875 0.0796875
3 0.91640625 0.53203125 0.078125 0.078125
3 0.9375 0.88203125 0.0734375 0.075
3 0.7796875 0.60390625 0.065625 0.0890625
3 0.72265625 0.4515625 0.0640625 0.084375
3 0.3171875 0.6015625 0.078125 0.0875
3 0.25234375 0.55234375 0.08125 0.103125
3 0.1296875 0.84140625 0.065625 0.1
3 0.6953125 0.55546875 0.059375 0.0921875
3 0.5765625 0.2703125 0.065625 0.078125
3 0.8453125 0.05 0.0765625 0.0765625
3 0.13359375 0.2046875 0.071875 0.071875
3 0.44453125 0.54609375 0.071875 0.071875
3 0.79609375 0.721875 0.0765625 0.1
3 0.3546875 0.43984375 0.065625 0.0765625
3 0.50859375 0.8734375 0.0796875 0.096875
3 0.17578125 0.93203125 0.08125 0.08125
3 0.13671875 0.7015625 0.06875 0.096875
3 0.79453125 0.85234375 0.0765625 0.0984375
3 0.48046875 0.5890625 0.0625 0.0609375
3 0.22109375 0.378125 0.0671875 0.1
3 0.70859375 0.0671875 0.0765625 0.090625
3 0.696875 0.4078125 0.0859375 0.0859375
3 0.63203125 0.09296875 0.0671875 0.0859375
3 0.82265625 0.8875 0.075 0.075
3 0.14375 0.0546875 0.08125 0.08125
3 0.7453125 0.33359375 0.0703125 0.0703125
3 0.03984375 0.19609375 0.0640625 0.090625
3 0.4390625 0.34296875 0.0703125 0.06875
3 0.67890625 0.28828125 0.084375 0.084375
3 0.8328125 0.32265625 0.090625 0.0890625
3 0.10703125 0.15859375 0.0734375 0.0734375
3 0.84609375 0.43203125 0.0578125 0.084375
3 0.1046875 0.79765625 0.084375 0.084375
3 0.65 0.8921875 0.06875 0.090625
3 0.6421875 0.7953125 0.0625 0.103125
3 0.35859375 0.13203125 0.075 0.075
3 0.609375 0.6515625 0.075 0.0875
3 0.7375 0.94140625 0.05625 0.0859375
3 0.653125 0.4734375 0.090625 0.090625
3 0.46171875 0.203125 0.06875 0.1125
3 0.39140625 0.87421875 0.0734375 0.1046875
3 0.60859375 0.77890625 0.0734375 0.0890625
3 0.1828125 0.76953125 0.059375 0.059375
3 0.10703125 0.35390625 0.0640625 0.0890625
3 0.0953125 0.265625 0.078125 0.078125
3 0.43359375 0.64765625 0.0609375 0.0796875
3 0.03125 0.44140625 0.0625 0.0640625
3 0.6984375 0.234375 0.078125 0.103125
3 0.20390625 0.7046875 0.08125 0.08125
3 0.25078125 0.23984375 0.0703125 0.0921875
3 0.36640625 0.3578125 0.0859375 0.0859375
3 0.61640625 0.56015625 0.0703125 0.0890625
3 0.9296875 0.4203125 0.075 0.0765625
3 0.4265625 0.2453125 0.0734375 0.1
3 0.23984375 0.81484375 0.0703125 0.0953125
3 0.13828125 0.60078125 0.0953125 0.0953125
3 0.240625 0.45390625 0.075 0.0828125
3 0.52421875 0.7703125 0.0859375 0.0859375
3 0.87109375 0.62109375 0.0765625 0.096875
3 0.5921875 0.60078125 0.065625 0.103125
3 0.85 0.5796875 0.08125 0.08125
3 0.3 0.81484375 0.05625 0.0796875
3 0.1078125 0.52890625 0.071875 0.071875
3 0.91875 0.12109375 0.0625 0.0890625
3 0.0796875 0.315625 0.065625 0.0875
3 0.90859375 0.39296875 0.0875 0.0875
3 0.53203125 0.30234375 0.0484375 0.0828125
3 0.04140625 0.7609375 0.0828125 0.084375
3 0.2234375 0.05859375 0.078125 0.0765625
3 0.36171875 0.6953125 0.0734375 0.0734375
3 0.47578125 0.08828125 0.0921875 0.090625
3 0.859375 0.178125 0.0859375 0.0859375
3 0.4375 0.41953125 0.071875 0.103125
3 0.40078125 0.0421875 0.0703125 0.078125
3 0.871875 0.51171875 0.078125 0.078125
3 0.03515625 0.553125 0.06875 0.06875
3 0.2578125 0.90546875 0.071875 0.0953125
3 0.32578125 0.684375 0.0734375 0.0734375
3 0.43828125 0.87109375 0.059375 0.0953125
3 0.4125 0.2984375 0.0796875 0.08125
3 0.57421875 0.12109375 0.078125 0.078125
3 0.8109375 0.9421875 0.05625 0.084375
3 0.40234375 0.63125 0.0734375 0.096875
3 0.615625 0.4375 0.059375 0.1
4 0.55390625 0.18984375 0.065625 0.065625
3 0.2984375 0.321875 0.08125 0.08125
3 0.096875 0.12265625 0.071875 0.071875
3 0.1921875 0.09453125 0.06875 0.06875
3 0.3296875 0.1328125 0.0734375 0.0734375
3 0.33125 0.2796875 0.065625 0.096875
3 0.1484375 0.3640625 0.071875 0.071875
3 0.77578125 0.3078125 0.078125 0.078125
3 0.5046875 0.309375 0.071875 0.071875
3 0.43671875 0.16015625 0.071875 0.071875
3 0.896875 0.15390625 0.06875 0.0796875
3 0.91796875 0.0703125 0.0703125 0.0703125
3 0.828125 0.18046875 0.0765625 0.0765625
3 0.85078125 0.28046875 0.078125 0.0796875
3 0.96328125 0.34296875 0.071875 0.071875
3 0.94765625 0.4515625 0.0671875 0.06875
3 0.7578125 0.6765625 0.0578125 0.0578125
3 0.9125 0.875 0.06875 0.06875
3 0.728125 0.9078125 0.0625 0.084375
3 0.42578125 0.74296875 0.06875 0.0796875
3 0.28125 0.73125 0.090625 0.0921875
3 0.1734375 0.7140625 0.065625 0.06875
3 0.28515625 0.91875 0.0640625 0.096875
3 0.453125 0.828125 0.0625 0.075
3 0.4203125 0.8109375 0.065625 0.08125
3 0.2578125 0.42265625 0.0734375 0.0734375
3 0.39453125 0.465625 0.0859375 0.0875
3 0.41875 0.4359375 0.059375 0.090625
3 0.51953125 0.52890625 0.0703125 0.0703125
3 0.43984375 0.51015625 0.071875 0.0734375
3 0.55390625 0.76328125 0.078125 0.078125
3 0.81640625 0.41875 0.0640625 0.0875
3 0.27734375 0.23671875 0.075 0.075
3 0.1625 0.21484375 0.05625 0.0640625
3 0.0515625 0.43046875 0.0734375 0.0734375
3 0.09921875 0.56484375 0.0703125 0.0703125
3 0.34296875 0.32734375 0.078125 0.078125
3 0.26171875 0.86875 0.08125 0.08125
3 0.503125 0.93671875 0.071875 0.084375
3 0.9203125 0.55859375 0.0734375 0.071875