3 0.6421875 0.7765625 0.103125 0.078125
3 0.4125 0.7015625 0.06875 0.06875
3 0.52578125 0.1953125 0.084375 0.084375
3 0.52421875 0.7 0.1078125 0.075
3 0.46796875 0.77734375 0.08125 0.08125
3 0.43203125 0.19453125 0.0890625 0.0734375
1 0.153125 0.10625 0.1 0.1
3 0.3265625 0.71875 0.084375 0.084375
2 0.43359375 0.33359375 0.06875 0.0671875
3 0.34140625 0.1609375 0.1046875 0.075
3 0.553125 0.3375 0.0921875 0.0921875
3 0.29765625 0.784375 0.0875 0.0875
3 0.6328125 0.1078125 0.071875 0.059375
3 0.1828125 0.28515625 0.103125 0.0734375
3 0.54453125 0.2765625 0.0734375 0.0734375
3 0.71171875 0.16875 0.071875 0.0703125
3 0.3578125 0.62578125 0.10625 0.0765625
3 0.89453125 0.896875 0.1046875 0.06875
3 0.44375 0.090625 0.0828125 0.0828125
6 0.55703125 0.828125 0.1234375 0.1
3 0.80703125 0.64140625 0.1109375 0.0828125
3 0.63125 0.21640625 0.096875 0.096875
3 0.178125 0.7796875 0.08125 0.08125
3 0.7765625 0.2375 0.09375 0.09375
3 0.54453125 0.6328125 0.0875 0.0875
3 0.45078125 0.6265625 0.090625 0.0625
3 0.06640625 0.3796875 0.0953125 0.0625
3 0.24921875 0.74453125 0.071875 0.071875
3 0.146875 0.90234375 0.09375 0.0703125
6 0.88515625 0.53125 0.1234375 0.096875
6 0.821875 0.71484375 0.13125 0.0796875
6 0.23359375 0.921875 0.096875 0.096875
6 0.1078125 0.8 0.090625 0.0875
6 0.40234375 0.1421875 0.103125 0.053125
3 0.88828125 0.68046875 0.0875 0.0875
3 0.915625 0.75390625 0.0765625 0.0765625
3 0.3390625 0.9046875 0.078125 0.05
3 0.11171875 0.6375 0.0921875 0.06875
3 0.06484375 0.56328125 0.065625 0.065625
3 0.79453125 0.08203125 0.06875 0.06875
3 0.72265625 0.0984375 0.06875 0.06875
3 0.49296875 0.1359375 0.0796875 0.0796875
3 0.52734375 0.11796875 0.071875 0.071875
3 0.26796875 0.8265625 0.084375 0.0828125
3 0.0578125 0.67265625 0.0875 0.0640625
3 0.0609375 0.74453125 0.1 0.0640625
3 0.11328125 0.0453125 0.059375 0.0625
3 0.396875 0.85 0.084375 0.059375
3 0.33984375 0.8453125 0.0671875 0.065625
3 0.26171875 0.8703125 0.0828125 0.065625
3 0.24140625 0.6984375 0.078125 0.0765625
3 0.0734375 0.4203125 0.0703125 0.0703125
3 0.56328125 0.1140625 0.075 0.075