3 0.6421875 0.2234375 0.103125 0.078125
3 0.4125 0.2984375 0.084375 0.053125
3 0.52578125 0.8046875 0.0921875 0.075
3 0.52421875 0.3 0.1078125 0.075
3 0.46796875 0.22265625 0.08125 0.08125
3 0.43203125 0.80546875 0.0890625 0.0734375
1 0.153125 0.89375 0.1 0.1
3 0.3265625 0.28125 0.0859375 0.0859375
2 0.43359375 0.66640625 0.084375 0.0515625
3 0.34140625 0.8390625 0.090625 0.090625
3 0.553125 0.6625 0.109375 0.075
3 0.29765625 0.215625 0.0875 0.0875
3 0.6328125 0.8921875 0.065625 0.065625
3 0.1828125 0.71484375 0.103125 0.0734375
3 0.54453125 0.7234375 0.0796875 0.065625
3 0.71171875 0.83125 0.0796875 0.0625
3 0.3578125 0.37421875 0.10625 0.0765625
3 0.89453125 0.103125 0.1046875 0.06875
3 0.44375 0.909375 0.09375 0.071875
6 0.55703125 0.171875 0.1234375 0.1
3 0.80703125 0.35859375 0.096875 0.096875
3 0.63125 0.78359375 0.109375 0.084375
3 0.178125 0.2203125 0.09375 0.06875
3 0.7765625 0.7625 0.09375 0.09375
3 0.54453125 0.3671875 0.0875 0.0875
3 0.45078125 0.3734375 0.0765625 0.0765625
3 0.06640625 0.6203125 0.0953125 0.0625
3 0.24921875 0.25546875 0.071875 0.071875
3 0.146875 0.09765625 0.08125 0.08125
6 0.88515625 0.46875 0.109375 0.1109375
6 0.821875 0.28515625 0.10625 0.10625
6 0.23359375 0.078125 0.1109375 0.084375
6 0.1078125 0.2 0.0890625 0.0890625
6 0.40234375 0.8578125 0.078125 0.078125
3 0.88828125 0.31953125 0.0875 0.0875
3 0.915625 0.24609375 0.08125 0.071875
3 0.3390625 0.0953125 0.0640625 0.0640625
3 0.11171875 0.3625 0.08125 0.0796875
3 0.06484375 0.43671875 0.0765625 0.05625
3 0.79453125 0.91796875 0.06875 0.06875
3 0.72265625 0.9015625 0.06875 0.06875
3 0.49296875 0.8640625 0.0796875 0.0796875
3 0.52734375 0.88203125 0.078125 0.0671875
3 0.26796875 0.1734375 0.084375 0.0828125
3 0.0578125 0.32734375 0.0875 0.0640625
3 0.0609375 0.25546875 0.08125 0.08125
3 0.11328125 0.9546875 0.059375 0.0625
3 0.396875 0.15 0.071875 0.071875
3 0.33984375 0.1546875 0.0671875 0.065625
3 0.26171875 0.1296875 0.0828125 0.065625
3 0.24140625 0.3015625 0.078125 0.0765625
3 0.0734375 0.5796875 0.084375 0.05625
3 0.56328125 0.8859375 0.075 0.075