3 0.39609375 0.09140625 0.0640625 0.0734375
3 0.2328125 0.296875 0.065625 0.09375
3 0.35234375 0.409375 0.0640625 0.1
3 0.64375 0.1546875 0.084375 0.084375
3 0.72421875 0.78203125 0.08125 0.08125
3 0.2546875 0.72734375 0.078125 0.078125
3 0.72265625 0.09140625 0.0671875 0.0828125
3 0.765625 0.4359375 0.0765625 0.0765625
3 0.81875 0.36953125 0.06875 0.0890625
3 0.775 0.6546875 0.071875 0.071875
3 0.9015625 0.36484375 0.06875 0.1015625
3 0.9484375 0.23046875 0.065625 0.0859375
3 0.83359375 0.8390625 0.0671875 0.09375
3 0.2890625 0.3734375 0.06875 0.084375
3 0.48125 0.16640625 0.06875 0.0953125
3 0.796875 0.7484375 0.06875 0.08125
3 0.1046875 0.51015625 0.065625 0.1
3 0.53828125 0.58828125 0.071875 0.071875
3 0.54921875 0.225 0.0828125 0.0828125
3 0.0984375 0.3703125 0.071875 0.084375
3 0.46171875 0.740625 0.065625 0.090625
3 0.30703125 0.28515625 0.0765625 0.0765625
3 0.3671875 0.19453125 0.065625 0.0875
3 0.753125 0.3140625 0.053125 0.090625
3 0.5859375 0.31875 0.065625 0.096875
3 0.1953125 0.07734375 0.078125 0.0765625
3 0.159375 0.775 0.0828125 0.0828125
3 0.421875 0.3796875 0.0734375 0.0734375
3 0.7015625 0.52890625 0.06875 0.0796875
3 0.0984375 0.18359375 0.08125 0.08125
3 0.959375 0.48125 0.065625 0.084375
3 0.81328125 0.27265625 0.0734375 0.0734375
3 0.153125 0.33203125 0.06875 0.0828125
3 0.8 0.928125 0.0703125 0.071875
3 0.53984375 0.0875 0.0640625 0.0875
3 0.21875 0.38671875 0.071875 0.071875
3 0.871875 0.9453125 0.078125 0.078125
3 0.30546875 0.54140625 0.0671875 0.0796875
3 0.39921875 0.696875 0.0609375 0.096875
3 0.596875 0.66953125 0.0765625 0.075
3 0.93671875 0.665625 0.0640625 0.096875
3 0.3734375 0.58046875 0.0734375 0.0734375
3 0.5171875 0.79296875 0.0734375 0.071875
3 0.91328125 0.759375 0.0734375 0.0734375
3 0.3234375 0.05625 0.084375 0.0828125
3 0.075 0.69765625 0.0625 0.0984375
3 0.24140625 0.4984375 0.0609375 0.08125
3 0.66015625 0.76953125 0.0546875 0.0765625
3 0.5125 0.88515625 0.075 0.0828125
3 0.171875 0.52421875 0.075 0.075
3 0.78125 0.51640625 0.0765625 0.075
3 0.559375 0.4703125 0.0765625 0.075
3 0.096875 0.06796875 0.0875 0.0859375
3 0.36875 0.92265625 0.08125 0.08125
3 0.3703125 0.7875 0.075 0.075
3 0.04609375 0.1796875 0.0671875 0.078125
3 0.0625 0.8015625 0.071875 0.090625
3 0.7421875 0.17265625 0.078125 0.078125
3 0.09140625 0.90390625 0.0609375 0.0859375
3 0.5265625 0.359375 0.065625 0.084375
3 0.1765625 0.90234375 0.065625 0.0703125
3 0.6 0.765625 0.06875 0.09375
3 0.03359375 0.4765625 0.0671875 0.084375
3 0.16171875 0.67265625 0.078125 0.0796875
3 0.24375 0.9453125 0.08125 0.08125
3 0.46875 0.61796875 0.075 0.0765625
3 0.69140625 0.875 0.0734375 0.0734375
3 0.5984375 0.86328125 0.075 0.0734375
3 0.4734375 0.29765625 0.05 0.096875
3 0.5875 0.56796875 0.0625 0.0828125
3 0.690625 0.36015625 0.0625 0.1140625
3 0.2875 0.63515625 0.065625 0.0890625
3 0.91875 0.12265625 0.075 0.0984375
3 0.196875 0.16796875 0.0625 0.0828125
3 0.51640625 0.49765625 0.06875 0.0859375
3 0.6 0.42265625 0.0625 0.084375
3 0.2078125 0.64140625 0.053125 0.1109375
3 0.3890625 0.521875 0.0734375 0.071875
3 0.9484375 0.8640625 0.0765625 0.0765625
3 0.6796875 0.4109375 0.078125 0.078125
3 0.63046875 0.45390625 0.0828125 0.0828125
3 0.88125 0.43671875 0.0640625 0.065625
3 0.865625 0.1671875 0.078125 0.1
3 0.48125 0.821875 0.0640625 0.0640625
3 0.6359375 0.04140625 0.08125 0.0796875
3 0.7796875 0.05078125 0.065625 0.0890625
3 0.9703125 0.37578125 0.059375 0.084375
3 0.0640625 0.08984375 0.071875 0.0828125
4 0.8390625 0.46171875 0.046875 0.0890625
3 0.32734375 0.70078125 0.059375 0.0859375
3 0.153125 0.8796875 0.05 0.084375
3 0.50546875 0.96171875 0.0546875 0.0703125
3 0.3265625 0.95625 0.0734375 0.0734375
3 0.2125 0.46796875 0.053125 0.0671875
3 0.83671875 0.1875 0.0546875 0.075
3 0.70625 0.96484375 0.0625 0.0625