3 0.46953125 0.34375 0.0703125 0.0703125
3 0.23125 0.62109375 0.078125 0.078125
3 0.62265625 0.6796875 0.0921875 0.065625
3 0.3828125 0.61015625 0.084375 0.084375
3 0.52734375 0.50703125 0.078125 0.078125
3 0.44921875 0.54453125 0.0796875 0.0734375
3 0.89296875 0.803125 0.071875 0.071875
3 0.74453125 0.18046875 0.1140625 0.0640625
3 0.31328125 0.846875 0.0953125 0.06875
3 0.353125 0.478125 0.096875 0.06875
3 0.1390625 0.84296875 0.078125 0.0796875
3 0.40703125 0.140625 0.08125 0.08125
3 0.809375 0.296875 0.084375 0.084375
3 0.69921875 0.4765625 0.0765625 0.0765625
3 0.65 0.746875 0.0875 0.06875
3 0.54609375 0.39453125 0.0984375 0.06875
3 0.92578125 0.73203125 0.0953125 0.0671875
3 0.5234375 0.275 0.0859375 0.0859375
3 0.15234375 0.94375 0.0734375 0.075
3 0.87734375 0.37109375 0.078125 0.0796875
3 0.10078125 0.603125 0.0984375 0.0625
3 0.22734375 0.2875 0.0828125 0.0828125
3 0.92734375 0.6640625 0.0875 0.0875
3 0.89765625 0.0484375 0.0796875 0.053125
3 0.2609375 0.7015625 0.078125 0.05625
3 0.59921875 0.6015625 0.08125 0.0828125
3 0.63046875 0.86328125 0.0875 0.0875
3 0.1078125 0.7109375 0.084375 0.084375
3 0.72578125 0.61015625 0.075 0.075
3 0.8421875 0.8546875 0.0828125 0.0828125
3 0.44375 0.45703125 0.075 0.075
3 0.91484375 0.915625 0.096875 0.065625
3 0.196875 0.73046875 0.08125 0.0546875
3 0.43359375 0.83671875 0.084375 0.0671875
3 0.5359375 0.5671875 0.1 0.065625
3 0.31171875 0.9140625 0.0796875 0.0625
3 0.41796875 0.2328125 0.0953125 0.065625
3 0.89609375 0.4875 0.0734375 0.0734375
3 0.5640625 0.4421875 0.0859375 0.0859375
3 0.4921875 0.815625 0.090625 0.071875
3 0.71484375 0.3359375 0.1078125 0.065625
3 0.36015625 0.7 0.078125 0.084375
3 0.909375 0.5953125 0.078125 0.0625
3 0.89296875 0.5625 0.1015625 0.05625
3 0.9140625 0.19453125 0.08125 0.0796875
3 0.06484375 0.103125 0.0859375 0.059375
3 0.79296875 0.421875 0.08125 0.08125
3 0.309375 0.178125 0.1125 0.065625
6 0.50078125 0.734375 0.134375 0.0625
6 0.24921875 0.13671875 0.1015625 0.103125
3 0.96015625 0.52109375 0.06875 0.06875
5 0.76796875 0.90390625 0.0984375 0.0984375
3 0.83671875 0.9640625 0.096875 0.065625