3 0.4078125 0.865625 0.078125 0.1
3 0.49296875 0.93671875 0.084375 0.084375
3 0.58359375 0.43359375 0.0875 0.0859375
3 0.13125 0.059375 0.0859375 0.0859375
3 0.0578125 0.27109375 0.075 0.075
3 0.625 0.33125 0.0921875 0.0921875
3 0.396875 0.19453125 0.075 0.0921875
3 0.75390625 0.7125 0.0765625 0.09375
3 0.1421875 0.55859375 0.0859375 0.0859375
3 0.3328125 0.05390625 0.090625 0.090625
3 0.91328125 0.0796875 0.0875 0.0875
3 0.68828125 0.5 0.084375 0.084375
3 0.059375 0.759375 0.075 0.1
3 0.8359375 0.534375 0.0859375 0.0859375
3 0.36484375 0.4609375 0.078125 0.0796875
3 0.125 0.1703125 0.075 0.109375
3 0.51484375 0.32734375 0.078125 0.1078125
3 0.6890625 0.2703125 0.078125 0.096875
3 0.3390625 0.38046875 0.096875 0.096875
3 0.7234375 0.81875 0.078125 0.1
3 0.5484375 0.54453125 0.0875 0.0875
3 0.90625 0.78671875 0.0890625 0.090625
0 0.2953125 0.66640625 0.1109375 0.109375
3 0.909375 0.4296875 0.09375 0.09375
3 0.7609375 0.10703125 0.0875 0.0875
3 0.78359375 0.459375 0.0734375 0.096875
3 0.2703125 0.89140625 0.071875 0.0984375
3 0.8859375 0.15703125 0.0859375 0.0859375
3 0.33125 0.89375 0.06875 0.1
3 0.6078125 0.59140625 0.0953125 0.0953125
3 0.63046875 0.9078125 0.0765625 0.090625
3 0.1859375 0.7765625 0.0828125 0.0828125
3 0.1765625 0.2765625 0.071875 0.1
3 0.0578125 0.4171875 0.0875 0.0875
3 0.66796875 0.646875 0.0765625 0.090625
3 0.85390625 0.22109375 0.0890625 0.0890625
3 0.15 0.9453125 0.0734375 0.0734375
3 0.6171875 0.87578125 0.084375 0.0859375
3 0.3671875 0.55078125 0.078125 0.0984375
3 0.54140625 0.6703125 0.0640625 0.0640625
3 0.7953125 0.88515625 0.075 0.1015625
3 0.9375 0.34140625 0.075 0.1109375
3 0.296875 0.75859375 0.0765625 0.0765625
3 0.12890625 0.72890625 0.0609375 0.1078125