3 0.5921875 0.865625 0.078125 0.1
3 0.50703125 0.93671875 0.084375 0.084375
3 0.41640625 0.43359375 0.0875 0.0859375
3 0.86875 0.059375 0.06875 0.103125
3 0.9421875 0.27109375 0.059375 0.0890625
3 0.375 0.33125 0.08125 0.103125
3 0.603125 0.19453125 0.075 0.0921875
3 0.24609375 0.7125 0.0765625 0.09375
3 0.8578125 0.55859375 0.071875 0.1015625
3 0.6671875 0.05390625 0.090625 0.090625
3 0.08671875 0.0796875 0.0875 0.0875
3 0.31171875 0.5 0.0734375 0.096875
3 0.940625 0.759375 0.0875 0.0875
3 0.1640625 0.534375 0.0859375 0.0859375
3 0.63515625 0.4609375 0.0671875 0.090625
3 0.875 0.1703125 0.075 0.109375
3 0.48515625 0.32734375 0.09375 0.09375
3 0.3109375 0.2703125 0.078125 0.096875
3 0.6609375 0.38046875 0.084375 0.1109375
3 0.2765625 0.81875 0.0890625 0.0890625
3 0.4515625 0.54453125 0.075 0.1015625
3 0.09375 0.78671875 0.0890625 0.090625
0 0.7046875 0.66640625 0.1 0.1203125
3 0.090625 0.4296875 0.09375 0.09375
3 0.2390625 0.10703125 0.078125 0.0984375
3 0.21640625 0.459375 0.0734375 0.096875
3 0.7296875 0.89140625 0.0859375 0.0859375
3 0.1140625 0.15703125 0.071875 0.0984375
3 0.66875 0.89375 0.06875 0.1
3 0.3921875 0.59140625 0.0953125 0.0953125
3 0.36953125 0.9078125 0.0765625 0.090625
3 0.8140625 0.7765625 0.0828125 0.0828125
3 0.8234375 0.2765625 0.0859375 0.0859375
3 0.9421875 0.4171875 0.0875 0.0875
3 0.33203125 0.646875 0.0765625 0.090625
3 0.14609375 0.22109375 0.0890625 0.0890625
3 0.85 0.9453125 0.0625 0.084375
3 0.3828125 0.87578125 0.084375 0.0859375
3 0.6328125 0.55078125 0.078125 0.0984375
3 0.45859375 0.6703125 0.0609375 0.06875
3 0.2046875 0.88515625 0.0875 0.0890625
3 0.0625 0.34140625 0.075 0.1109375
3 0.703125 0.75859375 0.0765625 0.0765625
3 0.87109375 0.72890625 0.0609375 0.1078125