3 0.134375 0.4078125 0.0890625 0.0890625
3 0.06328125 0.49296875 0.084375 0.084375
3 0.56640625 0.58359375 0.0859375 0.0875
3 0.940625 0.13125 0.103125 0.06875
3 0.72890625 0.0578125 0.075 0.075
3 0.66875 0.625 0.103125 0.08125
3 0.80546875 0.396875 0.0921875 0.075
3 0.2875 0.75390625 0.09375 0.0765625
3 0.44140625 0.1421875 0.1015625 0.071875
3 0.94609375 0.3328125 0.1 0.08125
3 0.9203125 0.91328125 0.0875 0.0875
3 0.5 0.68828125 0.096875 0.0734375
3 0.240625 0.059375 0.0875 0.0875
3 0.465625 0.8359375 0.1 0.071875
3 0.5390625 0.36484375 0.0796875 0.078125
3 0.8296875 0.125 0.109375 0.075
3 0.67265625 0.51484375 0.1078125 0.078125
3 0.7296875 0.6890625 0.0875 0.0875
3 0.61953125 0.3390625 0.096875 0.096875
3 0.18125 0.7234375 0.1 0.078125
3 0.45546875 0.5484375 0.0875 0.0875
3 0.21328125 0.90625 0.0921875 0.0875
0 0.33359375 0.2953125 0.1203125 0.1
3 0.5703125 0.909375 0.09375 0.09375
3 0.89296875 0.7609375 0.0984375 0.078125
3 0.540625 0.78359375 0.096875 0.0734375
3 0.10859375 0.2703125 0.0859375 0.0859375
3 0.84296875 0.8859375 0.0859375 0.0859375
3 0.10625 0.33125 0.1 0.06875
3 0.40859375 0.6078125 0.1078125 0.084375
3 0.0921875 0.63046875 0.084375 0.084375
3 0.2234375 0.1859375 0.09375 0.071875
3 0.7234375 0.1765625 0.1 0.071875
3 0.5828125 0.0578125 0.0875 0.0875
3 0.353125 0.66796875 0.084375 0.0828125
3 0.77890625 0.85390625 0.1015625 0.0765625
3 0.0546875 0.15 0.084375 0.0625
3 0.12421875 0.6171875 0.0859375 0.084375
3 0.44921875 0.3671875 0.0875 0.0890625
3 0.3296875 0.54140625 0.06875 0.0609375
3 0.11484375 0.7953125 0.0890625 0.0890625
3 0.65859375 0.9375 0.0921875 0.0921875
3 0.24140625 0.296875 0.0859375 0.06875
3 0.27109375 0.12890625 0.1078125 0.0609375