3 0.68125 0.49765625 0.078125 0.078125
3 0.57890625 0.54921875 0.0890625 0.0890625
3 0.1453125 0.9296875 0.078125 0.096875
3 0.615625 0.90234375 0.08125 0.08125
3 0.90703125 0.4203125 0.08125 0.08125
3 0.5 0.246875 0.071875 0.1
3 0.47890625 0.1421875 0.071875 0.096875
3 0.2703125 0.834375 0.084375 0.084375
3 0.534375 0.76875 0.075 0.09375
3 0.84140625 0.58828125 0.0671875 0.096875
3 0.403125 0.409375 0.0703125 0.0703125
3 0.7890625 0.73515625 0.075 0.075
3 0.67890625 0.29453125 0.0765625 0.0921875
3 0.184375 0.7390625 0.0625 0.0875
3 0.62265625 0.3734375 0.078125 0.0796875
3 0.603125 0.09140625 0.0625 0.0828125
3 0.96875 0.26640625 0.059375 0.0828125
3 0.79609375 0.875 0.0453125 0.075
6 0.828125 0.8046875 0.08125 0.103125
3 0.23203125 0.25546875 0.0734375 0.0734375
3 0.44296875 0.7546875 0.0546875 0.084375
3 0.20546875 0.4625 0.0609375 0.078125
3 0.74453125 0.91171875 0.0734375 0.1109375
3 0.1265625 0.62578125 0.071875 0.0828125
3 0.41875 0.1140625 0.075 0.075
3 0.93984375 0.3484375 0.05625 0.084375
6 0.7671875 0.5375 0.08125 0.09375
3 0.8625 0.05859375 0.078125 0.078125
3 0.57109375 0.83515625 0.0578125 0.075
3 0.97109375 0.75 0.0578125 0.1
3 0.8640625 0.1578125 0.0703125 0.0703125
3 0.6625 0.14375 0.06875 0.0875
3 0.91640625 0.1171875 0.0515625 0.090625
3 0.66640625 0.2078125 0.078125 0.078125
3 0.1734375 0.25625 0.078125 0.0890625
3 0.70546875 0.7734375 0.0703125 0.096875
3 0.75625 0.82421875 0.0671875 0.0671875
3 0.4875 0.45859375 0.06875 0.0671875
3 0.4375 0.2015625 0.05625 0.071875
3 0.7140625 0.71171875 0.0625 0.0875
3 0.753125 0.43984375 0.0625 0.0765625
3 0.78984375 0.19765625 0.078125 0.078125
3 0.8859375 0.328125 0.053125 0.06875
3 0.35703125 0.3484375 0.06875 0.06875
3 0.51640625 0.3296875 0.065625 0.065625
3 0.7703125 0.68046875 0.08125 0.08125
3 0.371875 0.49765625 0.065625 0.0671875
3 0.48671875 0.8390625 0.071875 0.0703125
3 0.75859375 0.5953125 0.0734375 0.0734375
3 0.7234375 0.3578125 0.075 0.075
3 0.1234375 0.2984375 0.0671875 0.0671875
3 0.165625 0.5609375 0.0765625 0.0765625
3 0.9046875 0.9109375 0.059375 0.078125
3 0.96171875 0.06640625 0.0765625 0.0796875
3 0.13671875 0.7046875 0.0515625 0.075
3 0.5265625 0.48984375 0.053125 0.0640625
3 0.35703125 0.95703125 0.071875 0.071875
3 0.97109375 0.54921875 0.0578125 0.0734375
3 0.609375 0.165625 0.0578125 0.059375
3 0.75546875 0.0359375 0.0625 0.0625
3 0.35625 0.27109375 0.065625 0.0671875
3 0.39296875 0.2375 0.0453125 0.084375
3 0.1328125 0.03359375 0.0546875 0.0546875
3 0.30234375 0.76484375 0.0421875 0.0671875