3 0.50234375 0.68125 0.078125 0.078125
3 0.45078125 0.57890625 0.0890625 0.0890625
3 0.0703125 0.1453125 0.096875 0.078125
3 0.09765625 0.615625 0.08125 0.08125
3 0.5796875 0.90703125 0.090625 0.0734375
3 0.753125 0.5 0.0859375 0.0859375
3 0.8578125 0.47890625 0.096875 0.071875
3 0.165625 0.2703125 0.096875 0.071875
3 0.23125 0.534375 0.084375 0.084375
3 0.41171875 0.84140625 0.096875 0.0671875
3 0.590625 0.403125 0.08125 0.059375
3 0.26484375 0.7890625 0.075 0.075
3 0.70546875 0.67890625 0.084375 0.084375
3 0.2609375 0.184375 0.075 0.075
3 0.6265625 0.62265625 0.0796875 0.078125
3 0.90859375 0.603125 0.0828125 0.0625
3 0.7328125 0.96640625 0.071875 0.0671875
3 0.125 0.79609375 0.075 0.0453125
6 0.1953125 0.828125 0.0921875 0.09375
3 0.74453125 0.23203125 0.0734375 0.0734375
3 0.2453125 0.44296875 0.06875 0.06875
3 0.5375 0.20546875 0.06875 0.06875
3 0.08828125 0.74453125 0.1109375 0.0734375
3 0.37421875 0.1265625 0.0765625 0.0765625
3 0.8859375 0.41875 0.084375 0.065625
3 0.6515625 0.93984375 0.084375 0.05625
6 0.4625 0.7671875 0.0875 0.0875
3 0.94140625 0.8625 0.0890625 0.06875
3 0.16484375 0.57109375 0.065625 0.0671875
3 0.25 0.97109375 0.1 0.0578125
3 0.8421875 0.8640625 0.0703125 0.0703125
3 0.85625 0.6625 0.078125 0.0796875
3 0.8828125 0.91640625 0.090625 0.0515625
3 0.7921875 0.66640625 0.084375 0.0703125
3 0.74375 0.1734375 0.0875 0.078125
3 0.2265625 0.70546875 0.096875 0.0703125
3 0.17578125 0.75625 0.0765625 0.05625
3 0.54140625 0.4875 0.0671875 0.06875
3 0.7984375 0.4375 0.0640625 0.0640625
3 0.28828125 0.7140625 0.075 0.075
3 0.56015625 0.753125 0.0703125 0.06875
3 0.80234375 0.78984375 0.0890625 0.0671875
3 0.671875 0.8859375 0.06875 0.053125
3 0.6515625 0.35703125 0.06875 0.06875
3 0.6703125 0.51640625 0.065625 0.065625
3 0.31953125 0.7703125 0.08125 0.0828125
3 0.50234375 0.371875 0.0671875 0.065625
3 0.1609375 0.48671875 0.075 0.0671875
3 0.4046875 0.75859375 0.0734375 0.0734375
3 0.6421875 0.7234375 0.075 0.075
3 0.7015625 0.1234375 0.0671875 0.0671875
3 0.4390625 0.165625 0.0765625 0.075
3 0.0890625 0.9046875 0.078125 0.059375
3 0.93359375 0.96171875 0.0796875 0.0765625
3 0.2953125 0.13671875 0.0625 0.0625
3 0.51015625 0.5265625 0.0640625 0.053125
3 0.04296875 0.35703125 0.071875 0.071875
3 0.45078125 0.97109375 0.0734375 0.0578125
3 0.834375 0.609375 0.059375 0.0578125
3 0.9640625 0.75546875 0.071875 0.053125
3 0.72890625 0.35625 0.0765625 0.05625
3 0.7625 0.39296875 0.065625 0.0640625
3 0.96640625 0.1328125 0.053125 0.0546875
3 0.23515625 0.30234375 0.0546875 0.0546875