3 0.33359375 0.25234375 0.0828125 0.0609375
3 0.83984375 0.68984375 0.0890625 0.071875
3 0.8734375 0.2203125 0.0703125 0.0703125
3 0.35546875 0.73828125 0.071875 0.071875
3 0.57109375 0.37265625 0.075 0.075
3 0.72265625 0.4703125 0.090625 0.065625
3 0.471875 0.871875 0.1 0.05625
3 0.7796875 0.36015625 0.084375 0.0640625
3 0.56015625 0.92109375 0.0796875 0.0796875
3 0.7734375 0.2046875 0.090625 0.090625
3 0.71484375 0.815625 0.0921875 0.065625
3 0.4140625 0.92578125 0.096875 0.0734375
3 0.6140625 0.115625 0.084375 0.084375
3 0.9390625 0.59921875 0.0875 0.0578125
3 0.64921875 0.5234375 0.08125 0.08125
3 0.26171875 0.94375 0.0921875 0.075
3 0.45234375 0.0578125 0.0875 0.0859375
3 0.67265625 0.61015625 0.0828125 0.08125
3 0.571875 0.5984375 0.084375 0.071875
3 0.34609375 0.8296875 0.0921875 0.071875
3 0.72109375 0.69375 0.078125 0.078125
3 0.5453125 0.48828125 0.08125 0.08125
3 0.4609375 0.11796875 0.096875 0.0796875
3 0.8140625 0.1 0.1 0.075
3 0.21953125 0.2828125 0.1015625 0.06875
3 0.28203125 0.07421875 0.0875 0.0875
3 0.46953125 0.415625 0.08125 0.08125
3 0.5359375 0.171875 0.078125 0.0625
3 0.4203125 0.215625 0.078125 0.0625
0 0.8875 0.5390625 0.1 0.1
3 0.2109375 0.196875 0.084375 0.084375
3 0.3453125 0.18359375 0.090625 0.08125
3 0.06484375 0.61875 0.096875 0.065625
3 0.8171875 0.878125 0.0734375 0.0734375
3 0.68203125 0.296875 0.090625 0.06875
3 0.53671875 0.5515625 0.096875 0.06875
3 0.6046875 0.30390625 0.08125 0.0640625
3 0.275 0.5828125 0.0703125 0.0703125
6 0.1484375 0.12265625 0.1046875 0.1046875
2 0.23359375 0.646875 0.1125 0.1109375
3 0.86875 0.12421875 0.090625 0.0578125
3 0.9140625 0.3171875 0.0828125 0.0828125
3 0.0484375 0.5828125 0.084375 0.06875