3 0.74765625 0.66640625 0.071875 0.071875
3 0.31015625 0.16015625 0.071875 0.0890625
3 0.7796875 0.1265625 0.0703125 0.0703125
3 0.26171875 0.64453125 0.071875 0.071875
3 0.62734375 0.42890625 0.0640625 0.084375
3 0.5296875 0.27734375 0.065625 0.090625
3 0.128125 0.528125 0.078125 0.078125
3 0.63984375 0.2203125 0.0640625 0.084375
3 0.07890625 0.43984375 0.06875 0.090625
3 0.7953125 0.2265625 0.078125 0.103125
3 0.184375 0.28515625 0.065625 0.0921875
3 0.07421875 0.5859375 0.0734375 0.096875
3 0.884375 0.3859375 0.078125 0.090625
3 0.40078125 0.0609375 0.0578125 0.0875
3 0.4765625 0.35078125 0.078125 0.084375
3 0.05625 0.73828125 0.075 0.0921875
3 0.9421875 0.54765625 0.071875 0.1015625
3 0.38984375 0.32734375 0.0828125 0.0828125
3 0.4015625 0.428125 0.078125 0.078125
3 0.1703125 0.65390625 0.071875 0.0921875
3 0.30625 0.27890625 0.06875 0.0890625
3 0.51171875 0.4546875 0.08125 0.08125
3 0.88203125 0.5390625 0.0875 0.0890625
3 0.9 0.1859375 0.0875 0.0875
3 0.7171875 0.78046875 0.0859375 0.0859375
3 0.92578125 0.71796875 0.0796875 0.0953125
3 0.584375 0.53046875 0.08125 0.08125
3 0.828125 0.4640625 0.0625 0.078125
3 0.784375 0.5796875 0.0625 0.078125
0 0.4609375 0.1125 0.1 0.1
3 0.803125 0.7890625 0.078125 0.090625
3 0.81640625 0.6546875 0.08125 0.090625
3 0.38125 0.93515625 0.065625 0.096875
3 0.121875 0.1828125 0.0734375 0.0734375
3 0.703125 0.31796875 0.06875 0.090625
3 0.4484375 0.46328125 0.06875 0.096875
3 0.69609375 0.3953125 0.0640625 0.08125
3 0.4171875 0.725 0.059375 0.08125
6 0.87734375 0.8515625 0.0984375 0.1125
2 0.353125 0.76640625 0.1 0.1234375
3 0.87578125 0.13125 0.0578125 0.090625
3 0.6828125 0.0859375 0.0828125 0.0828125
3 0.4171875 0.9515625 0.06875 0.084375