3 0.85 0.35078125 0.0625 0.0921875
3 0.15 0.10703125 0.0625 0.0890625
3 0.28984375 0.3515625 0.0890625 0.090625
3 0.6796875 0.43984375 0.071875 0.071875
3 0.2796875 0.5625 0.065625 0.090625
3 0.83359375 0.903125 0.078125 0.10625
3 0.4203125 0.64765625 0.0828125 0.084375
3 0.95 0.1703125 0.0765625 0.078125
3 0.103125 0.67890625 0.06875 0.0921875
3 0.759375 0.09765625 0.0796875 0.0796875
3 0.64296875 0.1296875 0.075 0.075
3 0.6875 0.80390625 0.06875 0.0765625
3 0.678125 0.87734375 0.0625 0.078125
3 0.8 0.6359375 0.06875 0.084375
3 0.5578125 0.6484375 0.0671875 0.0671875
3 0.471875 0.5703125 0.0625 0.08125
3 0.9609375 0.66328125 0.059375 0.0828125
3 0.53046875 0.39765625 0.08125 0.08125
3 0.9234375 0.721875 0.0765625 0.0765625
3 0.9375 0.296875 0.05625 0.08125
3 0.6046875 0.7796875 0.059375 0.096875
6 0.09921875 0.81953125 0.0921875 0.09375
3 0.28203125 0.89453125 0.071875 0.0921875
3 0.5015625 0.2765625 0.0734375 0.0734375
3 0.140625 0.39296875 0.0765625 0.075
3 0.5046875 0.8328125 0.053125 0.084375
3 0.60703125 0.66796875 0.078125 0.078125
3 0.18984375 0.73359375 0.0609375 0.0703125
3 0.61796875 0.42890625 0.078125 0.078125
3 0.05 0.9390625 0.0625 0.075
3 0.91484375 0.221875 0.0671875 0.0875
3 0.459375 0.128125 0.0625 0.0875
3 0.09140625 0.07109375 0.0640625 0.096875
3 0.0703125 0.140625 0.0625 0.078125
3 0.27109375 0.4453125 0.06875 0.0671875
3 0.70078125 0.11328125 0.0671875 0.0671875
3 0.8640625 0.1859375 0.078125 0.078125
3 0.35859375 0.690625 0.0578125 0.08125
3 0.82265625 0.08125 0.0703125 0.06875
3 0.63046875 0.5515625 0.071875 0.071875
3 0.2578125 0.12578125 0.065625 0.0734375
3 0.5046875 0.07734375 0.0625 0.084375
3 0.53828125 0.95078125 0.078125 0.078125
3 0.0921875 0.2125 0.059375 0.06875
3 0.33515625 0.84375 0.071875 0.071875
3 0.43359375 0.0734375 0.06875 0.06875
3 0.20859375 0.65234375 0.0796875 0.0796875
3 0.9390625 0.9484375 0.075 0.096875
3 0.6421875 0.859375 0.0703125 0.0703125
3 0.6359375 0.21328125 0.059375 0.059375
1 0.3484375 0.13984375 0.0953125 0.096875
3 0.5859375 0.11484375 0.0640625 0.0625
3 0.65625 0.353125 0.075 0.071875
3 0.1765625 0.8078125 0.06875 0.06875
3 0.6109375 0.4921875 0.084375 0.071875
3 0.09921875 0.45859375 0.08125 0.08125
3 0.621875 0.27734375 0.0703125 0.0703125
3 0.2546875 0.0453125 0.0640625 0.0640625
3 0.89453125 0.625 0.059375 0.0609375
3 0.8234375 0.78046875 0.0609375 0.059375
3 0.165625 0.67109375 0.05625 0.0828125
3 0.24296875 0.70546875 0.0484375 0.0890625
3 0.96484375 0.35859375 0.0703125 0.0890625
3 0.05703125 0.06484375 0.075 0.075
3 0.33515625 0.0578125 0.0734375 0.0734375
3 0.3671875 0.0703125 0.071875 0.103125
3 0.671875 0.23671875 0.0546875 0.0546875
3 0.66171875 0.3203125 0.0578125 0.071875
3 0.928125 0.75625 0.071875 0.071875
3 0.959375 0.42890625 0.05 0.0640625
3 0.86171875 0.0359375 0.059375 0.071875
3 0.9703125 0.56328125 0.05625 0.0796875