3 0.85 0.64921875 0.078125 0.078125
3 0.15 0.89296875 0.075 0.075
3 0.28984375 0.6484375 0.0890625 0.090625
3 0.6796875 0.56015625 0.059375 0.0828125
3 0.2796875 0.4375 0.078125 0.078125
3 0.83359375 0.096875 0.0921875 0.090625
3 0.4203125 0.35234375 0.06875 0.0984375
3 0.95 0.8296875 0.06875 0.084375
3 0.103125 0.32109375 0.06875 0.0921875
3 0.759375 0.90234375 0.0625 0.096875
3 0.64296875 0.8703125 0.075 0.075
3 0.6875 0.19609375 0.071875 0.0734375
3 0.678125 0.12265625 0.0625 0.078125
3 0.8 0.3640625 0.06875 0.084375
3 0.5578125 0.3515625 0.0671875 0.0671875
3 0.471875 0.4296875 0.071875 0.071875
3 0.9609375 0.33671875 0.059375 0.0828125
3 0.53046875 0.60234375 0.08125 0.08125
3 0.9234375 0.278125 0.0765625 0.0765625
3 0.9375 0.703125 0.06875 0.06875
3 0.6046875 0.2203125 0.078125 0.078125
6 0.09921875 0.18046875 0.0921875 0.09375
3 0.28203125 0.10546875 0.08125 0.08125
3 0.5015625 0.7234375 0.075 0.0734375
3 0.140625 0.60703125 0.0765625 0.075
3 0.5046875 0.1671875 0.06875 0.06875
3 0.60703125 0.33203125 0.0703125 0.0859375
3 0.18984375 0.26640625 0.065625 0.065625
3 0.61796875 0.57109375 0.0671875 0.0890625
3 0.05 0.0609375 0.06875 0.06875
3 0.91484375 0.778125 0.078125 0.0765625
3 0.459375 0.871875 0.075 0.075
3 0.09140625 0.92890625 0.0796875 0.08125
3 0.0703125 0.859375 0.0703125 0.0703125
3 0.27109375 0.5546875 0.06875 0.0671875
3 0.70078125 0.88671875 0.0546875 0.0796875
3 0.8640625 0.8140625 0.078125 0.078125
3 0.35859375 0.309375 0.0578125 0.08125
3 0.82265625 0.91875 0.0703125 0.06875
3 0.63046875 0.4484375 0.071875 0.071875
3 0.2578125 0.87421875 0.065625 0.0734375
3 0.5046875 0.92265625 0.0625 0.084375
3 0.53828125 0.04921875 0.078125 0.078125
3 0.0921875 0.7875 0.0640625 0.0640625
3 0.33515625 0.15625 0.0640625 0.078125
3 0.43359375 0.9265625 0.06875 0.06875
3 0.20859375 0.34765625 0.0796875 0.0796875
3 0.9390625 0.0515625 0.075 0.096875
3 0.6421875 0.140625 0.0703125 0.0703125
3 0.6359375 0.78671875 0.059375 0.059375
1 0.3484375 0.86015625 0.0953125 0.096875
3 0.5859375 0.88515625 0.0640625 0.0625
3 0.65625 0.646875 0.0734375 0.0734375
3 0.1765625 0.1921875 0.0625 0.075
3 0.6109375 0.5078125 0.078125 0.078125
3 0.09921875 0.54140625 0.08125 0.08125
3 0.621875 0.72265625 0.0703125 0.0703125
3 0.2546875 0.9546875 0.059375 0.06875
3 0.89453125 0.375 0.059375 0.0609375
3 0.8234375 0.21953125 0.053125 0.0671875
3 0.165625 0.32890625 0.06875 0.06875
3 0.24296875 0.29453125 0.06875 0.06875
3 0.96484375 0.64140625 0.0703125 0.0890625
3 0.05703125 0.93515625 0.0671875 0.0828125
3 0.33515625 0.9421875 0.0734375 0.0734375
3 0.3671875 0.9296875 0.071875 0.103125
3 0.671875 0.76328125 0.05 0.059375
3 0.66171875 0.6796875 0.065625 0.0640625
3 0.928125 0.24375 0.071875 0.071875
3 0.959375 0.57109375 0.0578125 0.05625
3 0.86171875 0.9640625 0.059375 0.071875
3 0.96796875 0.4359375 0.0640625 0.06875