3 0.7078125 0.20390625 0.0765625 0.0765625
3 0.51328125 0.86484375 0.0875 0.0875
3 0.8140625 0.2 0.0859375 0.0859375
3 0.95390625 0.9421875 0.075 0.0765625
3 0.91796875 0.28046875 0.071875 0.071875
3 0.86484375 0.4078125 0.06875 0.090625
3 0.890625 0.3390625 0.0625 0.071875
3 0.46875 0.94609375 0.078125 0.0953125
3 0.415625 0.7734375 0.078125 0.103125
3 0.8140625 0.49140625 0.071875 0.1078125
3 0.8109375 0.58671875 0.071875 0.0921875
3 0.6078125 0.81796875 0.078125 0.1140625
3 0.73984375 0.534375 0.084375 0.084375
3 0.53359375 0.109375 0.0703125 0.096875
3 0.31484375 0.92265625 0.078125 0.1109375
3 0.87578125 0.13046875 0.0859375 0.0875
3 0.934375 0.63828125 0.075 0.1
3 0.37421875 0.6734375 0.0796875 0.1125
3 0.22265625 0.603125 0.0734375 0.103125
3 0.7390625 0.2859375 0.090625 0.090625
3 0.8046875 0.32265625 0.065625 0.0921875
3 0.665625 0.53046875 0.075 0.1078125
3 0.825 0.30078125 0.075 0.1046875
3 0.80078125 0.68203125 0.071875 0.0984375
3 0.48125 0.74609375 0.0625 0.0921875
3 0.31484375 0.80234375 0.0765625 0.0765625
3 0.78828125 0.10703125 0.071875 0.0921875
3 0.684375 0.43125 0.0921875 0.0921875
3 0.8640625 0.64375 0.0890625 0.0890625
3 0.153125 0.48359375 0.078125 0.1140625
3 0.12578125 0.6515625 0.0859375 0.0859375
3 0.6734375 0.11875 0.078125 0.09375
3 0.8875 0.865625 0.0796875 0.0796875
3 0.6796875 0.84296875 0.071875 0.1015625
3 0.93671875 0.565625 0.0578125 0.078125
3 0.2375 0.10703125 0.0828125 0.0828125
3 0.4546875 0.6203125 0.071875 0.1
3 0.58671875 0.14609375 0.0890625 0.0890625
3 0.478125 0.67734375 0.08125 0.08125
3 0.11484375 0.296875 0.0734375 0.10625
3 0.215625 0.84140625 0.08125 0.1046875
3 0.23125 0.42109375 0.084375 0.084375
3 0.2390625 0.25546875 0.090625 0.090625
3 0.428125 0.0953125 0.0640625 0.0640625
3 0.43203125 0.82890625 0.090625 0.090625
3 0.32265625 0.57890625 0.059375 0.0984375
3 0.72890625 0.7234375 0.0671875 0.103125
3 0.41640625 0.6234375 0.0734375 0.096875
3 0.25390625 0.515625 0.078125 0.078125
6 0.1484375 0.2046875 0.090625 0.090625
3 0.63125 0.265625 0.075 0.09375
3 0.9234375 0.42890625 0.0625 0.0640625
3 0.05078125 0.26015625 0.0703125 0.1046875
3 0.253125 0.3296875 0.0828125 0.0828125
3 0.82265625 0.7765625 0.0703125 0.1
3 0.178125 0.54921875 0.06875 0.0703125
3 0.88046875 0.7703125 0.065625 0.0640625
6 0.78359375 0.77421875 0.096875 0.096875
6 0.26796875 0.8390625 0.0671875 0.134375
6 0.40546875 0.509375 0.1125 0.1140625
3 0.3359375 0.7375 0.06875 0.06875
3 0.83203125 0.90703125 0.0703125 0.0828125
3 0.796875 0.89296875 0.08125 0.08125
3 0.7703125 0.8765625 0.075 0.075
3 0.734375 0.878125 0.05625 0.10625
3 0.6609375 0.665625 0.065625 0.065625
3 0.61875 0.184375 0.08125 0.08125
3 0.6359375 0.10546875 0.0625 0.0765625
3 0.6640625 0.21953125 0.0796875 0.078125
3 0.56875 0.71953125 0.0625 0.0859375
3 0.63203125 0.7296875 0.0703125 0.084375
3 0.6984375 0.7328125 0.078125 0.078125
3 0.6546875 0.753125 0.059375 0.084375
3 0.35859375 0.834375 0.0671875 0.0671875
3 0.8609375 0.1046875 0.065625 0.090625
3 0.2984375 0.57890625 0.071875 0.0984375
3 0.6015625 0.746875 0.0765625 0.0765625
3 0.115625 0.396875 0.05625 0.109375