3 0.409375 0.41328125 0.08125 0.1109375
3 0.9453125 0.55546875 0.078125 0.0921875
3 0.090625 0.5640625 0.0984375 0.0984375
3 0.75078125 0.63125 0.0828125 0.103125
3 0.51796875 0.646875 0.0765625 0.103125
3 0.6140625 0.6453125 0.084375 0.084375
3 0.0890625 0.24609375 0.0875 0.0875
3 0.4125 0.60546875 0.078125 0.103125
3 0.4125 0.88359375 0.075 0.0953125
3 0.22421875 0.32578125 0.078125 0.078125
3 0.9375 0.8578125 0.0875 0.0875
3 0.51953125 0.1578125 0.078125 0.078125
3 0.484375 0.5234375 0.08125 0.103125
3 0.1671875 0.47734375 0.0953125 0.0953125
3 0.78046875 0.11171875 0.0890625 0.0890625
3 0.1390625 0.21640625 0.071875 0.0953125
3 0.12578125 0.865625 0.078125 0.103125
3 0.4109375 0.12578125 0.078125 0.109375
3 0.459375 0.21640625 0.0984375 0.096875
3 0.315625 0.2828125 0.065625 0.084375
3 0.6625 0.3296875 0.090625 0.090625
3 0.61796875 0.52734375 0.0828125 0.090625
3 0.8171875 0.8078125 0.0921875 0.0921875
3 0.196875 0.60625 0.0921875 0.0921875
3 0.3109375 0.17734375 0.071875 0.1015625
3 0.846875 0.3265625 0.0875 0.0875
3 0.65625 0.69609375 0.06875 0.1046875
3 0.56796875 0.44609375 0.096875 0.096875
3 0.5203125 0.83828125 0.0890625 0.0890625
3 0.1875 0.059375 0.0734375 0.0734375
3 0.0578125 0.4671875 0.084375 0.084375
3 0.753125 0.734375 0.078125 0.103125
3 0.83984375 0.0734375 0.09375 0.0921875
3 0.9140625 0.7234375 0.09375 0.09375
3 0.48671875 0.4109375 0.0703125 0.109375
3 0.2421875 0.184375 0.0875 0.0875
3 0.81796875 0.50078125 0.0875 0.0875
3 0.69375 0.9109375 0.084375 0.084375
3 0.92578125 0.14765625 0.0921875 0.0921875
3 0.3125 0.38515625 0.0875 0.0890625
3 0.67578125 0.59140625 0.0875 0.0875
3 0.63828125 0.0640625 0.078125 0.0765625
3 0.22109375 0.12109375 0.0828125 0.0828125
3 0.8828125 0.92890625 0.071875 0.1046875
3 0.14765625 0.3171875 0.0875 0.0859375
3 0.615625 0.925 0.08125 0.08125
3 0.909375 0.43046875 0.096875 0.096875
3 0.0734375 0.184375 0.08125 0.0875
3 0.1140625 0.37109375 0.078125 0.0953125
3 0.0734375 0.9453125 0.0890625 0.0890625
3 0.1359375 0.11953125 0.0875 0.0875
3 0.7671875 0.92265625 0.059375 0.0953125
3 0.28828125 0.91171875 0.0875 0.0875
3 0.05390625 0.68203125 0.084375 0.084375
3 0.74453125 0.83359375 0.09375 0.0921875
3 0.33359375 0.0609375 0.084375 0.084375
2 0.7734375 0.41640625 0.1 0.1328125
3 0.33515625 0.64921875 0.0671875 0.096875
3 0.359375 0.75625 0.090625 0.10625
3 0.10703125 0.66953125 0.065625 0.0953125
3 0.346875 0.95 0.0765625 0.0765625
3 0.7390625 0.203125 0.0796875 0.0796875
3 0.640625 0.78828125 0.0796875 0.0796875
3 0.28984375 0.76875 0.065625 0.103125
3 0.6890625 0.2453125 0.08125 0.0828125
3 0.765625 0.2 0.0796875 0.0796875
3 0.6703125 0.2078125 0.065625 0.065625
3 0.13125 0.66171875 0.08125 0.08125
3 0.3890625 0.05703125 0.0828125 0.0828125
3 0.3390625 0.61796875 0.078125 0.0859375
3 0.3703125 0.0734375 0.0859375 0.0859375
3 0.8609375 0.92109375 0.078125 0.1015625
3 0.3453125 0.8640625 0.0859375 0.0859375
3 0.16484375 0.28828125 0.08125 0.08125