3 0.6984375 0.44296875 0.0765625 0.078125
3 0.884375 0.46953125 0.0765625 0.0765625
3 0.23671875 0.28125 0.0890625 0.0875
3 0.91328125 0.90078125 0.0765625 0.0765625
3 0.25 0.6703125 0.09375 0.065625
3 0.740625 0.1375 0.0875 0.0625
3 0.3421875 0.15 0.08125 0.08125
3 0.29765625 0.8484375 0.0890625 0.0671875
3 0.5109375 0.40390625 0.0796875 0.0796875
3 0.5234375 0.26171875 0.08125 0.0796875
3 0.053125 0.246875 0.075 0.075
3 0.0609375 0.64140625 0.090625 0.0703125
3 0.62109375 0.3546875 0.078125 0.078125
3 0.40703125 0.1828125 0.0765625 0.075
3 0.7515625 0.22265625 0.071875 0.0734375
3 0.475 0.60234375 0.06875 0.06875
3 0.359375 0.54375 0.071875 0.071875
3 0.29921875 0.465625 0.0921875 0.0625
3 0.640625 0.69921875 0.096875 0.075
3 0.65546875 0.78984375 0.0734375 0.0734375
3 0.15546875 0.31328125 0.0859375 0.0671875
3 0.590625 0.47734375 0.078125 0.0625
3 0.7234375 0.37734375 0.08125 0.071875
3 0.23828125 0.95390625 0.0765625 0.0765625
3 0.6546875 0.2765625 0.0796875 0.078125
3 0.49296875 0.95390625 0.0890625 0.0609375
3 0.09296875 0.88125 0.0859375 0.06875
3 0.71953125 0.89921875 0.06875 0.06875
3 0.0546875 0.15625 0.0875 0.0625
3 0.32890625 0.33515625 0.0765625 0.0765625
6 0.16640625 0.70234375 0.1125 0.0875
3 0.28984375 0.76953125 0.075 0.0765625
3 0.859375 0.84453125 0.0875 0.0640625
3 0.5265625 0.58515625 0.071875 0.071875
6 0.56953125 0.6453125 0.0875 0.0890625
3 0.22109375 0.87578125 0.065625 0.0546875
3 0.5921875 0.075 0.08125 0.059375
3 0.6734375 0.05 0.071875 0.071875
3 0.89765625 0.63125 0.0859375 0.084375
3 0.3734375 0.09453125 0.084375 0.084375
3 0.18515625 0.92578125 0.0859375 0.0609375
3 0.4046875 0.61171875 0.078125 0.05625
3 0.16328125 0.50078125 0.0765625 0.0671875
3 0.7234375 0.7796875 0.06875 0.06875
3 0.0890625 0.48984375 0.059375 0.059375
3 0.7234375 0.953125 0.084375 0.04375
3 0.140625 0.8109375 0.075 0.059375
1 0.6234375 0.5265625 0.09375 0.09375
3 0.44609375 0.53984375 0.06875 0.06875
3 0.66796875 0.92890625 0.0859375 0.05
3 0.11953125 0.540625 0.0640625 0.053125
6 0.16484375 0.57734375 0.090625 0.090625
3 0.10546875 0.396875 0.075 0.075
3 0.56796875 0.05859375 0.0921875 0.0671875
3 0.4609375 0.07578125 0.103125 0.0765625
3 0.80859375 0.77265625 0.0859375 0.0546875
0 0.44609375 0.9265625 0.109375 0.1109375
3 0.38203125 0.7046875 0.0671875 0.053125
3 0.28515625 0.73515625 0.078125 0.078125
3 0.865625 0.940625 0.0625 0.0625
3 0.82421875 0.7375 0.0765625 0.078125
3 0.37109375 0.73359375 0.0609375 0.0640625
0 0.859375 0.60390625 0.125 0.109375
3 0.86953125 0.771875 0.075 0.0828125