2 0.4328125 0.2796875 0.071875 0.071875
2 0.69765625 0.17109375 0.078125 0.078125
2 0.21015625 0.0484375 0.0921875 0.0625
2 0.57421875 0.50703125 0.0953125 0.0625
2 0.6796875 0.4375 0.0703125 0.071875
2 0.31875 0.21328125 0.0734375 0.0734375
2 0.44453125 0.6859375 0.0921875 0.065625
2 0.56640625 0.2421875 0.078125 0.078125
2 0.865625 0.34375 0.075 0.065625
2 0.46875 0.50703125 0.096875 0.0609375
2 0.43359375 0.428125 0.0734375 0.071875
2 0.084375 0.6453125 0.1 0.0625
2 0.0609375 0.909375 0.08125 0.08125
2 0.23359375 0.509375 0.0890625 0.0625
2 0.859375 0.13515625 0.0765625 0.075
2 0.340625 0.5015625 0.08125 0.08125
2 0.21015625 0.215625 0.0859375 0.0625
2 0.82734375 0.4765625 0.08125 0.08125
2 0.475 0.21484375 0.0875 0.0640625
2 0.69765625 0.3203125 0.0859375 0.059375
2 0.91640625 0.740625 0.090625 0.071875
2 0.2265625 0.58359375 0.090625 0.0609375
2 0.775 0.290625 0.0875 0.071875
2 0.590625 0.30859375 0.078125 0.078125
2 0.88359375 0.9640625 0.0875 0.065625
2 0.3296875 0.69765625 0.0671875 0.0671875
2 0.10546875 0.16640625 0.06875 0.06875
2 0.53359375 0.85625 0.08125 0.08125
2 0.74296875 0.478125 0.084375 0.084375
2 0.5203125 0.7984375 0.0640625 0.0640625
2 0.2625 0.890625 0.08125 0.08125
2 0.24765625 0.34140625 0.078125 0.059375
2 0.71484375 0.23671875 0.0984375 0.0671875
2 0.49921875 0.5703125 0.0828125 0.06875
2 0.565625 0.93828125 0.0828125 0.0828125
2 0.8203125 0.20078125 0.090625 0.090625
2 0.31015625 0.42265625 0.0828125 0.0609375
2 0.95 0.20703125 0.0875 0.0890625
2 0.87890625 0.271875 0.090625 0.090625
2 0.27109375 0.8265625 0.1140625 0.065625
2 0.07109375 0.4484375 0.0640625 0.05
2 0.28515625 0.75625 0.0640625 0.065625
2 0.2484375 0.4109375 0.071875 0.040625
2 0.946875 0.0546875 0.0875 0.0875
2 0.55234375 0.175 0.1046875 0.0625
2 0.6875 0.04765625 0.0953125 0.0953125
2 0.40234375 0.965625 0.0765625 0.06875
3 0.184375 0.30703125 0.08125 0.08125
3 0.60859375 0.1109375 0.1 0.06875