3 0.8 0.36484375 0.05625 0.0859375
3 0.05 0.59921875 0.065625 0.0890625
3 0.42265625 0.296875 0.0703125 0.090625
3 0.72734375 0.85703125 0.0796875 0.0953125
3 0.1890625 0.4671875 0.059375 0.078125
3 0.8953125 0.7515625 0.071875 0.09375
3 0.4234375 0.621875 0.071875 0.090625
3 0.109375 0.646875 0.0625 0.084375
3 0.8375 0.93359375 0.06875 0.0921875
3 0.51328125 0.74921875 0.05625 0.05625
3 0.246875 0.734375 0.0859375 0.0859375
3 0.6578125 0.67265625 0.071875 0.071875
3 0.090625 0.153125 0.0734375 0.0734375
6 0.81015625 0.63359375 0.0953125 0.0953125
3 0.94375 0.3671875 0.08125 0.090625
3 0.28984375 0.43046875 0.06875 0.06875
3 0.25078125 0.8609375 0.0671875 0.08125
3 0.3125 0.9515625 0.075 0.075
3 0.55078125 0.87578125 0.065625 0.065625
3 0.48203125 0.48046875 0.0703125 0.0703125
3 0.4578125 0.0859375 0.065625 0.08125
3 0.73515625 0.15859375 0.0609375 0.0734375
3 0.16875 0.83671875 0.05625 0.0828125
3 0.484375 0.67109375 0.0703125 0.0703125
3 0.415625 0.8796875 0.0703125 0.0703125
3 0.42265625 0.20625 0.06875 0.0703125
3 0.6234375 0.2421875 0.0734375 0.0734375
3 0.590625 0.803125 0.075 0.0875
3 0.8640625 0.2640625 0.0828125 0.0828125
3 0.06171875 0.23828125 0.0765625 0.0765625
3 0.08984375 0.83984375 0.0640625 0.0859375
3 0.04921875 0.32109375 0.0640625 0.0890625
3 0.3375 0.48984375 0.08125 0.0796875
3 0.54609375 0.2359375 0.075 0.0734375
3 0.328125 0.5828125 0.084375 0.0828125
3 0.553125 0.60703125 0.065625 0.0796875
3 0.1765625 0.8515625 0.078125 0.078125
3 0.403125 0.80390625 0.0625 0.071875
3 0.95859375 0.27734375 0.0765625 0.0953125
3 0.3734375 0.740625 0.059375 0.075
3 0.28125 0.16484375 0.071875 0.1078125
3 0.7453125 0.60546875 0.053125 0.0796875
3 0.48203125 0.22578125 0.0609375 0.1046875
3 0.865625 0.34921875 0.084375 0.084375
3 0.51171875 0.1125 0.0640625 0.084375
3 0.68203125 0.59140625 0.06875 0.06875
3 0.63984375 0.5265625 0.0640625 0.071875
3 0.278125 0.52734375 0.071875 0.0859375
3 0.878125 0.04921875 0.075 0.075
3 0.2421875 0.5953125 0.065625 0.065625
3 0.24609375 0.28125 0.0765625 0.0765625
3 0.8984375 0.5828125 0.0625 0.0875
3 0.128125 0.48046875 0.0734375 0.075
3 0.853125 0.4265625 0.0671875 0.0671875
3 0.17578125 0.61640625 0.0609375 0.0828125
3 0.390625 0.56015625 0.06875 0.06875
3 0.65546875 0.4046875 0.08125 0.0828125
3 0.8171875 0.20703125 0.071875 0.0703125
3 0.31171875 0.3296875 0.059375 0.0625
3 0.89296875 0.67265625 0.06875 0.06875
3 0.4765625 0.81171875 0.065625 0.065625
3 0.128125 0.21171875 0.078125 0.0765625
3 0.07578125 0.90078125 0.0609375 0.0734375
3 0.20390625 0.25234375 0.0828125 0.0828125
3 0.46875 0.88125 0.065625 0.065625
3 0.25625 0.11171875 0.0609375 0.0609375
3 0.60390625 0.37265625 0.0625 0.0734375
3 0.4171875 0.4984375 0.065625 0.065625
3 0.1265625 0.6765625 0.065625 0.078125
3 0.3625 0.6546875 0.06875 0.090625
3 0.09296875 0.5390625 0.0546875 0.06875
6 0.28671875 0.65859375 0.090625 0.090625
3 0.81015625 0.88515625 0.08125 0.08125
3 0.134375 0.05859375 0.05 0.0671875
3 0.9046875 0.49921875 0.059375 0.059375
3 0.92109375 0.8765625 0.0640625 0.075
3 0.159375 0.13828125 0.06875 0.0796875
3 0.66015625 0.12265625 0.0484375 0.0828125
3 0.34453125 0.3859375 0.0515625 0.071875
3 0.7640625 0.0421875 0.0765625 0.078125
3 0.69375 0.48671875 0.0609375 0.059375
3 0.8234375 0.7546875 0.059375 0.075
3 0.84453125 0.1171875 0.065625 0.096875
3 0.68125 0.20859375 0.0671875 0.06875
3 0.93203125 0.84609375 0.078125 0.078125
3 0.596875 0.45390625 0.05625 0.0796875
3 0.7140625 0.08671875 0.05625 0.0734375
3 0.74296875 0.77578125 0.0671875 0.0703125
3 0.215625 0.53046875 0.0625 0.0625
3 0.68515625 0.91015625 0.0578125 0.0578125
3 0.3796875 0.09765625 0.05625 0.05625
3 0.63515625 0.74375 0.0671875 0.0671875
3 0.1015625 0.42734375 0.053125 0.0609375
3 0.52890625 0.07265625 0.0734375 0.0734375
3 0.0328125 0.05859375 0.065625 0.0671875
3 0.02734375 0.49140625 0.0546875 0.0609375
3 0.1328125 0.34921875 0.06875 0.0671875
3 0.1578125 0.1921875 0.0671875 0.0671875
3 0.2875 0.2625 0.059375 0.075
3 0.1484375 0.28203125 0.053125 0.0578125
3 0.0796875 0.3734375 0.053125 0.065625
3 0.05546875 0.41328125 0.0703125 0.0703125
3 0.1140625 0.76171875 0.071875 0.0703125
3 0.46015625 0.746875 0.05625 0.05625
3 0.79921875 0.54921875 0.0421875 0.0875
3 0.68515625 0.159375 0.059375 0.059375
3 0.8046875 0.2828125 0.053125 0.065625
3 0.65859375 0.29765625 0.0703125 0.0703125
3 0.5546875 0.42421875 0.05 0.0640625
3 0.5390625 0.534375 0.059375 0.059375
3 0.3953125 0.96875 0.059375 0.059375
3 0.7609375 0.7421875 0.0546875 0.0546875
3 0.8171875 0.10078125 0.065625 0.065625
3 0.58046875 0.4875 0.0578125 0.071875
3 0.02890625 0.37265625 0.0578125 0.0671875
6 0.17578125 0.3515625 0.09375 0.0953125
3 0.5859375 0.66640625 0.0625 0.0828125
3 0.5578125 0.7015625 0.065625 0.103125
3 0.96796875 0.74765625 0.0640625 0.0671875