3 0.7109375 0.27109375 0.053125 0.0734375
3 0.6671875 0.68203125 0.075 0.075
3 0.70390625 0.13203125 0.0640625 0.0875
3 0.753125 0.20234375 0.075 0.075
3 0.58515625 0.51953125 0.0609375 0.0796875
3 0.9484375 0.56015625 0.0796875 0.078125
3 0.90625 0.22109375 0.0625 0.0875
3 0.51484375 0.91328125 0.0640625 0.0984375
3 0.0578125 0.53203125 0.065625 0.084375
3 0.61796875 0.6640625 0.0625 0.096875
3 0.825 0.86015625 0.0625 0.0921875
3 0.70078125 0.36484375 0.0578125 0.0796875
3 0.5984375 0.90234375 0.06875 0.0703125
3 0.94453125 0.69921875 0.0671875 0.0953125
3 0.4640625 0.42734375 0.06875 0.0859375
3 0.11015625 0.4578125 0.075 0.075
3 0.3890625 0.41015625 0.0703125 0.0703125
3 0.8828125 0.0578125 0.075 0.103125
3 0.865625 0.13515625 0.059375 0.0921875
3 0.04453125 0.76796875 0.0703125 0.0703125
3 0.15625 0.340625 0.06875 0.06875
3 0.4640625 0.84375 0.065625 0.09375
3 0.19296875 0.1203125 0.0671875 0.078125
3 0.20625 0.4671875 0.0625 0.0625
3 0.75859375 0.6734375 0.0609375 0.0875
3 0.5515625 0.73984375 0.05625 0.0765625
3 0.34765625 0.1859375 0.0578125 0.084375
3 0.415625 0.121875 0.05625 0.090625
3 0.4953125 0.340625 0.059375 0.075
3 0.3203125 0.709375 0.0625 0.0625
3 0.2578125 0.56484375 0.065625 0.0890625
3 0.4796875 0.6375 0.0765625 0.0765625
3 0.93515625 0.303125 0.078125 0.0765625
3 0.66875 0.85390625 0.0765625 0.078125
3 0.4375 0.53046875 0.0828125 0.084375
3 0.48984375 0.24921875 0.0734375 0.0734375
3 0.8640625 0.3390625 0.0625 0.075
3 0.07421875 0.84921875 0.0546875 0.0703125
3 0.03984375 0.19765625 0.0625 0.0625
3 0.5515625 0.6203125 0.059375 0.065625
3 0.51328125 0.49375 0.0703125 0.0703125
3 0.3796875 0.30078125 0.053125 0.0875
3 0.353125 0.76640625 0.075 0.0890625
3 0.4125 0.6109375 0.065625 0.065625
3 0.16953125 0.7171875 0.071875 0.0734375
3 0.23828125 0.04765625 0.0734375 0.0859375
3 0.4125 0.790625 0.075 0.075
3 0.4328125 0.32109375 0.059375 0.0921875
3 0.13046875 0.88046875 0.0609375 0.0828125
3 0.265625 0.24765625 0.06875 0.0828125
3 0.78203125 0.61328125 0.0703125 0.0921875
3 0.4625 0.07109375 0.08125 0.0765625
3 0.07421875 0.396875 0.0671875 0.096875
3 0.078125 0.0921875 0.0703125 0.0703125
3 0.953125 0.21015625 0.08125 0.08125
3 0.2953125 0.0890625 0.059375 0.0875
3 0.8453125 0.23984375 0.071875 0.0734375
3 0.0453125 0.1515625 0.078125 0.078125
3 0.1984375 0.55703125 0.078125 0.0890625
3 0.6171875 0.23828125 0.053125 0.084375
3 0.87265625 0.56484375 0.0703125 0.0703125
3 0.8359375 0.109375 0.065625 0.08125
3 0.33125 0.471875 0.0625 0.090625
3 0.81875 0.21796875 0.0625 0.1046875
3 0.67109375 0.34609375 0.08125 0.08125
3 0.34453125 0.659375 0.0796875 0.0796875
3 0.87734375 0.46015625 0.0875 0.0859375
3 0.928125 0.1171875 0.05625 0.05625
3 0.88046875 0.78828125 0.0796875 0.0796875
3 0.56640625 0.29921875 0.071875 0.071875
3 0.48203125 0.7234375 0.065625 0.065625
3 0.24921875 0.7 0.071875 0.071875
3 0.13515625 0.5140625 0.0703125 0.096875
3 0.57578125 0.42265625 0.0546875 0.0890625
3 0.95078125 0.465625 0.06875 0.06875
3 0.25 0.9453125 0.05625 0.078125
3 0.0453125 0.66484375 0.0671875 0.0671875
3 0.8375 0.91796875 0.075 0.0765625
3 0.50234375 0.1515625 0.06875 0.06875
3 0.23203125 0.315625 0.0796875 0.0875
3 0.1734375 0.78671875 0.0625 0.090625
3 0.30625 0.87109375 0.0625 0.0859375
3 0.83125 0.6875 0.06875 0.08125
3 0.8953125 0.85390625 0.053125 0.075
3 0.48046875 0.7640625 0.0546875 0.078125
3 0.61875 0.79375 0.078125 0.078125
3 0.09765625 0.2484375 0.0609375 0.084375
3 0.509375 0.05390625 0.06875 0.0671875
3 0.9453125 0.8265625 0.059375 0.059375
3 0.82890625 0.63359375 0.071875 0.071875
3 0.1203125 0.6203125 0.071875 0.090625
3 0.7828125 0.38671875 0.0625 0.0625
3 0.8796875 0.7265625 0.071875 0.071875
3 0.6046875 0.1484375 0.071875 0.071875
3 0.0875 0.33671875 0.05625 0.078125
3 0.7265625 0.60859375 0.075 0.075
3 0.6734375 0.1734375 0.040625 0.06875
3 0.96328125 0.32421875 0.06875 0.06875
3 0.4015625 0.221875 0.06875 0.06875
3 0.6109375 0.09453125 0.065625 0.065625
3 0.89453125 0.6453125 0.0640625 0.078125
3 0.05390625 0.259375 0.0453125 0.08125
3 0.3953125 0.746875 0.075 0.075
3 0.2328125 0.82578125 0.059375 0.0921875
3 0.28046875 0.63984375 0.0734375 0.0671875
3 0.23359375 0.35703125 0.053125 0.0671875
4 0.73359375 0.81875 0.0875 0.0859375
3 0.6859375 0.58046875 0.059375 0.0828125
3 0.103125 0.696875 0.0671875 0.0671875
4 0.1546875 0.4203125 0.0625 0.0625
3 0.396875 0.884375 0.0625 0.08125
3 0.66328125 0.92421875 0.053125 0.071875
3 0.32890625 0.17890625 0.065625 0.065625
3 0.284375 0.0515625 0.071875 0.071875
3 0.1546875 0.08984375 0.065625 0.065625
3 0.0890625 0.07109375 0.06875 0.06875
3 0.11328125 0.27578125 0.0546875 0.0625
3 0.23125 0.25390625 0.0625 0.0875
3 0.259375 0.34375 0.06875 0.06875
3 0.67421875 0.1984375 0.05625 0.0546875
3 0.60625 0.0546875 0.065625 0.065625
3 0.540625 0.07578125 0.06875 0.0671875
3 0.3953125 0.11015625 0.06875 0.06875
3 0.40078125 0.26171875 0.0625 0.0625
3 0.47421875 0.3046875 0.0625 0.078125
3 0.46953125 0.34453125 0.065625 0.0703125
3 0.465625 0.2578125 0.05 0.084375
3 0.44453125 0.1671875 0.06875 0.084375
3 0.47265625 0.15234375 0.0578125 0.0734375
3 0.53515625 0.13671875 0.0609375 0.0703125
3 0.5703125 0.15625 0.075 0.05625
3 0.80234375 0.1046875 0.0609375 0.065625
3 0.6359375 0.1359375 0.059375 0.071875
3 0.61171875 0.18984375 0.0578125 0.0921875
3 0.609375 0.36484375 0.04375 0.0890625
3 0.59609375 0.42578125 0.0578125 0.0734375
3 0.63125 0.33046875 0.059375 0.0734375
3 0.6203125 0.27578125 0.059375 0.0734375
3 0.71328125 0.3859375 0.071875 0.071875
3 0.82421875 0.334375 0.0546875 0.075
3 0.79921875 0.36015625 0.053125 0.0734375
3 0.7671875 0.41328125 0.0640625 0.065625
3 0.31953125 0.43203125 0.0703125 0.06875
3 0.0875 0.296875 0.0734375 0.0734375
3 0.72421875 0.57109375 0.05625 0.05625
3 0.921875 0.47421875 0.0640625 0.0640625
3 0.965625 0.3625 0.06875 0.071875
3 0.91484375 0.65859375 0.0484375 0.078125
3 0.90859375 0.88359375 0.075 0.075
3 0.62109375 0.7625 0.0640625 0.08125
3 0.56953125 0.60703125 0.0625 0.0625
3 0.43828125 0.55390625 0.059375 0.059375
3 0.3109375 0.51875 0.065625 0.071875
3 0.3125 0.47109375 0.071875 0.071875
3 0.22578125 0.45703125 0.0578125 0.084375
3 0.13984375 0.590625 0.0484375 0.08125
3 0.1125 0.6609375 0.06875 0.06875
3 0.03046875 0.36484375 0.0609375 0.0671875
3 0.103125 0.73515625 0.05 0.084375
3 0.11875 0.621875 0.0703125 0.0703125
3 0.1734375 0.55234375 0.065625 0.0734375
3 0.328125 0.62421875 0.0671875 0.065625
3 0.2671875 0.5953125 0.059375 0.090625
3 0.4515625 0.4484375 0.0625 0.0625
3 0.49375 0.471875 0.06875 0.0703125
3 0.440625 0.64453125 0.071875 0.071875
3 0.415625 0.68984375 0.0625 0.0796875
3 0.4890625 0.80078125 0.06875 0.0671875
3 0.534375 0.8609375 0.046875 0.103125
3 0.596875 0.81015625 0.0625 0.0625
3 0.65078125 0.7984375 0.05 0.075
3 0.67890625 0.7078125 0.06875 0.06875
3 0.8625 0.95390625 0.05 0.0796875
3 0.79453125 0.95546875 0.0609375 0.0828125
3 0.0296875 0.66328125 0.053125 0.0765625
3 0.14921875 0.8828125 0.059375 0.059375
3 0.22734375 0.865625 0.065625 0.065625
3 0.2421875 0.92265625 0.053125 0.0765625
3 0.17578125 0.67890625 0.0734375 0.0734375
3 0.23515625 0.73359375 0.05625 0.071875
3 0.23046875 0.89609375 0.065625 0.065625
3 0.31796875 0.909375 0.071875 0.0734375
3 0.290625 0.8203125 0.06875 0.075
3 0.2796875 0.77578125 0.0578125 0.0578125
3 0.228125 0.696875 0.071875 0.090625
3 0.38203125 0.68984375 0.075 0.075
3 0.521875 0.73828125 0.071875 0.071875
3 0.80703125 0.73828125 0.0703125 0.0640625
3 0.85078125 0.7890625 0.0609375 0.0609375
3 0.84140625 0.71328125 0.0671875 0.0828125
3 0.75234375 0.709375 0.075 0.0765625
3 0.4046875 0.91640625 0.075 0.075
3 0.64375 0.9390625 0.06875 0.06875