3 0.72890625 0.2890625 0.0640625 0.0625
3 0.31796875 0.3328125 0.0890625 0.0625
3 0.86796875 0.29609375 0.0875 0.0640625
3 0.79765625 0.246875 0.0890625 0.059375
3 0.48046875 0.41484375 0.0703125 0.0703125
3 0.43984375 0.0515625 0.078125 0.0796875
3 0.77890625 0.09375 0.075 0.075
3 0.08671875 0.48515625 0.0984375 0.0640625
3 0.46796875 0.9421875 0.075 0.075
3 0.3359375 0.38203125 0.078125 0.0796875
3 0.13984375 0.175 0.0921875 0.0625
3 0.63515625 0.29921875 0.0796875 0.0578125
3 0.09765625 0.4015625 0.0703125 0.06875
3 0.30078125 0.05546875 0.08125 0.08125
3 0.57265625 0.5359375 0.078125 0.078125
3 0.5421875 0.88984375 0.084375 0.0640625
3 0.58984375 0.6109375 0.0828125 0.05625
3 0.9421875 0.1171875 0.0890625 0.0890625
3 0.86484375 0.134375 0.0921875 0.059375
3 0.23203125 0.95546875 0.0703125 0.0703125
3 0.659375 0.84375 0.06875 0.06875
3 0.15625 0.5359375 0.0796875 0.0796875
3 0.8796875 0.80703125 0.078125 0.0671875
3 0.5328125 0.79375 0.0625 0.0625
3 0.3265625 0.24140625 0.0875 0.0609375
3 0.26015625 0.4484375 0.065625 0.0671875
3 0.8140625 0.65234375 0.084375 0.0578125
3 0.878125 0.584375 0.0734375 0.075
3 0.659375 0.5046875 0.06875 0.0671875
3 0.290625 0.6796875 0.075 0.05
3 0.43515625 0.7421875 0.0890625 0.065625
3 0.3625 0.5203125 0.0765625 0.0765625
3 0.696875 0.06484375 0.08125 0.0734375
3 0.14609375 0.33125 0.078125 0.0765625
3 0.46953125 0.5625 0.084375 0.0828125
3 0.75078125 0.51015625 0.0734375 0.0734375
3 0.6609375 0.1359375 0.06875 0.06875
3 0.15078125 0.92578125 0.0703125 0.0546875
3 0.80234375 0.96015625 0.0734375 0.0515625
3 0.3796875 0.4484375 0.065625 0.059375
3 0.50625 0.48671875 0.078125 0.0640625
3 0.69921875 0.6203125 0.0875 0.053125
3 0.23359375 0.646875 0.08125 0.0828125
3 0.3890625 0.5875 0.065625 0.065625
3 0.2828125 0.83046875 0.0734375 0.071875
3 0.95234375 0.76171875 0.0796875 0.0796875
3 0.209375 0.5875 0.08125 0.06875
3 0.67890625 0.5671875 0.0921875 0.059375
3 0.11953125 0.86953125 0.071875 0.071875
3 0.75234375 0.734375 0.0828125 0.06875
3 0.38671875 0.21796875 0.0921875 0.0703125
3 0.92890625 0.5375 0.0765625 0.08125
3 0.603125 0.92578125 0.0828125 0.0828125
3 0.9078125 0.921875 0.084375 0.05625
3 0.78984375 0.046875 0.0859375 0.075
3 0.9109375 0.7046875 0.0875 0.059375
3 0.76015625 0.1546875 0.0734375 0.071875
3 0.8484375 0.9546875 0.0875 0.06875
3 0.44296875 0.8015625 0.0890625 0.078125
3 0.76171875 0.3828125 0.06875 0.06875
3 0.43515625 0.12734375 0.0734375 0.0671875
3 0.890625 0.1640625 0.08125 0.065625
3 0.528125 0.66875 0.0765625 0.0765625
3 0.78203125 0.18125 0.1046875 0.0625
3 0.65390625 0.32890625 0.08125 0.08125
3 0.340625 0.65546875 0.1 0.059375
3 0.53984375 0.12265625 0.0984375 0.075
3 0.8828125 0.071875 0.05625 0.05625
3 0.21171875 0.11953125 0.0953125 0.0640625
3 0.70078125 0.43359375 0.078125 0.065625
3 0.2765625 0.51796875 0.065625 0.065625
3 0.3 0.75078125 0.071875 0.071875
3 0.4859375 0.86484375 0.084375 0.084375
3 0.57734375 0.42421875 0.0890625 0.0546875
3 0.534375 0.04921875 0.06875 0.06875
3 0.0546875 0.75 0.078125 0.05625
3 0.33515625 0.9546875 0.0671875 0.0671875
3 0.08203125 0.1625 0.0796875 0.071875
3 0.8484375 0.49765625 0.078125 0.0609375
3 0.684375 0.76796875 0.0875 0.0796875
3 0.21328125 0.8265625 0.0765625 0.0765625
3 0.12890625 0.69375 0.075 0.075
3 0.3125 0.16875 0.075 0.075
3 0.14609375 0.1046875 0.0640625 0.0640625
3 0.2359375 0.51953125 0.078125 0.0546875
3 0.20625 0.38125 0.078125 0.078125
3 0.7515625 0.90234375 0.0734375 0.071875
3 0.94609375 0.490625 0.0796875 0.05625
3 0.1734375 0.0546875 0.065625 0.053125
3 0.36640625 0.17109375 0.071875 0.071875
3 0.3796875 0.8796875 0.090625 0.071875
3 0.61328125 0.2171875 0.0625 0.0625
3 0.2734375 0.1203125 0.071875 0.071875
3 0.8515625 0.3953125 0.090625 0.053125
3 0.66328125 0.9125 0.0671875 0.0671875
3 0.39140625 0.2734375 0.0828125 0.06875
3 0.8265625 0.3265625 0.06875 0.040625
3 0.67578125 0.03671875 0.0765625 0.0609375
3 0.778125 0.5984375 0.08125 0.05625
3 0.90546875 0.3890625 0.0734375 0.059375
3 0.3546875 0.10546875 0.078125 0.0640625
3 0.740625 0.94609375 0.08125 0.0453125
3 0.253125 0.6046875 0.078125 0.071875
3 0.17421875 0.7671875 0.0921875 0.059375
3 0.36015625 0.71953125 0.0703125 0.0703125
3 0.64296875 0.76640625 0.059375 0.059375
4 0.18125 0.26640625 0.1 0.0734375
3 0.41953125 0.3140625 0.0828125 0.059375
3 0.303125 0.896875 0.0671875 0.0671875
4 0.5796875 0.8453125 0.0625 0.0625
3 0.115625 0.603125 0.071875 0.071875
3 0.07578125 0.33671875 0.0625 0.0625
3 0.82109375 0.67109375 0.065625 0.065625
3 0.9484375 0.715625 0.071875 0.071875
3 0.91015625 0.8453125 0.065625 0.065625
3 0.92890625 0.9109375 0.06875 0.06875
3 0.72421875 0.88671875 0.0625 0.0546875
3 0.74609375 0.76875 0.0875 0.0625
3 0.65625 0.740625 0.075 0.0625
3 0.8015625 0.32578125 0.065625 0.0453125
3 0.9453125 0.39375 0.065625 0.065625
3 0.92421875 0.459375 0.0921875 0.04375
3 0.88984375 0.6046875 0.06875 0.06875
3 0.73828125 0.59921875 0.0625 0.0625
3 0.6953125 0.52578125 0.078125 0.0625
3 0.65546875 0.53046875 0.0671875 0.06875
3 0.7421875 0.534375 0.0671875 0.0671875
3 0.8328125 0.55546875 0.084375 0.06875
3 0.84765625 0.52734375 0.065625 0.065625
3 0.86328125 0.46484375 0.0703125 0.0609375
3 0.84375 0.4296875 0.065625 0.065625
3 0.8953125 0.19765625 0.065625 0.0609375
3 0.8640625 0.3640625 0.071875 0.059375
3 0.81015625 0.38828125 0.075 0.075
3 0.63515625 0.390625 0.0890625 0.04375
3 0.57421875 0.40390625 0.0734375 0.0578125
3 0.66953125 0.36875 0.0734375 0.059375
3 0.72421875 0.3796875 0.0734375 0.059375
3 0.6140625 0.28671875 0.084375 0.0578125
3 0.665625 0.17578125 0.065625 0.0640625
3 0.63984375 0.20078125 0.0734375 0.053125
3 0.58671875 0.2328125 0.065625 0.0640625
3 0.56796875 0.68046875 0.06875 0.0703125
3 0.703125 0.9125 0.078125 0.06875
3 0.42890625 0.27578125 0.0671875 0.0453125
3 0.52578125 0.078125 0.0640625 0.0625
3 0.6375 0.034375 0.071875 0.06875
3 0.34140625 0.08515625 0.0625 0.0625
3 0.11640625 0.09140625 0.075 0.075
3 0.2375 0.37890625 0.08125 0.0640625
3 0.39296875 0.43046875 0.0625 0.0625
3 0.44609375 0.56171875 0.059375 0.059375
3 0.48125 0.6890625 0.071875 0.065625
3 0.52890625 0.6875 0.0828125 0.059375
3 0.54296875 0.77421875 0.071875 0.071875
3 0.409375 0.86015625 0.0640625 0.065625
3 0.3390625 0.8875 0.0875 0.05
3 0.634375 0.971875 0.08125 0.05625
3 0.26484375 0.896875 0.084375 0.05
3 0.378125 0.88125 0.065625 0.075
3 0.44765625 0.8265625 0.06875 0.06875
3 0.37578125 0.671875 0.0828125 0.05
3 0.4046875 0.7328125 0.075 0.075
3 0.5515625 0.5484375 0.0625 0.0625
3 0.528125 0.50625 0.071875 0.06875
3 0.35546875 0.559375 0.071875 0.071875
3 0.31015625 0.584375 0.071875 0.071875
3 0.19921875 0.5109375 0.0671875 0.06875
3 0.1390625 0.465625 0.103125 0.046875
3 0.18984375 0.403125 0.0625 0.0625
3 0.2015625 0.34921875 0.0625 0.0625
3 0.2921875 0.32109375 0.06875 0.06875
3 0.04609375 0.1375 0.0796875 0.05
3 0.04453125 0.20546875 0.071875 0.071875
3 0.33671875 0.9703125 0.0765625 0.053125
3 0.1171875 0.85078125 0.065625 0.053125
3 0.134375 0.77265625 0.065625 0.065625
3 0.07734375 0.7578125 0.0765625 0.053125
3 0.32109375 0.82421875 0.0828125 0.0640625
3 0.26640625 0.76484375 0.0640625 0.0640625
3 0.10390625 0.76953125 0.0765625 0.0546875
3 0.090625 0.68203125 0.0734375 0.071875
3 0.1796875 0.709375 0.075 0.06875
3 0.22421875 0.7203125 0.0703125 0.046875
3 0.303125 0.771875 0.08125 0.08125
3 0.31015625 0.61796875 0.084375 0.0671875
3 0.26171875 0.478125 0.071875 0.071875
3 0.26171875 0.19296875 0.0671875 0.0671875
3 0.2109375 0.14921875 0.0609375 0.0609375
3 0.28671875 0.15859375 0.075 0.075
3 0.290625 0.24765625 0.0765625 0.075
3 0.08359375 0.5953125 0.090625 0.059375
3 0.0609375 0.35625 0.071875 0.065625