2 0.63359375 0.11875 0.078125 0.078125
2 0.359375 0.73125 0.0828125 0.0828125
2 0.73359375 0.090625 0.0859375 0.071875
2 0.2484375 0.74453125 0.103125 0.0734375
2 0.1265625 0.31640625 0.08125 0.0640625
2 0.36875 0.49375 0.10625 0.071875
2 0.271875 0.36640625 0.096875 0.0703125
2 0.91796875 0.41796875 0.0890625 0.06875
2 0.475 0.84453125 0.084375 0.084375
2 0.92578125 0.94375 0.084375 0.084375
2 0.53828125 0.6203125 0.1109375 0.071875
2 0.21484375 0.8078125 0.1078125 0.075
2 0.43046875 0.68203125 0.0859375 0.0859375
2 0.1921875 0.88359375 0.090625 0.0609375
2 0.41328125 0.2671875 0.0734375 0.075
2 0.8375 0.39609375 0.08125 0.071875
2 0.70546875 0.40234375 0.0875 0.065625
2 0.2046875 0.0625 0.1 0.059375
2 0.078125 0.5625 0.1 0.078125
2 0.63671875 0.26640625 0.078125 0.0796875
2 0.66015625 0.8546875 0.090625 0.078125
2 0.92265625 0.34921875 0.1078125 0.0828125
2 0.81171875 0.278125 0.0859375 0.071875
2 0.565625 0.40859375 0.1 0.0734375
2 0.7453125 0.8953125 0.0796875 0.0796875
2 0.14765625 0.17421875 0.0921875 0.0921875
2 0.44921875 0.18671875 0.0828125 0.0640625
2 0.509375 0.78828125 0.0875 0.0671875
2 0.77578125 0.45078125 0.1140625 0.0734375
2 0.6296875 0.55546875 0.096875 0.0765625
2 0.721875 0.8109375 0.0921875 0.0921875
2 0.9515625 0.88125 0.090625 0.071875
2 0.3703125 0.8265625 0.1 0.084375
2 0.63671875 0.78359375 0.1078125 0.0828125
2 0.24609375 0.15625 0.0671875 0.06875
2 0.56171875 0.74140625 0.09375 0.0765625
2 0.26796875 0.10234375 0.090625 0.090625
2 0.37109375 0.11484375 0.0578125 0.0578125
2 0.8546875 0.32421875 0.08125 0.0828125
2 0.5609375 0.8125 0.0828125 0.0828125
2 0.0515625 0.8125 0.0859375 0.0859375
2 0.21484375 0.128125 0.0859375 0.065625
2 0.20078125 0.68671875 0.1 0.1
2 0.32734375 0.134375 0.059375 0.059375
2 0.80859375 0.896875 0.0765625 0.0875
2 0.48984375 0.084375 0.0546875 0.053125
2 0.14296875 0.215625 0.0671875 0.053125
2 0.303125 0.865625 0.0875 0.0875
2 0.52890625 0.5328125 0.09375 0.09375
5 0.33359375 0.6484375 0.1015625 0.096875
5 0.625 0.359375 0.1 0.10625
2 0.46328125 0.32265625 0.0765625 0.078125
2 0.46875 0.1765625 0.09375 0.065625