3 0.16953125 0.67578125 0.078125 0.078125
3 0.446875 0.6765625 0.090625 0.065625
3 0.5671875 0.44921875 0.103125 0.0578125
3 0.89609375 0.63671875 0.078125 0.078125
3 0.81015625 0.46875 0.0859375 0.05625
3 0.32265625 0.0734375 0.0890625 0.06875
3 0.2265625 0.73125 0.075 0.075
3 0.3734375 0.39375 0.08125 0.0625
3 0.7484375 0.32265625 0.075 0.075
3 0.53203125 0.79453125 0.0765625 0.0765625
3 0.071875 0.38359375 0.0875 0.0640625
3 0.66171875 0.5921875 0.071875 0.071875
3 0.38046875 0.88984375 0.0703125 0.0703125
3 0.734375 0.2515625 0.071875 0.071875
3 0.6171875 0.78515625 0.0875 0.065625
3 0.57265625 0.9328125 0.0765625 0.075
3 0.18359375 0.83359375 0.0734375 0.0734375
3 0.67421875 0.1078125 0.0765625 0.05625
3 0.903125 0.490625 0.084375 0.0625
3 0.77890625 0.6546875 0.078125 0.0625
3 0.92890625 0.3421875 0.0796875 0.08125
3 0.42890625 0.12421875 0.090625 0.0765625
3 0.24375 0.278125 0.09375 0.06875
3 0.2921875 0.575 0.071875 0.06875
3 0.084375 0.22734375 0.103125 0.0609375
3 0.046875 0.559375 0.075 0.075
3 0.196875 0.6015625 0.0859375 0.0859375
3 0.59921875 0.390625 0.084375 0.084375
3 0.83046875 0.5984375 0.0796875 0.0796875
3 0.5890625 0.6875 0.075 0.075
3 0.16875 0.3921875 0.071875 0.071875
3 0.184375 0.303125 0.0875 0.065625
3 0.3109375 0.9421875 0.090625 0.065625
3 0.5734375 0.6109375 0.078125 0.078125
3 0.3859375 0.553125 0.0765625 0.0765625
3 0.890625 0.925 0.06875 0.06875
3 0.25546875 0.87578125 0.078125 0.078125
3 0.1359375 0.53984375 0.078125 0.078125
3 0.7421875 0.56953125 0.075 0.0640625
3 0.93046875 0.55625 0.075 0.0734375
3 0.70546875 0.478125 0.0875 0.0625
3 0.59140625 0.0453125 0.0765625 0.065625
3 0.54609375 0.37734375 0.075 0.075
3 0.49609375 0.06875 0.0703125 0.05625
3 0.23046875 0.18125 0.0671875 0.05
3 0.48671875 0.23359375 0.078125 0.078125
3 0.62265625 0.52421875 0.078125 0.0765625
3 0.3453125 0.68984375 0.084375 0.0703125
3 0.2640625 0.803125 0.075 0.05625
3 0.41640625 0.065625 0.0890625 0.06875
3 0.06640625 0.91484375 0.0953125 0.0515625
3 0.8796875 0.696875 0.071875 0.0515625
3 0.81484375 0.8984375 0.059375 0.059375
3 0.9125 0.2609375 0.08125 0.059375
3 0.0671875 0.709375 0.078125 0.078125
3 0.20234375 0.4640625 0.0734375 0.059375
3 0.07734375 0.453125 0.0859375 0.05625
3 0.64453125 0.159375 0.0734375 0.04375
3 0.37265625 0.21328125 0.0734375 0.0734375
3 0.4421875 0.16640625 0.0796875 0.078125
3 0.6015625 0.26796875 0.0765625 0.078125
3 0.8265625 0.9609375 0.084375 0.065625
3 0.6390625 0.03125 0.09375 0.0625
3 0.284375 0.4109375 0.0671875 0.0671875
3 0.69921875 0.7734375 0.0796875 0.065625
3 0.80546875 0.8265625 0.065625 0.05625
3 0.59921875 0.11640625 0.0796875 0.0796875
3 0.15859375 0.2671875 0.0796875 0.065625
3 0.61796875 0.30546875 0.0796875 0.0796875
3 0.521875 0.5484375 0.084375 0.053125
3 0.3796875 0.32890625 0.0625 0.0625
3 0.14765625 0.57421875 0.0859375 0.0703125
3 0.496875 0.1953125 0.084375 0.059375
3 0.153125 0.3546875 0.06875 0.05625
3 0.20625 0.07421875 0.0703125 0.06875
3 0.69921875 0.6421875 0.065625 0.0671875
3 0.2765625 0.33984375 0.078125 0.0578125
3 0.4796875 0.321875 0.06875 0.06875
3 0.73046875 0.046875 0.0734375 0.075
3 0.06015625 0.47890625 0.0734375 0.0578125
3 0.27890625 0.22421875 0.0609375 0.0609375
3 0.678125 0.678125 0.071875 0.071875
3 0.45859375 0.9484375 0.0875 0.040625
3 0.534375 0.6140625 0.071875 0.071875
3 0.671875 0.4265625 0.0625 0.0625
3 0.82890625 0.37890625 0.06875 0.06875
3 0.78359375 0.38515625 0.0609375 0.0625
3 0.66953125 0.9703125 0.0859375 0.059375
3 0.0703125 0.83671875 0.065625 0.0484375
3 0.76875 0.1859375 0.071875 0.071875
3 0.35234375 0.4796875 0.0625 0.0625
3 0.48671875 0.74140625 0.065625 0.065625
3 0.42109375 0.95 0.06875 0.06875
3 0.47421875 0.87890625 0.0765625 0.0625
3 0.565625 0.11328125 0.075 0.0546875
3 0.48984375 0.853125 0.05 0.05
3 0.79765625 0.9578125 0.0765625 0.05
3 0.9359375 0.93046875 0.08125 0.0578125
3 0.8734375 0.80234375 0.0625 0.0625
3 0.88515625 0.78125 0.0828125 0.0828125
3 0.90703125 0.6953125 0.0859375 0.065625
3 0.746875 0.546875 0.0625 0.05
3 0.753125 0.471875 0.071875 0.071875
3 0.6546875 0.696875 0.078125 0.0625
3 0.665625 0.7703125 0.084375 0.059375
3 0.37421875 0.34296875 0.06875 0.06875
3 0.40078125 0.1875 0.0734375 0.0734375
3 0.2546875 0.1234375 0.0625 0.071875
3 0.89609375 0.325 0.0671875 0.0625
3 0.878125 0.390625 0.071875 0.071875
3 0.9515625 0.6703125 0.09375 0.065625
3 0.7671875 0.165625 0.065625 0.053125
3 0.73984375 0.175 0.0625 0.0625
3 0.7484375 0.4015625 0.06875 0.046875
3 0.59609375 0.321875 0.0765625 0.05625
3 0.24609375 0.203125 0.071875 0.071875
3 0.2046875 0.15703125 0.071875 0.065625
3 0.32734375 0.6546875 0.0609375 0.065625
3 0.3046875 0.6875 0.0703125 0.0703125
3 0.21328125 0.5 0.0671875 0.065625
3 0.2640625 0.52578125 0.0671875 0.0671875
3 0.47109375 0.3515625 0.0828125 0.059375
3 0.40390625 0.03359375 0.0703125 0.0671875
3 0.14375 0.178125 0.046875 0.04375
3 0.040625 0.509375 0.0609375 0.0609375
3 0.03125 0.63046875 0.059375 0.05625
3 0.06171875 0.628125 0.0625 0.0609375
3 0.28046875 0.7875 0.0578125 0.0578125
3 0.60078125 0.51171875 0.0578125 0.059375
3 0.78671875 0.5703125 0.059375 0.0609375
3 0.5 0.62890625 0.053125 0.053125
3 0.49296875 0.54609375 0.06875 0.06875
3 0.46015625 0.7421875 0.0546875 0.05625
3 0.24296875 0.08984375 0.0828125 0.0640625
3 0.28203125 0.55078125 0.065625 0.065625
3 0.50234375 0.0453125 0.0640625 0.065625