3 0.54453125 0.43984375 0.0921875 0.0921875
3 0.5890625 0.3578125 0.075 0.075
3 0.3171875 0.26875 0.0765625 0.0765625
3 0.178125 0.67421875 0.071875 0.071875
3 0.2875 0.4203125 0.075 0.065625
3 0.290625 0.6484375 0.0875 0.065625
3 0.8046875 0.3015625 0.10625 0.078125
3 0.6078125 0.5203125 0.090625 0.065625
3 0.409375 0.259375 0.103125 0.08125
3 0.903125 0.49140625 0.0765625 0.078125
3 0.671875 0.38125 0.075 0.05625
3 0.59453125 0.6515625 0.084375 0.084375
3 0.88515625 0.4234375 0.1109375 0.078125
3 0.45078125 0.390625 0.0828125 0.06875
6 0.3015625 0.5046875 0.1 0.0875
3 0.83203125 0.0453125 0.0921875 0.065625
3 0.29609375 0.2046875 0.0875 0.0875
6 0.88984375 0.675 0.0875 0.0875
3 0.81171875 0.37734375 0.084375 0.084375
3 0.5 0.6421875 0.06875 0.06875
3 0.0609375 0.6546875 0.078125 0.078125
3 0.56875 0.29140625 0.078125 0.078125
3 0.371875 0.53671875 0.096875 0.096875
3 0.63984375 0.803125 0.0859375 0.0625
3 0.37890625 0.3375 0.0875 0.0890625
3 0.89453125 0.0921875 0.0875 0.0859375
3 0.4609375 0.93984375 0.103125 0.075
3 0.51484375 0.2296875 0.08125 0.08125
3 0.63984375 0.10703125 0.1015625 0.0734375
3 0.3875 0.646875 0.071875 0.071875
3 0.83046875 0.91953125 0.0859375 0.0765625
3 0.95390625 0.85390625 0.0765625 0.0640625
3 0.49453125 0.5796875 0.0953125 0.078125
3 0.22109375 0.43125 0.075 0.06875
3 0.63359375 0.44140625 0.0796875 0.0703125
3 0.79296875 0.71484375 0.0765625 0.0765625
3 0.453125 0.49296875 0.09375 0.06875
3 0.17578125 0.484375 0.0921875 0.065625
6 0.45234375 0.05859375 0.1171875 0.090625
3 0.3671875 0.4109375 0.084375 0.084375
3 0.559375 0.88046875 0.090625 0.065625
3 0.7421875 0.36171875 0.065625 0.065625
3 0.40390625 0.7625 0.0859375 0.0859375
3 0.24296875 0.58828125 0.0890625 0.071875
3 0.67421875 0.89296875 0.0953125 0.0734375
3 0.23671875 0.703125 0.0890625 0.05625
3 0.33984375 0.85 0.090625 0.090625
3 0.2453125 0.303125 0.1 0.075
3 0.5296875 0.70078125 0.075 0.0765625
3 0.57890625 0.575 0.075 0.075
3 0.2796875 0.75234375 0.078125 0.065625
3 0.80703125 0.7421875 0.0953125 0.0625
3 0.30078125 0.334375 0.0671875 0.059375
3 0.61328125 0.73203125 0.0671875 0.0671875
3 0.32265625 0.7453125 0.06875 0.0703125
3 0.4171875 0.4734375 0.096875 0.065625
3 0.22265625 0.0359375 0.0796875 0.071875
3 0.184375 0.55 0.096875 0.06875
3 0.33046875 0.9453125 0.0984375 0.071875
3 0.9328125 0.90703125 0.084375 0.0640625
3 0.43359375 0.68046875 0.075 0.0765625
6 0.084375 0.51484375 0.090625 0.090625
6 0.09296875 0.14296875 0.1015625 0.0828125
3 0.6015625 0.1578125 0.0875 0.059375
3 0.18671875 0.178125 0.0953125 0.06875
6 0.5375 0.76796875 0.096875 0.1203125
3 0.86953125 0.92421875 0.071875 0.071875
3 0.378125 0.38125 0.071875 0.071875
3 0.4828125 0.459375 0.0796875 0.08125
3 0.16484375 0.58359375 0.0859375 0.0640625
3 0.41015625 0.7234375 0.078125 0.0796875
3 0.0828125 0.2140625 0.09375 0.071875
3 0.08203125 0.93359375 0.065625 0.065625