3 0.55546875 0.5296875 0.0875 0.0859375
3 0.77109375 0.9359375 0.0984375 0.078125
3 0.3375 0.396875 0.096875 0.08125
3 0.4109375 0.14375 0.0828125 0.0828125
3 0.5828125 0.43203125 0.090625 0.06875
3 0.68984375 0.36796875 0.0953125 0.0953125
3 0.575 0.31015625 0.109375 0.0765625
3 0.246875 0.103125 0.0890625 0.0890625
3 0.178125 0.6203125 0.090625 0.090625
3 0.8578125 0.19140625 0.0875 0.0875
3 0.7484375 0.546875 0.115625 0.078125
3 0.07890625 0.40234375 0.078125 0.078125
3 0.4359375 0.721875 0.103125 0.06875
3 0.64921875 0.171875 0.1015625 0.06875
3 0.88203125 0.959375 0.0890625 0.078125
3 0.11796875 0.6578125 0.0828125 0.065625
3 0.94921875 0.21953125 0.090625 0.071875
3 0.8984375 0.721875 0.075 0.075
3 0.1765625 0.8453125 0.08125 0.08125
3 0.76328125 0.09921875 0.0890625 0.065625
3 0.29375 0.27734375 0.090625 0.0640625
3 0.40703125 0.29921875 0.1 0.071875
3 0.68671875 0.49296875 0.075 0.075
3 0.63359375 0.0546875 0.1078125 0.075
3 0.934375 0.2875 0.09375 0.071875
3 0.90859375 0.54296875 0.1046875 0.0765625
3 0.81875 0.409375 0.096875 0.08125
3 0.134375 0.8734375 0.084375 0.084375
3 0.80859375 0.246875 0.0828125 0.08125
3 0.6328125 0.72578125 0.0921875 0.0921875
3 0.675 0.75390625 0.090625 0.0734375
3 0.11328125 0.9390625 0.1015625 0.065625
3 0.92578125 0.771875 0.1015625 0.071875
3 0.47265625 0.4875 0.0765625 0.0875
3 0.43046875 0.42578125 0.0859375 0.0859375
3 0.49609375 0.9328125 0.1015625 0.078125
3 0.4515625 0.221875 0.0890625 0.0875
3 0.08125 0.5484375 0.09375 0.0875
3 0.353125 0.1984375 0.084375 0.084375
3 0.76875 0.834375 0.096875 0.075
3 0.6453125 0.10078125 0.103125 0.071875
3 0.9015625 0.61015625 0.0921875 0.09375
3 0.90625 0.3921875 0.09375 0.065625
3 0.4078125 0.5609375 0.1125 0.071875
3 0.23671875 0.25546875 0.096875 0.096875
3 0.671875 0.60546875 0.0953125 0.096875
3 0.36640625 0.96484375 0.0765625 0.0703125
3 0.32890625 0.68359375 0.0828125 0.0828125
3 0.63828125 0.496875 0.0890625 0.0875
3 0.59765625 0.92421875 0.090625 0.090625
3 0.3703125 0.06328125 0.09375 0.09375
3 0.453125 0.0765625 0.084375 0.084375
3 0.8578125 0.66171875 0.090625 0.0671875
3 0.79375 0.8671875 0.08125 0.08125
3 0.34140625 0.04453125 0.0890625 0.0890625
3 0.29375 0.76953125 0.09375 0.0671875
3 0.36171875 0.9125 0.1140625 0.071875
3 0.36015625 0.68125 0.08125 0.0796875
3 0.6859375 0.96015625 0.08125 0.0796875
3 0.85078125 0.28125 0.0984375 0.071875
3 0.83828125 0.3265625 0.0890625 0.0890625
3 0.55625 0.3625 0.0796875 0.0796875
3 0.09453125 0.253125 0.0984375 0.05625
3 0.934375 0.7453125 0.0875 0.06875
3 0.87890625 0.340625 0.1 0.06875
0 0.1203125 0.2046875 0.146875 0.059375
3 0.57265625 0.384375 0.090625 0.0890625