3 0.5734375 0.465625 0.06875 0.06875
3 0.2671875 0.4203125 0.078125 0.0625
3 0.278125 0.09765625 0.0875 0.0640625
3 0.07421875 0.25234375 0.084375 0.0671875
3 0.23203125 0.55859375 0.084375 0.084375
3 0.10546875 0.53046875 0.0796875 0.0796875
3 0.83046875 0.190625 0.071875 0.071875
3 0.6328125 0.7296875 0.090625 0.0625
3 0.109375 0.79453125 0.1125 0.0640625
3 0.59375 0.2890625 0.0828125 0.0828125
3 0.15625 0.64921875 0.103125 0.0671875
3 0.421875 0.165625 0.0875 0.075
3 0.5640625 0.79140625 0.078125 0.071875
3 0.7109375 0.9328125 0.084375 0.084375
3 0.4515625 0.46875 0.075 0.06875
3 0.68125 0.440625 0.1 0.0625
3 0.89453125 0.90546875 0.0953125 0.06875
3 0.684375 0.228125 0.0859375 0.0859375
3 0.82578125 0.94453125 0.0859375 0.0859375
3 0.20078125 0.3734375 0.0953125 0.071875
3 0.86953125 0.7296875 0.08125 0.0828125
3 0.059375 0.846875 0.08125 0.08125
3 0.11953125 0.47265625 0.0921875 0.05625
3 0.33515625 0.15546875 0.0953125 0.0703125
3 0.7484375 0.390625 0.0734375 0.0734375
3 0.14140625 0.94453125 0.0796875 0.08125
3 0.91015625 0.83828125 0.0796875 0.0796875
3 0.11484375 0.39609375 0.1015625 0.0609375
3 0.1015625 0.70625 0.096875 0.059375
3 0.3796875 0.58125 0.078125 0.065625
3 0.34921875 0.0859375 0.08125 0.0796875
3 0.3984375 0.90390625 0.08125 0.071875
3 0.10859375 0.31875 0.0765625 0.0765625
3 0.47421875 0.884375 0.0796875 0.075
3 0.7640625 0.3046875 0.0890625 0.0890625
3 0.671875 0.76171875 0.096875 0.0703125
3 0.240625 0.6734375 0.065625 0.065625
3 0.6953125 0.675 0.0828125 0.0828125
3 0.31484375 0.48203125 0.0984375 0.0765625
3 0.86171875 0.23984375 0.0734375 0.0734375
3 0.6609375 0.165625 0.059375 0.065625
3 0.2515625 0.61484375 0.0875 0.0875
3 0.3265625 0.24140625 0.0875 0.05625
3 0.521875 0.55390625 0.090625 0.0890625
3 0.371875 0.3875 0.065625 0.08125
3 0.65390625 0.09609375 0.084375 0.084375
3 0.5921875 0.2125 0.0921875 0.0921875
3 0.5296875 0.134375 0.08125 0.08125
3 0.653125 0.040625 0.109375 0.059375
3 0.903125 0.15703125 0.096875 0.0703125
3 0.70546875 0.48515625 0.0921875 0.0703125
3 0.60390625 0.63125 0.0875 0.0890625
3 0.559375 0.175 0.10625 0.065625
3 0.6703125 0.871875 0.0875 0.0875
3 0.8703125 0.45078125 0.1125 0.0640625
3 0.5296875 0.9203125 0.08125 0.08125
3 0.946875 0.46171875 0.0859375 0.0875
3 0.56953125 0.3546875 0.1015625 0.08125
3 0.840625 0.4 0.084375 0.084375
3 0.75625 0.0734375 0.0875 0.065625
3 0.44453125 0.56171875 0.078125 0.078125
3 0.3109375 0.809375 0.084375 0.084375
3 0.16953125 0.31328125 0.0796875 0.0765625
3 0.5453125 0.628125 0.09375 0.075
3 0.36953125 0.75859375 0.08125 0.08125
3 0.809375 0.4765625 0.10625 0.071875
3 0.7234375 0.7265625 0.084375 0.0625
3 0.33984375 0.2765625 0.096875 0.0625
3 0.20390625 0.74609375 0.0890625 0.0890625
3 0.2859375 0.18125 0.0875 0.071875
3 0.45859375 0.6046875 0.0984375 0.071875
3 0.3734375 0.47421875 0.08125 0.08125
3 0.06171875 0.1828125 0.08125 0.0828125
3 0.43828125 0.315625 0.0703125 0.0703125
3 0.915625 0.3234375 0.08125 0.08125
3 0.7890625 0.7109375 0.0703125 0.0703125
3 0.91328125 0.2875 0.128125 0.065625
3 0.0546875 0.44296875 0.084375 0.0765625
3 0.67734375 0.35546875 0.0859375 0.0859375
3 0.40546875 0.2984375 0.103125 0.075
4 0.78359375 0.665625 0.0890625 0.0890625
3 0.79140625 0.053125 0.0796875 0.0796875
3 0.1296875 0.425 0.1 0.0625
3 0.2328125 0.76796875 0.103125 0.0609375