3 0.5734375 0.534375 0.06875 0.06875
3 0.2671875 0.5796875 0.0703125 0.0703125
3 0.278125 0.90234375 0.075 0.0765625
3 0.07421875 0.74765625 0.084375 0.0671875
3 0.23203125 0.44140625 0.084375 0.084375
3 0.10546875 0.46953125 0.0921875 0.0671875
3 0.83046875 0.809375 0.071875 0.071875
3 0.6328125 0.2703125 0.090625 0.0625
3 0.109375 0.20546875 0.0890625 0.0890625
3 0.59375 0.7109375 0.09375 0.071875
3 0.15625 0.35078125 0.0859375 0.0859375
3 0.421875 0.834375 0.08125 0.08125
3 0.5640625 0.20859375 0.078125 0.071875
3 0.7109375 0.0671875 0.096875 0.071875
3 0.4515625 0.53125 0.071875 0.071875
3 0.68125 0.559375 0.1 0.0625
3 0.89453125 0.09453125 0.08125 0.08125
3 0.684375 0.771875 0.1 0.071875
3 0.82578125 0.05546875 0.0984375 0.0734375
3 0.20078125 0.6265625 0.084375 0.084375
3 0.86953125 0.2703125 0.08125 0.0828125
3 0.059375 0.153125 0.0875 0.075
3 0.11953125 0.52734375 0.0734375 0.075
3 0.33515625 0.84453125 0.0953125 0.0703125
3 0.7484375 0.609375 0.0734375 0.0734375
3 0.14140625 0.05546875 0.0796875 0.08125
3 0.91015625 0.16171875 0.0859375 0.0734375
3 0.11484375 0.60390625 0.08125 0.08125
3 0.1015625 0.29375 0.096875 0.059375
3 0.3796875 0.41875 0.078125 0.065625
3 0.34921875 0.9140625 0.08125 0.0796875
3 0.3984375 0.09609375 0.0765625 0.0765625
3 0.10859375 0.68125 0.090625 0.0625
3 0.47421875 0.115625 0.0796875 0.075
3 0.7640625 0.6953125 0.1 0.078125
3 0.671875 0.23828125 0.084375 0.084375
3 0.240625 0.3265625 0.071875 0.059375
3 0.6953125 0.325 0.090625 0.075
3 0.31484375 0.51796875 0.0984375 0.0765625
3 0.86171875 0.76015625 0.0734375 0.0734375
3 0.6609375 0.834375 0.0625 0.0625
3 0.2515625 0.38515625 0.1125 0.0625
3 0.3265625 0.75859375 0.071875 0.071875
3 0.521875 0.44609375 0.090625 0.0890625
3 0.371875 0.6125 0.0734375 0.0734375
3 0.65390625 0.90390625 0.1015625 0.065625
3 0.5921875 0.7875 0.109375 0.075
3 0.5296875 0.865625 0.10625 0.05625
3 0.653125 0.959375 0.109375 0.059375
3 0.903125 0.84296875 0.0828125 0.084375
3 0.70546875 0.51484375 0.0921875 0.0703125
3 0.60390625 0.36875 0.1015625 0.075
3 0.559375 0.825 0.0859375 0.0859375
3 0.6703125 0.128125 0.0875 0.0875
3 0.8703125 0.54921875 0.1125 0.0640625
3 0.5296875 0.0796875 0.09375 0.06875
3 0.946875 0.53828125 0.0859375 0.0875
3 0.56953125 0.6453125 0.0921875 0.090625
3 0.840625 0.6 0.1125 0.05625
3 0.75625 0.9265625 0.0875 0.065625
3 0.44453125 0.43828125 0.0859375 0.0703125
3 0.3109375 0.190625 0.084375 0.084375
3 0.16953125 0.68671875 0.0796875 0.0765625
3 0.5453125 0.371875 0.084375 0.084375
3 0.36953125 0.24140625 0.08125 0.08125
3 0.809375 0.5234375 0.0890625 0.0890625
3 0.7234375 0.2734375 0.084375 0.0625
3 0.33984375 0.7234375 0.0796875 0.0796875
3 0.20390625 0.25390625 0.0890625 0.0890625
3 0.2859375 0.81875 0.0875 0.071875
3 0.45859375 0.3953125 0.0984375 0.071875
3 0.3734375 0.52578125 0.08125 0.08125
3 0.06171875 0.8171875 0.1046875 0.0609375
3 0.43828125 0.684375 0.0703125 0.0703125
3 0.915625 0.6765625 0.1 0.0625
3 0.7890625 0.2890625 0.0703125 0.0703125
3 0.91328125 0.7125 0.096875 0.096875
3 0.0546875 0.55703125 0.08125 0.08125
3 0.67734375 0.64453125 0.0859375 0.0859375
3 0.40546875 0.7015625 0.0890625 0.0890625
4 0.78359375 0.334375 0.0890625 0.0890625
3 0.79140625 0.946875 0.096875 0.0625
3 0.1296875 0.575 0.08125 0.08125
3 0.2328125 0.23203125 0.08125 0.0828125