3 0.5234375 0.26640625 0.0875 0.0609375
3 0.28203125 0.5859375 0.08125 0.08125
3 0.43828125 0.08125 0.0953125 0.071875
3 0.18359375 0.29921875 0.0734375 0.0734375
3 0.37578125 0.7890625 0.090625 0.0921875
3 0.92265625 0.609375 0.1015625 0.078125
3 0.76015625 0.7578125 0.0921875 0.090625
3 0.2875 0.39375 0.09375 0.075
3 0.6984375 0.4015625 0.071875 0.084375
3 0.20703125 0.13046875 0.090625 0.090625
3 0.49140625 0.9203125 0.0921875 0.0921875
3 0.7453125 0.33359375 0.0859375 0.0859375
3 0.7265625 0.0875 0.0625 0.11875
3 0.59140625 0.103125 0.0796875 0.078125
3 0.378125 0.521875 0.08125 0.08125
3 0.90078125 0.375 0.096875 0.096875
3 0.440625 0.22734375 0.1 0.0921875