3 0.16171875 0.37421875 0.0734375 0.1078125
3 0.38828125 0.4171875 0.084375 0.084375
3 0.121875 0.83515625 0.084375 0.084375
3 0.759375 0.41875 0.075 0.103125
3 0.2921875 0.16640625 0.08125 0.08125
3 0.68671875 0.60703125 0.084375 0.084375
3 0.34609375 0.878125 0.096875 0.096875
3 0.21484375 0.26484375 0.0734375 0.0859375
3 0.8328125 0.1640625 0.065625 0.09375
3 0.52265625 0.84453125 0.0703125 0.0984375
3 0.5609375 0.19296875 0.078125 0.1046875
3 0.76953125 0.8765625 0.090625 0.090625
3 0.775 0.64296875 0.0625 0.0875
3 0.80625 0.540625 0.0890625 0.0890625
3 0.54609375 0.06484375 0.0734375 0.078125
3 0.646875 0.3015625 0.0625 0.0875
3 0.7453125 0.1203125 0.0875 0.0875
3 0.75703125 0.2265625 0.084375 0.0859375
3 0.9140625 0.234375 0.08125 0.08125
3 0.5953125 0.41171875 0.0828125 0.0828125
3 0.634375 0.50703125 0.08125 0.0984375
3 0.05703125 0.109375 0.0703125 0.06875
3 0.93125 0.36171875 0.0875 0.0875
3 0.903125 0.1265625 0.0921875 0.0921875
3 0.309375 0.059375 0.075 0.10625
3 0.55234375 0.3125 0.09375 0.0953125
3 0.9421875 0.90078125 0.065625 0.0921875
3 0.24375 0.646875 0.0625 0.08125
3 0.4484375 0.27109375 0.0875 0.0875
3 0.09375 0.89765625 0.0828125 0.08125
3 0.24453125 0.86875 0.0578125 0.075
3 0.13203125 0.2828125 0.071875 0.0703125
3 0.475 0.7109375 0.08125 0.103125
3 0.85859375 0.83515625 0.06875 0.06875
3 0.23359375 0.7640625 0.0734375 0.084375
3 0.103125 0.540625 0.1 0.1
3 0.6484375 0.08984375 0.06875 0.06875
3 0.46015625 0.790625 0.0703125 0.10625
3 0.2546875 0.5546875 0.09375 0.09375
3 0.11640625 0.1734375 0.0828125 0.084375
3 0.9609375 0.52578125 0.078125 0.1109375
3 0.03359375 0.78359375 0.0671875 0.1078125
3 0.86953125 0.7265625 0.0734375 0.103125
4 0.465625 0.49609375 0.096875 0.096875