3 0.703125 0.35546875 0.0828125 0.0828125
3 0.54296875 0.3546875 0.0640625 0.090625
3 0.60625 0.3078125 0.065625 0.078125
3 0.134375 0.446875 0.08125 0.08125
3 0.646875 0.4484375 0.0625 0.084375
3 0.48125 0.80234375 0.0796875 0.078125
3 0.17421875 0.82265625 0.06875 0.06875
3 0.4125 0.41171875 0.06875 0.0765625
3 0.2453125 0.8390625 0.059375 0.084375
3 0.7484375 0.55546875 0.084375 0.084375
3 0.9203125 0.88046875 0.084375 0.084375
3 0.92265625 0.1703125 0.0640625 0.09375
3 0.1234375 0.2484375 0.0765625 0.0765625
3 0.090625 0.11796875 0.0703125 0.0703125
3 0.796875 0.43828125 0.065625 0.0765625
3 0.11796875 0.59296875 0.0765625 0.0828125
3 0.28515625 0.93984375 0.078125 0.0796875
3 0.2640625 0.6671875 0.0796875 0.0796875
3 0.46796875 0.57109375 0.08125 0.08125
3 0.84375 0.66015625 0.08125 0.08125
3 0.128125 0.340625 0.0765625 0.0765625
3 0.5 0.18359375 0.065625 0.075
3 0.553125 0.7640625 0.065625 0.0875
3 0.74140625 0.8609375 0.0765625 0.0765625
3 0.83046875 0.5046875 0.0796875 0.0796875
3 0.63125 0.603125 0.0765625 0.0765625
3 0.66015625 0.871875 0.078125 0.0765625
3 0.6125 0.82578125 0.059375 0.0796875
3 0.17265625 0.196875 0.0765625 0.075
3 0.25 0.56875 0.071875 0.0875
3 0.56875 0.57734375 0.06875 0.0859375
3 0.84453125 0.9078125 0.0609375 0.075
3 0.07734375 0.89765625 0.0703125 0.0703125
3 0.56328125 0.1328125 0.08125 0.065625
3 0.253125 0.34921875 0.075 0.075
3 0.5140625 0.87421875 0.078125 0.078125
3 0.57734375 0.42421875 0.0578125 0.0796875
3 0.36796875 0.74140625 0.0765625 0.0765625
3 0.44921875 0.271875 0.0640625 0.0640625
3 0.8546875 0.81328125 0.0765625 0.075
3 0.8296875 0.1109375 0.0625 0.09375
3 0.815625 0.60703125 0.06875 0.0921875
3 0.07109375 0.6625 0.0765625 0.0765625
3 0.21015625 0.121875 0.0703125 0.084375
3 0.89140625 0.5734375 0.071875 0.09375
3 0.61015625 0.9234375 0.0765625 0.0765625
3 0.5703125 0.03828125 0.071875 0.0734375
3 0.6515625 0.059375 0.0734375 0.0734375
3 0.04296875 0.2390625 0.0484375 0.078125
3 0.96171875 0.5765625 0.0765625 0.078125
3 0.49140625 0.9515625 0.0796875 0.078125
3 0.89765625 0.3421875 0.0671875 0.090625
3 0.89375 0.09765625 0.0796875 0.0796875
3 0.7671875 0.0953125 0.075 0.075
3 0.75 0.16640625 0.075 0.0921875
3 0.471875 0.359375 0.0625 0.071875
3 0.45859375 0.1734375 0.078125 0.0765625
3 0.340625 0.68046875 0.084375 0.0859375
3 0.3265625 0.57578125 0.06875 0.0921875
3 0.4828125 0.26875 0.059375 0.08125
3 0.42109375 0.04296875 0.0578125 0.0859375
3 0.365625 0.5390625 0.075 0.075
3 0.97109375 0.35234375 0.0578125 0.0796875
3 0.96953125 0.090625 0.05625 0.0875
3 0.27109375 0.23671875 0.06875 0.06875
3 0.790625 0.95859375 0.0640625 0.0625
3 0.67734375 0.1515625 0.071875 0.071875