3 0.53125 0.075 0.075 0.09375
3 0.58046875 0.53671875 0.08125 0.08125
3 0.35234375 0.86796875 0.078125 0.0984375
3 0.8 0.29375 0.0890625 0.0890625
3 0.521875 0.78046875 0.078125 0.0796875
3 0.24921875 0.09453125 0.0859375 0.1078125
3 0.7203125 0.54453125 0.084375 0.084375
3 0.20234375 0.63515625 0.0734375 0.1
3 0.34453125 0.62109375 0.0828125 0.0828125
3 0.846875 0.0734375 0.09375 0.09375
3 0.2765625 0.73984375 0.0859375 0.084375
3 0.0828125 0.22109375 0.090625 0.090625
3 0.85390625 0.4015625 0.0859375 0.0859375
3 0.83359375 0.19296875 0.0765625 0.1015625
3 0.1359375 0.0609375 0.0921875 0.0921875
3 0.3546875 0.4265625 0.090625 0.090625
3 0.16796875 0.44296875 0.075 0.096875
3 0.878125 0.27578125 0.090625 0.0890625
3 0.86171875 0.96015625 0.0734375 0.0734375
3 0.7796875 0.3953125 0.06875 0.090625
3 0.80234375 0.553125 0.0703125 0.0875
3 0.42265625 0.240625 0.0765625 0.103125
3 0.27421875 0.45703125 0.090625 0.090625
3 0.5421875 0.4265625 0.065625 0.090625
3 0.7734375 0.0984375 0.071875 0.096875
3 0.625 0.60390625 0.08125 0.1046875
3 0.64921875 0.23828125 0.084375 0.084375
3 0.51796875 0.3390625 0.0859375 0.084375
3 0.5171875 0.59921875 0.08125 0.08125
3 0.6 0.16484375 0.0984375 0.096875
3 0.2734375 0.61640625 0.084375 0.084375
3 0.328125 0.5296875 0.0796875 0.0796875
3 0.55 0.259375 0.0859375 0.0859375
3 0.03984375 0.721875 0.0796875 0.084375
3 0.609375 0.90625 0.06875 0.0875
3 0.9703125 0.3734375 0.059375 0.090625
3 0.684375 0.6671875 0.06875 0.090625
3 0.86875 0.48984375 0.075 0.0921875
3 0.240625 0.35546875 0.08125 0.08125
3 0.196875 0.1921875 0.0921875 0.0921875
3 0.54921875 0.6875 0.090625 0.090625
3 0.434375 0.92890625 0.0875 0.0859375
3 0.2734375 0.23984375 0.078125 0.090625
3 0.39765625 0.3484375 0.0859375 0.0875
3 0.91484375 0.3578125 0.0640625 0.096875
3 0.61015625 0.7203125 0.075 0.075
3 0.95625 0.065625 0.0875 0.096875
3 0.6875 0.28046875 0.090625 0.090625
3 0.9140625 0.7875 0.071875 0.1
3 0.43203125 0.36171875 0.0828125 0.0828125
3 0.08671875 0.46796875 0.0796875 0.0796875
3 0.475 0.11796875 0.053125 0.0953125
3 0.83203125 0.81484375 0.0921875 0.0875
3 0.275 0.52109375 0.078125 0.078125
5 0.6296875 0.39609375 0.10625 0.10625
3 0.7375 0.8625 0.0796875 0.0796875
5 0.70390625 0.409375 0.109375 0.1109375
3 0.7265625 0.46015625 0.078125 0.0828125