3 0.296875 0.0703125 0.075 0.075
3 0.596875 0.4046875 0.078125 0.096875
3 0.7125 0.853125 0.06875 0.075
3 0.78203125 0.2171875 0.0828125 0.08125
3 0.50546875 0.8578125 0.0796875 0.09375
3 0.125 0.5859375 0.0828125 0.0828125
3 0.5578125 0.50703125 0.08125 0.08125
3 0.5796875 0.61015625 0.075 0.075
3 0.23984375 0.890625 0.0703125 0.103125
3 0.73046875 0.7828125 0.08125 0.08125
3 0.75 0.4421875 0.06875 0.084375
3 0.7015625 0.61796875 0.071875 0.0796875
3 0.5640625 0.6765625 0.0703125 0.0703125
3 0.75625 0.3484375 0.059375 0.06875
3 0.8109375 0.53671875 0.059375 0.0890625
3 0.1546875 0.12421875 0.0875 0.0890625
3 0.1828125 0.34375 0.078125 0.0875
3 0.4140625 0.74765625 0.071875 0.0984375
3 0.3453125 0.83828125 0.0875 0.0890625
3 0.5046875 0.7015625 0.08125 0.084375
3 0.9515625 0.66953125 0.059375 0.1203125
3 0.09765625 0.72890625 0.0734375 0.0765625
3 0.421875 0.4640625 0.065625 0.090625
3 0.934375 0.52265625 0.0828125 0.0828125
3 0.9 0.3890625 0.06875 0.1125
3 0.08515625 0.09921875 0.0671875 0.0890625
3 0.421875 0.1640625 0.0828125 0.084375
3 0.1515625 0.4796875 0.071875 0.075
3 0.065625 0.528125 0.0859375 0.084375
3 0.48515625 0.5859375 0.075 0.075
3 0.4546875 0.05625 0.071875 0.1
3 0.25234375 0.20859375 0.0828125 0.075
3 0.83828125 0.35 0.075 0.0734375
3 0.38359375 0.3015625 0.0609375 0.084375
3 0.64296875 0.915625 0.078125 0.078125
3 0.4375 0.28359375 0.0625 0.096875
3 0.8640625 0.53046875 0.06875 0.0984375
3 0.8328125 0.8046875 0.084375 0.084375
3 0.21328125 0.4609375 0.0796875 0.075
3 0.51328125 0.22578125 0.0921875 0.0671875
3 0.4765625 0.43359375 0.053125 0.0875
3 0.4953125 0.384375 0.084375 0.078125
3 0.89609375 0.21796875 0.08125 0.08125
3 0.66015625 0.71484375 0.06875 0.0984375
3 0.31171875 0.6765625 0.0890625 0.078125
3 0.9140625 0.60546875 0.084375 0.0765625
3 0.87421875 0.6703125 0.0828125 0.071875
3 0.06328125 0.33359375 0.0875 0.0859375
3 0.38046875 0.36484375 0.0765625 0.0796875
3 0.44375 0.59296875 0.08125 0.08125
3 0.3015625 0.6046875 0.090625 0.071875
3 0.32578125 0.190625 0.0875 0.0859375
3 0.809375 0.40078125 0.0828125 0.08125
3 0.33125 0.56328125 0.0875 0.0953125
3 0.884375 0.72421875 0.0875 0.0734375
3 0.353125 0.5078125 0.08125 0.078125
3 0.15390625 0.846875 0.09375 0.09375
3 0.2640625 0.78203125 0.065625 0.1015625
3 0.925 0.2359375 0.0625 0.0875
3 0.7765625 0.6390625 0.078125 0.090625
3 0.20625 0.6078125 0.0875 0.0875
3 0.8328125 0.75703125 0.075 0.0765625
3 0.6734375 0.6609375 0.075 0.075