3 0.31875 0.6515625 0.06875 0.084375
3 0.5640625 0.70078125 0.08125 0.08125
3 0.6234375 0.115625 0.0625 0.090625
3 0.39609375 0.71015625 0.084375 0.084375
3 0.54765625 0.3359375 0.078125 0.084375
3 0.51328125 0.49453125 0.0796875 0.0984375
3 0.259375 0.30625 0.075 0.103125
3 0.75390625 0.4140625 0.0796875 0.08125
3 0.125 0.42578125 0.084375 0.0828125
3 0.58515625 0.47265625 0.0875 0.0875
3 0.50390625 0.59765625 0.0765625 0.1015625
3 0.05 0.20078125 0.06875 0.0953125
3 0.5796875 0.9484375 0.0625 0.084375
3 0.05625 0.49609375 0.078125 0.0765625
3 0.3328125 0.8453125 0.06875 0.1
3 0.35 0.3515625 0.09375 0.09375
3 0.259375 0.85703125 0.06875 0.0859375
3 0.43359375 0.3875 0.078125 0.084375
3 0.91953125 0.70859375 0.0859375 0.0859375
3 0.2984375 0.51875 0.071875 0.096875
3 0.55703125 0.09375 0.0703125 0.0875
3 0.22265625 0.44921875 0.09375 0.09375
3 0.38359375 0.4734375 0.0765625 0.1
3 0.94609375 0.25234375 0.084375 0.084375
3 0.16640625 0.7296875 0.0640625 0.090625
3 0.2609375 0.93828125 0.0625 0.0640625
3 0.440625 0.56484375 0.0875 0.0859375
3 0.9015625 0.89765625 0.084375 0.084375
3 0.828125 0.8234375 0.0671875 0.0671875
3 0.884375 0.6171875 0.0625 0.084375
3 0.078125 0.0578125 0.0875 0.0875
3 0.25078125 0.7890625 0.06875 0.0671875
3 0.334375 0.56640625 0.0734375 0.0734375
3 0.86875 0.54296875 0.06875 0.0875
3 0.9375 0.09453125 0.0734375 0.075
3 0.51171875 0.8296875 0.0734375 0.0734375
3 0.73046875 0.5203125 0.078125 0.1
3 0.2265625 0.72734375 0.059375 0.0640625
3 0.14453125 0.51171875 0.0796875 0.08125
3 0.82265625 0.65859375 0.0578125 0.0890625
3 0.4453125 0.78828125 0.0671875 0.065625
3 0.9234375 0.796875 0.06875 0.065625
3 0.27578125 0.5984375 0.0546875 0.071875
3 0.796875 0.4609375 0.06875 0.090625
3 0.9515625 0.18828125 0.06875 0.0859375
3 0.7640625 0.709375 0.078125 0.10625
3 0.59375 0.209375 0.075 0.0875
3 0.65625 0.44921875 0.0625 0.0796875
3 0.584375 0.84375 0.0625 0.078125
3 0.50390625 0.38046875 0.071875 0.071875
3 0.9203125 0.36796875 0.0734375 0.0734375
2 0.3078125 0.24453125 0.078125 0.0859375
3 0.45546875 0.7234375 0.0703125 0.071875
3 0.71875 0.6671875 0.06875 0.0875
3 0.40703125 0.94453125 0.08125 0.08125
3 0.0453125 0.75390625 0.059375 0.078125
3 0.05078125 0.3515625 0.08125 0.08125
3 0.6484375 0.7953125 0.065625 0.090625
3 0.40625 0.51640625 0.075 0.096875
3 0.94609375 0.4328125 0.0734375 0.103125
3 0.103125 0.78125 0.075 0.075
3 0.1625 0.66171875 0.090625 0.0921875
3 0.43359375 0.3421875 0.08125 0.0828125
3 0.08984375 0.9296875 0.0703125 0.090625
6 0.1046875 0.8546875 0.0875 0.09375
3 0.66796875 0.72578125 0.0703125 0.0734375
3 0.1140625 0.69921875 0.059375 0.0765625
3 0.24375 0.66171875 0.075 0.0671875
3 0.4375 0.22265625 0.0734375 0.0734375
3 0.0609375 0.90234375 0.078125 0.1015625
3 0.084375 0.64765625 0.075 0.075
3 0.5109375 0.16640625 0.0734375 0.071875
3 0.6796875 0.67578125 0.078125 0.1046875
3 0.18828125 0.5265625 0.075 0.075
3 0.2234375 0.6046875 0.065625 0.0875
3 0.496875 0.190625 0.071875 0.0875
3 0.87109375 0.41796875 0.0734375 0.0859375
3 0.45 0.84453125 0.075 0.0796875
6 0.4609375 0.26328125 0.090625 0.0890625
3 0.928125 0.0328125 0.0578125 0.0578125
3 0.88671875 0.44921875 0.0875 0.0875
3 0.696875 0.49765625 0.05 0.103125
3 0.8078125 0.6390625 0.059375 0.0875
3 0.21875 0.5328125 0.075 0.10625
3 0.634375 0.82578125 0.0765625 0.075
3 0.4421875 0.90625 0.065625 0.09375
3 0.7234375 0.04609375 0.071875 0.0921875