3 0.05078125 0.115625 0.0765625 0.0765625
3 0.4 0.7203125 0.06875 0.06875
3 0.06328125 0.734375 0.090625 0.0890625
3 0.0859375 0.20234375 0.071875 0.0953125
6 0.37734375 0.1296875 0.0765625 0.103125
3 0.7453125 0.70703125 0.078125 0.078125
3 0.3296875 0.30703125 0.065625 0.065625
3 0.1375 0.43984375 0.0546875 0.05625
3 0.15 0.678125 0.084375 0.0828125
3 0.15625 0.371875 0.0625 0.0640625
3 0.5734375 0.7328125 0.078125 0.078125
3 0.7703125 0.12890625 0.078125 0.078125
3 0.8140625 0.60859375 0.0625 0.0984375
6 0.4421875 0.88984375 0.084375 0.1140625
3 0.68125 0.5578125 0.0796875 0.0796875
3 0.5515625 0.61328125 0.05625 0.0828125
3 0.21015625 0.9328125 0.0625 0.078125
3 0.340625 0.92890625 0.08125 0.08125
3 0.79765625 0.7640625 0.078125 0.078125
3 0.29765625 0.8703125 0.078125 0.078125
3 0.78125 0.90859375 0.0625 0.078125
3 0.7515625 0.4859375 0.05625 0.075
3 0.8578125 0.25546875 0.078125 0.078125
3 0.25234375 0.04921875 0.065625 0.0890625
3 0.61796875 0.85546875 0.0640625 0.0765625
3 0.83359375 0.1765625 0.071875 0.071875
3 0.58359375 0.06953125 0.0703125 0.0828125
3 0.49609375 0.7484375 0.065625 0.084375
3 0.896875 0.56015625 0.06875 0.0734375
3 0.84609375 0.93671875 0.06875 0.06875
3 0.29765625 0.40859375 0.0546875 0.1078125
3 0.8796875 0.45859375 0.06875 0.06875
3 0.09921875 0.9109375 0.0703125 0.075
3 0.56171875 0.50234375 0.0703125 0.084375
3 0.4171875 0.31640625 0.075 0.0765625
3 0.7328125 0.8296875 0.053125 0.071875
3 0.38828125 0.24453125 0.0640625 0.0859375
3 0.65 0.190625 0.0734375 0.0734375
3 0.2578125 0.36875 0.0765625 0.0765625
3 0.940625 0.23671875 0.075 0.0734375
3 0.36484375 0.365625 0.0609375 0.0625
3 0.2453125 0.30234375 0.06875 0.0921875
3 0.1875 0.21640625 0.0734375 0.0734375
3 0.2 0.11015625 0.0625 0.078125
3 0.19453125 0.73125 0.0828125 0.08125
3 0.93359375 0.14765625 0.078125 0.078125
3 0.309375 0.08828125 0.06875 0.0953125
3 0.684375 0.1296875 0.071875 0.071875
3 0.7203125 0.3125 0.0625 0.0625
3 0.665625 0.7953125 0.0625 0.084375
3 0.33515625 0.75859375 0.065625 0.0890625
3 0.584375 0.1859375 0.0703125 0.0703125
3 0.64453125 0.07734375 0.05 0.0703125
6 0.33671875 0.61953125 0.0734375 0.1
3 0.7796875 0.309375 0.065625 0.065625
3 0.51484375 0.37890625 0.059375 0.059375
3 0.3140625 0.6953125 0.0640625 0.0640625
3 0.96171875 0.93828125 0.071875 0.071875
3 0.9359375 0.83515625 0.075 0.075
1 0.93515625 0.7734375 0.096875 0.0953125
3 0.8921875 0.60390625 0.0640625 0.0640625
3 0.2984375 0.2234375 0.059375 0.090625
3 0.25703125 0.57421875 0.05625 0.0703125
3 0.1671875 0.58359375 0.059375 0.059375
3 0.90546875 0.36328125 0.0515625 0.0671875
3 0.6234375 0.5140625 0.053125 0.08125
3 0.55625 0.909375 0.059375 0.0875
3 0.7546875 0.95234375 0.059375 0.0578125
3 0.953125 0.31171875 0.0671875 0.06875
3 0.26484375 0.64609375 0.0625 0.0625
3 0.27890625 0.15703125 0.08125 0.08125
3 0.43359375 0.76640625 0.0609375 0.0671875
3 0.43203125 0.0484375 0.06875 0.075
3 0.465625 0.37890625 0.05 0.0796875
3 0.7640625 0.590625 0.0578125 0.0578125
3 0.21953125 0.24765625 0.0640625 0.0828125
3 0.35 0.421875 0.0625 0.075
3 0.96796875 0.62265625 0.0578125 0.0640625
3 0.62578125 0.93671875 0.0578125 0.0828125
3 0.721875 0.63125 0.0625 0.0625
3 0.36328125 0.5859375 0.0578125 0.05625
3 0.809375 0.43203125 0.05 0.0640625
3 0.9703125 0.53203125 0.059375 0.0609375
3 0.52890625 0.91640625 0.071875 0.071875
3 0.22109375 0.8640625 0.06875 0.0671875
6 0.63984375 0.3234375 0.1046875 0.1046875
3 0.53828125 0.43515625 0.046875 0.0671875
3 0.79765625 0.86640625 0.0609375 0.0765625
3 0.8609375 0.65859375 0.05 0.059375
3 0.62421875 0.41171875 0.0578125 0.0734375
3 0.25390625 0.71875 0.0609375 0.0609375
3 0.315625 0.79296875 0.0625 0.0625
3 0.91796875 0.88671875 0.0625 0.0625
3 0.66171875 0.2375 0.05 0.075
3 0.61640625 0.25625 0.0546875 0.05625
3 0.29140625 0.11953125 0.0734375 0.0734375
3 0.8296875 0.04296875 0.06875 0.06875