3 0.884375 0.05078125 0.0875 0.0640625
3 0.2796875 0.4 0.06875 0.06875
3 0.265625 0.06328125 0.0890625 0.090625
3 0.79765625 0.0859375 0.0953125 0.071875
6 0.8703125 0.37734375 0.103125 0.0765625
3 0.29296875 0.7453125 0.0875 0.06875
3 0.69296875 0.3296875 0.078125 0.053125
3 0.56015625 0.1375 0.0546875 0.05625
3 0.321875 0.15 0.0828125 0.0828125
3 0.628125 0.15625 0.06875 0.05625
3 0.2671875 0.5734375 0.078125 0.078125
3 0.87109375 0.7703125 0.0859375 0.06875
3 0.39140625 0.8140625 0.08125 0.08125
6 0.11015625 0.4421875 0.0984375 0.1
3 0.4421875 0.68125 0.090625 0.06875
3 0.38671875 0.5515625 0.06875 0.06875
3 0.0671875 0.21015625 0.0703125 0.0703125
3 0.07109375 0.340625 0.0890625 0.075
3 0.2359375 0.79765625 0.078125 0.078125
3 0.1296875 0.29765625 0.078125 0.078125
3 0.09140625 0.78125 0.078125 0.0625
3 0.5140625 0.7515625 0.065625 0.065625
3 0.74453125 0.8578125 0.0828125 0.071875
3 0.95078125 0.25234375 0.078125 0.078125
3 0.14453125 0.61796875 0.0765625 0.0640625
3 0.8234375 0.83359375 0.071875 0.0703125
3 0.93046875 0.58359375 0.0765625 0.0765625
3 0.2515625 0.49609375 0.084375 0.065625
3 0.43984375 0.896875 0.071875 0.071875
3 0.06328125 0.84609375 0.06875 0.06875
3 0.59140625 0.29765625 0.1078125 0.0546875
3 0.54140625 0.8796875 0.06875 0.06875
3 0.0890625 0.09921875 0.075 0.0703125
3 0.49765625 0.56171875 0.078125 0.078125
3 0.68359375 0.4171875 0.0765625 0.075
3 0.1703125 0.7328125 0.0625 0.0625
3 0.75546875 0.38828125 0.0859375 0.0640625
3 0.809375 0.65 0.0734375 0.0734375
3 0.63125 0.2578125 0.0875 0.065625
3 0.76328125 0.940625 0.0828125 0.065625
3 0.634375 0.36484375 0.0625 0.0609375
3 0.69765625 0.2453125 0.08125 0.08125
3 0.78359375 0.1875 0.0734375 0.0734375
3 0.88984375 0.2 0.078125 0.0625
3 0.26875 0.19453125 0.08125 0.08125
3 0.85234375 0.93359375 0.078125 0.078125
3 0.91171875 0.309375 0.0953125 0.06875
3 0.8703125 0.684375 0.08125 0.0625
3 0.6875 0.7203125 0.0625 0.0625
3 0.2046875 0.665625 0.0734375 0.0734375
3 0.24140625 0.33515625 0.0890625 0.065625
3 0.8140625 0.584375 0.0703125 0.0703125
3 0.92265625 0.64453125 0.0609375 0.059375
6 0.38046875 0.33671875 0.1 0.0734375
3 0.690625 0.7796875 0.065625 0.065625
3 0.62109375 0.51484375 0.0640625 0.0546875
3 0.3046875 0.3140625 0.06875 0.059375
3 0.06171875 0.96171875 0.0765625 0.0671875
3 0.16484375 0.9359375 0.075 0.075
1 0.2265625 0.93515625 0.103125 0.0890625
3 0.39609375 0.8921875 0.0640625 0.0640625
3 0.7765625 0.2984375 0.090625 0.059375
3 0.42578125 0.25703125 0.0703125 0.05625
3 0.41640625 0.1671875 0.0671875 0.053125
3 0.63671875 0.90546875 0.059375 0.059375
3 0.4859375 0.6234375 0.0671875 0.0671875
3 0.090625 0.55625 0.0875 0.059375
3 0.04765625 0.7546875 0.0578125 0.059375
3 0.68828125 0.953125 0.0796875 0.05625
3 0.35390625 0.26484375 0.0625 0.0625
3 0.84296875 0.27890625 0.08125 0.08125
3 0.23359375 0.43359375 0.0671875 0.0609375
3 0.9515625 0.43203125 0.071875 0.071875
3 0.62109375 0.465625 0.065625 0.065625
3 0.409375 0.7640625 0.0625 0.053125
3 0.75234375 0.21953125 0.0828125 0.0640625
3 0.578125 0.35 0.06875 0.06875
3 0.37734375 0.96796875 0.0640625 0.0578125
3 0.06328125 0.62578125 0.0828125 0.0578125
3 0.36875 0.721875 0.06875 0.05625
3 0.4140625 0.36328125 0.065625 0.0484375
3 0.56796875 0.809375 0.0578125 0.0578125
3 0.46796875 0.9703125 0.0609375 0.059375
3 0.08359375 0.52890625 0.084375 0.0578125
3 0.1359375 0.22109375 0.0671875 0.06875
6 0.6765625 0.63984375 0.13125 0.078125
3 0.56484375 0.53828125 0.0671875 0.046875
3 0.13359375 0.79765625 0.0765625 0.0609375
3 0.34140625 0.8609375 0.059375 0.05
3 0.58828125 0.62421875 0.065625 0.065625
3 0.28125 0.25390625 0.06875 0.053125
3 0.20703125 0.315625 0.0734375 0.05
3 0.11328125 0.91796875 0.0625 0.0625
3 0.7625 0.66171875 0.075 0.05
3 0.74375 0.61640625 0.05625 0.0546875
3 0.88046875 0.29140625 0.0796875 0.0671875
3 0.95703125 0.8296875 0.0796875 0.059375