2 0.87421875 0.8015625 0.078125 0.0796875
2 0.6296875 0.71328125 0.071875 0.103125
2 0.66953125 0.5796875 0.08125 0.08125
2 0.9375 0.234375 0.08125 0.08125
2 0.8171875 0.7125 0.08125 0.08125
2 0.85859375 0.6171875 0.075 0.075
2 0.68515625 0.28671875 0.0703125 0.0921875
2 0.91328125 0.13515625 0.0734375 0.0953125
2 0.778125 0.896875 0.071875 0.096875
2 0.51015625 0.73984375 0.084375 0.084375
2 0.60078125 0.34609375 0.075 0.0984375
2 0.52265625 0.3359375 0.084375 0.084375
2 0.4328125 0.0640625 0.071875 0.090625
2 0.51875 0.22109375 0.08125 0.0828125
2 0.82578125 0.0859375 0.0765625 0.078125
2 0.175 0.9109375 0.075 0.090625
2 0.525 0.1125 0.08125 0.09375
2 0.91015625 0.67890625 0.0703125 0.1015625
2 0.13828125 0.6140625 0.0734375 0.090625
2 0.58125 0.62734375 0.06875 0.0953125
2 0.3859375 0.50390625 0.0625 0.0921875
2 0.4453125 0.390625 0.0765625 0.0765625
2 0.26015625 0.31640625 0.0640625 0.0921875
2 0.2609375 0.75234375 0.0890625 0.0890625
2 0.29140625 0.26875 0.0859375 0.0859375
2 0.56796875 0.2734375 0.0671875 0.08125
2 0.60703125 0.5625 0.078125 0.078125
2 0.7203125 0.9296875 0.0875 0.0875
2 0.6484375 0.17734375 0.071875 0.0984375
2 0.45546875 0.875 0.0921875 0.090625
2 0.553125 0.42578125 0.06875 0.1015625
2 0.7203125 0.715625 0.0890625 0.0890625
2 0.0546875 0.29375 0.078125 0.1
2 0.08125 0.22578125 0.075 0.0921875
2 0.3546875 0.9203125 0.096875 0.096875
2 0.09453125 0.46953125 0.0875 0.0875
2 0.15 0.52109375 0.08125 0.1015625
2 0.378125 0.196875 0.075 0.09375
2 0.5125 0.56796875 0.0890625 0.0890625
2 0.17265625 0.25234375 0.084375 0.0859375
2 0.2765625 0.4 0.0828125 0.0828125
2 0.13203125 0.38984375 0.08125 0.08125
2 0.45703125 0.52890625 0.0734375 0.0921875
2 0.62109375 0.4421875 0.096875 0.096875
2 0.40234375 0.13828125 0.0796875 0.0796875
2 0.1171875 0.94765625 0.0859375 0.0875
2 0.12578125 0.82109375 0.0984375 0.0984375
2 0.16640625 0.303125 0.0703125 0.084375
2 0.5140625 0.6453125 0.078125 0.090625
2 0.865625 0.91875 0.0796875 0.0796875
2 0.45 0.28984375 0.0875 0.0921875
2 0.42421875 0.9515625 0.0859375 0.0875
2 0.8796875 0.93671875 0.1 0.096875
3 0.30078125 0.4828125 0.0984375 0.0984375
3 0.196875 0.79921875 0.1 0.1
3 0.29765625 0.178125 0.0921875 0.096875