6 0.64609375 0.0578125 0.0875 0.0875
3 0.4390625 0.10078125 0.0828125 0.0828125
3 0.57578125 0.61875 0.078125 0.0765625
3 0.915625 0.5796875 0.08125 0.0625
3 0.1484375 0.059375 0.0890625 0.0890625
0 0.7671875 0.30234375 0.0890625 0.0875
3 0.928125 0.33203125 0.1 0.0703125
3 0.73515625 0.153125 0.0796875 0.078125
3 0.59296875 0.1875 0.0859375 0.0875
3 0.3109375 0.56875 0.0828125 0.0828125
3 0.49765625 0.509375 0.0828125 0.084375
3 0.5390625 0.6796875 0.084375 0.084375
3 0.353125 0.7171875 0.078125 0.0765625
3 0.13203125 0.5328125 0.08125 0.0796875
3 0.9203125 0.7609375 0.0875 0.078125
3 0.3734375 0.10390625 0.090625 0.0671875
3 0.85703125 0.41640625 0.071875 0.071875
3 0.2046875 0.1546875 0.084375 0.0625
3 0.3546875 0.628125 0.09375 0.06875
3 0.93671875 0.39765625 0.0734375 0.0734375
3 0.15625 0.75078125 0.075 0.075
3 0.45546875 0.77421875 0.09375 0.09375
3 0.196875 0.56796875 0.08125 0.0796875
3 0.5515625 0.96171875 0.078125 0.0765625
3 0.834375 0.8109375 0.0875 0.0875
3 0.52890625 0.434375 0.0828125 0.06875
3 0.91796875 0.16953125 0.078125 0.078125
3 0.11875 0.86796875 0.096875 0.0734375
3 0.31953125 0.459375 0.0984375 0.075
3 0.4109375 0.8515625 0.0828125 0.084375
3 0.259375 0.346875 0.065625 0.059375
3 0.51484375 0.57734375 0.071875 0.071875
3 0.2984375 0.13671875 0.06875 0.0546875
3 0.69921875 0.90390625 0.075 0.0765625
3 0.68125 0.340625 0.078125 0.05625
3 0.415625 0.228125 0.0703125 0.0703125
3 0.17265625 0.8125 0.078125 0.0796875
3 0.2203125 0.30078125 0.075 0.075
3 0.7515625 0.85234375 0.096875 0.0734375
6 0.4359375 0.3453125 0.1 0.084375
3 0.08515625 0.26015625 0.0859375 0.0640625
3 0.3234375 0.7890625 0.06875 0.06875
3 0.1203125 0.6640625 0.0703125 0.0703125
3 0.5125 0.225 0.06875 0.05
3 0.76640625 0.6921875 0.0734375 0.0625
3 0.09296875 0.37421875 0.0859375 0.0578125
3 0.93671875 0.9453125 0.0671875 0.06875
3 0.28515625 0.23828125 0.0703125 0.0578125
3 0.5140625 0.04453125 0.075 0.075
3 0.2359375 0.60859375 0.0765625 0.075
3 0.74453125 0.43515625 0.0671875 0.0671875
3 0.26953125 0.6671875 0.0703125 0.059375
3 0.43828125 0.934375 0.075 0.075
3 0.75390625 0.7484375 0.0671875 0.053125
3 0.56484375 0.3734375 0.0828125 0.06875
3 0.146875 0.28984375 0.065625 0.0703125
3 0.42734375 0.50546875 0.0703125 0.0609375
3 0.809375 0.1015625 0.078125 0.065625
3 0.81796875 0.06015625 0.0765625 0.05
3 0.26015625 0.509375 0.0765625 0.078125
3 0.8296875 0.665625 0.0578125 0.0578125
3 0.8734375 0.49453125 0.071875 0.0546875
3 0.82578125 0.24765625 0.0765625 0.0765625
3 0.88515625 0.21953125 0.0703125 0.0546875
3 0.86328125 0.271875 0.0828125 0.06875
3 0.484375 0.66328125 0.084375 0.0640625
3 0.66328125 0.96328125 0.0796875 0.0671875
3 0.21875 0.03515625 0.06875 0.0484375
3 0.459375 0.4 0.0875 0.0625
3 0.44140625 0.43046875 0.078125 0.078125
3 0.55546875 0.0890625 0.0640625 0.0625
3 0.68359375 0.409375 0.071875 0.0703125
3 0.4046875 0.44609375 0.075 0.075
3 0.39140625 0.8890625 0.0796875 0.053125
3 0.7109375 0.56796875 0.071875 0.0515625
3 0.15859375 0.2015625 0.059375 0.059375
3 0.49609375 0.8625 0.0734375 0.053125
3 0.68984375 0.2078125 0.0625 0.0640625
3 0.090625 0.603125 0.0703125 0.0703125
3 0.4328125 0.959375 0.084375 0.0625
3 0.921875 0.88515625 0.0796875 0.0796875
3 0.67578125 0.61796875 0.0640625 0.0640625
3 0.24765625 0.85703125 0.065625 0.0546875
3 0.44765625 0.25625 0.0828125 0.0625
3 0.51328125 0.3453125 0.0640625 0.0625
3 0.846875 0.88125 0.0859375 0.0859375
3 0.1953125 0.89140625 0.075 0.0578125
3 0.08671875 0.44921875 0.0671875 0.0578125
3 0.19140625 0.48984375 0.0609375 0.0609375
3 0.90078125 0.13125 0.0796875 0.075
3 0.68828125 0.10546875 0.0546875 0.0453125
3 0.0390625 0.2140625 0.065625 0.053125
3 0.21640625 0.4359375 0.078125 0.05
3 0.76171875 0.3765625 0.059375 0.059375
3 0.95625 0.49765625 0.084375 0.0609375
3 0.85234375 0.95859375 0.059375 0.0609375
3 0.47265625 0.62578125 0.0671875 0.0671875
6 0.265625 0.41484375 0.08125 0.0828125
3 0.75390625 0.2234375 0.071875 0.071875
3 0.140625 0.43515625 0.0671875 0.0671875
3 0.03984375 0.353125 0.0796875 0.05625
3 0.04375 0.93359375 0.059375 0.0421875
3 0.7625 0.965625 0.084375 0.065625