3 0.47890625 0.240625 0.1015625 0.071875
3 0.6890625 0.13984375 0.0734375 0.0734375
3 0.36953125 0.35546875 0.0828125 0.0828125
3 0.4859375 0.090625 0.084375 0.06875
3 0.3453125 0.54765625 0.0859375 0.0859375
3 0.20546875 0.48828125 0.1015625 0.0703125
3 0.3609375 0.23359375 0.0875 0.0671875
3 0.34765625 0.17109375 0.1078125 0.0703125
3 0.6671875 0.83125 0.0875 0.0890625
3 0.2421875 0.7609375 0.109375 0.084375
3 0.44140625 0.3234375 0.0921875 0.078125
3 0.55390625 0.3484375 0.1 0.08125
3 0.8328125 0.334375 0.0875 0.0875
3 0.4984375 0.48671875 0.090625 0.090625
3 0.771875 0.93125 0.1 0.08125
3 0.7375 0.275 0.090625 0.08125
3 0.76015625 0.4046875 0.0859375 0.0859375
3 0.7859375 0.1734375 0.109375 0.078125
3 0.28671875 0.41171875 0.09375 0.09375
3 0.59375 0.42578125 0.1125 0.0921875
5 0.2140625 0.134375 0.1046875 0.1046875
3 0.096875 0.17890625 0.1125 0.0796875
5 0.6640625 0.3171875 0.103125 0.0875