3 0.52109375 0.240625 0.1015625 0.071875
3 0.3109375 0.13984375 0.078125 0.06875
3 0.63046875 0.35546875 0.0890625 0.0765625
3 0.5140625 0.090625 0.084375 0.06875
3 0.6546875 0.54765625 0.090625 0.08125
3 0.79453125 0.48828125 0.1015625 0.0703125
3 0.6390625 0.23359375 0.0875 0.0671875
3 0.65234375 0.17109375 0.0890625 0.0890625
3 0.3328125 0.83125 0.0875 0.0875
3 0.7578125 0.7609375 0.096875 0.096875
3 0.55859375 0.3234375 0.0921875 0.078125
3 0.44609375 0.3484375 0.1 0.08125
3 0.1671875 0.334375 0.0875 0.0875
3 0.5015625 0.48671875 0.090625 0.090625
3 0.228125 0.93125 0.1 0.08125
3 0.2625 0.275 0.090625 0.08125
3 0.23984375 0.4046875 0.1015625 0.071875
3 0.2140625 0.1734375 0.09375 0.09375
3 0.71328125 0.41171875 0.1125 0.075
3 0.40625 0.42578125 0.103125 0.1015625
5 0.7859375 0.134375 0.121875 0.0875
3 0.903125 0.17890625 0.096875 0.096875
5 0.3359375 0.3171875 0.0953125 0.0953125