3 0.825 0.12109375 0.0765625 0.078125
3 0.81640625 0.559375 0.0625 0.09375
3 0.065625 0.78828125 0.0734375 0.071875
3 0.571875 0.68515625 0.0765625 0.0765625
3 0.4984375 0.646875 0.05 0.06875
3 0.34375 0.73203125 0.078125 0.0796875
3 0.10859375 0.84453125 0.075 0.075
3 0.3390625 0.625 0.071875 0.071875
3 0.67578125 0.59453125 0.0734375 0.075
3 0.465625 0.4859375 0.065625 0.071875
3 0.1953125 0.71796875 0.0625 0.0859375
3 0.2328125 0.6265625 0.053125 0.084375
3 0.0765625 0.41328125 0.0625 0.0921875
3 0.80625 0.759375 0.0625 0.0875
3 0.71015625 0.871875 0.090625 0.0921875
3 0.28125 0.1828125 0.0703125 0.0703125
3 0.38125 0.54765625 0.0734375 0.075
3 0.41328125 0.6375 0.078125 0.078125
3 0.58359375 0.2609375 0.06875 0.0671875
3 0.58671875 0.3515625 0.065625 0.075
3 0.2953125 0.25703125 0.0875 0.0890625
3 0.746875 0.44765625 0.071875 0.0703125
3 0.14921875 0.5234375 0.0609375 0.0875
3 0.0859375 0.571875 0.0734375 0.0734375
3 0.159375 0.940625 0.065625 0.0875
3 0.6109375 0.0484375 0.0796875 0.0796875
3 0.4046875 0.35390625 0.071875 0.071875
3 0.28515625 0.696875 0.0734375 0.0734375
3 0.61015625 0.81015625 0.0734375 0.0734375
3 0.7046875 0.75859375 0.0765625 0.078125
3 0.7484375 0.14765625 0.06875 0.0765625
3 0.0484375 0.1546875 0.075 0.075
3 0.21328125 0.16640625 0.075 0.075
3 0.86953125 0.196875 0.0671875 0.08125
3 0.6859375 0.36328125 0.065625 0.1
3 0.509375 0.76171875 0.0765625 0.078125
3 0.8484375 0.6921875 0.06875 0.06875
3 0.1421875 0.16953125 0.06875 0.06875
3 0.759375 0.67890625 0.071875 0.0734375
3 0.76875 0.05390625 0.0625 0.0921875
3 0.54453125 0.20703125 0.06875 0.06875
3 0.48203125 0.5546875 0.0796875 0.0796875
3 0.215625 0.3390625 0.0625 0.0875
3 0.2046875 0.85234375 0.059375 0.078125
3 0.35546875 0.2 0.078125 0.0765625
3 0.60859375 0.9390625 0.0734375 0.0734375
3 0.85703125 0.61953125 0.06875 0.0734375
3 0.79921875 0.246875 0.0765625 0.078125
3 0.4765625 0.23515625 0.059375 0.0765625
3 0.63515625 0.18203125 0.0703125 0.0796875
3 0.5375 0.42109375 0.08125 0.0828125
3 0.9359375 0.79609375 0.065625 0.0875
3 0.634375 0.69296875 0.08125 0.0796875
3 0.67890625 0.06953125 0.078125 0.078125
3 0.71875 0.53046875 0.065625 0.0703125
3 0.8625 0.49765625 0.071875 0.0703125
3 0.2578125 0.79453125 0.065625 0.0875
3 0.7921875 0.3765625 0.071875 0.071875
3 0.2875 0.58046875 0.05625 0.0765625
3 0.0703125 0.05703125 0.05625 0.0953125
3 0.3953125 0.45078125 0.053125 0.0734375
3 0.7953125 0.28125 0.0671875 0.0671875
3 0.33046875 0.815625 0.059375 0.071875
3 0.740625 0.62109375 0.0703125 0.0703125
3 0.928125 0.57734375 0.0640625 0.065625
3 0.92421875 0.18359375 0.0765625 0.0765625
3 0.6765625 0.121875 0.0734375 0.0734375
3 0.49140625 0.1140625 0.0703125 0.078125
3 0.565625 0.50703125 0.078125 0.0765625
3 0.4421875 0.10390625 0.0703125 0.071875
3 0.696875 0.2296875 0.0625 0.09375
3 0.45 0.38671875 0.065625 0.0796875
3 0.228125 0.0484375 0.06875 0.096875
3 0.06015625 0.6171875 0.065625 0.078125
3 0.559375 0.096875 0.0828125 0.0828125
3 0.65234375 0.50703125 0.0625 0.0625
3 0.12109375 0.74921875 0.0609375 0.0828125
3 0.40703125 0.8375 0.084375 0.084375
3 0.70078125 0.29140625 0.075 0.075
3 0.390625 0.9328125 0.065625 0.065625
3 0.9609375 0.67421875 0.059375 0.0921875
3 0.859375 0.9203125 0.0859375 0.0859375
3 0.509375 0.9390625 0.0640625 0.0640625
3 0.178125 0.8140625 0.0796875 0.0796875
3 0.45078125 0.86015625 0.1 0.1
3 0.796875 0.85703125 0.075 0.075
3 0.1203125 0.95234375 0.078125 0.078125
3 0.071875 0.20390625 0.071875 0.0703125
3 0.13671875 0.07890625 0.0609375 0.0671875
3 0.16875 0.38046875 0.0671875 0.06875
3 0.8703125 0.35390625 0.053125 0.0796875
3 0.2921875 0.45546875 0.071875 0.0703125
3 0.55 0.859375 0.0625 0.0625
3 0.5328125 0.46015625 0.053125 0.075
3 0.171875 0.43125 0.059375 0.078125
3 0.93203125 0.20703125 0.059375 0.059375
3 0.09921875 0.465625 0.071875 0.0734375
3 0.4375 0.89453125 0.05625 0.0703125
3 0.48359375 0.96015625 0.065625 0.065625
3 0.78125 0.890625 0.05625 0.09375
3 0.64453125 0.721875 0.0390625 0.09375
3 0.6234375 0.84609375 0.059375 0.0640625
3 0.7640625 0.64296875 0.071875 0.071875
3 0.775 0.29140625 0.0671875 0.065625
3 0.746875 0.1125 0.071875 0.0703125
3 0.53125 0.1203125 0.0703125 0.0703125
3 0.60390625 0.26640625 0.0578125 0.0734375
3 0.4453125 0.23359375 0.065625 0.0734375
3 0.4046875 0.13984375 0.0625 0.0609375
3 0.38125 0.15859375 0.0703125 0.0703125
3 0.37734375 0.24765625 0.0734375 0.0734375
3 0.21015625 0.203125 0.0546875 0.08125
3 0.040625 0.3046875 0.0625 0.078125
3 0.04921875 0.240625 0.0796875 0.0796875
3 0.1234375 0.04296875 0.05 0.0734375
3 0.2265625 0.31015625 0.046875 0.0796875
3 0.071875 0.64375 0.0640625 0.0640625
3 0.096875 0.72265625 0.05 0.059375
3 0.02421875 0.31484375 0.0484375 0.0734375
3 0.1890625 0.409375 0.065625 0.065625
3 0.2296875 0.86015625 0.053125 0.0890625
3 0.296875 0.8875 0.0625 0.0625
3 0.2859375 0.83828125 0.0796875 0.078125
3 0.37109375 0.803125 0.0765625 0.0765625
3 0.3125 0.4578125 0.05 0.084375
3 0.2984375 0.42265625 0.059375 0.090625
3 0.4796875 0.365625 0.071875 0.0703125
3 0.4609375 0.40234375 0.071875 0.0703125
3 0.396875 0.4890625 0.05625 0.090625
3 0.45234375 0.56484375 0.0609375 0.0859375
3 0.50859375 0.66015625 0.0578125 0.0734375
3 0.346875 0.83671875 0.0625 0.0890625
3 0.946875 0.82109375 0.06875 0.06875
3 0.8859375 0.31328125 0.053125 0.0859375
3 0.8734375 0.33046875 0.06875 0.06875
3 0.76953125 0.3609375 0.0671875 0.059375
3 0.80546875 0.40078125 0.065625 0.065625
3 0.6796875 0.4421875 0.0515625 0.0515625
3 0.63203125 0.515625 0.0546875 0.078125
3 0.66015625 0.16953125 0.0578125 0.090625
3 0.63359375 0.4859375 0.06875 0.0703125
3 0.5453125 0.5125 0.0734375 0.0734375
3 0.925 0.5234375 0.05625 0.096875
3 0.91328125 0.571875 0.078125 0.1
3 0.40703125 0.2671875 0.0609375 0.071875
3 0.1421875 0.05703125 0.078125 0.0765625
3 0.74765625 0.56484375 0.0546875 0.0828125
3 0.5359375 0.871875 0.0625 0.084375