3 0.2703125 0.909375 0.115625 0.0875
3 0.853125 0.4 0.0875 0.078125
3 0.44296875 0.3046875 0.090625 0.090625
3 0.1703125 0.27890625 0.0859375 0.0859375
3 0.18515625 0.38828125 0.0921875 0.0703125
3 0.6109375 0.36953125 0.1 0.0765625
3 0.459375 0.7328125 0.0859375 0.0859375
3 0.87421875 0.80703125 0.1015625 0.06875
3 0.81015625 0.3265625 0.1 0.078125
3 0.5171875 0.4015625 0.096875 0.078125
3 0.0578125 0.890625 0.096875 0.096875
3 0.528125 0.203125 0.1125 0.075
3 0.5984375 0.46171875 0.103125 0.0734375
3 0.29140625 0.296875 0.096875 0.096875
3 0.7078125 0.5609375 0.109375 0.06875
3 0.146875 0.18828125 0.10625 0.0703125
3 0.2453125 0.234375 0.090625 0.075
3 0.715625 0.39453125 0.0828125 0.08125
3 0.82265625 0.2 0.0859375 0.0859375
3 0.3234375 0.69140625 0.0875 0.0734375
3 0.775 0.83984375 0.09375 0.0953125
3 0.12734375 0.13515625 0.1015625 0.0671875
3 0.53515625 0.26875 0.090625 0.0890625
3 0.434375 0.19609375 0.1 0.078125
3 0.74296875 0.43984375 0.084375 0.084375
3 0.3890625 0.721875 0.090625 0.075
3 0.690625 0.30546875 0.1 0.1
3 0.24140625 0.65859375 0.075 0.075
3 0.51953125 0.1296875 0.0984375 0.0984375
3 0.06484375 0.2 0.084375 0.0828125
3 0.6546875 0.23125 0.103125 0.065625
3 0.7421875 0.2734375 0.09375 0.09375
3 0.35859375 0.14453125 0.1453125 0.0578125
3 0.20859375 0.628125 0.0859375 0.0875
3 0.58671875 0.32890625 0.096875 0.096875
3 0.634375 0.26640625 0.115625 0.0765625
3 0.66171875 0.56015625 0.0828125 0.0828125