3 0.090625 0.7296875 0.1015625 0.1015625
3 0.6 0.146875 0.078125 0.0875
3 0.6953125 0.55703125 0.078125 0.103125
3 0.72109375 0.8296875 0.0828125 0.090625
3 0.61171875 0.81484375 0.08125 0.08125
3 0.63046875 0.3890625 0.0875 0.0890625
3 0.2671875 0.540625 0.078125 0.09375
3 0.19296875 0.12578125 0.084375 0.0859375
3 0.6734375 0.18984375 0.0890625 0.0890625
3 0.5984375 0.4828125 0.0875 0.0875
3 0.109375 0.9421875 0.08125 0.1125
3 0.796875 0.471875 0.09375 0.09375
3 0.53828125 0.4015625 0.0734375 0.103125
3 0.703125 0.70859375 0.08125 0.1109375
3 0.4390625 0.2921875 0.06875 0.109375
3 0.81171875 0.853125 0.0703125 0.10625
3 0.765625 0.7546875 0.075 0.090625
3 0.60546875 0.284375 0.0640625 0.1
3 0.8 0.17734375 0.0859375 0.0859375
3 0.30859375 0.6765625 0.08125 0.08125
3 0.16015625 0.225 0.09375 0.09375
3 0.86484375 0.87265625 0.0671875 0.1015625
3 0.73125 0.46484375 0.0890625 0.090625
3 0.80390625 0.565625 0.078125 0.1
3 0.56015625 0.25703125 0.06875 0.1015625
3 0.278125 0.6109375 0.0828125 0.0828125
3 0.69453125 0.309375 0.0765625 0.125
3 0.34140625 0.75859375 0.075 0.075
3 0.8703125 0.48046875 0.059375 0.1375
3 0.8 0.93515625 0.08125 0.0859375
3 0.76875 0.3453125 0.065625 0.103125
3 0.7265625 0.2578125 0.09375 0.09375
3 0.85546875 0.64140625 0.0578125 0.1453125
3 0.371875 0.79140625 0.0875 0.0859375
3 0.67109375 0.41328125 0.096875 0.096875
3 0.73359375 0.365625 0.0765625 0.115625
3 0.43984375 0.33828125 0.0734375 0.0921875