3 0.909375 0.2703125 0.0875 0.115625
3 0.4 0.853125 0.0828125 0.0828125
3 0.3046875 0.44296875 0.078125 0.103125
3 0.27890625 0.1703125 0.0828125 0.090625
3 0.38828125 0.18515625 0.0703125 0.0921875
3 0.36953125 0.6109375 0.0765625 0.1
3 0.7328125 0.459375 0.0875 0.0875
3 0.80703125 0.87421875 0.06875 0.1015625
3 0.3265625 0.81015625 0.078125 0.1
3 0.4015625 0.5171875 0.0875 0.0875
3 0.890625 0.0578125 0.096875 0.096875
3 0.203125 0.528125 0.09375 0.09375
3 0.46171875 0.5984375 0.0734375 0.103125
3 0.296875 0.29140625 0.08125 0.1109375
3 0.5609375 0.7078125 0.06875 0.109375
3 0.18828125 0.146875 0.0875 0.0875
3 0.234375 0.2453125 0.075 0.090625
3 0.39453125 0.715625 0.08125 0.0828125
3 0.2 0.82265625 0.0859375 0.0859375
3 0.69140625 0.3234375 0.0734375 0.0875
3 0.83984375 0.775 0.09375 0.09375
3 0.13515625 0.12734375 0.084375 0.084375
3 0.26875 0.53515625 0.0890625 0.090625
3 0.19609375 0.434375 0.078125 0.1
3 0.43984375 0.74296875 0.06875 0.1015625
3 0.721875 0.3890625 0.075 0.090625
3 0.30546875 0.690625 0.1015625 0.1
3 0.65859375 0.24140625 0.0703125 0.0796875
3 0.1296875 0.51953125 0.059375 0.1375
3 0.2 0.06484375 0.08125 0.0859375
3 0.23125 0.6546875 0.084375 0.084375
3 0.2734375 0.7421875 0.078125 0.109375
3 0.14453125 0.35859375 0.0578125 0.1453125
3 0.628125 0.20859375 0.06875 0.1046875
3 0.32890625 0.58671875 0.0703125 0.121875
3 0.26640625 0.634375 0.0765625 0.115625
3 0.56015625 0.66171875 0.0828125 0.0828125