3 0.61796875 0.58046875 0.06875 0.06875
3 0.6828125 0.4953125 0.075 0.0875
3 0.309375 0.90703125 0.0765625 0.0765625
3 0.5296875 0.6703125 0.065625 0.090625
3 0.221875 0.0609375 0.084375 0.103125
3 0.278125 0.75703125 0.090625 0.090625
3 0.315625 0.4359375 0.08125 0.078125
3 0.03984375 0.2015625 0.075 0.0765625
3 0.178125 0.7421875 0.090625 0.103125
3 0.5859375 0.83359375 0.078125 0.0890625
3 0.121875 0.1859375 0.078125 0.109375
3 0.065625 0.73515625 0.0890625 0.0890625
3 0.3359375 0.8203125 0.078125 0.0875
3 0.70546875 0.77578125 0.0875 0.0890625
3 0.6578125 0.85625 0.071875 0.09375
3 0.79609375 0.53828125 0.08125 0.0984375
3 0.63359375 0.66953125 0.075 0.1
3 0.18125 0.140625 0.0625 0.0875
3 0.8953125 0.30234375 0.078125 0.1015625
3 0.3875 0.8859375 0.0625 0.09375
3 0.5859375 0.50703125 0.065625 0.0890625
3 0.2453125 0.1515625 0.071875 0.096875
3 0.59296875 0.70390625 0.078125 0.0953125
3 0.78671875 0.44375 0.09375 0.09375
3 0.44375 0.853125 0.065625 0.084375
3 0.040625 0.30390625 0.075 0.1171875
3 0.84453125 0.390625 0.0734375 0.0875
3 0.6265625 0.1125 0.075 0.1
3 0.128125 0.35390625 0.0625 0.0828125
3 0.60859375 0.2859375 0.0671875 0.09375
3 0.91015625 0.18046875 0.0875 0.0875
3 0.7015625 0.62734375 0.0796875 0.0796875
3 0.9578125 0.55546875 0.075 0.1015625
3 0.803125 0.934375 0.0890625 0.0890625
3 0.2265625 0.8734375 0.075 0.075
3 0.54921875 0.44453125 0.084375 0.084375
3 0.77265625 0.2578125 0.075 0.075
3 0.725 0.40625 0.075 0.1
3 0.721875 0.2703125 0.08125 0.08125
3 0.803125 0.3328125 0.06875 0.0875
3 0.45859375 0.71640625 0.090625 0.090625
3 0.07265625 0.40390625 0.0703125 0.0921875
3 0.7640625 0.63359375 0.059375 0.0671875
3 0.90078125 0.62421875 0.0625 0.0859375
3 0.9171875 0.4015625 0.071875 0.1
3 0.11796875 0.58671875 0.096875 0.096875
3 0.27265625 0.36640625 0.0890625 0.0890625
3 0.59140625 0.9484375 0.0703125 0.09375
3 0.7203125 0.56328125 0.059375 0.0796875
3 0.17421875 0.878125 0.0609375 0.09375
3 0.490625 0.5171875 0.0921875 0.0921875
3 0.67734375 0.17421875 0.065625 0.0953125
3 0.6578125 0.95234375 0.065625 0.0875
3 0.1671875 0.27890625 0.0765625 0.078125
3 0.31640625 0.1640625 0.0734375 0.0734375
3 0.925 0.45234375 0.08125 0.1
3 0.346875 0.1671875 0.0875 0.0875
6 0.14453125 0.2453125 0.0484375 0.065625
6 0.54375 0.12109375 0.1125 0.153125
3 0.59140625 0.05625 0.071875 0.071875
3 0.66796875 0.25234375 0.0765625 0.0765625
3 0.74296875 0.37578125 0.071875 0.071875
3 0.96015625 0.1015625 0.0640625 0.08125
3 0.8609375 0.68671875 0.075 0.075
3 0.5109375 0.4609375 0.08125 0.08125
3 0.80625 0.6953125 0.0734375 0.0734375
3 0.503125 0.8375 0.05 0.075
3 0.55234375 0.88359375 0.0546875 0.0703125
3 0.50625 0.75546875 0.0625 0.078125
3 0.8 0.76640625 0.0625 0.0859375
3 0.82578125 0.8234375 0.084375 0.0828125
3 0.8546875 0.85078125 0.0640625 0.065625
3 0.859375 0.925 0.0640625 0.0640625