3 0.58046875 0.38203125 0.0765625 0.0609375
3 0.4953125 0.3171875 0.0875 0.075
3 0.90703125 0.690625 0.0859375 0.06875
3 0.6703125 0.4703125 0.090625 0.065625
3 0.0609375 0.778125 0.103125 0.084375
3 0.75703125 0.721875 0.090625 0.090625
3 0.4359375 0.684375 0.08125 0.0796875
3 0.2015625 0.96015625 0.084375 0.0671875
3 0.7421875 0.821875 0.096875 0.096875
3 0.83359375 0.4140625 0.0828125 0.0828125
3 0.1859375 0.878125 0.09375 0.09375
3 0.73515625 0.934375 0.0890625 0.0890625
3 0.8203125 0.6640625 0.0828125 0.0828125
3 0.77578125 0.29453125 0.0890625 0.0875
3 0.85625 0.3421875 0.09375 0.071875
3 0.53828125 0.20390625 0.090625 0.090625
3 0.66953125 0.36640625 0.0875 0.0875
3 0.140625 0.81875 0.075 0.075
3 0.30234375 0.1046875 0.1015625 0.078125
3 0.8859375 0.6125 0.078125 0.078125
3 0.50703125 0.4140625 0.0765625 0.078125
3 0.1515625 0.7546875 0.084375 0.084375
3 0.70390625 0.40703125 0.0875 0.0875
3 0.44375 0.21328125 0.09375 0.09375
3 0.853125 0.55625 0.075 0.075
3 0.303125 0.95625 0.096875 0.0875
3 0.390625 0.15546875 0.08125 0.08125
3 0.1125 0.3734375 0.0875 0.0875
3 0.35390625 0.871875 0.0828125 0.0625
3 0.2859375 0.39140625 0.0796875 0.08125
3 0.18046875 0.08984375 0.1046875 0.0703125
3 0.62734375 0.2984375 0.0796875 0.0796875
3 0.5546875 0.04375 0.0875 0.0875
3 0.934375 0.196875 0.103125 0.075
3 0.8734375 0.7734375 0.075 0.075
3 0.44453125 0.45078125 0.0984375 0.0703125
3 0.2578125 0.22734375 0.0875 0.0640625
3 0.40625 0.275 0.0875 0.0875
3 0.2703125 0.278125 0.1 0.0625
3 0.3328125 0.196875 0.0875 0.06875
3 0.71640625 0.54140625 0.1078125 0.0734375
3 0.40390625 0.92734375 0.08125 0.08125
3 0.63359375 0.2359375 0.0671875 0.059375
3 0.62421875 0.09921875 0.0734375 0.075
3 0.4015625 0.0828125 0.0859375 0.0859375
3 0.58671875 0.88203125 0.1109375 0.0828125
3 0.36640625 0.72734375 0.0890625 0.0890625
3 0.9484375 0.40859375 0.09375 0.0703125
3 0.56328125 0.2796875 0.0796875 0.059375
3 0.878125 0.82578125 0.09375 0.0609375
3 0.5171875 0.509375 0.115625 0.06875
3 0.17421875 0.32265625 0.0796875 0.08125
3 0.95234375 0.3421875 0.0765625 0.0765625
3 0.27890625 0.8328125 0.0859375 0.06875
3 0.1640625 0.68359375 0.084375 0.0609375
3 0.45234375 0.075 0.1 0.08125
3 0.1671875 0.653125 0.103125 0.071875
6 0.2453125 0.85546875 0.0578125 0.05625
6 0.12109375 0.45625 0.153125 0.1125
3 0.05625 0.40859375 0.0875 0.0578125
3 0.25234375 0.33203125 0.0765625 0.0765625
3 0.37578125 0.25703125 0.0828125 0.0609375
3 0.1015625 0.03984375 0.08125 0.0640625
3 0.68671875 0.1390625 0.084375 0.065625
3 0.4609375 0.4890625 0.096875 0.065625
3 0.6953125 0.19375 0.0734375 0.075
3 0.8375 0.496875 0.075 0.05
3 0.88359375 0.44765625 0.0625 0.0625
3 0.75546875 0.49375 0.0703125 0.071875
3 0.76640625 0.2 0.0859375 0.0625
3 0.8234375 0.17421875 0.096875 0.0703125
3 0.85078125 0.1453125 0.0765625 0.053125
3 0.925 0.140625 0.071875 0.05625