3 0.69140625 0.6203125 0.075 0.075
3 0.4234375 0.9421875 0.065625 0.090625
3 0.5984375 0.484375 0.059375 0.084375
3 0.5171875 0.86953125 0.071875 0.071875
3 0.303125 0.909375 0.06875 0.084375
3 0.42578125 0.8359375 0.0625 0.090625
3 0.5796875 0.07578125 0.071875 0.0859375
3 0.73515625 0.290625 0.08125 0.0796875
3 0.240625 0.62109375 0.0875 0.0859375
3 0.365625 0.79609375 0.071875 0.071875
3 0.04765625 0.33125 0.0578125 0.078125
3 0.475 0.103125 0.0921875 0.0921875
3 0.39296875 0.09921875 0.0703125 0.0890625
3 0.5828125 0.3109375 0.0765625 0.0765625
3 0.553125 0.39609375 0.08125 0.08125
3 0.78984375 0.221875 0.075 0.075
3 0.2953125 0.37578125 0.0734375 0.071875
3 0.2 0.35625 0.08125 0.08125
3 0.0796875 0.196875 0.08125 0.08125
3 0.8640625 0.34453125 0.0875 0.0859375
3 0.73125 0.40390625 0.078125 0.0765625
3 0.2609375 0.29921875 0.065625 0.1
3 0.8921875 0.89921875 0.071875 0.0875
3 0.39765625 0.25859375 0.084375 0.084375
3 0.6734375 0.45546875 0.08125 0.08125
3 0.2453125 0.715625 0.071875 0.0875
3 0.209375 0.4921875 0.071875 0.1
3 0.6640625 0.240625 0.0625 0.0875
3 0.50625 0.62890625 0.071875 0.0734375
3 0.64296875 0.36171875 0.078125 0.078125
3 0.4171875 0.3734375 0.071875 0.096875
6 0.91015625 0.50546875 0.0859375 0.1171875
3 0.2640625 0.79375 0.0828125 0.0828125
3 0.63125 0.8203125 0.08125 0.1
3 0.80625 0.9265625 0.078125 0.078125
3 0.12109375 0.934375 0.0640625 0.1
2 0.1296875 0.80078125 0.078125 0.0921875
3 0.7984375 0.7546875 0.078125 0.078125
3 0.52265625 0.69453125 0.0703125 0.0875
3 0.9125 0.6546875 0.0703125 0.0703125
3 0.13828125 0.5140625 0.084375 0.084375
3 0.5234375 0.7859375 0.071875 0.090625
6 0.7421875 0.86484375 0.090625 0.1171875
3 0.7578125 0.61484375 0.0625 0.0859375
3 0.48125 0.45859375 0.06875 0.090625
3 0.2125 0.91171875 0.0625 0.0859375
3 0.12734375 0.39921875 0.078125 0.078125
3 0.26640625 0.1953125 0.084375 0.0828125
3 0.93671875 0.93359375 0.075 0.075
6 0.59921875 0.753125 0.103125 0.103125
3 0.68671875 0.7109375 0.0859375 0.0859375
3 0.41953125 0.21328125 0.0828125 0.0953125
3 0.8484375 0.59453125 0.065625 0.0890625
3 0.1640625 0.85546875 0.053125 0.0859375
6 0.5359375 0.55234375 0.103125 0.103125
3 0.3921875 0.39609375 0.0828125 0.084375
3 0.48984375 0.78046875 0.084375 0.084375
3 0.3328125 0.13984375 0.0796875 0.08125
3 0.7359375 0.4875 0.0875 0.0875
3 0.11796875 0.25234375 0.0828125 0.0828125
3 0.52890625 0.95078125 0.0640625 0.0703125
3 0.128125 0.2984375 0.06875 0.084375
3 0.05625 0.63515625 0.0875 0.0828125
3 0.2625 0.865625 0.06875 0.06875
3 0.634375 0.53984375 0.10625 0.0671875
3 0.9171875 0.61015625 0.078125 0.078125
3 0.48515625 0.3984375 0.0671875 0.065625
3 0.7328125 0.70859375 0.0859375 0.0859375
6 0.803125 0.490625 0.1 0.1
3 0.953125 0.46484375 0.078125 0.0921875
6 0.56328125 0.2234375 0.084375 0.13125
3 0.83828125 0.63046875 0.0875 0.0875
3 0.1234375 0.4234375 0.078125 0.078125
3 0.31875 0.0921875 0.0796875 0.0796875
3 0.953125 0.4234375 0.0828125 0.0828125
3 0.8703125 0.9484375 0.075 0.096875
3 0.76328125 0.71171875 0.078125 0.078125
3 0.803125 0.77734375 0.071875 0.0703125
3 0.546875 0.146875 0.075 0.078125
3 0.02890625 0.0890625 0.0578125 0.08125