3 0.23671875 0.28984375 0.0953125 0.078125
3 0.26875 0.10859375 0.078125 0.078125
3 0.69609375 0.23515625 0.071875 0.0734375
3 0.8265625 0.7734375 0.0859375 0.0859375
3 0.31953125 0.83671875 0.0859375 0.0859375
3 0.6625 0.1765625 0.121875 0.071875
3 0.9171875 0.77578125 0.0875 0.0734375
3 0.33046875 0.040625 0.0796875 0.08125
3 0.63984375 0.73515625 0.078125 0.078125
3 0.24375 0.925 0.09375 0.071875
3 0.46015625 0.1703125 0.0953125 0.0953125
3 0.67109375 0.66171875 0.0734375 0.0734375
3 0.48515625 0.87265625 0.0984375 0.0765625
3 0.3765625 0.53203125 0.0765625 0.0765625
3 0.13359375 0.653125 0.0765625 0.06875
3 0.57109375 0.09375 0.096875 0.075
3 0.34296875 0.140625 0.071875 0.0734375
3 0.85 0.0640625 0.0890625 0.0890625
3 0.4109375 0.446875 0.08125 0.08125
3 0.79375 0.3453125 0.0796875 0.0796875
3 0.78671875 0.68984375 0.090625 0.0734375
3 0.10859375 0.44765625 0.0734375 0.071875
6 0.56171875 0.234375 0.1 0.1
3 0.32421875 0.284375 0.0859375 0.075
3 0.3578125 0.69921875 0.0890625 0.0890625
3 0.73671875 0.79921875 0.0875 0.0875
3 0.1109375 0.0734375 0.084375 0.071875
3 0.2734375 0.196875 0.090625 0.06875
3 0.3765625 0.60625 0.071875 0.071875
3 0.571875 0.59765625 0.08125 0.0640625
3 0.1953125 0.15390625 0.096875 0.0765625
3 0.55859375 0.49921875 0.075 0.075
3 0.10703125 0.93203125 0.0859375 0.0875
3 0.521875 0.6421875 0.09375 0.065625
3 0.5203125 0.053125 0.090625 0.075
3 0.4640625 0.553125 0.10625 0.06875
3 0.86015625 0.41796875 0.0890625 0.0609375
3 0.69921875 0.31953125 0.078125 0.078125
3 0.6359375 0.28046875 0.0796875 0.0796875
3 0.275 0.44609375 0.0875 0.0796875
3 0.45859375 0.50625 0.0890625 0.078125
3 0.1640625 0.809375 0.090625 0.071875
3 0.34921875 0.4265625 0.0984375 0.08125
3 0.5578125 0.4109375 0.090625 0.0625
3 0.715625 0.38671875 0.090625 0.06875
3 0.74765625 0.0859375 0.0796875 0.08125
6 0.1328125 0.13359375 0.109375 0.0765625
3 0.4015625 0.6578125 0.08125 0.0828125
3 0.14453125 0.565625 0.0890625 0.06875
3 0.24296875 0.8 0.0765625 0.0625
3 0.471875 0.40078125 0.078125 0.078125
3 0.775 0.884375 0.1 0.075
3 0.72890625 0.50546875 0.09375 0.09375
3 0.17109375 0.5078125 0.0984375 0.06875
3 0.42265625 0.05859375 0.06875 0.06875
3 0.11171875 0.875 0.0984375 0.08125
3 0.475 0.109375 0.0875 0.0875
3 0.64140625 0.4265625 0.06875 0.0671875
3 0.6734375 0.0640625 0.090625 0.071875
3 0.93203125 0.96484375 0.0859375 0.05625
3 0.43359375 0.9296875 0.078125 0.078125
3 0.9265625 0.48828125 0.0875 0.0859375
3 0.040625 0.55234375 0.0765625 0.078125
6 0.87734375 0.4859375 0.0890625 0.103125
0 0.81875 0.8609375 0.084375 0.084375
3 0.57578125 0.45 0.0765625 0.075
3 0.21171875 0.1890625 0.08125 0.08125
3 0.203125 0.8578125 0.078125 0.071875
3 0.4203125 0.10703125 0.096875 0.0671875
3 0.68828125 0.09140625 0.06875 0.06875
3 0.95546875 0.87734375 0.0765625 0.0765625
3 0.86484375 0.9140625 0.0953125 0.0953125
3 0.91484375 0.3765625 0.0921875 0.065625
3 0.090625 0.55625 0.0765625 0.0765625
3 0.1859375 0.43984375 0.0859375 0.0859375
3 0.2734375 0.740625 0.084375 0.075
3 0.3171875 0.73046875 0.103125 0.078125
3 0.06015625 0.42890625 0.0984375 0.0765625