3 0.68125 0.05859375 0.06875 0.1046875
3 0.575 0.05390625 0.08125 0.08125
3 0.52109375 0.22265625 0.078125 0.0984375
3 0.440625 0.38046875 0.06875 0.0921875
3 0.771875 0.5375 0.0875 0.0875
3 0.95859375 0.10625 0.08125 0.10625
3 0.7140625 0.753125 0.075 0.09375
3 0.4546875 0.48515625 0.0625 0.0953125
3 0.15625 0.17265625 0.075 0.1046875
3 0.2453125 0.08203125 0.084375 0.084375
3 0.43046875 0.9234375 0.075 0.1
3 0.4703125 0.7484375 0.0921875 0.0921875
3 0.6734375 0.95390625 0.065625 0.0890625
3 0.50078125 0.528125 0.0609375 0.1
3 0.84921875 0.2 0.0890625 0.0890625
3 0.73671875 0.6453125 0.075 0.0875
3 0.60859375 0.88828125 0.0828125 0.0828125
3 0.8203125 0.69609375 0.0953125 0.096875
3 0.17578125 0.3421875 0.0828125 0.0828125
3 0.27890625 0.19140625 0.1 0.1
3 0.128125 0.4953125 0.08125 0.090625
3 0.5828125 0.29765625 0.084375 0.1109375
3 0.1015625 0.4328125 0.071875 0.096875
3 0.9609375 0.93046875 0.071875 0.0953125
3 0.7640625 0.24921875 0.0859375 0.0859375
3 0.621875 0.70546875 0.084375 0.0859375
3 0.06171875 0.32734375 0.0734375 0.0921875
3 0.2578125 0.3125 0.0890625 0.0890625
3 0.89140625 0.79453125 0.0609375 0.0859375
3 0.4796875 0.64765625 0.084375 0.0828125
3 0.84609375 0.10546875 0.0796875 0.0796875
3 0.6578125 0.80859375 0.06875 0.0953125
3 0.0859375 0.13671875 0.0859375 0.0875
3 0.371875 0.31484375 0.071875 0.0953125
3 0.35625 0.50703125 0.06875 0.0921875
3 0.6140625 0.37578125 0.078125 0.1171875
3 0.83125 0.4078125 0.075 0.090625
3 0.3 0.04921875 0.084375 0.084375
3 0.90078125 0.35703125 0.0703125 0.0875
3 0.2078125 0.81953125 0.0921875 0.090625
3 0.64921875 0.23125 0.084375 0.0828125
3 0.55 0.6546875 0.0796875 0.0796875
3 0.35703125 0.17890625 0.0953125 0.0953125
3 0.18984375 0.05390625 0.0734375 0.0734375
3 0.2375 0.56171875 0.071875 0.0984375
3 0.9390625 0.5609375 0.08125 0.103125
3 0.653125 0.06015625 0.0875 0.0875
3 0.5765625 0.5828125 0.078125 0.096875
3 0.3515625 0.81484375 0.065625 0.0953125
3 0.30625 0.82890625 0.075 0.0875
3 0.46796875 0.0609375 0.075 0.090625
3 0.18515625 0.52265625 0.0859375 0.0859375
3 0.9515625 0.5296875 0.0890625 0.0890625
3 0.56640625 0.5265625 0.0734375 0.096875
3 0.86953125 0.5515625 0.0640625 0.109375
3 0.1546875 0.05234375 0.0828125 0.08125
3 0.0640625 0.16328125 0.090625 0.090625
3 0.6859375 0.5078125 0.065625 0.090625
3 0.0765625 0.815625 0.071875 0.103125
3 0.6609375 0.71796875 0.09375 0.09375
3 0.26875 0.54765625 0.084375 0.0828125
3 0.6640625 0.48359375 0.071875 0.1015625
3 0.046875 0.946875 0.09375 0.0875
3 0.05 0.76171875 0.0875 0.0890625
3 0.85625 0.56953125 0.084375 0.0859375
3 0.296875 0.39375 0.04375 0.1375
0 0.271875 0.45078125 0.090625 0.090625
3 0.2140625 0.5046875 0.0890625 0.0890625
3 0.75703125 0.49921875 0.0765625 0.0765625