3 0.0515625 0.903125 0.0734375 0.0734375
3 0.37578125 0.37734375 0.078125 0.078125
3 0.55078125 0.36953125 0.0671875 0.0859375
3 0.725 0.11953125 0.0625 0.0828125
4 0.14609375 0.50390625 0.078125 0.1078125
3 0.4828125 0.2765625 0.084375 0.084375
3 0.203125 0.82578125 0.075 0.075
3 0.79296875 0.85234375 0.075 0.075
3 0.85859375 0.5046875 0.0765625 0.096875
3 0.13359375 0.29140625 0.0671875 0.090625
3 0.8890625 0.6828125 0.071875 0.090625
3 0.32265625 0.8359375 0.075 0.0734375
3 0.61796875 0.271875 0.0640625 0.075
3 0.7265625 0.915625 0.075 0.075
3 0.8640625 0.2765625 0.0734375 0.0734375
3 0.778125 0.40703125 0.0625 0.0828125
3 0.740625 0.79609375 0.059375 0.0828125
4 0.446875 0.74765625 0.08125 0.08125
3 0.20859375 0.48359375 0.0546875 0.0875
3 0.834375 0.36796875 0.059375 0.0859375
3 0.6734375 0.74921875 0.0734375 0.071875
3 0.2609375 0.26171875 0.071875 0.0984375
3 0.51640625 0.928125 0.0796875 0.078125
3 0.96171875 0.88203125 0.059375 0.0734375
3 0.59296875 0.8875 0.08125 0.0828125
3 0.55234375 0.13671875 0.0625 0.0796875
3 0.30546875 0.6359375 0.08125 0.08125
3 0.67421875 0.48515625 0.0765625 0.0765625
3 0.38359375 0.728125 0.0734375 0.0734375
3 0.3984375 0.92578125 0.059375 0.0828125
3 0.71015625 0.34453125 0.0546875 0.1
3 0.940625 0.6265625 0.05 0.078125
3 0.1890625 0.06484375 0.06875 0.1
3 0.30625 0.7421875 0.075 0.075
3 0.62734375 0.578125 0.0828125 0.084375
3 0.6234375 0.13125 0.084375 0.084375
3 0.25390625 0.571875 0.071875 0.0875
3 0.82265625 0.7078125 0.0828125 0.0828125
3 0.86796875 0.8890625 0.0703125 0.0703125
3 0.48203125 0.6046875 0.075 0.075
3 0.440625 0.6578125 0.0625 0.1
3 0.5546875 0.6375 0.06875 0.084375
3 0.453125 0.5453125 0.05625 0.078125
3 0.65 0.3671875 0.06875 0.090625
3 0.88359375 0.58984375 0.0734375 0.0734375
3 0.63359375 0.68515625 0.0546875 0.0953125
3 0.578125 0.671875 0.059375 0.103125
3 0.0828125 0.85390625 0.08125 0.0796875
3 0.44765625 0.90390625 0.059375 0.096875
3 0.671875 0.58046875 0.0765625 0.078125
3 0.8828125 0.93828125 0.059375 0.0921875
3 0.9484375 0.046875 0.0796875 0.0796875