3 0.096875 0.0515625 0.0875 0.059375
3 0.62265625 0.37578125 0.0859375 0.0703125
3 0.63046875 0.55078125 0.0859375 0.0671875
3 0.88046875 0.725 0.0828125 0.0625
4 0.49609375 0.14609375 0.1078125 0.078125
3 0.7234375 0.4828125 0.084375 0.084375
3 0.17421875 0.203125 0.0890625 0.059375
3 0.14765625 0.79296875 0.075 0.075
3 0.4953125 0.85859375 0.096875 0.0765625
3 0.70859375 0.13359375 0.078125 0.0796875
3 0.3171875 0.8890625 0.090625 0.071875
3 0.1640625 0.32265625 0.0734375 0.075
3 0.728125 0.61796875 0.0703125 0.06875
3 0.084375 0.7265625 0.075 0.075
3 0.7234375 0.8640625 0.084375 0.0625
3 0.59296875 0.778125 0.0828125 0.0625
3 0.20390625 0.740625 0.071875 0.071875
4 0.25234375 0.446875 0.08125 0.08125
3 0.51640625 0.20859375 0.071875 0.0703125
3 0.63203125 0.834375 0.0859375 0.059375
3 0.25078125 0.6734375 0.071875 0.0734375
3 0.73828125 0.2609375 0.084375 0.084375
3 0.071875 0.51640625 0.078125 0.0796875
3 0.11796875 0.96171875 0.065625 0.065625
3 0.1125 0.59296875 0.09375 0.0703125
3 0.86328125 0.55234375 0.0796875 0.0625
3 0.3640625 0.30546875 0.096875 0.0640625
3 0.51484375 0.67421875 0.0828125 0.0703125
3 0.271875 0.38359375 0.0875 0.0578125
3 0.07421875 0.3984375 0.0828125 0.059375
3 0.65546875 0.71015625 0.1 0.0546875
3 0.3734375 0.940625 0.0640625 0.0640625
3 0.93515625 0.1890625 0.1 0.06875
3 0.2578125 0.30625 0.0875 0.0625
3 0.421875 0.62734375 0.084375 0.0828125
3 0.86875 0.6234375 0.1 0.06875
3 0.428125 0.25390625 0.0796875 0.0796875
3 0.2921875 0.82265625 0.096875 0.06875
3 0.1109375 0.86796875 0.078125 0.0625
3 0.3953125 0.48203125 0.075 0.075
3 0.3421875 0.440625 0.1 0.0625
3 0.3625 0.5546875 0.0765625 0.0765625
3 0.4546875 0.453125 0.0671875 0.0671875
3 0.6328125 0.65 0.0796875 0.0796875
3 0.41015625 0.88359375 0.0890625 0.0578125
3 0.31484375 0.63359375 0.0953125 0.0546875
3 0.328125 0.578125 0.103125 0.059375
3 0.14609375 0.0828125 0.0921875 0.06875
3 0.09609375 0.44765625 0.096875 0.059375
3 0.41953125 0.671875 0.0859375 0.06875
3 0.06171875 0.8828125 0.0765625 0.0765625
3 0.953125 0.9484375 0.0796875 0.0796875