3 0.5 0.19375 0.0859375 0.0859375
3 0.78125 0.646875 0.0875 0.0875
3 0.41796875 0.68359375 0.0765625 0.1109375
3 0.10234375 0.76953125 0.0828125 0.1125
3 0.94375 0.07890625 0.078125 0.109375
3 0.2796875 0.646875 0.0953125 0.096875
3 0.5375 0.4515625 0.08125 0.115625
3 0.27890625 0.40390625 0.0796875 0.1125
3 0.9375 0.53359375 0.09375 0.09375
3 0.17421875 0.70078125 0.0890625 0.096875
3 0.6125 0.21328125 0.0921875 0.090625
3 0.66015625 0.86015625 0.0828125 0.1109375
3 0.1984375 0.61328125 0.0875 0.0875
3 0.80625 0.7546875 0.08125 0.109375
3 0.47890625 0.82109375 0.096875 0.096875
3 0.73515625 0.290625 0.096875 0.096875
3 0.546875 0.8609375 0.075 0.10625
3 0.8546875 0.12265625 0.071875 0.125
3 0.04453125 0.2328125 0.0890625 0.09375
3 0.1328125 0.35703125 0.078125 0.0796875
3 0.2046875 0.77734375 0.071875 0.0859375
3 0.71171875 0.76953125 0.103125 0.103125
3 0.4046875 0.28203125 0.0875 0.0875
3 0.615625 0.56484375 0.096875 0.096875
3 0.89140625 0.715625 0.096875 0.096875
3 0.07578125 0.91875 0.0953125 0.0953125
3 0.70546875 0.078125 0.0796875 0.1125
3 0.17890625 0.46015625 0.0921875 0.09375
3 0.57109375 0.728125 0.0953125 0.0953125
3 0.37109375 0.72734375 0.0734375 0.1046875
3 0.37890625 0.06328125 0.0859375 0.1046875
3 0.34921875 0.30625 0.0703125 0.115625
3 0.8640625 0.52109375 0.096875 0.096875
3 0.9453125 0.425 0.1015625 0.1015625
3 0.7125 0.18046875 0.078125 0.109375
3 0.2953125 0.85 0.075 0.115625
3 0.07265625 0.5015625 0.0921875 0.090625
3 0.12109375 0.48515625 0.103125 0.103125
3 0.91328125 0.13515625 0.0640625 0.1078125
3 0.93125 0.228125 0.0890625 0.0890625
3 0.2265625 0.8453125 0.096875 0.096875