3 0.4703125 0.37734375 0.0796875 0.08125
3 0.93515625 0.4125 0.078125 0.078125
3 0.0671875 0.07890625 0.096875 0.0734375
3 0.5578125 0.13984375 0.0765625 0.078125
3 0.5421875 0.2796875 0.0875 0.059375
3 0.93359375 0.0765625 0.071875 0.071875
3 0.78828125 0.42578125 0.0828125 0.0703125
3 0.33828125 0.859375 0.0765625 0.0765625
3 0.21171875 0.10078125 0.0828125 0.0640625
3 0.45625 0.7359375 0.0875 0.0625
3 0.309375 0.57421875 0.084375 0.0703125
3 0.8640625 0.76640625 0.103125 0.0734375
3 0.1171875 0.54921875 0.075 0.0640625
3 0.11953125 0.83203125 0.0953125 0.0734375
3 0.5609375 0.865625 0.0640625 0.0640625
3 0.7859375 0.2859375 0.06875 0.06875
3 0.78046875 0.1359375 0.0859375 0.06875
3 0.6453125 0.35390625 0.0875 0.0671875
3 0.27421875 0.66640625 0.0703125 0.0703125
3 0.33984375 0.2828125 0.06875 0.06875
3 0.21171875 0.4484375 0.0703125 0.071875
3 0.83671875 0.953125 0.0890625 0.071875
3 0.09453125 0.259375 0.0890625 0.06875
3 0.43125 0.96015625 0.075 0.059375
3 0.40546875 0.1234375 0.0796875 0.075
3 0.1328125 0.13203125 0.078125 0.078125
3 0.56796875 0.91796875 0.0765625 0.05625
3 0.42578125 0.68984375 0.065625 0.065625
3 0.60703125 0.4234375 0.0890625 0.065625
3 0.915625 0.8609375 0.0625 0.0625
3 0.4109375 0.1859375 0.078125 0.059375
3 0.134375 0.3265625 0.0703125 0.0703125
3 0.64453125 0.76796875 0.065625 0.065625
6 0.4796875 0.8828125 0.096875 0.078125
3 0.371875 0.75390625 0.06875 0.06875
3 0.44921875 0.825 0.071875 0.071875
3 0.41484375 0.35390625 0.084375 0.084375
3 0.45703125 0.57421875 0.0640625 0.0640625
3 0.75390625 0.84921875 0.059375 0.0578125
3 0.57734375 0.625 0.0765625 0.05
3 0.32421875 0.4796875 0.078125 0.053125
3 0.07421875 0.45625 0.0765625 0.06875
3 0.1515625 0.49921875 0.084375 0.0671875
3 0.81015625 0.32734375 0.075 0.0640625
3 0.59140625 0.5109375 0.0828125 0.08125
3 0.35078125 0.64375 0.0640625 0.0640625
3 0.38359375 0.59296875 0.0828125 0.0578125
3 0.28671875 0.45703125 0.0609375 0.059375
3 0.71328125 0.09609375 0.071875 0.071875
3 0.5859375 0.9640625 0.0625 0.0625
3 0.04609375 0.7796875 0.071875 0.0703125
3 0.7453125 0.965625 0.0671875 0.0671875
3 0.715625 0.2796875 0.0734375 0.0734375
3 0.7 0.9078125 0.075 0.053125
6 0.43203125 0.4234375 0.09375 0.09375
3 0.19765625 0.53671875 0.0796875 0.065625
6 0.6515625 0.8171875 0.10625 0.071875
3 0.8546875 0.515625 0.075 0.05625
3 0.1046875 0.94765625 0.078125 0.05625
3 0.9265625 0.93984375 0.0609375 0.0609375
3 0.3125 0.3453125 0.075 0.075
3 0.259375 0.50625 0.071875 0.053125
3 0.21171875 0.878125 0.071875 0.0703125
3 0.95078125 0.3234375 0.078125 0.078125
3 0.5046875 0.653125 0.0609375 0.0609375
3 0.271875 0.375 0.06875 0.06875
3 0.91015625 0.6234375 0.0671875 0.0671875
3 0.6890625 0.6421875 0.071875 0.071875
3 0.76484375 0.771875 0.065625 0.065625
3 0.634375 0.66484375 0.075 0.046875
3 0.03671875 0.5546875 0.0734375 0.053125
3 0.04375 0.22421875 0.0875 0.0640625
3 0.2890625 0.08203125 0.059375 0.0765625
3 0.49296875 0.25546875 0.0546875 0.0546875
3 0.925 0.51484375 0.071875 0.0546875
3 0.9625 0.90625 0.075 0.05625
3 0.9234375 0.3375 0.075 0.0625
3 0.6515625 0.3 0.0734375 0.0734375
3 0.3546875 0.4109375 0.065625 0.065625
3 0.45078125 0.63828125 0.0671875 0.0515625
3 0.56171875 0.83984375 0.0765625 0.0515625