3 0.85078125 0.43046875 0.0796875 0.090625
3 0.640625 0.89765625 0.06875 0.0984375
3 0.3203125 0.63984375 0.090625 0.090625
3 0.140625 0.521875 0.08125 0.115625
3 0.62734375 0.5546875 0.0828125 0.0828125
3 0.83515625 0.85078125 0.0875 0.0875
3 0.76640625 0.6421875 0.0921875 0.09375
3 0.65625 0.6140625 0.0921875 0.0921875
3 0.5984375 0.2390625 0.0828125 0.0828125
3 0.3296875 0.18828125 0.078125 0.0984375
0 0.42265625 0.30546875 0.0828125 0.0828125
3 0.5 0.2671875 0.06875 0.084375
3 0.70859375 0.12265625 0.0890625 0.0890625
3 0.1671875 0.65546875 0.071875 0.1015625
3 0.403125 0.425 0.08125 0.090625
3 0.696875 0.3296875 0.0984375 0.0984375
3 0.3984375 0.1296875 0.0875 0.0875
3 0.4796875 0.5484375 0.06875 0.090625
3 0.8515625 0.5484375 0.071875 0.096875
3 0.81875 0.53125 0.08125 0.10625
3 0.28359375 0.325 0.0859375 0.103125
3 0.37421875 0.80078125 0.090625 0.090625
3 0.19609375 0.20703125 0.0875 0.0875
3 0.1140625 0.77578125 0.0859375 0.0875
3 0.10234375 0.27578125 0.0796875 0.0859375
3 0.771875 0.27890625 0.0890625 0.0890625
3 0.75546875 0.16796875 0.0921875 0.0921875
3 0.55 0.5390625 0.06875 0.1125
3 0.86484375 0.9359375 0.0796875 0.090625
3 0.05625 0.721875 0.0859375 0.0859375
3 0.5609375 0.86640625 0.084375 0.084375
3 0.9296875 0.58984375 0.0875 0.090625
3 0.41953125 0.62734375 0.0828125 0.0828125
3 0.7125 0.81328125 0.0875 0.0875
3 0.24296875 0.25390625 0.0703125 0.090625
3 0.06484375 0.353125 0.0609375 0.078125
3 0.8421875 0.6546875 0.06875 0.0875
3 0.25390625 0.63359375 0.0640625 0.1078125
3 0.6234375 0.08125 0.0875 0.0890625
3 0.73125 0.721875 0.0859375 0.0859375
3 0.134375 0.24921875 0.075 0.0984375
3 0.3140625 0.08125 0.078125 0.1
3 0.65625 0.07109375 0.06875 0.1078125
3 0.1890625 0.30703125 0.0859375 0.0859375
3 0.75234375 0.57734375 0.090625 0.090625
3 0.403125 0.0734375 0.0859375 0.0859375
3 0.696875 0.47109375 0.075 0.1078125
3 0.3734375 0.359375 0.065625 0.090625
3 0.9359375 0.31796875 0.0796875 0.078125
3 0.278125 0.8234375 0.071875 0.109375
3 0.5578125 0.68125 0.071875 0.09375
3 0.13359375 0.8125 0.0765625 0.1
3 0.8828125 0.76875 0.071875 0.1
3 0.465625 0.178125 0.0859375 0.0875
3 0.703125 0.90546875 0.0796875 0.0796875
3 0.925 0.93515625 0.084375 0.084375
3 0.49609375 0.71328125 0.096875 0.096875
3 0.234375 0.1234375 0.09375 0.09375
3 0.44296875 0.2078125 0.0734375 0.096875
3 0.3828125 0.5359375 0.084375 0.084375
3 0.3484375 0.059375 0.084375 0.109375
3 0.5328125 0.3046875 0.08125 0.0796875
3 0.7078125 0.7640625 0.075 0.090625
3 0.4359375 0.53828125 0.078125 0.109375
3 0.359375 0.54140625 0.084375 0.0859375
3 0.85 0.68671875 0.078125 0.0765625
3 0.89375 0.7375 0.075 0.1125