3 0.3609375 0.4640625 0.084375 0.071875
3 0.11484375 0.0671875 0.084375 0.065625
3 0.95625 0.5296875 0.06875 0.06875
3 0.93203125 0.6125 0.0796875 0.06875
3 0.2234375 0.8390625 0.0875 0.065625
3 0.70859375 0.45859375 0.0796875 0.0796875
3 0.80859375 0.1890625 0.0765625 0.0765625
3 0.06953125 0.584375 0.0984375 0.0578125
3 0.56640625 0.8 0.084375 0.084375
3 0.60546875 0.4609375 0.08125 0.0828125
3 0.709375 0.7625 0.0765625 0.0765625
3 0.10859375 0.41875 0.084375 0.084375
3 0.9109375 0.7015625 0.090625 0.065625
3 0.30234375 0.30234375 0.0859375 0.0765625
3 0.48515625 0.959375 0.0859375 0.065625
3 0.11171875 0.2375 0.0671875 0.065625
3 0.25234375 0.93671875 0.0765625 0.078125
3 0.21796875 0.91328125 0.071875 0.071875
3 0.06328125 0.32890625 0.084375 0.0828125
3 0.69140625 0.68125 0.1015625 0.0625
3 0.8546875 0.5203125 0.084375 0.084375
3 0.54453125 0.55 0.0890625 0.065625
3 0.4078125 0.3796875 0.084375 0.084375
3 0.31640625 0.35703125 0.0921875 0.0703125
3 0.69765625 0.64765625 0.075 0.075
3 0.246875 0.78125 0.09375 0.06875
3 0.8734375 0.375 0.096875 0.08125
3 0.3515625 0.69921875 0.084375 0.0703125
3 0.759375 0.88671875 0.084375 0.084375
3 0.3484375 0.25390625 0.084375 0.0828125
3 0.3171875 0.66015625 0.096875 0.0703125
3 0.58203125 0.29375 0.0953125 0.09375
3 0.40546875 0.71953125 0.0625 0.0828125
3 0.8890625 0.18984375 0.1125 0.071875
3 0.53671875 0.19765625 0.08125 0.08125
3 0.4859375 0.740625 0.090625 0.08125
3 0.4140625 0.62265625 0.0875 0.0875
3 0.64140625 0.115625 0.1140625 0.075
3 0.28203125 0.71953125 0.078125 0.078125
3 0.08359375 0.18671875 0.075 0.075
3 0.665625 0.225 0.065625 0.121875
3 0.26015625 0.04296875 0.08125 0.0796875
3 0.46484375 0.37890625 0.0859375 0.0859375
3 0.20390625 0.1375 0.0765625 0.09375
3 0.95 0.253125 0.1 0.06875
3 0.27265625 0.19140625 0.0875 0.0875
3 0.7921875 0.3546875 0.071875 0.109375
3 0.75234375 0.63828125 0.075 0.075
3 0.15234375 0.15703125 0.0875 0.0875
3 0.38203125 0.0796875 0.0828125 0.084375
3 0.865625 0.75390625 0.0796875 0.0796875
3 0.6421875 0.825 0.0859375 0.0859375
3 0.796875 0.8046875 0.078125 0.090625
3 0.14921875 0.4234375 0.0859375 0.059375
3 0.7609375 0.39609375 0.053125 0.1046875
3 0.1359375 0.2125 0.08125 0.08125