3 0.6390625 0.4640625 0.084375 0.071875
3 0.88515625 0.0671875 0.075 0.075
3 0.04375 0.5296875 0.078125 0.059375
3 0.06796875 0.6125 0.0796875 0.06875
3 0.7765625 0.8390625 0.0875 0.065625
3 0.29140625 0.45859375 0.075 0.084375
3 0.19140625 0.1890625 0.0796875 0.071875
3 0.93046875 0.584375 0.0984375 0.05625
3 0.43359375 0.8 0.1015625 0.06875
3 0.39453125 0.4609375 0.0859375 0.078125
3 0.290625 0.7625 0.09375 0.059375
3 0.89140625 0.41875 0.084375 0.084375
3 0.0890625 0.7015625 0.090625 0.065625
3 0.69765625 0.30234375 0.0859375 0.0765625
3 0.51484375 0.959375 0.0765625 0.075
3 0.88828125 0.2375 0.0671875 0.065625
3 0.74765625 0.93671875 0.0953125 0.059375
3 0.78203125 0.91328125 0.071875 0.071875
3 0.93671875 0.32890625 0.096875 0.0703125
3 0.30859375 0.68125 0.1015625 0.0625
3 0.1453125 0.5203125 0.096875 0.071875
3 0.45546875 0.55 0.0890625 0.065625
3 0.5921875 0.3796875 0.084375 0.084375
3 0.68359375 0.35703125 0.0921875 0.0703125
3 0.30234375 0.64765625 0.0890625 0.0625
3 0.753125 0.78125 0.09375 0.06875
3 0.1265625 0.375 0.096875 0.08125
3 0.6484375 0.69921875 0.078125 0.078125
3 0.240625 0.88671875 0.084375 0.084375
3 0.6515625 0.25390625 0.084375 0.0828125
3 0.6828125 0.66015625 0.084375 0.084375
3 0.41796875 0.29375 0.1078125 0.08125
3 0.59453125 0.71953125 0.0625 0.0828125
3 0.1109375 0.18984375 0.1125 0.071875
3 0.46328125 0.19765625 0.0640625 0.0984375
3 0.5140625 0.740625 0.090625 0.08125
3 0.5859375 0.62265625 0.0875 0.0875
3 0.35859375 0.115625 0.09375 0.09375
3 0.71796875 0.71953125 0.078125 0.078125
3 0.91640625 0.18671875 0.075 0.075
3 0.334375 0.225 0.065625 0.121875
3 0.73984375 0.04296875 0.075 0.0859375
3 0.53515625 0.37890625 0.0859375 0.0859375
3 0.79609375 0.1375 0.0765625 0.09375
3 0.05 0.253125 0.1 0.06875
3 0.72734375 0.19140625 0.0921875 0.0828125
3 0.2078125 0.3546875 0.071875 0.109375
3 0.24765625 0.63828125 0.075 0.075
3 0.84765625 0.15703125 0.1078125 0.0671875
3 0.61796875 0.0796875 0.1015625 0.065625
3 0.134375 0.75390625 0.1 0.0578125
3 0.3578125 0.825 0.0859375 0.0859375
3 0.203125 0.8046875 0.084375 0.084375
3 0.85078125 0.4234375 0.071875 0.071875
3 0.2390625 0.39609375 0.0796875 0.0796875
3 0.8640625 0.2125 0.1 0.0625