2 0.56875 0.1265625 0.09375 0.071875
2 0.17109375 0.24296875 0.0859375 0.0703125
2 0.1015625 0.93359375 0.090625 0.071875
2 0.884375 0.821875 0.0796875 0.0796875
2 0.18515625 0.06875 0.0921875 0.0625
2 0.1859375 0.40234375 0.084375 0.084375
2 0.93203125 0.88828125 0.0921875 0.0921875
2 0.26875 0.465625 0.084375 0.084375
2 0.175 0.5640625 0.078125 0.078125
2 0.08671875 0.0453125 0.0890625 0.078125
2 0.92734375 0.053125 0.0890625 0.06875
2 0.5015625 0.58125 0.096875 0.06875
2 0.83046875 0.3140625 0.0953125 0.071875
2 0.64609375 0.79609375 0.09375 0.0765625
2 0.63046875 0.55546875 0.1046875 0.0609375
2 0.33359375 0.40390625 0.084375 0.084375
2 0.1125 0.33046875 0.09375 0.0765625
2 0.140625 0.5078125 0.0890625 0.0890625
2 0.4375 0.5015625 0.065625 0.065625
2 0.7765625 0.54140625 0.0703125 0.06875
2 0.33359375 0.64453125 0.0796875 0.0609375
2 0.16875 0.1265625 0.0890625 0.0875
2 0.5234375 0.9453125 0.084375 0.084375
2 0.91796875 0.7609375 0.08125 0.08125
2 0.15625 0.784375 0.090625 0.090625
2 0.7625 0.0359375 0.075 0.071875
2 0.45859375 0.921875 0.075 0.075
2 0.728125 0.42109375 0.0625 0.0484375
2 0.8328125 0.60078125 0.06875 0.0515625
2 0.21171875 0.30625 0.0859375 0.05625
2 0.7875 0.35703125 0.0578125 0.0578125
2 0.89140625 0.71875 0.0765625 0.06875
2 0.61171875 0.97109375 0.0890625 0.05625
5 0.36015625 0.16796875 0.096875 0.096875
3 0.4109375 0.3390625 0.0828125 0.0828125
2 0.59296875 0.4234375 0.0734375 0.06875