3 0.96484375 0.5359375 0.0640625 0.0875
3 0.42265625 0.3125 0.08125 0.0828125
3 0.81171875 0.76640625 0.071875 0.071875
3 0.11640625 0.71796875 0.078125 0.078125
3 0.840625 0.5703125 0.071875 0.078125
3 0.69453125 0.8453125 0.0875 0.0890625
3 0.5 0.6578125 0.0859375 0.0859375
3 0.61953125 0.6359375 0.0546875 0.096875
3 0.321875 0.1984375 0.0859375 0.0859375
3 0.834375 0.9421875 0.08125 0.08125
3 0.45078125 0.396875 0.0765625 0.075
3 0.828125 0.65703125 0.075 0.0765625
3 0.63125 0.81640625 0.075 0.0921875
3 0.6734375 0.61796875 0.065625 0.0984375
3 0.2703125 0.546875 0.078125 0.096875
3 0.265625 0.24765625 0.075 0.0765625
3 0.559375 0.62578125 0.06875 0.1015625
3 0.1078125 0.225 0.08125 0.08125
3 0.190625 0.50546875 0.08125 0.08125
3 0.80390625 0.19609375 0.0703125 0.0875
3 0.70390625 0.5484375 0.090625 0.090625
3 0.590625 0.87578125 0.084375 0.0828125
3 0.4953125 0.30234375 0.065625 0.0890625
3 0.7875 0.86875 0.08125 0.075
3 0.9546875 0.73359375 0.0859375 0.0875
3 0.1765625 0.57578125 0.071875 0.0859375
3 0.94375 0.25703125 0.08125 0.0828125
3 0.79609375 0.4265625 0.0890625 0.084375
3 0.7734375 0.25390625 0.090625 0.090625
3 0.84765625 0.246875 0.0796875 0.096875
3 0.88125 0.31953125 0.075 0.0859375
3 0.04140625 0.8 0.0828125 0.0875
3 0.3765625 0.1953125 0.0890625 0.0890625
3 0.753125 0.5078125 0.0859375 0.0859375
3 0.08203125 0.28359375 0.0765625 0.1078125
3 0.24609375 0.15625 0.084375 0.084375
3 0.6421875 0.23671875 0.08125 0.0828125
3 0.58828125 0.7109375 0.0875 0.0875