3 0.03515625 0.4640625 0.0640625 0.0875
3 0.57734375 0.6875 0.08125 0.0828125
3 0.18828125 0.23359375 0.071875 0.071875
3 0.88359375 0.28203125 0.0671875 0.090625
3 0.159375 0.4296875 0.075 0.075
3 0.30546875 0.1546875 0.0734375 0.103125
3 0.5 0.3421875 0.06875 0.103125
3 0.38046875 0.3640625 0.0546875 0.096875
3 0.678125 0.8015625 0.0859375 0.0859375
3 0.165625 0.0578125 0.065625 0.096875
3 0.54921875 0.603125 0.0640625 0.0875
3 0.171875 0.34296875 0.075 0.0765625
3 0.36875 0.18359375 0.0828125 0.084375
3 0.3265625 0.38203125 0.0828125 0.08125
3 0.7296875 0.453125 0.0875 0.0875
3 0.734375 0.75234375 0.075 0.0765625
3 0.440625 0.37421875 0.084375 0.0859375
3 0.8921875 0.775 0.071875 0.090625
3 0.809375 0.49453125 0.071875 0.0890625
3 0.19609375 0.80390625 0.0703125 0.0875
3 0.29609375 0.4515625 0.0765625 0.10625
3 0.409375 0.12421875 0.075 0.0921875
3 0.5046875 0.69765625 0.065625 0.0890625
3 0.2125 0.13125 0.08125 0.075
3 0.0453125 0.26640625 0.0859375 0.0875
3 0.8234375 0.42421875 0.071875 0.0859375
3 0.05625 0.74296875 0.08125 0.0828125
3 0.20390625 0.5734375 0.0890625 0.084375
3 0.2265625 0.74609375 0.090625 0.090625
3 0.15234375 0.753125 0.0796875 0.096875
3 0.11875 0.68046875 0.08125 0.0796875
3 0.9609375 0.20078125 0.071875 0.1046875
3 0.6234375 0.8046875 0.0625 0.115625
3 0.246875 0.4921875 0.0859375 0.0859375
3 0.91796875 0.71640625 0.0765625 0.1078125
3 0.75390625 0.84375 0.084375 0.084375
3 0.3578125 0.76328125 0.08125 0.0828125
3 0.41171875 0.2890625 0.096875 0.078125