3 0.6609375 0.378125 0.06875 0.084375
3 0.0734375 0.659375 0.059375 0.08125
3 0.33828125 0.0734375 0.0609375 0.0875
3 0.94375 0.3046875 0.065625 0.065625
3 0.428125 0.184375 0.06875 0.0875
3 0.9515625 0.46953125 0.06875 0.0671875
3 0.10234375 0.08515625 0.0734375 0.0734375
3 0.8921875 0.3765625 0.059375 0.071875
3 0.24453125 0.721875 0.078125 0.078125
3 0.9453125 0.55859375 0.065625 0.065625
3 0.20703125 0.69453125 0.0796875 0.0796875
3 0.04375 0.596875 0.0875 0.0875
3 0.79609375 0.2984375 0.0671875 0.06875
3 0.171875 0.5359375 0.08125 0.090625
3 0.93359375 0.8703125 0.0765625 0.09375
3 0.64921875 0.0453125 0.078125 0.078125
0 0.21953125 0.28828125 0.1171875 0.1140625
3 0.9234375 0.096875 0.0921875 0.0921875
3 0.4046875 0.38828125 0.0859375 0.0859375
3 0.590625 0.54140625 0.09375 0.0921875
3 0.0421875 0.415625 0.065625 0.103125
3 0.1390625 0.81171875 0.078125 0.1
3 0.14609375 0.70390625 0.0734375 0.1078125
3 0.9390625 0.634375 0.06875 0.09375
3 0.7109375 0.24296875 0.065625 0.0953125