3 0.31171875 0.2890625 0.1015625 0.059375
3 0.153125 0.4109375 0.1 0.071875
3 0.059375 0.7296875 0.09375 0.071875
3 0.740625 0.5359375 0.096875 0.078125
3 0.07734375 0.228125 0.0890625 0.0875
3 0.1640625 0.08671875 0.084375 0.0609375
3 0.5703125 0.07421875 0.075 0.075
3 0.31953125 0.03828125 0.0859375 0.0609375
3 0.7109375 0.73984375 0.0765625 0.075
3 0.884375 0.6109375 0.0796875 0.0796875
3 0.06953125 0.6140625 0.090625 0.090625
3 0.675 0.89296875 0.090625 0.0671875
3 0.0796875 0.3453125 0.0765625 0.0765625
3 0.73828125 0.85 0.0890625 0.0625
3 0.096875 0.9546875 0.078125 0.078125
3 0.51328125 0.7375 0.08125 0.08125
3 0.6109375 0.50390625 0.0796875 0.08125
3 0.50859375 0.803125 0.0953125 0.06875
3 0.58671875 0.15390625 0.0765625 0.0765625
3 0.421875 0.228125 0.09375 0.075
3 0.215625 0.9125 0.0859375 0.0859375
0 0.5765625 0.415625 0.0859375 0.0859375
3 0.82890625 0.51875 0.0828125 0.0828125
3 0.903125 0.484375 0.084375 0.075
3 0.35703125 0.9515625 0.090625 0.071875
3 0.4890625 0.1859375 0.075 0.075
3 0.2328125 0.5609375 0.103125 0.071875
6 0.49140625 0.08359375 0.0890625 0.0890625
3 0.81953125 0.22578125 0.0796875 0.0796875
3 0.56015625 0.5640625 0.090625 0.078125
3 0.39921875 0.896875 0.0734375 0.075
0 0.8828125 0.265625 0.09375 0.09375
3 0.44921875 0.0484375 0.0859375 0.078125
3 0.06796875 0.89296875 0.096875 0.096875