3 0.428125 0.16015625 0.065625 0.065625
3 0.16171875 0.5875 0.0828125 0.0625
3 0.5140625 0.4296875 0.084375 0.0625
3 0.29375 0.16640625 0.0875 0.0671875
3 0.39140625 0.26796875 0.090625 0.06875
3 0.209375 0.88046875 0.0765625 0.0765625
3 0.26171875 0.7265625 0.078125 0.078125
3 0.60546875 0.66953125 0.06875 0.06875
3 0.62421875 0.496875 0.084375 0.084375
3 0.553125 0.921875 0.075 0.075
3 0.31484375 0.08671875 0.0921875 0.0765625
3 0.14921875 0.103125 0.0703125 0.06875
3 0.61640625 0.57890625 0.0703125 0.0703125
3 0.08359375 0.2796875 0.08125 0.08125
3 0.21953125 0.39609375 0.0703125 0.0703125
3 0.1953125 0.6890625 0.06875 0.06875
3 0.09453125 0.8875 0.06875 0.06875
3 0.76796875 0.878125 0.0859375 0.084375
3 0.5578125 0.80546875 0.075 0.075
3 0.33828125 0.7796875 0.075 0.075
3 0.25234375 0.49375 0.0734375 0.05
3 0.95 0.6359375 0.08125 0.05625
3 0.34921875 0.9234375 0.0765625 0.0625
3 0.67265625 0.7703125 0.0703125 0.0703125
3 0.48828125 0.30546875 0.0703125 0.0703125
3 0.54765625 0.69453125 0.0984375 0.0734375
3 0.34140625 0.8578125 0.075 0.075
3 0.4796875 0.221875 0.06875 0.0625
1 0.103125 0.79609375 0.090625 0.090625
3 0.2109375 0.13125 0.065625 0.065625
3 0.865625 0.0359375 0.06875 0.0625
3 0.084375 0.515625 0.065625 0.065625
3 0.37109375 0.4359375 0.0640625 0.0640625
3 0.3140625 0.24296875 0.0609375 0.0625
2 0.890625 0.23515625 0.1125 0.0828125
3 0.4578125 0.51640625 0.065625 0.0671875
3 0.9234375 0.1375 0.090625 0.05
3 0.21796875 0.0671875 0.0921875 0.053125
6 0.6578125 0.8609375 0.1125 0.06875
3 0.50703125 0.1515625 0.0703125 0.059375
3 0.24765625 0.63515625 0.0765625 0.0546875
3 0.140625 0.6546875 0.075 0.05625
3 0.82578125 0.36015625 0.0828125 0.0578125
3 0.56328125 0.2171875 0.0890625 0.071875
3 0.38515625 0.5046875 0.071875 0.071875
3 0.6640625 0.27578125 0.0796875 0.0796875
3 0.69296875 0.34765625 0.059375 0.0609375
3 0.0515625 0.4609375 0.0625 0.0625
3 0.35234375 0.38671875 0.0609375 0.0609375
3 0.7703125 0.303125 0.071875 0.0625
3 0.578125 0.1375 0.065625 0.065625
6 0.5875 0.42109375 0.090625 0.0921875
3 0.20390625 0.7921875 0.08125 0.08125
3 0.04765625 0.57265625 0.0796875 0.0796875
3 0.3734375 0.0375 0.075 0.065625
3 0.93203125 0.56875 0.08125 0.08125
6 0.36328125 0.63828125 0.10625 0.10625
3 0.1109375 0.9265625 0.084375 0.071875
3 0.68984375 0.06875 0.0765625 0.0625
3 0.51484375 0.5359375 0.059375 0.059375
3 0.72890625 0.2578125 0.0625 0.0640625
3 0.56015625 0.3109375 0.0640625 0.059375
3 0.55703125 0.1140625 0.075 0.0734375
3 0.7234375 0.065625 0.071875 0.05625
3 0.65078125 0.93828125 0.0859375 0.0484375
3 0.43984375 0.96796875 0.0671875 0.0609375
3 0.03515625 0.05859375 0.0703125 0.0484375
3 0.6890625 0.1609375 0.065625 0.046875
3 0.92734375 0.04375 0.0578125 0.0578125
3 0.64140625 0.3671875 0.05625 0.05625
3 0.7515625 0.34375 0.084375 0.05625
3 0.6328125 0.15078125 0.090625 0.0640625
3 0.62421875 0.0375 0.065625 0.065625
3 0.60078125 0.240625 0.0796875 0.0625
3 0.3078125 0.60625 0.065625 0.04375
3 0.303125 0.8203125 0.0640625 0.0640625
3 0.14140625 0.92109375 0.0859375 0.0640625
3 0.059375 0.93125 0.065625 0.05625
3 0.24609375 0.0515625 0.0796875 0.0796875
3 0.5984375 0.30859375 0.065625 0.0609375