3 0.33828125 0.85234375 0.0625 0.0765625
3 0.5984375 0.12734375 0.06875 0.06875
3 0.88125 0.69609375 0.071875 0.0734375
3 0.140625 0.484375 0.075 0.1
3 0.33984375 0.1140625 0.0609375 0.084375
3 0.1953125 0.08671875 0.078125 0.078125
3 0.925 0.49609375 0.071875 0.0828125
3 0.165625 0.8015625 0.084375 0.0828125
3 0.7546875 0.878125 0.071875 0.071875
3 0.140625 0.57578125 0.084375 0.0859375
3 0.671875 0.575 0.08125 0.103125
3 0.87890625 0.61328125 0.0640625 0.0859375
3 0.63984375 0.4078125 0.0734375 0.096875
3 0.47890625 0.3484375 0.078125 0.0796875
3 0.55703125 0.88046875 0.0859375 0.0859375
3 0.94140625 0.140625 0.071875 0.071875
3 0.29375 0.9359375 0.075 0.0875
3 0.75234375 0.4265625 0.065625 0.090625
3 0.34921875 0.7703125 0.0609375 0.0875
3 0.58203125 0.515625 0.075 0.0765625
3 0.25625 0.17265625 0.06875 0.0953125
3 0.87109375 0.22265625 0.06875 0.06875
3 0.20546875 0.34765625 0.0890625 0.0890625
3 0.45078125 0.559375 0.0859375 0.0859375
3 0.75625 0.74609375 0.078125 0.0984375
3 0.378125 0.67109375 0.075 0.0984375
3 0.8265625 0.58359375 0.0890625 0.090625
3 0.51875 0.4046875 0.0703125 0.0703125
3 0.51015625 0.6828125 0.071875 0.090625
3 0.44140625 0.19140625 0.078125 0.078125
3 0.771875 0.321875 0.084375 0.084375
3 0.41875 0.37265625 0.06875 0.0984375
3 0.27265625 0.29296875 0.0859375 0.084375
3 0.07265625 0.14453125 0.0875 0.0875
3 0.87734375 0.353125 0.0640625 0.078125
3 0.93203125 0.2640625 0.078125 0.078125
3 0.4 0.73359375 0.059375 0.0890625
3 0.2234375 0.6078125 0.071875 0.090625
3 0.734375 0.253125 0.06875 0.0671875
3 0.6921875 0.20546875 0.08125 0.0890625
3 0.5140625 0.59296875 0.0890625 0.0890625
3 0.9109375 0.40703125 0.065625 0.084375
3 0.684375 0.76171875 0.0875 0.0875
3 0.803125 0.36328125 0.078125 0.0953125
3 0.0390625 0.79140625 0.06875 0.0796875
3 0.5125 0.15390625 0.05 0.0765625
3 0.07890625 0.23671875 0.0734375 0.0890625
3 0.590625 0.2625 0.08125 0.08125
3 0.45390625 0.93515625 0.0609375 0.0734375
3 0.53828125 0.2203125 0.06875 0.078125
3 0.6453125 0.48828125 0.06875 0.0828125
3 0.4203125 0.04296875 0.0828125 0.08125
3 0.2625 0.528125 0.0875 0.0875
3 0.0546875 0.37265625 0.08125 0.0828125
3 0.46953125 0.10390625 0.0703125 0.0703125
3 0.20859375 0.51484375 0.0859375 0.0859375
3 0.94296875 0.36640625 0.065625 0.065625
3 0.39375 0.13984375 0.06875 0.06875
3 0.7875 0.0984375 0.0703125 0.0703125
3 0.93984375 0.90703125 0.078125 0.078125
6 0.7109375 0.83828125 0.0921875 0.0921875
3 0.57109375 0.3296875 0.0734375 0.0734375
3 0.5859375 0.39609375 0.0734375 0.0734375
3 0.9078125 0.93984375 0.065625 0.0859375