3 0.66171875 0.85234375 0.0703125 0.0703125
3 0.4015625 0.12734375 0.053125 0.0828125
3 0.11875 0.69609375 0.065625 0.0796875
3 0.859375 0.484375 0.0875 0.0875
3 0.66015625 0.1140625 0.071875 0.0734375
3 0.8046875 0.08671875 0.065625 0.0890625
3 0.075 0.49609375 0.078125 0.078125
3 0.834375 0.8015625 0.06875 0.096875
3 0.2453125 0.878125 0.071875 0.071875
3 0.859375 0.57578125 0.084375 0.0859375
3 0.328125 0.575 0.0921875 0.0921875
3 0.12109375 0.61328125 0.0640625 0.0859375
3 0.36015625 0.4078125 0.084375 0.084375
3 0.52109375 0.3484375 0.0671875 0.090625
3 0.44296875 0.88046875 0.0859375 0.0859375
3 0.05859375 0.140625 0.071875 0.071875
3 0.70625 0.9359375 0.075 0.0875
3 0.24765625 0.4265625 0.078125 0.078125
3 0.65078125 0.7703125 0.0609375 0.0875
3 0.41796875 0.515625 0.0578125 0.09375
3 0.74375 0.17265625 0.06875 0.0953125
3 0.12890625 0.22265625 0.06875 0.06875
3 0.79453125 0.34765625 0.0890625 0.0890625
3 0.54921875 0.559375 0.06875 0.103125
3 0.24375 0.74609375 0.078125 0.0984375
3 0.621875 0.67109375 0.075 0.0984375
3 0.1734375 0.58359375 0.0890625 0.090625
3 0.48125 0.4046875 0.0703125 0.0703125
3 0.48984375 0.6828125 0.071875 0.090625
3 0.55859375 0.19140625 0.078125 0.078125
3 0.228125 0.321875 0.071875 0.096875
3 0.58125 0.37265625 0.06875 0.0984375
3 0.72734375 0.29296875 0.075 0.0953125
3 0.92734375 0.14453125 0.0875 0.0875
3 0.12265625 0.353125 0.0640625 0.078125
3 0.06796875 0.2640625 0.078125 0.078125
3 0.6 0.73359375 0.059375 0.0890625
3 0.7765625 0.6078125 0.08125 0.08125
3 0.265625 0.253125 0.0671875 0.0671875
3 0.3078125 0.20546875 0.0859375 0.084375
3 0.4859375 0.59296875 0.06875 0.109375
3 0.0890625 0.40703125 0.065625 0.084375
3 0.315625 0.76171875 0.075 0.1
3 0.196875 0.36328125 0.0875 0.0875
3 0.9609375 0.79140625 0.06875 0.0796875
3 0.4875 0.15390625 0.0625 0.0640625
3 0.92109375 0.23671875 0.0734375 0.0890625
3 0.409375 0.2625 0.08125 0.08125
3 0.54609375 0.93515625 0.0609375 0.0734375
3 0.46171875 0.2203125 0.06875 0.078125
3 0.3546875 0.48828125 0.06875 0.0828125
3 0.5796875 0.04296875 0.0828125 0.08125
3 0.7375 0.528125 0.0875 0.0875
3 0.9453125 0.37265625 0.08125 0.0828125
3 0.53046875 0.10390625 0.0703125 0.0703125
3 0.79140625 0.51484375 0.0859375 0.0859375
3 0.05703125 0.36640625 0.0546875 0.0765625
3 0.60625 0.13984375 0.06875 0.06875
3 0.2125 0.0984375 0.0625 0.078125
3 0.06015625 0.90703125 0.0734375 0.0828125
6 0.2890625 0.83828125 0.078125 0.1046875
3 0.42890625 0.3296875 0.0734375 0.0734375
3 0.4140625 0.39609375 0.065625 0.0828125
3 0.0921875 0.93984375 0.065625 0.0859375