3 0.71953125 0.19375 0.0671875 0.1
3 0.36875 0.90546875 0.075 0.1078125
3 0.47109375 0.30234375 0.084375 0.084375
3 0.878125 0.20390625 0.06875 0.1046875
3 0.078125 0.77421875 0.06875 0.06875
3 0.42734375 0.803125 0.0765625 0.1
3 0.409375 0.3421875 0.08125 0.08125
3 0.58359375 0.10859375 0.0703125 0.0828125
3 0.2671875 0.884375 0.0625 0.0875
3 0.58203125 0.196875 0.075 0.0734375
3 0.57109375 0.91171875 0.071875 0.0984375
3 0.9546875 0.74296875 0.059375 0.0921875
3 0.92890625 0.884375 0.075 0.075
3 0.95703125 0.27890625 0.0671875 0.0671875
3 0.56875 0.47421875 0.071875 0.071875
3 0.6484375 0.82421875 0.065625 0.0953125
3 0.4390625 0.5953125 0.065625 0.1
3 0.234375 0.6234375 0.065625 0.065625
3 0.7859375 0.83125 0.059375 0.075
3 0.69765625 0.79296875 0.0671875 0.0671875
3 0.17109375 0.77890625 0.075 0.075
3 0.6390625 0.253125 0.071875 0.0875
3 0.31015625 0.72109375 0.071875 0.0921875
3 0.57578125 0.75859375 0.0703125 0.071875
3 0.85703125 0.56328125 0.071875 0.071875
3 0.51875 0.76015625 0.06875 0.0921875
3 0.79375 0.503125 0.06875 0.090625
3 0.140625 0.621875 0.065625 0.065625
3 0.74453125 0.57734375 0.0609375 0.0609375
3 0.7671875 0.29140625 0.065625 0.0859375
1 0.6390625 0.5046875 0.0875 0.0875
3 0.63359375 0.17265625 0.0578125 0.0859375
3 0.3828125 0.290625 0.065625 0.090625
3 0.471875 0.47265625 0.06875 0.1046875
3 0.67265625 0.4140625 0.053125 0.09375
3 0.39375 0.453125 0.0921875 0.0921875
3 0.165625 0.53046875 0.0734375 0.0734375
3 0.084375 0.54453125 0.065625 0.0796875
3 0.32109375 0.57265625 0.06875 0.06875
3 0.51640625 0.95703125 0.071875 0.071875
3 0.846875 0.8453125 0.075 0.075
3 0.05078125 0.696875 0.090625 0.090625
3 0.28984375 0.09453125 0.0734375 0.0734375
3 0.7546875 0.08671875 0.0703125 0.06875
3 0.2140625 0.1484375 0.08125 0.08125
3 0.04453125 0.2921875 0.0765625 0.0765625
3 0.8140625 0.77265625 0.075 0.075
3 0.1078125 0.9578125 0.059375 0.084375
3 0.28515625 0.18203125 0.0796875 0.1046875
3 0.2765625 0.58359375 0.08125 0.08125
3 0.034375 0.44765625 0.0625 0.1015625
3 0.1203125 0.26015625 0.059375 0.075
3 0.07578125 0.4703125 0.0640625 0.084375
3 0.7984375 0.58984375 0.0828125 0.08125
3 0.09140625 0.4078125 0.0578125 0.071875
3 0.9 0.34375 0.0984375 0.0984375
6 0.34375 0.1046875 0.065625 0.15625
0 0.1875 0.90234375 0.1 0.159375
3 0.78359375 0.71796875 0.103125 0.103125
3 0.21328125 0.515625 0.06875 0.0671875
3 0.14921875 0.2140625 0.075 0.0734375
3 0.41328125 0.04765625 0.0640625 0.065625
3 0.39375 0.084375 0.065625 0.11875
3 0.6171875 0.06875 0.084375 0.1125
3 0.82734375 0.371875 0.0609375 0.134375
3 0.85078125 0.78671875 0.0609375 0.0828125
3 0.5390625 0.559375 0.0796875 0.0796875
3 0.503125 0.5484375 0.0734375 0.0734375
3 0.5640625 0.4125 0.0671875 0.0671875
3 0.6234375 0.4234375 0.0609375 0.0609375