3 0.80625 0.28046875 0.1 0.0671875
3 0.09453125 0.63125 0.090625 0.090625
3 0.69765625 0.52890625 0.084375 0.084375
3 0.79609375 0.121875 0.1046875 0.06875
3 0.22578125 0.921875 0.078125 0.059375
3 0.196875 0.57265625 0.0890625 0.0875
3 0.6578125 0.590625 0.0875 0.075
3 0.89140625 0.41640625 0.0828125 0.0703125
3 0.115625 0.7328125 0.0875 0.0625
3 0.803125 0.41796875 0.0875 0.0609375
3 0.08828125 0.42890625 0.0984375 0.071875
3 0.25703125 0.0453125 0.0921875 0.059375
3 0.115625 0.07109375 0.08125 0.06875
3 0.72109375 0.04296875 0.0671875 0.0671875
3 0.52578125 0.43125 0.071875 0.071875
3 0.17578125 0.3515625 0.08125 0.08125
3 0.4046875 0.5609375 0.1 0.065625
3 0.3765625 0.765625 0.078125 0.053125
3 0.16875 0.2140625 0.075 0.059375
3 0.20703125 0.30234375 0.0671875 0.0671875
3 0.22109375 0.82890625 0.075 0.075
3 0.746875 0.3609375 0.0875 0.071875
3 0.27890625 0.68984375 0.0921875 0.071875
3 0.24140625 0.42421875 0.071875 0.0703125
3 0.43671875 0.14296875 0.071875 0.071875
3 0.23984375 0.48125 0.0796875 0.0796875
3 0.496875 0.20625 0.090625 0.06875
3 0.378125 0.859375 0.065625 0.065625
3 0.42265625 0.25546875 0.0703125 0.0515625
3 0.70859375 0.2328125 0.0859375 0.065625
1 0.4953125 0.3609375 0.0875 0.0875
3 0.82734375 0.36640625 0.0859375 0.0578125
3 0.709375 0.6171875 0.090625 0.065625
3 0.52734375 0.528125 0.1046875 0.06875
3 0.5859375 0.32734375 0.09375 0.053125
3 0.546875 0.60625 0.0921875 0.0921875
3 0.46953125 0.834375 0.0890625 0.05625
3 0.45546875 0.915625 0.0734375 0.071875
3 0.42734375 0.67890625 0.06875 0.06875
3 0.04296875 0.48359375 0.084375 0.0609375
3 0.1546875 0.153125 0.0875 0.0625
3 0.303125 0.94921875 0.1125 0.0671875
3 0.90546875 0.71015625 0.0734375 0.0734375
3 0.91328125 0.2453125 0.06875 0.0703125
3 0.8515625 0.7859375 0.08125 0.08125
3 0.7078125 0.95546875 0.1 0.053125
3 0.22734375 0.1859375 0.075 0.075
3 0.0421875 0.8921875 0.071875 0.071875
3 0.81796875 0.71484375 0.0921875 0.0921875
3 0.41640625 0.7234375 0.08125 0.08125
3 0.553125 0.9625 0.08125 0.075
3 0.73984375 0.8796875 0.075 0.059375
3 0.5296875 0.92421875 0.075 0.0734375
3 0.41015625 0.2015625 0.08125 0.0828125
3 0.5921875 0.90859375 0.071875 0.0578125
3 0.65625 0.1 0.0984375 0.0984375
6 0.8953125 0.65625 0.1109375 0.1109375
0 0.09765625 0.8125 0.159375 0.1
3 0.28203125 0.21640625 0.103125 0.103125
3 0.484375 0.78671875 0.0671875 0.06875
3 0.7859375 0.85078125 0.0734375 0.075
3 0.95234375 0.58671875 0.065625 0.0640625
3 0.915625 0.60625 0.11875 0.065625
3 0.93125 0.3828125 0.1125 0.084375
3 0.628125 0.17265625 0.134375 0.0609375
3 0.21328125 0.14921875 0.071875 0.071875
3 0.440625 0.4609375 0.0796875 0.0796875
3 0.4515625 0.496875 0.0734375 0.0734375
3 0.5875 0.4359375 0.075 0.059375
3 0.5765625 0.3765625 0.06875 0.053125