3 0.64921875 0.67578125 0.0796875 0.0796875
3 0.28046875 0.753125 0.0734375 0.071875
3 0.296875 0.4890625 0.078125 0.078125
3 0.634375 0.50390625 0.0859375 0.0875
3 0.60703125 0.884375 0.08125 0.08125
3 0.89140625 0.20078125 0.0828125 0.0828125
3 0.6796875 0.3546875 0.0875 0.084375
3 0.44453125 0.76953125 0.08125 0.08125
3 0.1234375 0.25625 0.109375 0.08125
3 0.559375 0.6078125 0.075 0.071875
3 0.6640625 0.59609375 0.0875 0.0875
3 0.77265625 0.503125 0.0984375 0.06875
3 0.73046875 0.8328125 0.0875 0.0875
3 0.23125 0.05625 0.0875 0.0875
3 0.38828125 0.17265625 0.0875 0.0875
3 0.05546875 0.1390625 0.0921875 0.0921875
3 0.3328125 0.17890625 0.08125 0.08125
5 0.12265625 0.34609375 0.1203125 0.0890625
0 0.9015625 0.771875 0.103125 0.1
3 0.51953125 0.6890625 0.0890625 0.078125