3 0.64921875 0.32421875 0.0796875 0.0796875
3 0.28046875 0.246875 0.0828125 0.0625
3 0.296875 0.5109375 0.078125 0.078125
3 0.634375 0.49609375 0.1 0.0734375
3 0.60703125 0.115625 0.08125 0.08125
3 0.89140625 0.79921875 0.0953125 0.0703125
3 0.6796875 0.6453125 0.0875 0.084375
3 0.44453125 0.23046875 0.08125 0.08125
3 0.1234375 0.74375 0.109375 0.08125
3 0.559375 0.3921875 0.0734375 0.0734375
3 0.6640625 0.40390625 0.0875 0.0875
3 0.77265625 0.496875 0.0828125 0.084375
3 0.73046875 0.1671875 0.0875 0.0875
3 0.23125 0.94375 0.0875 0.0875
3 0.38828125 0.82734375 0.096875 0.0765625
3 0.05546875 0.8609375 0.109375 0.075
3 0.3328125 0.82109375 0.090625 0.0703125
5 0.12265625 0.65390625 0.1046875 0.1046875
0 0.9015625 0.228125 0.103125 0.1
3 0.51953125 0.3109375 0.084375 0.084375