3 0.33125 0.6828125 0.09375 0.09375
3 0.77109375 0.28984375 0.0734375 0.103125
6 0.7765625 0.8453125 0.103125 0.121875
3 0.95 0.7546875 0.0875 0.0875
3 0.8953125 0.5375 0.0765625 0.0765625
3 0.63046875 0.21484375 0.0796875 0.0984375
3 0.65 0.5859375 0.084375 0.084375
3 0.9 0.1375 0.0875 0.0875
3 0.66484375 0.05625 0.090625 0.090625
3 0.89765625 0.8046875 0.0734375 0.109375
3 0.4859375 0.60390625 0.096875 0.0953125
3 0.4375 0.45 0.08125 0.08125
3 0.075 0.83515625 0.0859375 0.084375
3 0.35546875 0.58828125 0.0703125 0.0953125
3 0.72265625 0.3578125 0.0640625 0.109375
3 0.8515625 0.728125 0.0796875 0.0796875
3 0.70625 0.5265625 0.09375 0.09375
3 0.51796875 0.803125 0.090625 0.090625
3 0.27734375 0.8296875 0.0859375 0.103125
3 0.7609375 0.5171875 0.078125 0.078125
3 0.684375 0.81953125 0.0921875 0.090625
3 0.8921875 0.2640625 0.078125 0.109375
3 0.61171875 0.83828125 0.0828125 0.0828125
3 0.1484375 0.10234375 0.0859375 0.0859375
3 0.07734375 0.30078125 0.0828125 0.1140625
3 0.0625 0.48046875 0.1 0.1015625
3 0.5453125 0.52421875 0.096875 0.1140625
3 0.7078125 0.2609375 0.0875 0.0875
3 0.87578125 0.65703125 0.0921875 0.0921875
3 0.23515625 0.87421875 0.0921875 0.0921875
3 0.890625 0.07265625 0.0984375 0.0984375