3 0.80078125 0.0859375 0.09375 0.09375
3 0.0921875 0.415625 0.0921875 0.0921875
3 0.853125 0.14375 0.075 0.1
3 0.36640625 0.51171875 0.090625 0.090625
3 0.91875 0.459375 0.096875 0.0953125
3 0.29140625 0.28359375 0.0828125 0.1125
3 0.38515625 0.60546875 0.084375 0.084375
3 0.33203125 0.21171875 0.0765625 0.0953125
3 0.89609375 0.54921875 0.0890625 0.0890625
3 0.246875 0.33984375 0.090625 0.0921875
3 0.065625 0.17265625 0.09375 0.0921875
3 0.425 0.875 0.096875 0.096875
3 0.40625 0.40859375 0.08125 0.1046875
3 0.94296875 0.0953125 0.09375 0.09375
3 0.0515625 0.4859375 0.090625 0.090625
3 0.621875 0.86953125 0.06875 0.1015625
0 0.31328125 0.7453125 0.071875 0.071875
3 0.22421875 0.4828125 0.0765625 0.084375
3 0.484375 0.93515625 0.0921875 0.090625
3 0.1484375 0.5515625 0.090625 0.090625
3 0.2234375 0.40390625 0.0921875 0.0921875
0 0.378125 0.6890625 0.071875 0.071875
3 0.1078125 0.93984375 0.090625 0.090625
3 0.16171875 0.62890625 0.0703125 0.1046875
3 0.2265625 0.5734375 0.078125 0.10625
3 0.29609375 0.671875 0.0640625 0.109375