3 0.80078125 0.9140625 0.0859375 0.103125
3 0.0921875 0.584375 0.0921875 0.0921875
3 0.853125 0.85625 0.075 0.1
3 0.36640625 0.48828125 0.090625 0.090625
3 0.91875 0.540625 0.0953125 0.0953125
3 0.29140625 0.71640625 0.0828125 0.1125
3 0.38515625 0.39453125 0.0734375 0.0953125
3 0.33203125 0.78828125 0.0859375 0.0859375
3 0.89609375 0.45078125 0.0765625 0.1015625
3 0.246875 0.66015625 0.090625 0.0921875
3 0.065625 0.82734375 0.09375 0.0921875
3 0.425 0.125 0.096875 0.096875
3 0.40625 0.59140625 0.0921875 0.0921875
3 0.94296875 0.9046875 0.09375 0.09375
3 0.0515625 0.5140625 0.090625 0.090625
3 0.621875 0.13046875 0.084375 0.0859375
0 0.31328125 0.2546875 0.071875 0.071875
3 0.22421875 0.5171875 0.0796875 0.08125
3 0.484375 0.06484375 0.09375 0.0890625
3 0.1484375 0.4484375 0.090625 0.090625
3 0.2234375 0.59609375 0.09375 0.0890625
0 0.378125 0.3109375 0.0625 0.08125
3 0.1078125 0.06015625 0.078125 0.1046875
3 0.16171875 0.37109375 0.0703125 0.1046875
3 0.2265625 0.4265625 0.078125 0.10625
3 0.29609375 0.328125 0.0640625 0.109375