3 0.57578125 0.22890625 0.0734375 0.0734375
3 0.3328125 0.140625 0.075 0.075
3 0.2546875 0.58984375 0.078125 0.078125
3 0.928125 0.509375 0.0828125 0.0828125
3 0.865625 0.3265625 0.078125 0.078125
3 0.6578125 0.36953125 0.090625 0.0609375
3 0.153125 0.5890625 0.0875 0.0875
3 0.715625 0.5515625 0.0875 0.065625
3 0.28984375 0.40859375 0.084375 0.084375
3 0.68828125 0.4859375 0.0828125 0.08125
3 0.72265625 0.1703125 0.0953125 0.065625
3 0.5453125 0.66328125 0.078125 0.0609375
3 0.328125 0.9640625 0.071875 0.071875
3 0.25390625 0.15 0.078125 0.078125
3 0.7546875 0.4046875 0.0875 0.059375
3 0.1328125 0.284375 0.096875 0.071875
3 0.21640625 0.8625 0.075 0.075
3 0.31171875 0.225 0.0859375 0.0625
3 0.396875 0.3453125 0.084375 0.084375
3 0.1078125 0.365625 0.090625 0.065625
3 0.465625 0.6921875 0.059375 0.059375
3 0.653125 0.7046875 0.090625 0.065625
3 0.81328125 0.490625 0.0921875 0.071875
3 0.32265625 0.88984375 0.0796875 0.059375
3 0.428125 0.83671875 0.090625 0.0640625
3 0.05234375 0.6171875 0.0859375 0.065625
3 0.48046875 0.334375 0.0734375 0.05625
3 0.5984375 0.3078125 0.09375 0.071875
6 0.79609375 0.7265625 0.1046875 0.071875
3 0.440625 0.16171875 0.1 0.0703125
3 0.49921875 0.21640625 0.084375 0.0828125
3 0.91484375 0.1 0.0859375 0.075
3 0.159375 0.7484375 0.10625 0.0625
3 0.3625 0.59453125 0.0734375 0.075
3 0.26484375 0.53046875 0.1015625 0.0578125
3 0.24921875 0.0859375 0.0796875 0.053125
3 0.37421875 0.71953125 0.1015625 0.06875
3 0.784375 0.0640625 0.090625 0.065625
3 0.13359375 0.64375 0.0859375 0.059375
3 0.33359375 0.2875 0.084375 0.0859375
3 0.746875 0.91328125 0.1 0.0671875
3 0.58203125 0.8859375 0.0875 0.053125
3 0.51171875 0.39609375 0.0859375 0.0640625
3 0.67109375 0.64296875 0.0734375 0.0734375
3 0.90703125 0.846875 0.0671875 0.065625
3 0.45703125 0.6375 0.0703125 0.071875
3 0.34296875 0.4734375 0.0890625 0.065625
3 0.39609375 0.92578125 0.0921875 0.0703125
3 0.07734375 0.08671875 0.0796875 0.059375
3 0.43046875 0.2875 0.075 0.0765625
3 0.584375 0.83046875 0.103125 0.0609375
3 0.440625 0.77890625 0.075 0.0546875
3 0.1671875 0.103125 0.0796875 0.08125
6 0.671875 0.04609375 0.125 0.0765625
3 0.51796875 0.69453125 0.08125 0.08125
3 0.91875 0.9125 0.0796875 0.0796875
3 0.6828125 0.0734375 0.065625 0.065625
3 0.05625 0.95625 0.08125 0.08125
3 0.03984375 0.14296875 0.0796875 0.0578125
3 0.12734375 0.05546875 0.103125 0.0515625
3 0.55390625 0.81484375 0.06875 0.06875
3 0.4171875 0.234375 0.08125 0.08125
6 0.6078125 0.9328125 0.1046875 0.1046875