3 0.63828125 0.26796875 0.0796875 0.0578125
3 0.4953125 0.1515625 0.0671875 0.0671875
3 0.540625 0.3734375 0.0734375 0.0734375
3 0.2703125 0.65546875 0.075 0.075
3 0.46171875 0.44921875 0.0765625 0.075
3 0.10625 0.1265625 0.084375 0.084375
3 0.38828125 0.3078125 0.090625 0.065625
3 0.890625 0.81875 0.08125 0.0796875
3 0.209375 0.275 0.090625 0.06875
3 0.87109375 0.11875 0.0640625 0.0625
6 0.40078125 0.7625 0.0875 0.0859375
3 0.93203125 0.2546875 0.078125 0.078125
3 0.86953125 0.94609375 0.090625 0.0703125
3 0.32421875 0.371875 0.08125 0.0828125
3 0.7109375 0.571875 0.0875 0.06875
3 0.41328125 0.2484375 0.0859375 0.0859375
3 0.5359375 0.771875 0.084375 0.065625
3 0.71875 0.19609375 0.078125 0.0703125
3 0.4875 0.3125 0.078125 0.078125
3 0.22265625 0.88984375 0.0703125 0.0703125
3 0.73359375 0.309375 0.0890625 0.06875
3 0.1546875 0.84296875 0.084375 0.0671875
3 0.5984375 0.6375 0.065625 0.0625
6 0.71640625 0.1125 0.103125 0.0875
3 0.23046875 0.7453125 0.075 0.075
3 0.0734375 0.86015625 0.071875 0.071875
3 0.8953125 0.03359375 0.071875 0.0671875
3 0.80859375 0.9390625 0.078125 0.078125
3 0.66640625 0.74765625 0.090625 0.06875
3 0.38046875 0.4984375 0.078125 0.078125
3 0.94609375 0.8953125 0.084375 0.0828125
3 0.66875 0.62890625 0.078125 0.0703125
3 0.7796875 0.25625 0.071875 0.071875
3 0.7578125 0.73125 0.078125 0.08125
3 0.82421875 0.6671875 0.078125 0.059375
3 0.46640625 0.51640625 0.084375 0.084375
3 0.60234375 0.80078125 0.0671875 0.0671875
3 0.259375 0.52890625 0.0734375 0.075
3 0.1703125 0.25078125 0.1 0.071875
3 0.68828125 0.89609375 0.0796875 0.0734375
3 0.10390625 0.7265625 0.0734375 0.059375
3 0.1953125 0.5578125 0.078125 0.065625
3 0.40859375 0.95703125 0.0796875 0.0546875
3 0.09296875 0.51875 0.0921875 0.06875
3 0.07265625 0.06796875 0.06875 0.06875
3 0.4140625 0.1546875 0.06875 0.06875
3 0.40546875 0.8859375 0.06875 0.06875
3 0.10546875 0.96328125 0.06875 0.06875
3 0.775 0.465625 0.0765625 0.0765625
3 0.57265625 0.17578125 0.0828125 0.0796875
3 0.478125 0.746875 0.0625 0.0609375
3 0.15703125 0.51484375 0.0875 0.0671875
3 0.234375 0.4640625 0.065625 0.06875
3 0.18203125 0.784375 0.0734375 0.05625
3 0.503125 0.6953125 0.090625 0.059375
3 0.18203125 0.15234375 0.084375 0.0609375
3 0.87734375 0.21328125 0.0765625 0.0515625
3 0.2671875 0.32109375 0.065625 0.065625
3 0.3265625 0.775 0.059375 0.059375
3 0.3265625 0.89453125 0.0640625 0.0640625
3 0.5828125 0.32421875 0.0609375 0.059375
3 0.9484375 0.965625 0.0671875 0.0671875
3 0.11484375 0.8984375 0.0765625 0.0625
3 0.04921875 0.4109375 0.06875 0.06875
3 0.64609375 0.80625 0.071875 0.071875
3 0.63515625 0.5515625 0.0828125 0.053125
3 0.83828125 0.7453125 0.0625 0.0609375
3 0.06484375 0.6390625 0.1 0.1
3 0.93828125 0.76640625 0.0734375 0.0609375
5 0.39140625 0.1015625 0.0953125 0.06875
3 0.75859375 0.19375 0.075 0.071875
3 0.7390625 0.9296875 0.0671875 0.0671875
3 0.65859375 0.51640625 0.075 0.0640625
3 0.51328125 0.48984375 0.0625 0.0625
3 0.61328125 0.165625 0.071875 0.065625
3 0.06875 0.44765625 0.090625 0.0625
3 0.84140625 0.16796875 0.0734375 0.0546875
3 0.82734375 0.33828125 0.0625 0.0609375
6 0.8578125 0.5578125 0.0890625 0.0890625
3 0.90234375 0.16796875 0.0625 0.0625
3 0.03359375 0.2109375 0.065625 0.05625
3 0.9671875 0.6484375 0.065625 0.065625
3 0.5703125 0.9640625 0.071875 0.071875
3 0.48125 0.96640625 0.06875 0.0671875
3 0.26328125 0.9328125 0.0671875 0.0671875
3 0.91875 0.54453125 0.0875 0.0875
3 0.31171875 0.10390625 0.0609375 0.0609375
3 0.8328125 0.49296875 0.05625 0.05625
3 0.73671875 0.49453125 0.096875 0.0625
3 0.71484375 0.5578125 0.0859375 0.0859375
3 0.79453125 0.60546875 0.0671875 0.0484375
3 0.75078125 0.9734375 0.0609375 0.053125