3 0.12734375 0.2609375 0.0703125 0.096875
3 0.85625 0.83359375 0.0859375 0.0875
3 0.35859375 0.096875 0.0921875 0.090625
3 0.09375 0.7859375 0.065625 0.0828125
3 0.9515625 0.3890625 0.071875 0.071875
3 0.103125 0.1203125 0.0859375 0.0859375
3 0.0609375 0.89453125 0.0625 0.0796875
3 0.48125 0.3140625 0.0828125 0.0828125
3 0.72890625 0.234375 0.0765625 0.109375
3 0.54453125 0.6296875 0.0765625 0.109375
3 0.67578125 0.36484375 0.0984375 0.0984375
3 0.91953125 0.25859375 0.0796875 0.0796875
3 0.6 0.165625 0.084375 0.084375
3 0.81796875 0.35390625 0.075 0.075
3 0.5140625 0.8703125 0.078125 0.1
3 0.4046875 0.43671875 0.0875 0.0875
3 0.24609375 0.60546875 0.0984375 0.0984375
3 0.4671875 0.428125 0.0765625 0.0765625
3 0.43515625 0.675 0.090625 0.0890625
3 0.0390625 0.70234375 0.065625 0.0875
3 0.34375 0.84140625 0.09375 0.09375
3 0.065625 0.6171875 0.09375 0.084375
3 0.5515625 0.95625 0.078125 0.0875
3 0.15859375 0.38828125 0.0953125 0.096875
3 0.3296875 0.34765625 0.078125 0.1125
6 0.453125 0.5546875 0.1 0.125