2 0.5171875 0.6515625 0.078125 0.078125
2 0.36015625 0.94375 0.0703125 0.103125
2 0.6375 0.21484375 0.06875 0.0890625
2 0.0375 0.23515625 0.075 0.0796875
2 0.5921875 0.34375 0.084375 0.084375
2 0.1984375 0.25390625 0.08125 0.0796875
2 0.078125 0.76953125 0.05625 0.1
2 0.50390625 0.8140625 0.0828125 0.0828125
2 0.32265625 0.59921875 0.0796875 0.08125
2 0.22109375 0.553125 0.075 0.075
2 0.12890625 0.078125 0.0890625 0.0875
2 0.5046875 0.14453125 0.071875 0.1046875
2 0.73125 0.4140625 0.0625 0.084375
2 0.2234375 0.675 0.071875 0.109375
2 0.40703125 0.66875 0.075 0.075
2 0.103125 0.6 0.065625 0.109375
2 0.66484375 0.33359375 0.0890625 0.0890625
2 0.54765625 0.5625 0.078125 0.10625
2 0.4796875 0.5796875 0.071875 0.115625
2 0.34375 0.69375 0.0796875 0.0796875
2 0.1890625 0.90859375 0.065625 0.1078125
2 0.41875 0.59140625 0.0859375 0.0859375
2 0.51796875 0.4859375 0.09375 0.09375
2 0.61640625 0.48203125 0.0859375 0.0921875
2 0.39609375 0.8703125 0.0875 0.0859375
2 0.44609375 0.3453125 0.0796875 0.1
2 0.34921875 0.43125 0.0734375 0.115625
2 0.44609375 0.8421875 0.0796875 0.103125
2 0.4359375 0.503125 0.09375 0.09375
2 0.41171875 0.21015625 0.0921875 0.0921875
2 0.33671875 0.52421875 0.0765625 0.109375
2 0.47109375 0.92734375 0.0859375 0.0921875
2 0.21484375 0.87421875 0.0484375 0.1140625
2 0.17578125 0.31875 0.0484375 0.103125
2 0.05 0.68046875 0.06875 0.1328125
2 0.38671875 0.52578125 0.0875 0.0875
2 0.0296875 0.91328125 0.059375 0.0796875
5 0.5234375 0.33359375 0.090625 0.1140625
5 0.44765625 0.73515625 0.109375 0.109375
2 0.425 0.41875 0.084375 0.084375
2 0.48828125 0.42265625 0.1078125 0.1078125