2 0.3484375 0.4828125 0.078125 0.078125
2 0.05625 0.63984375 0.0859375 0.0859375
2 0.78515625 0.3625 0.078125 0.0796875
2 0.765625 0.96640625 0.09375 0.0671875
2 0.65625 0.4078125 0.10625 0.0625
2 0.74609375 0.8015625 0.0796875 0.08125
2 0.23046875 0.921875 0.1 0.05625
2 0.1859375 0.49609375 0.09375 0.071875
2 0.40078125 0.67734375 0.08125 0.0796875
2 0.446875 0.77890625 0.075 0.075
2 0.921875 0.87109375 0.10625 0.0703125
2 0.85546875 0.4953125 0.0875 0.0875
2 0.5859375 0.26875 0.0734375 0.0734375
2 0.325 0.7765625 0.090625 0.090625
2 0.33125 0.59296875 0.075 0.075
2 0.4 0.896875 0.0875 0.0875
2 0.66640625 0.33515625 0.1046875 0.0734375
2 0.4375 0.45234375 0.09375 0.0921875
2 0.4203125 0.5203125 0.09375 0.09375
2 0.30625 0.65625 0.0796875 0.0796875
2 0.09140625 0.8109375 0.0875 0.0875
2 0.40859375 0.58125 0.1015625 0.071875
2 0.5140625 0.48203125 0.09375 0.09375
2 0.51796875 0.38359375 0.0921875 0.0859375
2 0.1296875 0.60390625 0.0859375 0.0875
2 0.6546875 0.55390625 0.0890625 0.090625
2 0.56875 0.65078125 0.115625 0.0734375
2 0.1578125 0.55390625 0.0921875 0.090625
2 0.496875 0.5640625 0.09375 0.09375
2 0.78984375 0.58828125 0.1109375 0.0734375
2 0.47578125 0.66328125 0.09375 0.0921875
2 0.07265625 0.52890625 0.0921875 0.0859375
2 0.12578125 0.78515625 0.1140625 0.0484375
2 0.68125 0.82421875 0.075 0.0765625
2 0.31875 0.94921875 0.1 0.1015625
2 0.47421875 0.61328125 0.109375 0.065625
2 0.0859375 0.9671875 0.06875 0.065625
5 0.66640625 0.4765625 0.1015625 0.103125
5 0.26484375 0.55234375 0.109375 0.109375
2 0.58125 0.575 0.09375 0.075
2 0.57734375 0.51171875 0.1078125 0.1078125