2 0.48046875 0.41875 0.0875 0.0875
2 0.778125 0.40625 0.10625 0.071875
2 0.675 0.40703125 0.09375 0.065625
2 0.5328125 0.74609375 0.103125 0.0671875
2 0.38359375 0.62265625 0.0859375 0.0859375
2 0.76171875 0.23046875 0.0921875 0.0765625
2 0.20078125 0.21953125 0.10625 0.0703125
2 0.11953125 0.92578125 0.10625 0.0765625
2 0.66796875 0.3328125 0.0890625 0.090625
2 0.91640625 0.3546875 0.1015625 0.078125
2 0.528125 0.8140625 0.103125 0.078125
2 0.7015625 0.80703125 0.103125 0.06875
2 0.15078125 0.609375 0.1015625 0.06875
2 0.26484375 0.57890625 0.0921875 0.0921875
2 0.096875 0.484375 0.0859375 0.0859375
2 0.0921875 0.65859375 0.115625 0.06875
2 0.640625 0.84765625 0.090625 0.0890625
2 0.1078125 0.1765625 0.109375 0.075
2 0.34296875 0.165625 0.096875 0.096875
2 0.12109375 0.5390625 0.09375 0.09375
2 0.80234375 0.11328125 0.096875 0.065625
2 0.6265625 0.53515625 0.103125 0.078125
2 0.73125 0.74921875 0.1 0.0734375
2 0.21171875 0.1453125 0.0953125 0.06875
2 0.13671875 0.084375 0.0859375 0.0859375
2 0.56015625 0.425 0.090625 0.090625
2 0.23515625 0.09375 0.0859375 0.0859375
2 0.32109375 0.103125 0.0890625 0.0890625
2 0.42890625 0.70546875 0.115625 0.0765625
2 0.409375 0.921875 0.10625 0.075
2 0.95625 0.90546875 0.075 0.0734375
2 0.85546875 0.58203125 0.0953125 0.0953125
2 0.315625 0.89765625 0.10625 0.0765625
2 0.4546875 0.87578125 0.0953125 0.0953125
2 0.24296875 0.85390625 0.1078125 0.0765625
2 0.3609375 0.79453125 0.10625 0.0765625
2 0.4515625 0.3140625 0.096875 0.065625
2 0.25546875 0.7875 0.0875 0.0875
2 0.6609375 0.11015625 0.0625 0.0625
2 0.48046875 0.2078125 0.08125 0.053125
2 0.53671875 0.6671875 0.109375 0.06875
3 0.16640625 0.30546875 0.1109375 0.0765625
3 0.73515625 0.10703125 0.0953125 0.0953125
3 0.5171875 0.19375 0.090625 0.090625
3 0.83359375 0.46015625 0.0796875 0.0796875
3 0.3109375 0.34375 0.09375 0.06875