2 0.58125 0.51953125 0.06875 0.1046875
2 0.59375 0.221875 0.071875 0.10625
2 0.59296875 0.325 0.065625 0.09375
2 0.25390625 0.4671875 0.0671875 0.103125
2 0.37734375 0.61640625 0.0859375 0.0859375
2 0.76953125 0.23828125 0.0765625 0.0921875
2 0.78046875 0.79921875 0.0875 0.0875
2 0.07421875 0.88046875 0.090625 0.090625
2 0.6671875 0.33203125 0.075 0.1046875
2 0.6453125 0.08359375 0.0890625 0.090625
2 0.1859375 0.471875 0.090625 0.090625
2 0.19296875 0.2984375 0.06875 0.103125
2 0.390625 0.84921875 0.06875 0.1015625
2 0.42109375 0.73515625 0.0921875 0.0921875
2 0.515625 0.903125 0.0859375 0.0859375
2 0.34140625 0.9078125 0.0921875 0.0921875
2 0.15234375 0.359375 0.0890625 0.090625
2 0.8234375 0.8921875 0.075 0.109375
2 0.834375 0.65703125 0.096875 0.096875
2 0.4609375 0.87890625 0.09375 0.09375
2 0.88671875 0.19765625 0.08125 0.08125
2 0.46484375 0.3734375 0.090625 0.090625
2 0.25078125 0.26875 0.0734375 0.1
2 0.8546875 0.78828125 0.08125 0.0828125
2 0.915625 0.86328125 0.0859375 0.0859375
2 0.575 0.43984375 0.090625 0.090625
2 0.90625 0.76484375 0.075 0.096875
2 0.896875 0.67890625 0.075 0.1015625
2 0.29453125 0.57109375 0.0765625 0.115625
2 0.078125 0.590625 0.090625 0.090625
2 0.09453125 0.04375 0.0671875 0.08125
2 0.41796875 0.14453125 0.0953125 0.0953125
2 0.10234375 0.684375 0.090625 0.0921875
2 0.12421875 0.5453125 0.0953125 0.0953125
2 0.14609375 0.75703125 0.0765625 0.1078125
2 0.20546875 0.6390625 0.090625 0.090625
2 0.6859375 0.5484375 0.065625 0.096875
2 0.2125 0.74453125 0.06875 0.10625
2 0.88984375 0.3390625 0.0625 0.0625
2 0.7921875 0.51953125 0.053125 0.08125
2 0.3328125 0.46328125 0.0890625 0.0890625
3 0.69453125 0.83359375 0.09375 0.09375
3 0.89296875 0.26484375 0.0828125 0.1078125
3 0.80625 0.4828125 0.090625 0.090625
3 0.53984375 0.16640625 0.0796875 0.0796875
3 0.65625 0.6890625 0.06875 0.09375