3 0.540625 0.5703125 0.0859375 0.0859375
3 0.5953125 0.7046875 0.0875 0.0875
3 0.384375 0.85546875 0.0859375 0.0875
3 0.3359375 0.353125 0.078125 0.084375
3 0.4015625 0.40546875 0.078125 0.1046875
3 0.53046875 0.42734375 0.0890625 0.0890625
3 0.603125 0.41015625 0.078125 0.1046875
3 0.7203125 0.5296875 0.071875 0.109375
3 0.7921875 0.57890625 0.071875 0.1171875
3 0.74375 0.64765625 0.0875 0.0890625
3 0.7234375 0.7703125 0.071875 0.1
3 0.7921875 0.7515625 0.075 0.096875
3 0.6328125 0.80546875 0.078125 0.0921875
3 0.6765625 0.871875 0.078125 0.1
3 0.66640625 0.9484375 0.0921875 0.09375
3 0.3109375 0.771875 0.078125 0.09375
3 0.33359375 0.6859375 0.0828125 0.10625
3 0.40546875 0.31484375 0.0859375 0.0859375
3 0.5796875 0.159375 0.084375 0.09375
3 0.28203125 0.23046875 0.096875 0.096875
3 0.228125 0.2671875 0.08125 0.084375
3 0.12734375 0.29453125 0.06875 0.1078125
3 0.3828125 0.1140625 0.065625 0.08125
3 0.4546875 0.1328125 0.0953125 0.0953125
3 0.896875 0.878125 0.075 0.10625
3 0.81796875 0.84140625 0.0859375 0.075
3 0.8984375 0.52421875 0.084375 0.0828125
3 0.92109375 0.6390625 0.09375 0.0953125
3 0.728125 0.30546875 0.06875 0.0953125
3 0.8328125 0.29140625 0.084375 0.0859375
3 0.834375 0.39765625 0.0875 0.0953125
3 0.9078125 0.20234375 0.071875 0.1125
3 0.83125 0.1203125 0.08125 0.08125
3 0.7875 0.1078125 0.0828125 0.0828125
3 0.18203125 0.2703125 0.0703125 0.10625
3 0.959375 0.5578125 0.08125 0.090625
3 0.959375 0.7140625 0.078125 0.090625
3 0.96015625 0.83671875 0.0796875 0.0859375
3 0.4921875 0.33828125 0.065625 0.1078125
5 0.5421875 0.28984375 0.11875 0.1109375
5 0.4265625 0.67734375 0.115625 0.1234375
3 0.140625 0.17265625 0.08125 0.1140625
3 0.19375 0.13984375 0.1078125 0.1078125
3 0.66171875 0.0546875 0.06875 0.109375
3 0.7 0.2203125 0.0859375 0.0859375
3 0.678125 0.16796875 0.065625 0.0921875
3 0.91875 0.059375 0.078125 0.078125
3 0.73828125 0.0515625 0.0734375 0.096875
3 0.14375 0.06484375 0.071875 0.0890625
3 0.23046875 0.0859375 0.0921875 0.096875
3 0.15859375 0.7859375 0.1 0.1
3 0.1234375 0.92578125 0.09375 0.09375
3 0.11796875 0.67265625 0.096875 0.096875
3 0.03359375 0.621875 0.0640625 0.084375
3 0.184375 0.6015625 0.0875 0.0875
3 0.2484375 0.50234375 0.090625 0.090625
3 0.35234375 0.54765625 0.0796875 0.1109375
3 0.3234375 0.4703125 0.0859375 0.0859375
3 0.8484375 0.64765625 0.065625 0.109375