3 0.5703125 0.459375 0.096875 0.075
3 0.7046875 0.4046875 0.103125 0.071875
3 0.85546875 0.615625 0.0921875 0.08125
3 0.353125 0.6640625 0.084375 0.078125
3 0.40546875 0.5984375 0.1046875 0.078125
3 0.42734375 0.46953125 0.1046875 0.0734375
3 0.41015625 0.396875 0.1046875 0.078125
3 0.5296875 0.2796875 0.090625 0.090625
3 0.57890625 0.2078125 0.1171875 0.071875
3 0.64765625 0.25625 0.0890625 0.0875
3 0.7703125 0.2765625 0.0859375 0.0859375
3 0.7515625 0.2078125 0.096875 0.075
3 0.80546875 0.3671875 0.084375 0.084375
3 0.871875 0.3234375 0.1 0.078125
3 0.9484375 0.33359375 0.09375 0.0921875
3 0.771875 0.6890625 0.09375 0.078125
3 0.6859375 0.66640625 0.0953125 0.09375
3 0.31484375 0.59453125 0.0859375 0.0859375
3 0.159375 0.4203125 0.09375 0.084375
3 0.23046875 0.71796875 0.1140625 0.08125
3 0.2671875 0.771875 0.0828125 0.0828125
3 0.29453125 0.87265625 0.1078125 0.06875
3 0.1140625 0.6171875 0.08125 0.0671875
3 0.1328125 0.5453125 0.1125 0.078125
3 0.878125 0.103125 0.10625 0.075
3 0.84140625 0.18203125 0.08125 0.08125
3 0.52421875 0.1015625 0.0953125 0.071875
3 0.6390625 0.07890625 0.0953125 0.09375
3 0.30546875 0.271875 0.0953125 0.06875
3 0.29140625 0.1671875 0.1046875 0.065625
3 0.39765625 0.165625 0.0953125 0.0875
3 0.20234375 0.0921875 0.0921875 0.0921875
3 0.1203125 0.16875 0.0875 0.075
3 0.1078125 0.2125 0.096875 0.06875
3 0.2703125 0.81796875 0.10625 0.0703125
3 0.5578125 0.040625 0.090625 0.08125
3 0.71484375 0.04140625 0.0859375 0.0828125
3 0.8359375 0.0375 0.103125 0.06875
3 0.33828125 0.5078125 0.1078125 0.065625
5 0.28984375 0.4578125 0.1140625 0.115625
5 0.67734375 0.5734375 0.11875 0.1203125
3 0.17265625 0.859375 0.096875 0.0984375
3 0.13984375 0.80625 0.1078125 0.1078125
3 0.0546875 0.33828125 0.0890625 0.0890625
3 0.2203125 0.3 0.0859375 0.0859375
3 0.16796875 0.321875 0.0921875 0.065625
3 0.059375 0.08125 0.0875 0.06875
3 0.0515625 0.26171875 0.096875 0.0734375
3 0.06484375 0.85625 0.08125 0.08125
3 0.0859375 0.76953125 0.09375 0.0953125
3 0.7859375 0.84140625 0.1 0.1
3 0.92578125 0.8765625 0.103125 0.084375
3 0.67265625 0.88203125 0.1078125 0.0859375
3 0.621875 0.96640625 0.084375 0.0640625
3 0.6015625 0.815625 0.0875 0.0875
3 0.50234375 0.7515625 0.090625 0.090625
3 0.54765625 0.64765625 0.0953125 0.0953125
3 0.4703125 0.6765625 0.1 0.071875
3 0.64765625 0.1515625 0.109375 0.065625