3 0.93671875 0.5421875 0.0859375 0.0875
3 0.81953125 0.38046875 0.0703125 0.0703125
3 0.93203125 0.7046875 0.0671875 0.078125
3 0.5796875 0.640625 0.078125 0.096875
3 0.8578125 0.8328125 0.071875 0.08125
3 0.5140625 0.7171875 0.078125 0.078125
3 0.71171875 0.703125 0.0765625 0.09375
3 0.63359375 0.946875 0.0671875 0.0875
2 0.9171875 0.26953125 0.06875 0.0671875
3 0.7921875 0.865625 0.0859375 0.0859375
3 0.84375 0.30078125 0.0765625 0.078125
3 0.14921875 0.8015625 0.075 0.0734375
3 0.0609375 0.9046875 0.075 0.075
3 0.68671875 0.628125 0.0640625 0.08125
3 0.8859375 0.39765625 0.059375 0.0828125
3 0.0515625 0.76640625 0.0921875 0.090625
3 0.840625 0.45625 0.0796875 0.08125
3 0.87265625 0.7375 0.0859375 0.0859375
3 0.6453125 0.57265625 0.0765625 0.075
3 0.83359375 0.13203125 0.065625 0.0796875
3 0.91640625 0.63359375 0.08125 0.08125
3 0.58984375 0.253125 0.0578125 0.084375
3 0.359375 0.51484375 0.05625 0.0765625
3 0.1078125 0.6890625 0.0890625 0.0890625
3 0.0875 0.83359375 0.065625 0.0796875
3 0.7046875 0.85859375 0.0796875 0.08125
3 0.7890625 0.7171875 0.1015625 0.1015625
3 0.14140625 0.63828125 0.0734375 0.0953125
3 0.8125 0.2203125 0.0953125 0.0953125
3 0.259375 0.55390625 0.0890625 0.0890625
3 0.925 0.1328125 0.0859375 0.0859375
3 0.328125 0.21875 0.090625 0.090625
3 0.09140625 0.06640625 0.08125 0.08125
3 0.3109375 0.40234375 0.071875 0.1015625
3 0.15390625 0.87109375 0.0796875 0.0796875
3 0.55625 0.81484375 0.06875 0.0859375
3 0.5859375 0.16484375 0.0828125 0.0828125
3 0.9421875 0.42265625 0.065625 0.0859375
3 0.64609375 0.12578125 0.0921875 0.0921875
3 0.9390625 0.35390625 0.06875 0.0828125
3 0.7796875 0.32734375 0.05625 0.0765625
3 0.57890625 0.7421875 0.0640625 0.096875
3 0.1171875 0.18984375 0.078125 0.090625
3 0.5921875 0.88359375 0.0625 0.0828125
3 0.9640625 0.0453125 0.071875 0.075
2 0.50234375 0.2765625 0.0859375 0.0859375
3 0.396875 0.8671875 0.084375 0.084375
3 0.365625 0.78203125 0.075 0.1015625
3 0.596875 0.73828125 0.084375 0.084375
3 0.2546875 0.19453125 0.078125 0.1078125
3 0.4484375 0.3515625 0.075 0.075
3 0.52265625 0.3546875 0.0734375 0.096875
3 0.6140625 0.39921875 0.0875 0.0875
3 0.7609375 0.4046875 0.05625 0.078125
4 0.73125 0.796875 0.109375 0.109375
3 0.21796875 0.0796875 0.0828125 0.0828125
3 0.8859375 0.04609375 0.071875 0.0859375
3 0.70859375 0.25078125 0.0828125 0.0828125
3 0.3921875 0.3890625 0.08125 0.08125
3 0.19453125 0.17578125 0.0640625 0.0640625
3 0.625 0.484375 0.0859375 0.0859375
3 0.55859375 0.22890625 0.0703125 0.0921875
3 0.296875 0.60546875 0.0796875 0.0796875
3 0.24453125 0.28515625 0.0828125 0.0828125
3 0.69921875 0.35546875 0.0859375 0.0859375
3 0.6671875 0.93046875 0.0921875 0.09375
3 0.6125 0.0796875 0.06875 0.090625
6 0.54765625 0.93046875 0.0765625 0.1234375
6 0.3265625 0.85078125 0.10625 0.10625
6 0.196875 0.7015625 0.0953125 0.0953125
6 0.18671875 0.06015625 0.1046875 0.1046875
6 0.53046875 0.0515625 0.1046875 0.090625
6 0.7796875 0.16484375 0.078125 0.1453125
3 0.215625 0.7859375 0.0703125 0.06875
3 0.2609375 0.71640625 0.06875 0.06875
3 0.290625 0.48984375 0.06875 0.096875
3 0.41171875 0.459375 0.075 0.0734375
3 0.259375 0.62421875 0.0875 0.0875
3 0.26484375 0.67109375 0.0734375 0.084375
3 0.7015625 0.40703125 0.078125 0.078125
3 0.57421875 0.36953125 0.065625 0.065625
3 0.54921875 0.0984375 0.075 0.075
3 0.346875 0.34921875 0.065625 0.103125
3 0.059375 0.09375 0.0875 0.096875
3 0.26328125 0.32109375 0.0765625 0.0828125