3 0.246875 0.10078125 0.11875 0.0859375
3 0.09140625 0.20390625 0.0921875 0.0921875
3 0.51484375 0.8234375 0.0953125 0.078125
3 0.43515625 0.87265625 0.090625 0.090625
3 0.88671875 0.84765625 0.0921875 0.0765625
3 0.57578125 0.07109375 0.0953125 0.0734375
6 0.5703125 0.515625 0.121875 0.08125
3 0.4890625 0.7359375 0.096875 0.06875
3 0.1046875 0.46640625 0.090625 0.090625
3 0.478125 0.9390625 0.065625 0.059375
3 0.390625 0.94296875 0.090625 0.0765625
3 0.8390625 0.76484375 0.109375 0.0859375
3 0.315625 0.7625 0.10625 0.078125
3 0.16640625 0.1515625 0.0984375 0.071875
3 0.3125 0.665625 0.10625 0.075
3 0.6359375 0.9234375 0.08125 0.06875
3 0.54453125 0.903125 0.096875 0.075
3 0.1328125 0.0796875 0.0953125 0.0953125
3 0.6796875 0.225 0.103125 0.06875
3 0.328125 0.25703125 0.096875 0.0703125
3 0.92890625 0.053125 0.0921875 0.075
3 0.765625 0.14296875 0.078125 0.078125
3 0.2296875 0.209375 0.08125 0.08125
3 0.66953125 0.059375 0.0921875 0.06875
3 0.08125 0.153125 0.0703125 0.0703125
3 0.59609375 0.1375 0.0796875 0.0796875
3 0.75859375 0.84375 0.1 0.071875
3 0.471875 0.1046875 0.0890625 0.0890625
3 0.50390625 0.1421875 0.06875 0.06875
3 0.68203125 0.51640625 0.09375 0.09375
3 0.8859375 0.70390625 0.0828125 0.0828125
3 0.0875 0.56328125 0.1125 0.08125
3 0.40859375 0.25703125 0.0671875 0.0671875
3 0.7640625 0.27578125 0.0890625 0.090625
3 0.55703125 0.20078125 0.0921875 0.0671875
3 0.17578125 0.29609375 0.0703125 0.0703125
3 0.5546875 0.2859375 0.103125 0.084375
3 0.33984375 0.57265625 0.0921875 0.09375
3 0.271875 0.8171875 0.08125 0.08125
3 0.36953125 0.82421875 0.1078125 0.0765625
3 0.415625 0.03203125 0.09375 0.0625
3 0.08984375 0.834375 0.1015625 0.06875
3 0.215625 0.60078125 0.0875 0.0875
6 0.69140625 0.1328125 0.103125 0.1015625
6 0.78828125 0.91796875 0.084375 0.084375
6 0.9453125 0.5546875 0.109375 0.078125
6 0.759375 0.54375 0.071875 0.05
6 0.4140625 0.803125 0.115625 0.075
3 0.7765625 0.2359375 0.0875 0.0875
3 0.803125 0.8640625 0.08125 0.053125
3 0.7671875 0.95 0.071875 0.0625
3 0.9484375 0.78984375 0.0828125 0.0828125
3 0.721875 0.36484375 0.078125 0.078125
3 0.08203125 0.90546875 0.0828125 0.0625
3 0.3015625 0.59140625 0.090625 0.0734375
3 0.23984375 0.55 0.0890625 0.0890625
3 0.16953125 0.390625 0.0671875 0.059375
3 0.4171875 0.196875 0.078125 0.0625
3 0.0546875 0.38046875 0.071875 0.071875
3 0.234375 0.25234375 0.0890625 0.0890625
3 0.075 0.0953125 0.08125 0.06875
3 0.4984375 0.24765625 0.08125 0.0828125
3 0.0859375 0.3546875 0.0796875 0.0796875
3 0.121875 0.3375 0.0765625 0.075
3 0.4578125 0.19453125 0.090625 0.0640625
3 0.92578125 0.634375 0.0890625 0.065625
3 0.93515625 0.6078125 0.078125 0.0765625