3 0.246875 0.89921875 0.1015625 0.103125
3 0.09140625 0.79609375 0.1046875 0.0796875
3 0.51484375 0.1765625 0.0953125 0.078125
3 0.43515625 0.12734375 0.090625 0.090625
3 0.88671875 0.15234375 0.0921875 0.0765625
3 0.57578125 0.92890625 0.084375 0.084375
6 0.5703125 0.484375 0.1015625 0.1015625
3 0.4890625 0.2640625 0.0828125 0.0828125
3 0.1046875 0.53359375 0.103125 0.0796875
3 0.478125 0.0609375 0.0625 0.0625
3 0.390625 0.05703125 0.0828125 0.084375
3 0.8390625 0.23515625 0.096875 0.096875
3 0.315625 0.2375 0.10625 0.078125
3 0.16640625 0.8484375 0.0984375 0.071875
3 0.3125 0.334375 0.10625 0.075
3 0.6359375 0.0765625 0.08125 0.06875
3 0.54453125 0.096875 0.096875 0.075
3 0.1328125 0.9203125 0.0953125 0.0953125
3 0.6796875 0.775 0.103125 0.06875
3 0.328125 0.74296875 0.084375 0.0828125
3 0.92890625 0.946875 0.084375 0.0828125
3 0.765625 0.85703125 0.078125 0.078125
3 0.2296875 0.790625 0.1 0.0625
3 0.66953125 0.940625 0.0921875 0.06875
3 0.08125 0.846875 0.071875 0.06875
3 0.59609375 0.8625 0.0796875 0.0796875
3 0.75859375 0.15625 0.0859375 0.0859375
3 0.471875 0.8953125 0.0890625 0.0890625
3 0.50390625 0.8578125 0.078125 0.059375
3 0.68203125 0.48359375 0.09375 0.09375
3 0.8859375 0.29609375 0.0828125 0.08125
3 0.0875 0.43671875 0.096875 0.096875
3 0.40859375 0.74296875 0.0671875 0.0671875
3 0.7640625 0.72421875 0.10625 0.0734375
3 0.55703125 0.79921875 0.0796875 0.0796875
3 0.17578125 0.70390625 0.0703125 0.0703125
3 0.5546875 0.7140625 0.09375 0.09375
3 0.33984375 0.42734375 0.1109375 0.075
3 0.271875 0.1828125 0.096875 0.065625
3 0.36953125 0.17578125 0.0921875 0.0921875
3 0.415625 0.96796875 0.09375 0.0625
3 0.08984375 0.165625 0.084375 0.084375
3 0.215625 0.39921875 0.0875 0.0875
6 0.69140625 0.8671875 0.103125 0.1015625
6 0.78828125 0.08203125 0.1046875 0.065625
6 0.9453125 0.4453125 0.09375 0.09375
6 0.759375 0.45625 0.071875 0.05
6 0.4140625 0.196875 0.115625 0.075
3 0.7765625 0.7640625 0.0875 0.0875
3 0.803125 0.1359375 0.08125 0.053125
3 0.7671875 0.05 0.065625 0.0671875
3 0.9484375 0.21015625 0.1 0.065625
3 0.721875 0.63515625 0.096875 0.0609375
3 0.08203125 0.09453125 0.0828125 0.0625
3 0.3015625 0.40859375 0.090625 0.0734375
3 0.23984375 0.45 0.109375 0.06875
3 0.16953125 0.609375 0.0671875 0.059375
3 0.4171875 0.803125 0.0703125 0.0703125
3 0.0546875 0.61953125 0.071875 0.071875
3 0.234375 0.74765625 0.0890625 0.0890625
3 0.075 0.9046875 0.075 0.075
3 0.4984375 0.75234375 0.08125 0.0828125
3 0.0859375 0.6453125 0.0875 0.071875
3 0.121875 0.6625 0.0765625 0.0765625
3 0.4578125 0.80546875 0.090625 0.0640625
3 0.92578125 0.365625 0.078125 0.0765625
3 0.93515625 0.3921875 0.0890625 0.065625