3 0.6765625 0.12421875 0.0625 0.0765625
3 0.3171875 0.8203125 0.059375 0.078125
3 0.7671875 0.05390625 0.0625 0.075
3 0.78984375 0.19765625 0.0703125 0.0703125
3 0.678125 0.2890625 0.059375 0.078125
3 0.7328125 0.4203125 0.0765625 0.0765625
3 0.89375 0.3734375 0.06875 0.08125
3 0.79453125 0.69765625 0.0765625 0.0890625
3 0.45234375 0.8984375 0.065625 0.0671875
3 0.8421875 0.1375 0.071875 0.08125
3 0.5421875 0.21796875 0.075 0.0828125
3 0.396875 0.359375 0.0625 0.08125
3 0.484375 0.2890625 0.075 0.078125
3 0.634375 0.1671875 0.075 0.075
3 0.2953125 0.53828125 0.0703125 0.06875
3 0.50546875 0.70625 0.075 0.075
3 0.9578125 0.30625 0.053125 0.078125
3 0.57265625 0.84453125 0.0734375 0.0734375
3 0.578125 0.0484375 0.0765625 0.0765625
3 0.465625 0.61796875 0.065625 0.0859375
3 0.80625 0.27890625 0.06875 0.0703125
3 0.0625 0.69609375 0.05625 0.0828125
3 0.22109375 0.93359375 0.071875 0.071875
3 0.39296875 0.209375 0.0546875 0.084375
3 0.5828125 0.48984375 0.0734375 0.075
3 0.803125 0.365625 0.071875 0.0703125
3 0.5953125 0.296875 0.0625 0.075
3 0.93984375 0.0578125 0.0703125 0.0703125
3 0.68984375 0.528125 0.0734375 0.075
0 0.228125 0.6484375 0.075 0.075
3 0.7140625 0.61328125 0.071875 0.078125
3 0.54296875 0.6484375 0.0703125 0.084375
3 0.79296875 0.4984375 0.0671875 0.0671875
3 0.36484375 0.13359375 0.0796875 0.0953125
3 0.49296875 0.41796875 0.0625 0.0625
3 0.2578125 0.871875 0.0625 0.06875
3 0.94609375 0.90859375 0.0671875 0.0921875
3 0.525 0.89296875 0.0734375 0.075
3 0.346875 0.7328125 0.065625 0.065625
3 0.15625 0.203125 0.0828125 0.0828125
3 0.77734375 0.85703125 0.0734375 0.0765625
3 0.41796875 0.471875 0.0796875 0.06875
3 0.6203125 0.3796875 0.065625 0.090625
3 0.61171875 0.55859375 0.0609375 0.0765625
3 0.37578125 0.6015625 0.0578125 0.071875
3 0.90390625 0.86640625 0.078125 0.078125
3 0.20625 0.1703125 0.078125 0.078125
3 0.4015625 0.5796875 0.053125 0.08125
3 0.5921875 0.41171875 0.08125 0.08125
3 0.43125 0.16875 0.0703125 0.0875
3 0.94375 0.16640625 0.059375 0.0765625
3 0.95390625 0.81328125 0.071875 0.071875
3 0.478125 0.215625 0.05625 0.09375
3 0.175 0.78515625 0.053125 0.065625
3 0.6703125 0.3515625 0.065625 0.078125