3 0.23359375 0.1140625 0.0921875 0.071875
3 0.83828125 0.88828125 0.075 0.075
3 0.49453125 0.64296875 0.0765625 0.0765625
3 0.3515625 0.30078125 0.0734375 0.075
3 0.203125 0.9 0.0734375 0.0734375
3 0.15703125 0.94609375 0.075 0.0765625
3 0.1234375 0.62109375 0.09375 0.0578125
3 0.69453125 0.51953125 0.090625 0.0609375
3 0.4015625 0.65703125 0.071875 0.0609375
3 0.10546875 0.10078125 0.0703125 0.0703125
3 0.2921875 0.359375 0.0703125 0.071875
3 0.25859375 0.8453125 0.0671875 0.0625
3 0.29453125 0.9203125 0.0859375 0.06875
3 0.26171875 0.2875 0.0859375 0.059375
3 0.23125 0.20234375 0.1 0.0703125
3 0.3890625 0.2453125 0.065625 0.065625
3 0.09921875 0.76171875 0.0703125 0.0703125
3 0.8734375 0.46640625 0.090625 0.0734375
3 0.49921875 0.09296875 0.0890625 0.0640625
3 0.40703125 0.11171875 0.071875 0.071875
3 0.34921875 0.3734375 0.1015625 0.059375
3 0.428125 0.3484375 0.08125 0.08125
3 0.81875 0.68359375 0.084375 0.0734375
3 0.04921875 0.60703125 0.0859375 0.0671875
3 0.78203125 0.49765625 0.0640625 0.059375
3 0.7484375 0.05703125 0.0890625 0.090625
3 0.25390625 0.42890625 0.071875 0.0734375
3 0.86484375 0.39609375 0.0921875 0.0671875
3 0.20546875 0.65078125 0.0890625 0.053125
3 0.69765625 0.1421875 0.0765625 0.0765625
3 0.9046875 0.37109375 0.06875 0.0703125
3 0.9453125 0.20703125 0.06875 0.06875
3 0.09296875 0.9171875 0.0734375 0.0734375
3 0.65546875 0.8171875 0.0890625 0.059375
3 0.44296875 0.9234375 0.0921875 0.0625
3 0.11640625 0.3296875 0.0828125 0.0828125
3 0.3734375 0.81640625 0.09375 0.0703125
3 0.34375 0.528125 0.08125 0.05625
3 0.1921875 0.38359375 0.08125 0.0609375
3 0.871875 0.18046875 0.06875 0.0578125
3 0.84140625 0.5703125 0.0828125 0.06875
3 0.31171875 0.43828125 0.0828125 0.0640625
3 0.11640625 0.4796875 0.0859375 0.0859375
3 0.64921875 0.69296875 0.0796875 0.0703125
3 0.859375 0.8140625 0.08125 0.0828125
3 0.646875 0.08984375 0.0703125 0.0703125
3 0.55 0.840625 0.1 0.05625
3 0.14765625 0.03671875 0.0734375 0.0734375
3 0.534375 0.5703125 0.0859375 0.0859375
3 0.7640625 0.93515625 0.084375 0.0625
3 0.47265625 0.365625 0.084375 0.0625
3 0.521875 0.50390625 0.0875 0.0640625
3 0.91796875 0.4453125 0.075 0.0734375
3 0.27265625 0.71953125 0.0828125 0.0671875
3 0.7234375 0.878125 0.075 0.075
3 0.56640625 0.7671875 0.075 0.06875
3 0.55546875 0.0375 0.0671875 0.0671875
3 0.43984375 0.87890625 0.0796875 0.0796875
3 0.39140625 0.71484375 0.0828125 0.059375
3 0.52734375 0.309375 0.0890625 0.090625
3 0.603125 0.8328125 0.1 0.065625
3 0.7734375 0.0984375 0.06875 0.06875
3 0.94296875 0.759375 0.0859375 0.05625
3 0.0921875 0.178125 0.0703125 0.0703125
3 0.775 0.41484375 0.0671875 0.0671875
3 0.42265625 0.046875 0.06875 0.06875
3 0.3640625 0.96484375 0.065625 0.065625
3 0.8109375 0.78984375 0.08125 0.0796875
3 0.12421875 0.55703125 0.0796875 0.0546875
3 0.375 0.17265625 0.1 0.05625
3 0.85859375 0.528125 0.065625 0.065625
3 0.9296875 0.6796875 0.065625 0.065625
3 0.50625 0.7125 0.078125 0.0875
3 0.92890625 0.575 0.0703125 0.06875
3 0.52265625 0.7609375 0.078125 0.065625
3 0.9515625 0.07109375 0.0625 0.0640625
3 0.8453125 0.034375 0.071875 0.06875
3 0.353125 0.13515625 0.084375 0.084375
3 0.225 0.78046875 0.0765625 0.0765625
3 0.8046875 0.21171875 0.0859375 0.0859375
3 0.32265625 0.67109375 0.0703125 0.0703125
3 0.32578125 0.0453125 0.0640625 0.0640625
3 0.54765625 0.41796875 0.0921875 0.059375
3 0.86328125 0.3109375 0.075 0.075
3 0.953125 0.14296875 0.065625 0.065625
3 0.80078125 0.6375 0.0921875 0.053125
3 0.6171875 0.4078125 0.090625 0.090625
3 0.1046875 0.69375 0.103125 0.06875
3 0.74765625 0.73203125 0.0796875 0.0796875
3 0.64296875 0.6109375 0.071875 0.065625
3 0.8546875 0.61015625 0.0703125 0.0703125
3 0.4296875 0.5109375 0.0609375 0.0609375
3 0.18828125 0.47578125 0.0765625 0.0671875
3 0.64765625 0.2046875 0.075 0.0765625
3 0.196875 0.50859375 0.071875 0.0515625
3 0.07109375 0.253125 0.071875 0.071875
3 0.56484375 0.1921875 0.0671875 0.059375
3 0.31953125 0.19375 0.071875 0.071875
3 0.44453125 0.4796875 0.0703125 0.053125
3 0.934375 0.53515625 0.0625 0.0625
3 0.24609375 0.57578125 0.078125 0.078125
3 0.0453125 0.490625 0.090625 0.075
3 0.6421875 0.928125 0.103125 0.075
3 0.62578125 0.4625 0.0859375 0.0625
3 0.265625 0.078125 0.06875 0.06875
3 0.12734375 0.82265625 0.0703125 0.0703125
3 0.65234375 0.34375 0.075 0.075
3 0.6609375 0.25234375 0.0734375 0.075
3 0.66171875 0.93828125 0.09375 0.09375
3 0.31015625 0.61484375 0.1109375 0.0921875
3 0.47734375 0.178125 0.0671875 0.065625
3 0.3046875 0.0625 0.0796875 0.0796875
3 0.140625 0.3125 0.0796875 0.0796875
3 0.13046875 0.1765625 0.0921875 0.053125
3 0.15390625 0.15390625 0.06875 0.06875
3 0.26953125 0.26640625 0.0765625 0.0578125
3 0.17734375 0.40859375 0.084375 0.071875
3 0.16015625 0.5546875 0.059375 0.059375
3 0.08359375 0.5609375 0.06875 0.06875
3 0.28203125 0.765625 0.0640625 0.0640625
3 0.33046875 0.71015625 0.0703125 0.0703125
3 0.12578125 0.7546875 0.0984375 0.059375
3 0.10390625 0.84921875 0.0765625 0.053125
3 0.13046875 0.846875 0.065625 0.0671875
3 0.25390625 0.78984375 0.0890625 0.06875
3 0.20234375 0.66875 0.05625 0.05625
3 0.29140625 0.55390625 0.0953125 0.0546875
3 0.44921875 0.5375 0.084375 0.05
3 0.47265625 0.4453125 0.0765625 0.071875
3 0.515625 0.43671875 0.08125 0.0578125
3 0.5625 0.58203125 0.078125 0.0703125
3 0.63984375 0.65859375 0.078125 0.078125
3 0.75078125 0.9078125 0.084375 0.059375
3 0.76796875 0.7640625 0.0796875 0.0796875
3 0.8796875 0.7390625 0.0734375 0.0734375
3 0.9234375 0.6046875 0.078125 0.059375
3 0.8171875 0.34375 0.096875 0.04375
3 0.821875 0.31875 0.078125 0.071875
3 0.91796875 0.07734375 0.06875 0.06875
3 0.91640625 0.13515625 0.065625 0.065625
3 0.77265625 0.6140625 0.065625 0.0671875
3 0.88671875 0.8296875 0.0859375 0.053125
3 0.95078125 0.8421875 0.0734375 0.0734375
3 0.74375 0.62734375 0.075 0.0734375
3 0.71875 0.6515625 0.071875 0.059375
3 0.7296875 0.68515625 0.0703125 0.06875
3 0.2 0.53671875 0.075 0.0578125
3 0.18984375 0.44296875 0.0859375 0.0609375
3 0.2875 0.19765625 0.08125 0.053125
3 0.53359375 0.2203125 0.0671875 0.071875
3 0.65390625 0.06640625 0.0703125 0.0671875
3 0.52421875 0.03125 0.0671875 0.0625
3 0.5984375 0.4921875 0.08125 0.08125
3 0.47265625 0.27265625 0.0625 0.0625
3 0.596875 0.19765625 0.0875 0.053125
3 0.72265625 0.1640625 0.065625 0.059375
3 0.94609375 0.28203125 0.0609375 0.0609375
3 0.9515625 0.446875 0.0671875 0.0671875
3 0.76875 0.4375 0.0875 0.05
3 0.72734375 0.43203125 0.0703125 0.0703125
3 0.63828125 0.3671875 0.065625 0.065625
3 0.7078125 0.45 0.0671875 0.0671875
3 0.17734375 0.3140625 0.0984375 0.059375
3 0.47109375 0.24765625 0.065625 0.065625
3 0.41171875 0.06484375 0.0640625 0.0515625
3 0.10546875 0.2578125 0.06875 0.06875
3 0.09765625 0.234375 0.0828125 0.05