3 0.8859375 0.23359375 0.071875 0.0921875
3 0.11171875 0.83828125 0.0640625 0.0859375
3 0.35703125 0.49453125 0.0765625 0.0765625
3 0.69921875 0.3515625 0.0546875 0.09375
3 0.1 0.203125 0.06875 0.078125
3 0.05390625 0.15703125 0.0640625 0.0875
3 0.37890625 0.1234375 0.0578125 0.09375
3 0.48046875 0.69453125 0.075 0.075
3 0.34296875 0.4015625 0.0609375 0.071875
3 0.89921875 0.10546875 0.0703125 0.0703125
3 0.640625 0.2921875 0.05625 0.084375
3 0.1546875 0.25859375 0.0640625 0.0640625
3 0.0796875 0.29453125 0.0765625 0.078125
3 0.7125 0.26171875 0.059375 0.0859375
3 0.79765625 0.23125 0.084375 0.084375
3 0.7546875 0.3890625 0.065625 0.065625
3 0.23828125 0.09921875 0.0703125 0.0703125
3 0.53359375 0.8734375 0.0828125 0.08125
3 0.90703125 0.49921875 0.0765625 0.0765625
3 0.88828125 0.40703125 0.071875 0.071875
3 0.6265625 0.34921875 0.059375 0.1015625
3 0.6515625 0.428125 0.065625 0.096875
3 0.31640625 0.81875 0.0734375 0.084375
3 0.39296875 0.04921875 0.0765625 0.0765625
3 0.50234375 0.78203125 0.0625 0.0609375
3 0.94296875 0.7484375 0.090625 0.0890625
3 0.57109375 0.25390625 0.0734375 0.071875
3 0.60390625 0.86484375 0.0796875 0.0796875
3 0.34921875 0.20546875 0.053125 0.0890625
3 0.8578125 0.69765625 0.0625 0.090625
3 0.62890625 0.9046875 0.0609375 0.078125
3 0.79296875 0.9453125 0.053125 0.084375
3 0.0828125 0.09296875 0.0734375 0.0734375
3 0.1828125 0.65546875 0.075 0.0734375
3 0.0765625 0.44296875 0.0625 0.0921875
3 0.6703125 0.11640625 0.0828125 0.0828125
3 0.18359375 0.3734375 0.08125 0.0828125
3 0.471875 0.34375 0.05625 0.08125
3 0.61640625 0.1921875 0.071875 0.071875
3 0.81953125 0.871875 0.0625 0.0640625
3 0.4296875 0.84140625 0.06875 0.0828125
3 0.56171875 0.31171875 0.0640625 0.0828125
3 0.5203125 0.11640625 0.078125 0.0953125
3 0.30703125 0.64921875 0.0703125 0.0796875
3 0.1859375 0.859375 0.0828125 0.0828125
3 0.91015625 0.646875 0.0625 0.078125
3 0.159375 0.55 0.078125 0.078125
3 0.96328125 0.14765625 0.0734375 0.0734375
3 0.4296875 0.534375 0.071875 0.1
3 0.06484375 0.7640625 0.0734375 0.0734375
3 0.634375 0.47265625 0.0625 0.084375
3 0.49609375 0.521875 0.0640625 0.0875
3 0.5546875 0.91796875 0.0625 0.0859375
3 0.28046875 0.27265625 0.0671875 0.0828125
3 0.121875 0.7234375 0.06875 0.08125
3 0.2328125 0.56640625 0.06875 0.075
3 0.9625 0.55546875 0.05625 0.0765625
3 0.12109375 0.43984375 0.0796875 0.0796875
3 0.28515625 0.39140625 0.071875 0.071875
3 0.690625 0.52734375 0.071875 0.1078125
3 0.1671875 0.603125 0.0828125 0.0828125
3 0.9015625 0.7734375 0.059375 0.078125
3 0.240625 0.94296875 0.05625 0.0859375
3 0.821875 0.0921875 0.059375 0.08125
3 0.58515625 0.775 0.0671875 0.0671875
3 0.953125 0.42265625 0.06875 0.06875
3 0.03515625 0.3640625 0.065625 0.065625
3 0.21015625 0.8109375 0.0796875 0.08125
3 0.44296875 0.12421875 0.0671875 0.0671875
3 0.82734375 0.375 0.078125 0.0796875
3 0.471875 0.85859375 0.065625 0.065625
3 0.3203125 0.9296875 0.065625 0.065625
3 0.2875 0.50625 0.0828125 0.0828125
3 0.425 0.92890625 0.06875 0.0703125
3 0.2390625 0.52265625 0.065625 0.078125
3 0.92890625 0.9515625 0.0640625 0.0625
3 0.965625 0.8453125 0.06875 0.071875
3 0.86484375 0.353125 0.0828125 0.0875
3 0.21953125 0.225 0.0640625 0.090625
3 0.78828125 0.8046875 0.0859375 0.0859375
3 0.32890625 0.32265625 0.0640625 0.0765625
3 0.9546875 0.32578125 0.05625 0.0734375
3 0.58203125 0.54765625 0.059375 0.0921875
3 0.6890625 0.86328125 0.075 0.075
3 0.85703125 0.953125 0.0546875 0.075
3 0.3625 0.80078125 0.053125 0.0921875
3 0.5921875 0.6171875 0.090625 0.090625
3 0.30625 0.1046875 0.0859375 0.0859375
3 0.26796875 0.74765625 0.0671875 0.0921875
3 0.3890625 0.64296875 0.065625 0.071875
3 0.38984375 0.8546875 0.0625 0.078125
3 0.4890625 0.4296875 0.0609375 0.0609375
3 0.52421875 0.18828125 0.071875 0.071875
3 0.7953125 0.64765625 0.0765625 0.075
3 0.49140625 0.196875 0.0625 0.0625
3 0.746875 0.07109375 0.06875 0.075
3 0.8078125 0.56484375 0.059375 0.0671875
3 0.80625 0.31953125 0.05625 0.0890625
3 0.5203125 0.44453125 0.053125 0.0703125
3 0.46484375 0.934375 0.0625 0.0625
3 0.42421875 0.24609375 0.0640625 0.0921875
3 0.509375 0.0453125 0.075 0.090625
3 0.071875 0.6421875 0.0890625 0.0890625
3 0.5375 0.62578125 0.075 0.075
3 0.921875 0.265625 0.06875 0.06875
3 0.17734375 0.12734375 0.0703125 0.0703125
3 0.65625 0.65234375 0.075 0.075
3 0.74765625 0.6609375 0.0640625 0.084375
3 0.06171875 0.66171875 0.090625 0.0953125
3 0.38515625 0.31015625 0.1015625 0.1015625
3 0.821875 0.47734375 0.065625 0.0671875
3 0.9375 0.3046875 0.059375 0.1
3 0.6875 0.140625 0.06875 0.090625
3 0.8234375 0.13046875 0.0734375 0.071875
3 0.84609375 0.15390625 0.0546875 0.0828125
3 0.73359375 0.26953125 0.0578125 0.0765625
3 0.59140625 0.17734375 0.078125 0.078125
3 0.4453125 0.16015625 0.059375 0.059375
3 0.4390625 0.08359375 0.06875 0.06875
3 0.234375 0.28203125 0.0640625 0.0640625
3 0.28984375 0.33046875 0.0546875 0.0859375
3 0.2453125 0.12578125 0.059375 0.0984375
3 0.15078125 0.10390625 0.065625 0.065625
3 0.153125 0.13046875 0.0671875 0.065625
3 0.21015625 0.25390625 0.078125 0.0796875
3 0.33125 0.20234375 0.05 0.0640625
3 0.44609375 0.29140625 0.075 0.075
3 0.4625 0.44921875 0.05 0.084375
3 0.5546875 0.47265625 0.071875 0.0765625
3 0.56328125 0.515625 0.0578125 0.08125
3 0.41796875 0.5625 0.075 0.075
3 0.34140625 0.63984375 0.0734375 0.0828125
3 0.0921875 0.75078125 0.059375 0.084375
3 0.2359375 0.76796875 0.0796875 0.0796875
3 0.2609375 0.8796875 0.046875 0.1
3 0.3953125 0.9234375 0.06875 0.06875
3 0.65625 0.8171875 0.04375 0.096875
3 0.68125 0.821875 0.071875 0.078125
3 0.92265625 0.91796875 0.0515625 0.0875
3 0.86484375 0.91640625 0.065625 0.065625
3 0.3859375 0.77265625 0.059375 0.0734375
3 0.1703125 0.88671875 0.0703125 0.06875
3 0.1578125 0.95078125 0.071875 0.0765625
3 0.37265625 0.74375 0.0734375 0.0734375
3 0.3484375 0.71875 0.059375 0.071875
3 0.31484375 0.7296875 0.0640625 0.075
3 0.46328125 0.2 0.065625 0.065625
3 0.55703125 0.18984375 0.0609375 0.0859375
3 0.80234375 0.2875 0.053125 0.08125
3 0.7796875 0.53359375 0.071875 0.0671875
3 0.93359375 0.65390625 0.06875 0.06875
3 0.96875 0.52421875 0.0625 0.0671875
3 0.5078125 0.5984375 0.08125 0.08125
3 0.72734375 0.47265625 0.0625 0.0625
3 0.80234375 0.596875 0.0703125 0.0703125
3 0.8359375 0.72265625 0.0625 0.0625
3 0.71796875 0.94609375 0.0609375 0.0609375
3 0.553125 0.9515625 0.0671875 0.0671875
3 0.5625 0.76875 0.05 0.0875
3 0.56796875 0.72734375 0.0609375 0.0796875
3 0.6328125 0.63828125 0.065625 0.065625
3 0.55 0.7078125 0.0671875 0.0671875
3 0.6859375 0.17734375 0.0796875 0.0796875
3 0.75234375 0.47109375 0.065625 0.065625
3 0.93515625 0.41171875 0.0578125 0.0578125
3 0.7421875 0.10546875 0.059375 0.078125
3 0.765625 0.09765625 0.05 0.0828125