3 0.85859375 0.92109375 0.065625 0.065625
3 0.79296875 0.89609375 0.0515625 0.0796875
3 0.9484375 0.76953125 0.071875 0.0703125
3 0.70859375 0.33359375 0.0609375 0.0890625
3 0.73125 0.5484375 0.0625 0.078125
3 0.3296875 0.65703125 0.0703125 0.06875
3 0.11796875 0.615625 0.075 0.075
3 0.7453125 0.41640625 0.071875 0.071875
3 0.4046875 0.48828125 0.059375 0.0765625
3 0.79765625 0.79765625 0.08125 0.08125
3 0.43046875 0.63359375 0.0609375 0.0828125
3 0.76640625 0.23046875 0.0671875 0.0890625
3 0.9453125 0.88203125 0.06875 0.0703125
3 0.721875 0.15703125 0.065625 0.096875
3 0.2328125 0.796875 0.0734375 0.0734375
3 0.3171875 0.14921875 0.06875 0.0890625
3 0.15625 0.8796875 0.06875 0.090625
3 0.75390625 0.73203125 0.075 0.075
3 0.33359375 0.475 0.0640625 0.09375
3 0.796875 0.63125 0.071875 0.09375
3 0.3765625 0.2046875 0.08125 0.08125
3 0.48515625 0.68984375 0.0671875 0.0890625
3 0.14140625 0.53125 0.084375 0.084375
3 0.82734375 0.234375 0.0640625 0.084375
6 0.303125 0.8 0.0921875 0.0921875
3 0.55859375 0.69765625 0.084375 0.084375
3 0.228125 0.928125 0.06875 0.096875
3 0.321875 0.90234375 0.0796875 0.0796875
3 0.21171875 0.2890625 0.078125 0.078125
3 0.4234375 0.053125 0.071875 0.075
3 0.94921875 0.36171875 0.0625 0.0734375
3 0.47109375 0.4453125 0.065625 0.0671875
3 0.1796875 0.6796875 0.06875 0.090625
3 0.27578125 0.63671875 0.0578125 0.096875
3 0.853125 0.72734375 0.0625 0.078125
3 0.51015625 0.59765625 0.0734375 0.096875
3 0.8921875 0.21640625 0.06875 0.0953125
3 0.2375 0.1578125 0.08125 0.084375
3 0.39609375 0.60859375 0.078125 0.078125
3 0.54765625 0.5234375 0.065625 0.090625
3 0.12890625 0.28359375 0.075 0.075
3 0.1703125 0.1984375 0.0796875 0.0796875
3 0.421875 0.39765625 0.0796875 0.08125
3 0.28828125 0.25625 0.0734375 0.075
3 0.92265625 0.13359375 0.0578125 0.0859375
3 0.80078125 0.5171875 0.08125 0.08125
3 0.33984375 0.7421875 0.0671875 0.0875
3 0.70859375 0.578125 0.08125 0.08125
6 0.91328125 0.296875 0.0921875 0.096875
3 0.88671875 0.665625 0.065625 0.0671875
3 0.9546875 0.64296875 0.0671875 0.0671875
3 0.1046875 0.1265625 0.065625 0.078125
3 0.0359375 0.58671875 0.071875 0.0765625
3 0.059375 0.44453125 0.05625 0.0828125
3 0.40390625 0.28671875 0.0828125 0.0828125
3 0.14140625 0.1546875 0.0703125 0.0875
3 0.91015625 0.58984375 0.0546875 0.0890625
3 0.28984375 0.36484375 0.075 0.075
3 0.6046875 0.646875 0.0734375 0.0734375
6 0.225 0.71640625 0.08125 0.1109375
3 0.08046875 0.28359375 0.059375 0.0828125
3 0.3640625 0.11015625 0.0828125 0.084375
3 0.6453125 0.58984375 0.075 0.075
3 0.03828125 0.08515625 0.0765625 0.0828125
3 0.10625 0.46875 0.071875 0.071875
3 0.38125 0.7234375 0.0625 0.075
3 0.62265625 0.5234375 0.084375 0.084375
3 0.740625 0.04296875 0.0765625 0.0765625
3 0.5171875 0.94921875 0.078125 0.078125
3 0.45546875 0.76953125 0.0703125 0.090625
3 0.80625 0.48828125 0.08125 0.08125
3 0.45 0.84296875 0.084375 0.084375
3 0.84453125 0.596875 0.078125 0.078125
3 0.11640625 0.06484375 0.0765625 0.0765625
3 0.934375 0.0515625 0.075 0.075
3 0.034375 0.3953125 0.06875 0.06875
6 0.58125 0.9109375 0.0875 0.090625
3 0.30546875 0.30078125 0.0703125 0.0765625
3 0.3421875 0.46171875 0.071875 0.071875