3 0.71484375 0.9015625 0.0859375 0.0859375
3 0.8234375 0.15546875 0.0796875 0.0796875
3 0.18046875 0.3765625 0.0953125 0.078125
3 0.28515625 0.4578125 0.0875 0.0859375
3 0.0578125 0.32421875 0.103125 0.0765625
3 0.87734375 0.4421875 0.1109375 0.078125
3 0.096875 0.4625 0.09375 0.06875
3 0.78515625 0.95625 0.1140625 0.0875
3 0.90390625 0.29375 0.084375 0.084375
3 0.0671875 0.78359375 0.090625 0.0890625
3 0.6453125 0.41328125 0.09375 0.0703125
3 0.6328125 0.628125 0.078125 0.078125
3 0.5015625 0.30625 0.0859375 0.0859375
3 0.23828125 0.12109375 0.0890625 0.0890625
3 0.66484375 0.27265625 0.0921875 0.090625
3 0.565625 0.053125 0.10625 0.08125
3 0.2859375 0.32265625 0.0875 0.0875
3 0.10625 0.040625 0.0875 0.08125
3 0.8796875 0.59296875 0.090625 0.0640625
3 0.75 0.69140625 0.103125 0.0828125
3 0.15703125 0.2484375 0.1046875 0.06875
3 0.54609375 0.22421875 0.0984375 0.0796875
3 0.15546875 0.6578125 0.1046875 0.075
3 0.60859375 0.33984375 0.0828125 0.0828125
3 0.52421875 0.7921875 0.090625 0.0890625
3 0.46484375 0.6671875 0.090625 0.090625
3 0.3203125 0.1734375 0.096875 0.075
6 0.70546875 0.80234375 0.159375 0.0796875
3 0.1625 0.91796875 0.09375 0.0796875
3 0.921875 0.89609375 0.0796875 0.08125
3 0.45078125 0.0921875 0.0859375 0.0859375
3 0.228125 0.58125 0.08125 0.08125
3 0.81796875 0.8421875 0.0921875 0.065625
3 0.603125 0.17265625 0.0859375 0.0875
3 0.39765625 0.696875 0.0921875 0.071875
0 0.365625 0.615625 0.0984375 0.0984375
3 0.08671875 0.07578125 0.1140625 0.0828125
3 0.77109375 0.5 0.1015625 0.075
3 0.2203125 0.51640625 0.115625 0.0625
3 0.28828125 0.95078125 0.121875 0.0546875
3 0.67421875 0.59453125 0.084375 0.084375
3 0.5984375 0.5203125 0.0953125 0.0953125
0 0.6546875 0.128125 0.1203125 0.1203125