3 0.71484375 0.0984375 0.0859375 0.0859375
3 0.8234375 0.84453125 0.084375 0.0734375
3 0.18046875 0.6234375 0.0859375 0.0875
3 0.28515625 0.5421875 0.1015625 0.071875
3 0.0578125 0.67578125 0.090625 0.090625
3 0.87734375 0.5578125 0.0953125 0.09375
3 0.096875 0.5375 0.09375 0.06875
3 0.78515625 0.04375 0.1140625 0.0875
3 0.90390625 0.70625 0.0984375 0.06875
3 0.0671875 0.21640625 0.090625 0.0890625
3 0.6453125 0.58671875 0.09375 0.0703125
3 0.6328125 0.371875 0.090625 0.065625
3 0.5015625 0.69375 0.096875 0.075
3 0.23828125 0.87890625 0.0890625 0.0890625
3 0.66484375 0.72734375 0.1078125 0.075
3 0.565625 0.946875 0.09375 0.09375
3 0.2859375 0.67734375 0.096875 0.078125
3 0.10546875 0.96328125 0.1046875 0.071875
3 0.8796875 0.40703125 0.090625 0.0640625
3 0.75 0.30859375 0.103125 0.0828125
3 0.15703125 0.7515625 0.0859375 0.0875
3 0.54609375 0.77578125 0.0890625 0.0890625
3 0.15546875 0.3421875 0.1046875 0.075
3 0.60859375 0.66015625 0.0828125 0.0828125
3 0.52421875 0.2078125 0.1015625 0.078125
3 0.46484375 0.3328125 0.103125 0.078125
3 0.3203125 0.8265625 0.0859375 0.0859375
6 0.70546875 0.19765625 0.159375 0.0796875
3 0.1625 0.08203125 0.09375 0.0796875
3 0.921875 0.10390625 0.09375 0.0671875
3 0.45078125 0.9078125 0.0859375 0.0859375
3 0.228125 0.41875 0.09375 0.06875
3 0.81796875 0.1578125 0.078125 0.0796875
3 0.603125 0.82734375 0.0859375 0.0875
3 0.39765625 0.303125 0.08125 0.08125
0 0.365625 0.384375 0.115625 0.08125
3 0.08671875 0.92421875 0.0984375 0.0984375
3 0.77109375 0.5 0.0875 0.0875
3 0.2203125 0.48359375 0.115625 0.0625
3 0.28828125 0.04921875 0.121875 0.0546875
3 0.67421875 0.40546875 0.084375 0.084375
3 0.5984375 0.4796875 0.125 0.065625
0 0.6546875 0.871875 0.159375 0.08125