3 0.321875 0.3453125 0.0796875 0.0796875
3 0.44296875 0.08046875 0.0765625 0.0765625
3 0.953125 0.65390625 0.06875 0.0734375
3 0.13125 0.34375 0.0625 0.078125
3 0.11171875 0.928125 0.071875 0.1
3 0.23984375 0.3703125 0.0875 0.0875
3 0.884375 0.4484375 0.065625 0.09375
3 0.54765625 0.465625 0.0734375 0.1
3 0.5078125 0.68515625 0.0890625 0.0875
3 0.4171875 0.19765625 0.0875 0.0875
3 0.065625 0.665625 0.096875 0.096875
3 0.80234375 0.4984375 0.075 0.075
3 0.63046875 0.36015625 0.0859375 0.0859375
3 0.79453125 0.15078125 0.0875 0.0875
3 0.12890625 0.5109375 0.0734375 0.115625
3 0.8484375 0.6796875 0.0625 0.103125
3 0.67109375 0.26796875 0.090625 0.090625
3 0.10390625 0.2625 0.0671875 0.090625
3 0.12890625 0.62734375 0.090625 0.090625
3 0.31640625 0.8203125 0.06875 0.109375
3 0.86875 0.52890625 0.084375 0.084375
3 0.528125 0.5484375 0.08125 0.090625
3 0.83984375 0.09140625 0.084375 0.084375
3 0.7234375 0.78984375 0.090625 0.090625
3 0.25625 0.0734375 0.084375 0.0875
3 0.06640625 0.83203125 0.0859375 0.0859375
3 0.4171875 0.2890625 0.08125 0.090625
3 0.31953125 0.4765625 0.0625 0.125
3 0.27109375 0.73671875 0.0890625 0.0890625
3 0.8140625 0.39296875 0.09375 0.09375
3 0.1015625 0.421875 0.071875 0.1125
3 0.80390625 0.81640625 0.09375 0.0921875
3 0.4578125 0.39765625 0.1015625 0.1015625
3 0.4296875 0.4984375 0.084375 0.103125
3 0.6125 0.6390625 0.08125 0.115625
3 0.9078125 0.95859375 0.0875 0.0828125
3 0.4390625 0.5890625 0.096875 0.096875
3 0.946875 0.22421875 0.084375 0.078125