3 0.43515625 0.296875 0.0875 0.0875
3 0.7171875 0.7890625 0.096875 0.078125
3 0.1765625 0.06484375 0.0875 0.075
3 0.52890625 0.29140625 0.0890625 0.0890625
3 0.30859375 0.2625 0.0890625 0.0890625
3 0.31875 0.1171875 0.103125 0.078125
3 0.14609375 0.340625 0.0953125 0.065625
3 0.721875 0.89140625 0.090625 0.0734375
3 0.59375 0.553125 0.09375 0.071875
3 0.6890625 0.9546875 0.0828125 0.0828125
3 0.34453125 0.5015625 0.1015625 0.078125
3 0.625 0.2984375 0.06875 0.06875
3 0.09765625 0.26484375 0.0703125 0.0703125
3 0.79140625 0.8109375 0.08125 0.08125
3 0.071875 0.14921875 0.0953125 0.09375
3 0.6203125 0.71015625 0.0828125 0.08125
3 0.71328125 0.6828125 0.090625 0.0890625
3 0.81875 0.725 0.0859375 0.0859375
3 0.85390625 0.19296875 0.1125 0.075
3 0.1921875 0.6484375 0.09375 0.09375
3 0.92109375 0.49765625 0.0921875 0.0921875
3 0.68046875 0.40234375 0.0953125 0.078125
3 0.69140625 0.578125 0.0765625 0.0765625
3 0.88984375 0.771875 0.0984375 0.075
3 0.778125 0.68046875 0.0828125 0.084375
3 0.13671875 0.40390625 0.06875 0.06875
3 0.21015625 0.9578125 0.0921875 0.084375
3 0.21875 0.125 0.0796875 0.0796875
3 0.6453125 0.2375 0.090625 0.071875
3 0.3609375 0.409375 0.0828125 0.0828125
3 0.8109375 0.8828125 0.0859375 0.0859375
3 0.21640625 0.4640625 0.084375 0.06875
3 0.2671875 0.321875 0.0875 0.05625
3 0.3625 0.59609375 0.09375 0.09375
3 0.90234375 0.6109375 0.1046875 0.071875
3 0.3390625 0.3375 0.078125 0.078125
3 0.1765625 0.21796875 0.090625 0.078125
3 0.05078125 0.93125 0.084375 0.084375
3 0.82890625 0.384375 0.096875 0.096875
3 0.79765625 0.54765625 0.0890625 0.0703125
3 0.940625 0.79296875 0.09375 0.09375
3 0.86796875 0.85234375 0.0953125 0.0671875
3 0.865625 0.65390625 0.084375 0.0859375
6 0.296875 0.190625 0.06875 0.08125
6 0.6828125 0.05078125 0.1875 0.0765625
6 0.74765625 0.41171875 0.121875 0.121875
3 0.290625 0.33515625 0.08125 0.0703125
3 0.28046875 0.4265625 0.0921875 0.071875
3 0.13125 0.459375 0.084375 0.0625
3 0.17421875 0.50234375 0.0875 0.0875
3 0.27890625 0.55625 0.0703125 0.0703125
3 0.42734375 0.790625 0.0828125 0.084375
3 0.88671875 0.9046875 0.0828125 0.059375
3 0.48359375 0.05546875 0.0984375 0.0609375
3 0.75234375 0.20234375 0.0765625 0.0765625
3 0.66640625 0.17734375 0.0796875 0.0671875
3 0.70546875 0.15703125 0.0953125 0.065625
3 0.6265625 0.11796875 0.0953125 0.0953125