3 0.81875 0.21640625 0.090625 0.090625
3 0.24765625 0.265625 0.0796875 0.109375
3 0.3796875 0.0890625 0.0875 0.0875
3 0.6984375 0.72734375 0.0921875 0.090625
3 0.90859375 0.94765625 0.0765625 0.103125
3 0.753125 0.35078125 0.0921875 0.0921875
3 0.24296875 0.89453125 0.0984375 0.0984375
3 0.95546875 0.51875 0.0890625 0.09375
3 0.596875 0.83671875 0.103125 0.1046875
3 0.340625 0.28828125 0.071875 0.0984375
3 0.3875 0.7171875 0.0953125 0.0953125
3 0.8375 0.809375 0.0953125 0.0953125
3 0.67734375 0.5578125 0.1 0.1
3 0.22109375 0.11796875 0.0875 0.0875
3 0.39453125 0.17734375 0.0953125 0.0953125
3 0.8515625 0.57421875 0.0859375 0.0859375
3 0.5453125 0.159375 0.0875 0.0875
3 0.5359375 0.68515625 0.096875 0.096875
3 0.69765625 0.2875 0.08125 0.10625
3 0.234375 0.0609375 0.0875 0.0875
3 0.065625 0.49140625 0.078125 0.0765625
3 0.05859375 0.5609375 0.0796875 0.096875
3 0.67109375 0.81328125 0.0703125 0.084375
5 0.56015625 0.54921875 0.0671875 0.1390625
3 0.6796875 0.8546875 0.090625 0.090625