3 0.81953125 0.58671875 0.0734375 0.0734375
3 0.66015625 0.08515625 0.075 0.075
3 0.3203125 0.63671875 0.071875 0.071875
3 0.10625 0.56875 0.084375 0.084375
3 0.6625 0.6578125 0.075 0.09375
3 0.23828125 0.384375 0.065625 0.09375
3 0.7765625 0.8 0.065625 0.08125
3 0.94765625 0.234375 0.0671875 0.0875
3 0.05390625 0.40703125 0.078125 0.0796875
3 0.26796875 0.509375 0.0640625 0.0875
3 0.740625 0.29609375 0.06875 0.1015625
3 0.93203125 0.528125 0.078125 0.0796875
3 0.17265625 0.86875 0.0671875 0.0875
3 0.821875 0.26015625 0.0828125 0.084375
3 0.28125 0.8828125 0.071875 0.096875
3 0.1609375 0.7765625 0.0828125 0.08125
3 0.615625 0.72109375 0.065625 0.0921875
3 0.31875 0.1125 0.0734375 0.0734375
0 0.6171875 0.18984375 0.084375 0.0859375
3 0.9640625 0.62890625 0.065625 0.0828125
3 0.4859375 0.11796875 0.071875 0.0828125
3 0.2625 0.6640625 0.0625 0.090625
3 0.3125 0.72890625 0.090625 0.0921875
3 0.5359375 0.34140625 0.09375 0.09375
3 0.4328125 0.3265625 0.065625 0.0875
3 0.92109375 0.440625 0.071875 0.09375
3 0.4859375 0.60390625 0.08125 0.08125
3 0.4921875 0.04765625 0.0796875 0.0796875
3 0.45859375 0.95703125 0.0828125 0.075
3 0.83125 0.10546875 0.075 0.0859375
3 0.14609375 0.28671875 0.071875 0.071875
3 0.24375 0.5796875 0.078125 0.090625
3 0.96171875 0.36640625 0.0765625 0.0796875
3 0.86875 0.15546875 0.0734375 0.071875
3 0.3875 0.41328125 0.084375 0.0828125
3 0.371875 0.4953125 0.06875 0.090625
3 0.6234375 0.8234375 0.1125 0.059375
3 0.4953125 0.91015625 0.08125 0.084375
3 0.678125 0.23515625 0.084375 0.084375
3 0.2 0.5140625 0.078125 0.096875