3 0.6390625 0.3890625 0.078125 0.059375
3 0.88359375 0.6453125 0.0734375 0.0625
3 0.27109375 0.6484375 0.0796875 0.059375
3 0.47578125 0.259375 0.0796875 0.0625
3 0.5890625 0.8734375 0.0875 0.071875
3 0.35234375 0.8640625 0.090625 0.071875
1 0.37734375 0.14375 0.0828125 0.0828125
3 0.928125 0.7421875 0.0765625 0.0765625
3 0.92734375 0.47578125 0.084375 0.0640625
3 0.2015625 0.0421875 0.075 0.065625
3 0.28671875 0.484375 0.0734375 0.071875
3 0.365625 0.38125 0.084375 0.084375
3 0.57109375 0.15703125 0.0953125 0.0640625
3 0.25625 0.2375 0.0875 0.06875
3 0.56875 0.809375 0.08125 0.059375
3 0.71875 0.74453125 0.075 0.075
3 0.440625 0.7703125 0.084375 0.059375
3 0.8359375 0.4703125 0.075 0.059375
3 0.61953125 0.69375 0.0671875 0.0625
3 0.6609375 0.4953125 0.071875 0.071875
3 0.3234375 0.3984375 0.090625 0.065625
3 0.78984375 0.10703125 0.0734375 0.0546875
3 0.45234375 0.11015625 0.071875 0.071875
3 0.51484375 0.91953125 0.075 0.075
3 0.209375 0.196875 0.09375 0.06875
3 0.86015625 0.7828125 0.06875 0.06875
3 0.4671875 0.47421875 0.0875 0.0875
3 0.16015625 0.95234375 0.0765625 0.0609375
3 0.29296875 0.9109375 0.0859375 0.075
3 0.84921875 0.271875 0.084375 0.084375
0 0.7796875 0.04765625 0.096875 0.0953125
3 0.37578125 0.7421875 0.0734375 0.059375
3 0.1375 0.7140625 0.071875 0.071875
6 0.51015625 0.75625 0.084375 0.084375
3 0.46015625 0.325 0.071875 0.05
3 0.734375 0.8765625 0.084375 0.065625
3 0.07421875 0.18984375 0.0796875 0.0640625
3 0.18984375 0.5140625 0.078125 0.059375
3 0.88671875 0.89453125 0.0890625 0.059375
3 0.07109375 0.746875 0.075 0.071875
3 0.34375 0.66484375 0.075 0.0578125
3 0.9484375 0.865625 0.0703125 0.0703125
3 0.17421875 0.7953125 0.078125 0.0796875
3 0.8015625 0.96484375 0.0625 0.0640625
3 0.35625 0.2734375 0.08125 0.059375
3 0.73828125 0.26015625 0.065625 0.065625
3 0.17734375 0.23203125 0.078125 0.0703125
3 0.40625 0.82734375 0.0875 0.0734375
3 0.81953125 0.51484375 0.0828125 0.0640625
3 0.3296875 0.80703125 0.06875 0.06875
3 0.21796875 0.56640625 0.0796875 0.0609375
3 0.409375 0.18359375 0.084375 0.084375
3 0.8328125 0.8515625 0.075 0.075
3 0.36640625 0.49453125 0.0625 0.0625
3 0.60625 0.44140625 0.0671875 0.065625
3 0.58671875 0.2109375 0.0921875 0.059375
3 0.165625 0.1578125 0.0703125 0.0703125
3 0.67265625 0.740625 0.071875 0.0703125
3 0.1390625 0.13984375 0.078125 0.0625
3 0.23203125 0.815625 0.065625 0.0640625
3 0.659375 0.26875 0.084375 0.071875
3 0.69140625 0.7875 0.0625 0.0640625
3 0.340625 0.2453125 0.0640625 0.0640625
6 0.8515625 0.9203125 0.11875 0.078125
3 0.9625 0.584375 0.075 0.0578125
3 0.8109375 0.25859375 0.071875 0.0734375
6 0.65390625 0.2203125 0.0921875 0.078125
3 0.690625 0.85625 0.084375 0.05
3 0.63671875 0.8234375 0.0703125 0.053125
3 0.065625 0.13203125 0.05625 0.05625
3 0.265625 0.971875 0.0546875 0.0546875