3 0.11171875 0.08984375 0.0921875 0.090625
3 0.7765625 0.82265625 0.096875 0.0984375
3 0.17265625 0.4 0.0921875 0.09375
3 0.38515625 0.26796875 0.0984375 0.0796875
3 0.9015625 0.7328125 0.0921875 0.0921875
3 0.59921875 0.859375 0.0921875 0.0921875
3 0.2078125 0.7984375 0.090625 0.090625
3 0.3578125 0.50078125 0.090625 0.0796875
3 0.1734375 0.5390625 0.09375 0.09375
3 0.53671875 0.74296875 0.1078125 0.0734375
3 0.70859375 0.86171875 0.0984375 0.084375
3 0.503125 0.26328125 0.103125 0.0828125
3 0.69921875 0.28046875 0.0796875 0.0890625
3 0.45546875 0.6078125 0.0921875 0.075
3 0.64921875 0.446875 0.09375 0.09375
3 0.33828125 0.09921875 0.0921875 0.0921875
3 0.396875 0.7546875 0.1 0.090625
3 0.56484375 0.646875 0.0953125 0.096875
3 0.4796875 0.6796875 0.1125 0.065625
3 0.06875 0.15390625 0.109375 0.0765625
3 0.22734375 0.7515625 0.1203125 0.071875
6 0.790625 0.3125 0.140625 0.090625
3 0.3765625 0.809375 0.0953125 0.0953125
3 0.6140625 0.28125 0.1 0.078125
3 0.80546875 0.140625 0.1234375 0.08125
3 0.46640625 0.77265625 0.0984375 0.0734375
3 0.51015625 0.08046875 0.096875 0.096875
3 0.50234375 0.171875 0.096875 0.0953125
3 0.53359375 0.1359375 0.0875 0.0890625
3 0.6109375 0.1125 0.0890625 0.0890625
3 0.64609375 0.11484375 0.090625 0.090625