3 0.3546875 0.14140625 0.103125 0.0765625
3 0.85 0.75078125 0.0953125 0.0953125
3 0.696875 0.15859375 0.0984375 0.0984375
3 0.29765625 0.82421875 0.09375 0.09375
3 0.23515625 0.72734375 0.09375 0.09375
3 0.48828125 0.32578125 0.0984375 0.0734375
3 0.14765625 0.6265625 0.0921875 0.071875
3 0.94140625 0.7984375 0.09375 0.0953125
3 0.26015625 0.53203125 0.1015625 0.071875
3 0.6640625 0.83984375 0.0921875 0.09375
3 0.38203125 0.8625 0.0984375 0.084375
3 0.50546875 0.4015625 0.1015625 0.078125
3 0.48515625 0.65703125 0.096875 0.096875
3 0.61015625 0.12734375 0.0921875 0.0796875
3 0.52734375 0.1421875 0.1015625 0.078125
3 0.0890625 0.05234375 0.0875 0.0875
3 0.68359375 0.7484375 0.103125 0.071875
3 0.83984375 0.92265625 0.0859375 0.0859375
3 0.10078125 0.865625 0.1046875 0.08125
3 0.44375 0.11484375 0.0984375 0.096875
3 0.42265625 0.715625 0.0875 0.0875
3 0.63046875 0.95078125 0.096875 0.096875
3 0.71640625 0.31328125 0.0890625 0.0859375
3 0.5984375 0.3671875 0.1 0.08125
3 0.63515625 0.440625 0.1015625 0.0875
3 0.50625 0.2125 0.10625 0.075
3 0.6984375 0.2234375 0.1125 0.05625
3 0.58515625 0.21015625 0.0953125 0.071875
3 0.79296875 0.65 0.0875 0.0875
3 0.303125 0.4296875 0.1 0.1
3 0.175 0.12265625 0.0796875 0.0796875
3 0.78828125 0.5875 0.128125 0.08125
3 0.2625 0.0921875 0.1 0.071875
0 0.81640625 0.30234375 0.1015625 0.1015625
3 0.04921875 0.15390625 0.0875 0.0875
3 0.9109375 0.309375 0.0859375 0.0859375