3 0.85859375 0.3546875 0.0765625 0.103125
3 0.24921875 0.85 0.0953125 0.0953125
3 0.84140625 0.696875 0.0984375 0.0984375
3 0.17578125 0.29765625 0.09375 0.09375
3 0.27265625 0.23515625 0.0796875 0.1078125
3 0.67421875 0.48828125 0.0734375 0.0984375
3 0.3734375 0.14765625 0.071875 0.0921875
3 0.2015625 0.94140625 0.0953125 0.09375
3 0.46796875 0.26015625 0.071875 0.1015625
3 0.16015625 0.6640625 0.0828125 0.103125
3 0.1375 0.38203125 0.084375 0.0984375
3 0.5984375 0.50546875 0.0890625 0.090625
3 0.34296875 0.48515625 0.096875 0.096875
3 0.87265625 0.61015625 0.0796875 0.0921875
3 0.8578125 0.52734375 0.078125 0.1015625
3 0.94765625 0.0890625 0.0703125 0.103125
3 0.2515625 0.68359375 0.071875 0.103125
3 0.07734375 0.83984375 0.0859375 0.0859375
3 0.134375 0.10078125 0.0921875 0.0921875
3 0.88515625 0.44375 0.0921875 0.103125
3 0.284375 0.42265625 0.0875 0.0875
3 0.04921875 0.63046875 0.0796875 0.1125
3 0.68671875 0.71640625 0.0859375 0.0890625
3 0.6328125 0.5984375 0.090625 0.090625
3 0.559375 0.63515625 0.09375 0.0953125
3 0.7875 0.50625 0.090625 0.090625
3 0.7765625 0.6984375 0.084375 0.084375
3 0.78984375 0.58515625 0.084375 0.084375
3 0.35 0.79296875 0.071875 0.1046875
3 0.5703125 0.303125 0.1 0.1
3 0.87734375 0.175 0.0625 0.096875
3 0.4125 0.78828125 0.1046875 0.1046875
3 0.9078125 0.2625 0.0859375 0.0859375
0 0.69765625 0.81640625 0.0921875 0.1109375
3 0.84609375 0.04921875 0.0875 0.0875
3 0.690625 0.9109375 0.0875 0.084375