3 0.50625 0.846875 0.08125 0.0796875
3 0.0875 0.11875 0.065625 0.08125
3 0.64453125 0.3015625 0.071875 0.071875
3 0.69609375 0.803125 0.0828125 0.0828125
3 0.865625 0.84609375 0.084375 0.084375
3 0.76875 0.79296875 0.0625 0.0796875
3 0.19375 0.884375 0.075 0.075
3 0.0671875 0.49609375 0.059375 0.059375
3 0.46171875 0.45546875 0.071875 0.071875
3 0.3140625 0.18828125 0.071875 0.0984375
3 0.315625 0.4546875 0.078125 0.078125
3 0.796875 0.17265625 0.075 0.0953125
3 0.5703125 0.61328125 0.05 0.0828125
3 0.76328125 0.06484375 0.0703125 0.0703125
3 0.94609375 0.6859375 0.0609375 0.0875
3 0.89609375 0.29609375 0.08125 0.08125
3 0.5046875 0.23671875 0.06875 0.1015625
3 0.7234375 0.5078125 0.0765625 0.0765625
3 0.725 0.58828125 0.075 0.0921875
3 0.428125 0.38984375 0.0765625 0.0765625
3 0.1234375 0.50859375 0.078125 0.0765625
3 0.6046875 0.95546875 0.059375 0.0734375
6 0.2390625 0.11484375 0.078125 0.0984375
3 0.4640625 0.7265625 0.0625 0.0875
3 0.375 0.653125 0.0625 0.075
3 0.61171875 0.20078125 0.0671875 0.0859375
3 0.58359375 0.8015625 0.0640625 0.084375
3 0.18046875 0.4265625 0.06875 0.06875
3 0.11015625 0.296875 0.071875 0.071875
6 0.39765625 0.30625 0.0828125 0.1
3 0.05390625 0.403125 0.075 0.075
3 0.28359375 0.3796875 0.06875 0.0703125
3 0.61796875 0.87578125 0.071875 0.071875
3 0.2546875 0.85078125 0.0625 0.0859375
3 0.4 0.096875 0.0765625 0.0765625
3 0.453125 0.5671875 0.0734375 0.0734375
3 0.56953125 0.45859375 0.065625 0.065625
3 0.35703125 0.53828125 0.06875 0.06875
3 0.7359375 0.67890625 0.059375 0.0828125
3 0.89765625 0.19921875 0.075 0.075
3 0.5671875 0.26640625 0.071875 0.0765625
3 0.2921875 0.6640625 0.0625 0.071875
3 0.05625 0.3046875 0.0703125 0.0703125
3 0.79453125 0.70234375 0.0703125 0.0703125
3 0.24375 0.265625 0.0796875 0.0796875
3 0.1453125 0.73046875 0.0609375 0.059375
3 0.95625 0.05 0.078125 0.078125
3 0.4328125 0.23984375 0.071875 0.084375
3 0.2953125 0.5671875 0.071875 0.084375
3 0.25625 0.50234375 0.0703125 0.071875
3 0.96328125 0.55234375 0.0734375 0.0765625
3 0.1609375 0.3546875 0.065625 0.065625
3 0.46015625 0.309375 0.06875 0.0671875
3 0.68203125 0.715625 0.0546875 0.08125
3 0.084375 0.5671875 0.06875 0.0875
3 0.103125 0.66171875 0.059375 0.0703125
3 0.58125 0.52890625 0.071875 0.0734375
3 0.175 0.6265625 0.084375 0.084375
3 0.89765625 0.3921875 0.0484375 0.0625
3 0.94375 0.409375 0.0609375 0.0625
6 0.1390625 0.7921875 0.084375 0.096875
3 0.19453125 0.04296875 0.06875 0.06875
3 0.2828125 0.77890625 0.059375 0.059375
3 0.39375 0.17421875 0.05625 0.0703125
3 0.47265625 0.80234375 0.071875 0.071875
6 0.325 0.8953125 0.0984375 0.0984375
3 0.425 0.49765625 0.05 0.0703125
3 0.4875 0.36796875 0.0578125 0.059375
3 0.7421875 0.925 0.0546875 0.0546875
3 0.2609375 0.721875 0.0625 0.075
3 0.2453125 0.1796875 0.059375 0.084375
3 0.71484375 0.8828125 0.0515625 0.078125
3 0.13515625 0.5734375 0.0546875 0.059375
3 0.0296875 0.75078125 0.0578125 0.059375
3 0.0390625 0.81875 0.06875 0.078125
3 0.02890625 0.86953125 0.0578125 0.0609375
3 0.2921875 0.85546875 0.078125 0.0828125
3 0.18515625 0.69765625 0.059375 0.0921875
3 0.2234375 0.690625 0.05625 0.05625