3 0.153125 0.49375 0.090625 0.06875
3 0.88125 0.9125 0.08125 0.065625
3 0.6984375 0.35546875 0.078125 0.065625
3 0.196875 0.30390625 0.09375 0.0734375
3 0.15390625 0.134375 0.084375 0.084375
3 0.20703125 0.23125 0.071875 0.071875
3 0.115625 0.80625 0.0875 0.0625
3 0.50390625 0.9328125 0.059375 0.059375
3 0.54453125 0.53828125 0.071875 0.071875
3 0.81171875 0.6859375 0.084375 0.0859375
3 0.5453125 0.684375 0.078125 0.078125
3 0.82734375 0.203125 0.0859375 0.084375
3 0.38671875 0.4296875 0.0828125 0.05
3 0.93515625 0.23671875 0.0796875 0.0609375
3 0.3140625 0.05390625 0.0734375 0.075
3 0.70390625 0.10390625 0.0890625 0.075
3 0.76328125 0.4953125 0.084375 0.0859375
3 0.4921875 0.2765625 0.0875 0.065625
3 0.41171875 0.275 0.0921875 0.075
3 0.61015625 0.571875 0.0859375 0.06875
3 0.49140625 0.8765625 0.0765625 0.0765625
3 0.04453125 0.3953125 0.0734375 0.059375
6 0.88515625 0.7609375 0.0890625 0.0890625
3 0.2734375 0.5359375 0.075 0.075
3 0.346875 0.625 0.075 0.0625
3 0.79921875 0.38828125 0.0859375 0.0671875
3 0.1984375 0.41640625 0.075 0.0734375
3 0.5734375 0.81953125 0.075 0.0609375
3 0.703125 0.88984375 0.08125 0.0640625
6 0.69375 0.60234375 0.1 0.0828125
3 0.596875 0.94609375 0.0875 0.0625
3 0.6203125 0.71640625 0.0703125 0.06875
3 0.12421875 0.38203125 0.071875 0.071875
3 0.14921875 0.7453125 0.0734375 0.075
3 0.903125 0.6 0.0765625 0.0765625
3 0.4328125 0.546875 0.0734375 0.0734375
3 0.54140625 0.43046875 0.0671875 0.0640625
3 0.46171875 0.64296875 0.0796875 0.0578125
3 0.32109375 0.2640625 0.071875 0.071875
3 0.80078125 0.10234375 0.0828125 0.0671875
3 0.73359375 0.4328125 0.0734375 0.0734375
3 0.3359375 0.7078125 0.0671875 0.0671875
3 0.6953125 0.94375 0.084375 0.05625
3 0.29765625 0.20546875 0.0703125 0.0703125
3 0.734375 0.75625 0.0796875 0.0796875
3 0.26953125 0.8546875 0.059375 0.0609375
3 0.95 0.04375 0.090625 0.065625
3 0.76015625 0.5671875 0.084375 0.071875
3 0.4328125 0.7046875 0.078125 0.078125
3 0.49765625 0.74375 0.071875 0.0703125
3 0.44765625 0.03671875 0.0765625 0.0734375
3 0.6453125 0.8390625 0.065625 0.065625
3 0.690625 0.53984375 0.08125 0.0546875
3 0.284375 0.31796875 0.08125 0.0546875
3 0.4328125 0.915625 0.0875 0.06875
3 0.33828125 0.896875 0.0703125 0.059375
3 0.47109375 0.41875 0.0734375 0.071875
3 0.3734375 0.825 0.084375 0.084375
3 0.6078125 0.10234375 0.05625 0.0546875
3 0.590625 0.05625 0.0609375 0.0609375
6 0.2078125 0.8609375 0.090625 0.090625
3 0.95703125 0.80546875 0.0796875 0.059375
3 0.22109375 0.7171875 0.059375 0.059375
3 0.82578125 0.60625 0.0625 0.0640625
3 0.19765625 0.52734375 0.071875 0.0703125
6 0.1046875 0.675 0.115625 0.08125
3 0.50234375 0.575 0.0703125 0.05
3 0.63203125 0.5125 0.059375 0.0578125
3 0.075 0.2578125 0.0546875 0.0546875
3 0.278125 0.7390625 0.06875 0.06875
3 0.8203125 0.7546875 0.071875 0.071875
3 0.1171875 0.28515625 0.065625 0.0640625
3 0.4265625 0.86484375 0.05625 0.0578125
3 0.24921875 0.9703125 0.059375 0.0578125
3 0.18125 0.9609375 0.078125 0.06875
3 0.13046875 0.971875 0.065625 0.05625
3 0.14453125 0.7078125 0.0828125 0.078125
3 0.30234375 0.81484375 0.0921875 0.059375
3 0.309375 0.7765625 0.065625 0.046875