3 0.82265625 0.05859375 0.0828125 0.0828125
3 0.434375 0.4 0.065625 0.084375
3 0.39453125 0.859375 0.0734375 0.09375
3 0.37265625 0.35546875 0.0703125 0.0921875
3 0.909375 0.86796875 0.0859375 0.084375
3 0.71171875 0.7453125 0.090625 0.090625
3 0.8 0.80234375 0.0875 0.0875
3 0.346875 0.66171875 0.075 0.1078125
3 0.30859375 0.25546875 0.08125 0.08125
3 0.7375 0.2453125 0.084375 0.084375
3 0.4234375 0.75546875 0.084375 0.084375
3 0.19140625 0.38984375 0.071875 0.0859375
3 0.8609375 0.23828125 0.0828125 0.0828125
3 0.56328125 0.4203125 0.0734375 0.103125
3 0.66875 0.2140625 0.09375 0.09375
3 0.86875 0.6921875 0.06875 0.09375
3 0.80390625 0.30546875 0.0796875 0.1078125
3 0.2609375 0.2109375 0.065625 0.090625
3 0.21875 0.15234375 0.0765625 0.075
3 0.959375 0.934375 0.06875 0.09375
3 0.9328125 0.515625 0.0828125 0.0828125
3 0.9 0.32734375 0.05625 0.0796875
3 0.5078125 0.74921875 0.084375 0.084375
3 0.4328125 0.13984375 0.08125 0.08125
3 0.0640625 0.82265625 0.053125 0.1046875
3 0.52421875 0.0921875 0.0640625 0.0875
3 0.04453125 0.24765625 0.0890625 0.0921875
3 0.215625 0.77578125 0.071875 0.0984375
3 0.56953125 0.18984375 0.0765625 0.0765625
3 0.1359375 0.7515625 0.078125 0.096875
3 0.08671875 0.546875 0.0828125 0.096875
3 0.0640625 0.4515625 0.071875 0.09375
3 0.06015625 0.7265625 0.0765625 0.0875
3 0.1078125 0.29609375 0.0875 0.0859375
3 0.859375 0.496875 0.06875 0.09375
3 0.9515625 0.284375 0.065625 0.090625
6 0.2859375 0.80234375 0.084375 0.115625
3 0.3046875 0.74609375 0.0859375 0.084375
3 0.559375 0.69453125 0.0625 0.0953125
3 0.6203125 0.5765625 0.0625 0.096875
3 0.9578125 0.21640625 0.075 0.0953125
3 0.8234375 0.571875 0.071875 0.096875
3 0.06328125 0.63359375 0.0734375 0.0828125
3 0.42421875 0.53359375 0.0890625 0.0890625
3 0.15390625 0.08125 0.084375 0.084375
0 0.71796875 0.56640625 0.1046875 0.0921875
3 0.19375 0.81640625 0.090625 0.0890625
3 0.92578125 0.60390625 0.0609375 0.103125
3 0.47734375 0.834375 0.078125 0.078125
3 0.421875 0.575 0.084375 0.084375
3 0.21015625 0.06953125 0.0703125 0.0703125
3 0.7296875 0.64609375 0.071875 0.0859375
3 0.20234375 0.246875 0.0828125 0.0828125
3 0.3328125 0.93125 0.0859375 0.0859375
6 0.1546875 0.2765625 0.06875 0.153125
3 0.696875 0.64375 0.0859375 0.0859375
3 0.89921875 0.83125 0.0578125 0.0890625