3 0.17734375 0.94140625 0.0734375 0.0921875
3 0.565625 0.6 0.075 0.075
3 0.60546875 0.140625 0.084375 0.084375
3 0.62734375 0.64453125 0.0703125 0.0921875
3 0.090625 0.13203125 0.0859375 0.084375
3 0.28828125 0.2546875 0.090625 0.090625
3 0.2 0.19765625 0.0875 0.0875
3 0.653125 0.33828125 0.075 0.1078125
3 0.69140625 0.74453125 0.08125 0.08125
3 0.2625 0.7546875 0.071875 0.096875
3 0.5765625 0.24453125 0.084375 0.084375
3 0.80859375 0.61015625 0.078125 0.078125
3 0.1390625 0.76171875 0.0828125 0.08125
3 0.43671875 0.5796875 0.0734375 0.103125
3 0.33125 0.7859375 0.071875 0.115625
3 0.13125 0.3078125 0.06875 0.09375
3 0.19609375 0.69453125 0.09375 0.09375
3 0.7390625 0.7890625 0.078125 0.078125
3 0.78125 0.84765625 0.0765625 0.075
3 0.040625 0.065625 0.06875 0.09375
3 0.0671875 0.484375 0.0828125 0.0828125
3 0.1 0.67265625 0.06875 0.06875
3 0.4921875 0.25078125 0.084375 0.084375
3 0.5671875 0.86015625 0.071875 0.0921875
3 0.9359375 0.17734375 0.0796875 0.078125
3 0.47578125 0.9078125 0.0640625 0.0875
3 0.95546875 0.75234375 0.0890625 0.0921875
3 0.784375 0.22421875 0.071875 0.0984375
3 0.43046875 0.81015625 0.0671875 0.0859375
3 0.8640625 0.2484375 0.0875 0.0875
3 0.91328125 0.453125 0.0828125 0.096875
3 0.9359375 0.5484375 0.071875 0.09375
3 0.93984375 0.2734375 0.08125 0.0828125
3 0.8921875 0.70390625 0.075 0.0984375
3 0.140625 0.503125 0.06875 0.09375
3 0.0484375 0.715625 0.078125 0.078125
6 0.7140625 0.19765625 0.084375 0.115625
3 0.6953125 0.25390625 0.071875 0.0984375
3 0.440625 0.30546875 0.0625 0.0953125
3 0.3796875 0.4234375 0.0796875 0.0796875
3 0.0421875 0.78359375 0.075 0.0953125
3 0.1765625 0.428125 0.071875 0.096875
3 0.93671875 0.36640625 0.0734375 0.0828125
3 0.57578125 0.46640625 0.0734375 0.1046875
3 0.84609375 0.91875 0.059375 0.109375
0 0.28203125 0.43359375 0.0984375 0.0984375
3 0.80625 0.18359375 0.078125 0.1015625
3 0.07421875 0.39609375 0.08125 0.08125
3 0.52265625 0.165625 0.078125 0.078125
3 0.578125 0.425 0.075 0.09375
3 0.78984375 0.93046875 0.0703125 0.0703125
3 0.2703125 0.35390625 0.071875 0.0859375
3 0.79765625 0.753125 0.0828125 0.0828125
3 0.6671875 0.06875 0.053125 0.11875
6 0.8453125 0.7234375 0.06875 0.153125
3 0.303125 0.35625 0.0859375 0.0859375
3 0.10078125 0.16875 0.071875 0.0734375