3 0.5203125 0.26875 0.0890625 0.0890625
3 0.68203125 0.32890625 0.08125 0.08125
3 0.11640625 0.92578125 0.078125 0.0671875
3 0.921875 0.0984375 0.0734375 0.0734375
3 0.54765625 0.3640625 0.075 0.075
3 0.69296875 0.190625 0.0921875 0.06875
3 0.43984375 0.875 0.0890625 0.090625
3 0.578125 0.59375 0.078125 0.078125
3 0.26640625 0.22265625 0.078125 0.078125
3 0.79140625 0.63515625 0.0734375 0.0734375
3 0.82890625 0.12578125 0.0859375 0.0671875
3 0.303125 0.5953125 0.096875 0.071875
3 0.89140625 0.9125 0.0796875 0.08125
3 0.2015625 0.63203125 0.09375 0.0703125
3 0.103125 0.84140625 0.0734375 0.0734375
3 0.13203125 0.696875 0.0859375 0.084375
3 0.9421875 0.1671875 0.075 0.075
3 0.70390625 0.034375 0.0828125 0.0625
3 0.66484375 0.5890625 0.078125 0.078125
3 0.27890625 0.534375 0.0890625 0.06875
3 0.7171875 0.53515625 0.0875 0.0734375
3 0.590625 0.1640625 0.08125 0.065625
3 0.871875 0.4546875 0.08125 0.08125
3 0.6125 0.87890625 0.096875 0.078125
3 0.440625 0.1546875 0.090625 0.090625
3 0.24765625 0.47734375 0.084375 0.084375
3 0.7546875 0.909375 0.078125 0.078125
3 0.22734375 0.17578125 0.065625 0.065625
3 0.78828125 0.4109375 0.0984375 0.071875
3 0.3609375 0.4953125 0.08125 0.078125
4 0.11953125 0.109375 0.0984375 0.090625
3 0.0484375 0.88203125 0.08125 0.0703125
3 0.471875 0.53359375 0.090625 0.08125
3 0.28515625 0.4140625 0.071875 0.071875
3 0.446875 0.35625 0.06875 0.065625
3 0.16953125 0.38359375 0.0765625 0.0765625
3 0.74140625 0.1203125 0.0765625 0.075
3 0.4296875 0.21015625 0.078125 0.078125
3 0.86171875 0.375 0.0765625 0.05625
3 0.21015625 0.434375 0.0703125 0.05
3 0.2375 0.35390625 0.06875 0.06875
3 0.31328125 0.83359375 0.0703125 0.0640625
3 0.52421875 0.55546875 0.0859375 0.0765625
3 0.3328125 0.8625 0.078125 0.078125
1 0.67421875 0.709375 0.1078125 0.090625
6 0.2234375 0.84609375 0.0875 0.096875
3 0.33671875 0.40703125 0.0671875 0.0671875
6 0.5484375 0.91875 0.109375 0.09375