3 0.071875 0.07265625 0.096875 0.0734375
5 0.3828125 0.78359375 0.1125 0.1125
3 0.05546875 0.2265625 0.0859375 0.0625
3 0.05234375 0.4171875 0.1015625 0.075
3 0.0859375 0.55703125 0.1125 0.0578125
3 0.0640625 0.64140625 0.0859375 0.0875
3 0.046875 0.715625 0.09375 0.065625
3 0.1875 0.415625 0.109375 0.075
3 0.26953125 0.4765625 0.1109375 0.075
3 0.21015625 0.6328125 0.078125 0.078125
3 0.24296875 0.565625 0.0875 0.0875
3 0.28125 0.68203125 0.090625 0.0609375
3 0.33828125 0.42109375 0.0859375 0.0859375
3 0.39609375 0.46875 0.0796875 0.0796875
3 0.36171875 0.5453125 0.1125 0.071875
3 0.0703125 0.9515625 0.0859375 0.0875
3 0.07734375 0.8796875 0.0890625 0.0875
3 0.146875 0.834375 0.08125 0.084375
3 0.196875 0.9328125 0.0828125 0.0828125
3 0.28828125 0.95703125 0.0890625 0.0765625
3 0.43515625 0.95078125 0.0921875 0.0921875
3 0.759375 0.9359375 0.0859375 0.0859375
3 0.63046875 0.71640625 0.090625 0.090625
3 0.84296875 0.86640625 0.1046875 0.0765625
3 0.93515625 0.878125 0.0859375 0.065625
3 0.88671875 0.76171875 0.1046875 0.078125
3 0.93671875 0.6453125 0.0921875 0.065625
3 0.70625 0.5921875 0.1 0.071875
3 0.628125 0.54609375 0.096875 0.0796875
3 0.54296875 0.378125 0.0921875 0.090625
3 0.50234375 0.30390625 0.0953125 0.0703125
3 0.46796875 0.2328125 0.0875 0.0875
3 0.625 0.0765625 0.075 0.075
3 0.61015625 0.165625 0.1015625 0.08125
3 0.7109375 0.06171875 0.084375 0.084375
3 0.64140625 0.2609375 0.084375 0.084375
3 0.67421875 0.415625 0.0953125 0.08125
3 0.7328125 0.13984375 0.1 0.0765625
3 0.753125 0.17421875 0.0828125 0.084375
3 0.82890625 0.1421875 0.0921875 0.090625
3 0.80546875 0.23203125 0.0984375 0.0859375
3 0.840625 0.22109375 0.0828125 0.08125
3 0.78125 0.34375 0.0890625 0.0890625
3 0.8375 0.3140625 0.090625 0.08125
3 0.9203125 0.36875 0.084375 0.084375
3 0.82421875 0.4609375 0.0953125 0.075
3 0.8515625 0.54375 0.0890625 0.0890625
3 0.93203125 0.47734375 0.078125 0.078125