3 0.92734375 0.928125 0.084375 0.084375
5 0.21640625 0.6171875 0.1140625 0.109375
3 0.7734375 0.94453125 0.0734375 0.075
3 0.5828125 0.94765625 0.0875 0.0875
3 0.44296875 0.9140625 0.0578125 0.1125
3 0.35859375 0.9359375 0.0703125 0.103125
3 0.284375 0.953125 0.0796875 0.0796875
3 0.584375 0.8125 0.0921875 0.0921875
3 0.5234375 0.73046875 0.09375 0.09375
3 0.3671875 0.78984375 0.078125 0.078125
3 0.434375 0.75703125 0.0875 0.0875
3 0.31796875 0.71875 0.0765625 0.075
3 0.57890625 0.66171875 0.0859375 0.0859375
3 0.53125 0.60390625 0.0796875 0.0796875
3 0.4546875 0.63828125 0.0921875 0.0921875
3 0.0484375 0.9296875 0.0859375 0.0859375
3 0.1203125 0.92265625 0.078125 0.0984375
3 0.165625 0.853125 0.0828125 0.0828125
3 0.0671875 0.803125 0.0671875 0.1
3 0.04296875 0.71171875 0.0765625 0.0890625
3 0.04921875 0.56484375 0.0921875 0.0921875
3 0.0640625 0.240625 0.0859375 0.0859375
3 0.28359375 0.36953125 0.0734375 0.1078125
3 0.13359375 0.15703125 0.0765625 0.1046875
3 0.121875 0.06484375 0.0765625 0.075
3 0.23828125 0.11328125 0.078125 0.1046875
3 0.3546875 0.06328125 0.065625 0.0921875
3 0.4078125 0.29375 0.0859375 0.0859375
3 0.45390625 0.371875 0.0875 0.0875
3 0.621875 0.45703125 0.075 0.1078125
3 0.69609375 0.49765625 0.0703125 0.0953125
3 0.7671875 0.53203125 0.075 0.0984375
3 0.9234375 0.375 0.065625 0.084375
3 0.834375 0.38984375 0.08125 0.1015625
3 0.93828125 0.2890625 0.084375 0.084375
3 0.7390625 0.35859375 0.075 0.0953125
3 0.584375 0.32578125 0.0890625 0.0890625
3 0.86015625 0.2671875 0.0765625 0.1
3 0.82578125 0.246875 0.084375 0.0828125
3 0.8578125 0.17109375 0.090625 0.0921875
3 0.76796875 0.19453125 0.0921875 0.0921875
3 0.77890625 0.159375 0.0828125 0.0828125
3 0.65625 0.21875 0.08125 0.096875
3 0.6859375 0.1625 0.08125 0.090625
3 0.63125 0.0796875 0.075 0.09375
3 0.5390625 0.17578125 0.075 0.0953125
3 0.45625 0.1484375 0.075 0.103125
3 0.52265625 0.06796875 0.078125 0.078125