3 0.259375 0.2984375 0.1 0.084375
3 0.72109375 0.54375 0.0875 0.0875
3 0.1921875 0.40234375 0.090625 0.090625
3 0.209375 0.2296875 0.1 0.071875
3 0.0546875 0.36171875 0.0703125 0.0703125
3 0.4859375 0.22109375 0.075 0.0734375
3 0.31484375 0.09296875 0.0875 0.0875
3 0.28515625 0.70625 0.08125 0.08125
3 0.84375 0.6609375 0.0859375 0.0859375
3 0.6171875 0.93359375 0.0796875 0.08125
3 0.48828125 0.93203125 0.0984375 0.0796875
3 0.640625 0.05546875 0.0890625 0.0890625
3 0.190625 0.61796875 0.09375 0.0734375
3 0.06796875 0.17734375 0.0859375 0.0859375
3 0.13203125 0.2703125 0.084375 0.0828125
3 0.809375 0.4828125 0.10625 0.084375
3 0.5859375 0.54765625 0.090625 0.0703125
3 0.77265625 0.9484375 0.0796875 0.078125
3 0.33515625 0.228125 0.0875 0.0859375
3 0.0984375 0.44609375 0.0890625 0.0875
3 0.08671875 0.1390625 0.0921875 0.078125
3 0.29765625 0.45078125 0.1015625 0.075
3 0.134375 0.92265625 0.09375 0.0703125
3 0.7390625 0.834375 0.096875 0.075
3 0.35859375 0.56796875 0.0859375 0.0703125
3 0.8328125 0.2296875 0.103125 0.065625
3 0.30234375 0.171875 0.090625 0.090625
3 0.12890625 0.72109375 0.0921875 0.0640625
3 0.371875 0.74375 0.090625 0.071875
3 0.82421875 0.59296875 0.0796875 0.08125
3 0.3203125 0.503125 0.103125 0.06875
3 0.06171875 0.21640625 0.0875 0.0890625
3 0.92265625 0.34921875 0.0921875 0.0703125
3 0.74453125 0.65859375 0.0859375 0.0859375
3 0.41171875 0.8359375 0.084375 0.0859375
3 0.16171875 0.80859375 0.0765625 0.0765625
3 0.95078125 0.446875 0.0984375 0.065625
3 0.60703125 0.709375 0.0828125 0.06875
3 0.1859375 0.6609375 0.09375 0.075
3 0.5953125 0.40234375 0.10625 0.0609375
3 0.08125 0.5203125 0.103125 0.065625
3 0.58828125 0.1796875 0.078125 0.0796875
3 0.4859375 0.0703125 0.075 0.075
3 0.79140625 0.12265625 0.08125 0.08125
5 0.6140625 0.4671875 0.1046875 0.1046875
3 0.93359375 0.73046875 0.1109375 0.05625
3 0.73203125 0.03203125 0.0984375 0.0640625
3 0.353125 0.065625 0.078125 0.078125
3 0.5109375 0.69453125 0.078125 0.078125
3 0.5546875 0.26875 0.103125 0.078125
3 0.790625 0.175 0.078125 0.078125
3 0.07109375 0.71796875 0.1125 0.0640625
0 0.33671875 0.39140625 0.1125 0.1125
3 0.41640625 0.109375 0.0859375 0.075
3 0.23515625 0.85390625 0.0890625 0.0859375
3 0.4328125 0.66484375 0.075 0.071875
3 0.70078125 0.48203125 0.1078125 0.0625
3 0.42109375 0.815625 0.1015625 0.065625
3 0.103125 0.53515625 0.09375 0.0703125
3 0.46953125 0.7140625 0.084375 0.084375
3 0.17890625 0.3375 0.075 0.0734375
5 0.78828125 0.2625 0.1125 0.125
3 0.86484375 0.3 0.0703125 0.0625