3 0.740625 0.7015625 0.1 0.084375
3 0.27890625 0.45625 0.0875 0.0875
3 0.8078125 0.59765625 0.090625 0.090625
3 0.790625 0.7703125 0.0859375 0.0859375
3 0.9453125 0.63828125 0.078125 0.0640625
3 0.5140625 0.77890625 0.075 0.0734375
3 0.68515625 0.90703125 0.0875 0.0875
3 0.71484375 0.29375 0.08125 0.08125
3 0.15625 0.3390625 0.0859375 0.0859375
3 0.3828125 0.06640625 0.0796875 0.08125
3 0.51171875 0.06796875 0.0890625 0.0890625
3 0.359375 0.94453125 0.096875 0.0796875
3 0.809375 0.38203125 0.0828125 0.084375
3 0.93203125 0.82265625 0.0984375 0.0734375
3 0.86796875 0.7296875 0.0828125 0.084375
3 0.190625 0.5171875 0.0953125 0.096875
3 0.4140625 0.45234375 0.08125 0.08125
3 0.22734375 0.0515625 0.0921875 0.065625
3 0.66484375 0.771875 0.0875 0.0859375
3 0.9015625 0.55390625 0.103125 0.0734375
3 0.91328125 0.8609375 0.0921875 0.078125
3 0.70234375 0.54921875 0.1015625 0.075
3 0.865625 0.07734375 0.0828125 0.08125
3 0.2609375 0.165625 0.096875 0.075
3 0.64140625 0.43203125 0.078125 0.078125
3 0.1671875 0.7703125 0.084375 0.084375
3 0.69765625 0.828125 0.1046875 0.075
3 0.87109375 0.27890625 0.0921875 0.0640625
3 0.628125 0.25625 0.090625 0.071875
3 0.17578125 0.40703125 0.0796875 0.08125
3 0.6796875 0.496875 0.103125 0.06875
3 0.93828125 0.78359375 0.0875 0.0890625
3 0.07734375 0.65078125 0.08125 0.08125
3 0.25546875 0.34140625 0.0859375 0.0859375
3 0.58828125 0.1640625 0.0984375 0.071875
3 0.83828125 0.19140625 0.0859375 0.0671875
3 0.04921875 0.553125 0.0984375 0.065625
3 0.39296875 0.290625 0.0765625 0.0765625
3 0.8140625 0.3390625 0.09375 0.075
3 0.4046875 0.59765625 0.084375 0.084375
3 0.91875 0.4796875 0.084375 0.084375
3 0.41171875 0.8203125 0.0921875 0.065625
3 0.5140625 0.9296875 0.075 0.075
3 0.20859375 0.87734375 0.096875 0.0640625
5 0.3859375 0.5328125 0.1046875 0.1046875
3 0.06640625 0.26953125 0.084375 0.084375
3 0.26875 0.96328125 0.08125 0.0734375
3 0.646875 0.934375 0.078125 0.078125
3 0.4890625 0.30546875 0.090625 0.0671875
3 0.4453125 0.73125 0.103125 0.078125
3 0.209375 0.825 0.1 0.05625
3 0.92890625 0.28203125 0.0875 0.0875
0 0.66328125 0.60859375 0.1125 0.1125
3 0.58359375 0.890625 0.0796875 0.08125
3 0.76484375 0.14609375 0.0875 0.0875
3 0.5671875 0.33515625 0.075 0.071875
3 0.29921875 0.51796875 0.1078125 0.0625
3 0.57890625 0.184375 0.0828125 0.084375
3 0.896875 0.46484375 0.09375 0.0703125
3 0.53046875 0.2859375 0.096875 0.071875
3 0.82109375 0.6625 0.0828125 0.065625
5 0.21171875 0.7375 0.1125 0.125
3 0.13515625 0.7 0.0703125 0.0625