3 0.7015625 0.259375 0.0921875 0.0921875
3 0.45625 0.72109375 0.0875 0.0875
3 0.59765625 0.1921875 0.0765625 0.103125
3 0.7703125 0.209375 0.0859375 0.0859375
3 0.63828125 0.0546875 0.0703125 0.0703125
3 0.77890625 0.4859375 0.0703125 0.078125
3 0.90703125 0.31484375 0.0875 0.0875
3 0.29375 0.28515625 0.08125 0.08125
3 0.3390625 0.84375 0.075 0.096875
3 0.06640625 0.6171875 0.08125 0.0796875
3 0.06796875 0.48828125 0.0890625 0.0890625
3 0.94453125 0.640625 0.0890625 0.0890625
3 0.38203125 0.190625 0.0734375 0.09375
3 0.82265625 0.06796875 0.0734375 0.0984375
3 0.7296875 0.13203125 0.084375 0.0828125
3 0.5171875 0.809375 0.084375 0.10625
3 0.45234375 0.5859375 0.0703125 0.090625
3 0.0515625 0.77265625 0.078125 0.0796875
3 0.771875 0.33515625 0.0859375 0.0875
3 0.55390625 0.0984375 0.0734375 0.103125
3 0.8609375 0.08671875 0.078125 0.0921875
3 0.54921875 0.29765625 0.0875 0.0890625
3 0.07734375 0.134375 0.08125 0.0828125
3 0.165625 0.7390625 0.075 0.096875
3 0.43203125 0.35859375 0.078125 0.078125
3 0.7703125 0.8328125 0.065625 0.103125
3 0.828125 0.30234375 0.075 0.1046875
3 0.27890625 0.12890625 0.078125 0.078125
3 0.25625 0.371875 0.071875 0.090625
3 0.40703125 0.82421875 0.06875 0.0921875
3 0.496875 0.3203125 0.0859375 0.0859375
3 0.78359375 0.06171875 0.0890625 0.0875
3 0.65078125 0.92265625 0.08125 0.08125
3 0.34140625 0.74453125 0.0828125 0.0890625
3 0.1640625 0.41171875 0.071875 0.0984375
3 0.19140625 0.16171875 0.0765625 0.0765625
3 0.553125 0.95078125 0.065625 0.0984375
3 0.290625 0.60703125 0.0765625 0.0765625
3 0.3390625 0.1859375 0.075 0.09375
3 0.59765625 0.5953125 0.084375 0.084375
3 0.4796875 0.08125 0.065625 0.103125
3 0.8203125 0.58828125 0.0796875 0.078125
3 0.9296875 0.4859375 0.071875 0.078125
3 0.87734375 0.79140625 0.0640625 0.096875
5 0.5328125 0.6140625 0.0875 0.121875
3 0.26953125 0.93359375 0.05625 0.1109375
3 0.96328125 0.73125 0.0734375 0.08125
3 0.934375 0.353125 0.078125 0.078125
3 0.30546875 0.5109375 0.0671875 0.090625
3 0.73125 0.5546875 0.078125 0.103125
3 0.825 0.790625 0.078125 0.078125
3 0.28203125 0.07109375 0.0640625 0.1125
0 0.60859375 0.33671875 0.096875 0.1296875
3 0.890625 0.41640625 0.08125 0.0796875
3 0.14609375 0.23515625 0.0859375 0.0890625
3 0.33515625 0.4328125 0.0734375 0.0734375
3 0.51796875 0.70078125 0.084375 0.084375
3 0.184375 0.42109375 0.084375 0.0828125
3 0.46484375 0.103125 0.0828125 0.08125
3 0.2859375 0.46953125 0.084375 0.084375
3 0.6625 0.17890625 0.0734375 0.075
5 0.7375 0.78828125 0.11875 0.11875
3 0.7 0.86484375 0.065625 0.0671875