3 0.809375 0.12265625 0.06875 0.090625
3 0.75078125 0.2265625 0.078125 0.0765625
3 0.8609375 0.56484375 0.084375 0.0828125
3 0.74296875 0.74765625 0.0625 0.1078125
3 0.3015625 0.81796875 0.0796875 0.0796875
3 0.15 0.7734375 0.0625 0.096875
3 0.903125 0.3265625 0.0796875 0.0796875
3 0.18125 0.91171875 0.0859375 0.0859375
3 0.2265625 0.7125 0.08125 0.08125
3 0.48828125 0.8328125 0.0796875 0.08125
3 0.64453125 0.5515625 0.0765625 0.1125
1 0.3953125 0.90703125 0.090625 0.0890625
3 0.74296875 0.92578125 0.0875 0.0890625
3 0.065625 0.6890625 0.078125 0.078125
3 0.0796875 0.79140625 0.0921875 0.09375
3 0.95390625 0.1484375 0.0921875 0.1
3 0.3796875 0.57109375 0.078125 0.078125
3 0.95859375 0.78515625 0.0734375 0.0921875
3 0.6359375 0.371875 0.071875 0.109375
3 0.79453125 0.78203125 0.0609375 0.1046875
3 0.4359375 0.16015625 0.071875 0.1046875
3 0.49296875 0.1671875 0.0921875 0.090625
3 0.2875 0.39375 0.0828125 0.0828125
3 0.86171875 0.828125 0.0546875 0.1375
3 0.43125 0.22578125 0.0875 0.0859375