3 0.6859375 0.29375 0.096875 0.084375
3 0.89140625 0.81875 0.09375 0.09375
3 0.3890625 0.903125 0.09375 0.0640625
3 0.70625 0.6 0.10625 0.078125
3 0.8515625 0.89375 0.1 0.078125
3 0.22265625 0.9015625 0.0921875 0.090625
3 0.05625 0.45625 0.1 0.075
3 0.1328125 0.36640625 0.084375 0.0859375
3 0.759375 0.91015625 0.0890625 0.0890625
3 0.59296875 0.9296875 0.0828125 0.08125
3 0.46328125 0.55390625 0.0875 0.0875
3 0.1046875 0.73984375 0.096875 0.0703125
3 0.09453125 0.11328125 0.090625 0.0671875
3 0.17890625 0.4359375 0.0875 0.0890625
3 0.8859375 0.578125 0.090625 0.090625
3 0.72265625 0.54375 0.1046875 0.078125
3 0.8703125 0.2203125 0.096875 0.090625
3 0.2796875 0.61796875 0.084375 0.0640625
3 0.48203125 0.4390625 0.0921875 0.090625
3 0.7984375 0.75 0.0859375 0.0859375
3 0.25390625 0.0578125 0.096875 0.071875
3 0.18828125 0.646875 0.0875 0.0890625
3 0.94609375 0.275 0.0953125 0.078125
3 0.36171875 0.5390625 0.0875 0.065625
3 0.5796875 0.640625 0.0765625 0.0765625
3 0.94140625 0.546875 0.096875 0.0953125
3 0.32734375 0.4796875 0.1078125 0.071875
3 0.12890625 0.23515625 0.0921875 0.0796875
0 0.3046875 0.85859375 0.1046875 0.10625
3 0.27421875 0.16328125 0.0953125 0.0734375
3 0.2109375 0.784375 0.0765625 0.0765625
3 0.48984375 0.909375 0.090625 0.090625
3 0.928125 0.11796875 0.1 0.0703125
3 0.45390625 0.79296875 0.0828125 0.0828125
3 0.51015625 0.8734375 0.1015625 0.075
3 0.83671875 0.3390625 0.0890625 0.0890625
3 0.421875 0.7109375 0.084375 0.084375
3 0.31640625 0.7515625 0.096875 0.0953125
3 0.428125 0.2515625 0.0890625 0.0890625
3 0.16328125 0.8125 0.1 0.0625