3 0.6859375 0.70625 0.096875 0.084375
3 0.89140625 0.18125 0.09375 0.09375
3 0.3890625 0.096875 0.09375 0.0625
3 0.70625 0.4 0.0921875 0.0921875
3 0.8515625 0.10625 0.0890625 0.0890625
3 0.22265625 0.0984375 0.0921875 0.090625
3 0.05625 0.54375 0.1 0.075
3 0.1328125 0.63359375 0.084375 0.0859375
3 0.759375 0.08984375 0.0890625 0.0875
3 0.59296875 0.0703125 0.0828125 0.08125
3 0.46328125 0.44609375 0.0953125 0.0796875
3 0.1046875 0.26015625 0.084375 0.084375
3 0.09453125 0.88671875 0.078125 0.078125
3 0.17890625 0.5640625 0.0875 0.0890625
3 0.8859375 0.421875 0.1 0.08125
3 0.72265625 0.45625 0.090625 0.090625
3 0.8703125 0.7796875 0.09375 0.09375
3 0.2796875 0.38203125 0.084375 0.0640625
3 0.48203125 0.5609375 0.0921875 0.090625
3 0.7984375 0.25 0.096875 0.075
3 0.25390625 0.9421875 0.096875 0.071875
3 0.18828125 0.353125 0.0875 0.0890625
3 0.94609375 0.725 0.0875 0.0875
3 0.36171875 0.4609375 0.0875 0.065625
3 0.5796875 0.359375 0.084375 0.06875
3 0.94140625 0.453125 0.096875 0.0953125
3 0.32734375 0.5203125 0.0890625 0.090625
3 0.12890625 0.76484375 0.0859375 0.0859375
0 0.3046875 0.14140625 0.121875 0.0890625
3 0.27421875 0.83671875 0.084375 0.084375
3 0.2109375 0.215625 0.084375 0.06875
3 0.48984375 0.090625 0.1015625 0.08125
3 0.928125 0.88203125 0.084375 0.0859375
3 0.45390625 0.20703125 0.0828125 0.0828125
3 0.51015625 0.1265625 0.1015625 0.075
3 0.83671875 0.6609375 0.0890625 0.0890625
3 0.421875 0.2890625 0.10625 0.0625
3 0.31640625 0.2484375 0.096875 0.0953125
3 0.428125 0.7484375 0.0890625 0.0890625
3 0.16328125 0.1875 0.1 0.0625