3 0.53828125 0.79609375 0.0875 0.0875
3 0.3359375 0.23828125 0.075 0.075
3 0.06953125 0.453125 0.096875 0.0625
3 0.9078125 0.3171875 0.1 0.071875
3 0.3875 0.9015625 0.103125 0.071875
3 0.16953125 0.696875 0.1078125 0.071875
3 0.759375 0.40078125 0.0796875 0.08125
3 0.8828125 0.6640625 0.0859375 0.0859375
3 0.6921875 0.6140625 0.0765625 0.0765625
3 0.50703125 0.46015625 0.0890625 0.0671875
3 0.1296875 0.3109375 0.0765625 0.0765625
3 0.7921875 0.5890625 0.0734375 0.0734375
3 0.27265625 0.84375 0.09375 0.0953125
3 0.3125 0.13671875 0.0734375 0.071875
3 0.2578125 0.95703125 0.090625 0.0640625
3 0.15703125 0.85859375 0.0765625 0.0765625
3 0.8859375 0.5234375 0.078125 0.078125
3 0.778125 0.703125 0.0875 0.071875
3 0.82734375 0.94609375 0.090625 0.0734375
3 0.3890625 0.540625 0.1 0.075
3 0.63046875 0.28046875 0.084375 0.0703125
3 0.29453125 0.5109375 0.0796875 0.078125
3 0.71484375 0.87578125 0.0890625 0.0734375
3 0.64296875 0.83046875 0.0796875 0.059375
3 0.67109375 0.0890625 0.0859375 0.084375
3 0.07578125 0.090625 0.0796875 0.0625
3 0.07578125 0.5703125 0.0921875 0.065625
3 0.4546875 0.95 0.084375 0.06875
3 0.31328125 0.05859375 0.078125 0.078125
3 0.2859375 0.753125 0.08125 0.08125
3 0.15546875 0.13671875 0.0875 0.0875
3 0.2171875 0.22421875 0.0609375 0.0609375
3 0.79921875 0.8953125 0.0796875 0.0625
3 0.79609375 0.81328125 0.1078125 0.0703125
3 0.68046875 0.16796875 0.0796875 0.0578125
3 0.26171875 0.59375 0.0875 0.06875
3 0.115625 0.1859375 0.096875 0.06875
3 0.7984375 0.33828125 0.078125 0.078125
3 0.89609375 0.1234375 0.0953125 0.0625
3 0.6015625 0.0546875 0.0875 0.0875
3 0.4265625 0.16875 0.075 0.075
3 0.56953125 0.396875 0.1109375 0.075
3 0.7828125 0.1609375 0.1 0.090625
3 0.5140625 0.37734375 0.078125 0.078125
3 0.43671875 0.06953125 0.0875 0.0875
3 0.8578125 0.8 0.084375 0.059375
3 0.246875 0.4421875 0.06875 0.06875
3 0.35 0.7390625 0.06875 0.06875
3 0.15703125 0.57421875 0.0796875 0.0734375
3 0.1671875 0.05546875 0.06875 0.06875
3 0.578125 0.178125 0.0796875 0.0796875
3 0.396875 0.8125 0.10625 0.075
3 0.54765625 0.96328125 0.071875 0.071875
3 0.92890625 0.84921875 0.0734375 0.0734375
3 0.09453125 0.759375 0.0953125 0.06875
3 0.21328125 0.48984375 0.0859375 0.0859375
3 0.4734375 0.2078125 0.075 0.084375
3 0.7765625 0.1 0.071875 0.075
3 0.6328125 0.196875 0.0625 0.06875
3 0.940625 0.19609375 0.0875 0.0859375
3 0.05078125 0.9015625 0.1015625 0.059375
3 0.17265625 0.6109375 0.0984375 0.071875
3 0.1859375 0.521875 0.075 0.06875
3 0.94140625 0.93125 0.0875 0.0625
6 0.51171875 0.5421875 0.1125 0.1109375
3 0.2125 0.04296875 0.071875 0.0734375