3 0.6140625 0.26328125 0.071875 0.071875
3 0.8484375 0.23203125 0.071875 0.071875
3 0.46875 0.09140625 0.071875 0.071875
3 0.25859375 0.64140625 0.065625 0.065625
3 0.690625 0.54609375 0.075 0.075
3 0.1328125 0.0796875 0.0734375 0.0734375
3 0.5171875 0.4109375 0.06875 0.096875
3 0.48203125 0.7140625 0.0796875 0.078125
3 0.271875 0.73203125 0.0625 0.090625
3 0.2234375 0.5984375 0.053125 0.065625
3 0.2359375 0.51171875 0.071875 0.0671875
3 0.3703125 0.21796875 0.0828125 0.0828125
3 0.41171875 0.29140625 0.065625 0.065625
3 0.259375 0.29765625 0.05625 0.0828125
3 0.2953125 0.84921875 0.078125 0.078125
3 0.846875 0.93828125 0.0828125 0.084375
3 0.89453125 0.86640625 0.0640625 0.078125
3 0.4796875 0.3328125 0.071875 0.078125
3 0.6828125 0.103125 0.06875 0.078125
3 0.34375 0.57890625 0.0625 0.1046875
3 0.72578125 0.31171875 0.084375 0.084375
3 0.76171875 0.8515625 0.0953125 0.0953125
3 0.771875 0.396875 0.0828125 0.0828125
3 0.5265625 0.178125 0.065625 0.0875
3 0.94140625 0.5453125 0.08125 0.08125
3 0.1015625 0.1890625 0.065625 0.084375
3 0.84296875 0.07265625 0.0671875 0.0953125
3 0.4921875 0.884375 0.071875 0.09375
3 0.1703125 0.29296875 0.0765625 0.0765625
3 0.62734375 0.43046875 0.0671875 0.0875
3 0.46484375 0.7828125 0.0828125 0.0828125
3 0.1203125 0.55390625 0.075 0.075
3 0.22265625 0.41015625 0.071875 0.0890625
3 0.83203125 0.49453125 0.0640625 0.078125
3 0.8828125 0.1859375 0.078125 0.078125
3 0.23671875 0.06640625 0.0640625 0.0796875
3 0.90703125 0.63828125 0.065625 0.0921875
3 0.49609375 0.24140625 0.0859375 0.0859375
3 0.87109375 0.56171875 0.0609375 0.0921875
3 0.57578125 0.465625 0.0734375 0.075
3 0.85546875 0.67109375 0.0625 0.0625
3 0.2390625 0.38046875 0.071875 0.0984375
3 0.9421875 0.83046875 0.0625 0.0828125
3 0.1515625 0.53828125 0.059375 0.0890625
3 0.15859375 0.3734375 0.06875 0.0703125
3 0.3421875 0.63984375 0.078125 0.078125
3 0.89375 0.73515625 0.06875 0.0890625
4 0.2859375 0.07421875 0.1 0.1
3 0.42734375 0.59140625 0.078125 0.078125
3 0.23125 0.95234375 0.078125 0.078125
3 0.103125 0.37578125 0.059375 0.0734375
3 0.05234375 0.840625 0.0671875 0.084375
3 0.3859375 0.57109375 0.06875 0.0953125
6 0.503125 0.6171875 0.1140625 0.1140625
0 0.78984375 0.20234375 0.0609375 0.1265625
3 0.075 0.1265625 0.0625 0.090625
3 0.1 0.9453125 0.078125 0.084375
3 0.75546875 0.4609375 0.084375 0.0828125
3 0.853125 0.76953125 0.071875 0.090625
3 0.97109375 0.9140625 0.0578125 0.078125
3 0.83125 0.15234375 0.0625 0.0625
3 0.7953125 0.5125 0.078125 0.078125