3 0.26328125 0.3859375 0.071875 0.071875
3 0.23203125 0.1515625 0.071875 0.071875
3 0.09140625 0.53125 0.071875 0.071875
3 0.64140625 0.74140625 0.078125 0.0546875
3 0.54609375 0.309375 0.0875 0.0625
3 0.0796875 0.8671875 0.078125 0.06875
3 0.4109375 0.4828125 0.096875 0.06875
3 0.7140625 0.51796875 0.078125 0.0796875
3 0.73203125 0.728125 0.090625 0.0625
3 0.5984375 0.7765625 0.059375 0.059375
3 0.51171875 0.7640625 0.0671875 0.071875
3 0.21796875 0.6296875 0.0828125 0.0828125
3 0.29140625 0.58828125 0.065625 0.065625
3 0.29765625 0.740625 0.0828125 0.05625
3 0.84921875 0.7046875 0.078125 0.078125
3 0.93828125 0.153125 0.084375 0.0828125
3 0.86640625 0.10546875 0.071875 0.071875
3 0.3328125 0.5203125 0.078125 0.071875
3 0.103125 0.3171875 0.0734375 0.0734375
3 0.57890625 0.65625 0.1046875 0.0625
3 0.31171875 0.27421875 0.084375 0.084375
3 0.8515625 0.23828125 0.109375 0.08125
3 0.396875 0.228125 0.0828125 0.084375
3 0.178125 0.4734375 0.0765625 0.0765625
3 0.5453125 0.05859375 0.08125 0.08125
3 0.1890625 0.8984375 0.075 0.075
3 0.07265625 0.15703125 0.0953125 0.0671875
3 0.884375 0.5078125 0.0828125 0.0828125
3 0.29296875 0.8296875 0.0765625 0.0765625
3 0.43046875 0.37265625 0.078125 0.078125
3 0.7828125 0.53515625 0.1 0.065625
3 0.55390625 0.8796875 0.075 0.075
3 0.41015625 0.77734375 0.0796875 0.08125
3 0.49453125 0.16796875 0.071875 0.0703125
3 0.1859375 0.1171875 0.078125 0.078125
3 0.06640625 0.76328125 0.0796875 0.0640625
3 0.63828125 0.09296875 0.078125 0.078125
3 0.24140625 0.50390625 0.0859375 0.0859375
3 0.56171875 0.12890625 0.0921875 0.0609375
3 0.465625 0.42421875 0.075 0.0734375
3 0.67109375 0.14453125 0.0765625 0.0484375
3 0.38046875 0.7609375 0.084375 0.0859375
3 0.83046875 0.0578125 0.0828125 0.0625
3 0.53828125 0.8484375 0.0890625 0.059375
3 0.3734375 0.84140625 0.0703125 0.06875
3 0.63984375 0.6578125 0.078125 0.078125
3 0.73515625 0.10625 0.078125 0.0796875
4 0.07421875 0.7140625 0.1078125 0.090625
3 0.59140625 0.57265625 0.078125 0.078125
3 0.95234375 0.76875 0.0890625 0.065625
3 0.37578125 0.896875 0.0734375 0.059375
3 0.840625 0.94765625 0.084375 0.0671875
3 0.57109375 0.6140625 0.08125 0.08125
6 0.6171875 0.496875 0.115625 0.1125
0 0.20234375 0.21015625 0.09375 0.09375
3 0.1265625 0.925 0.0765625 0.0765625
3 0.9453125 0.9 0.08125 0.08125
3 0.4609375 0.24453125 0.090625 0.0765625
3 0.76953125 0.146875 0.08125 0.08125
3 0.9140625 0.02890625 0.078125 0.0578125
3 0.15234375 0.16875 0.0625 0.0625
3 0.5125 0.2046875 0.090625 0.065625