3 0.3859375 0.73671875 0.071875 0.071875
3 0.1515625 0.76796875 0.059375 0.084375
3 0.53125 0.90859375 0.071875 0.071875
3 0.74140625 0.35859375 0.065625 0.065625
3 0.309375 0.45390625 0.075 0.075
3 0.8671875 0.9203125 0.0734375 0.0734375
3 0.4828125 0.5890625 0.0828125 0.0828125
3 0.51796875 0.2859375 0.0796875 0.078125
3 0.728125 0.26796875 0.0625 0.090625
3 0.7765625 0.4015625 0.053125 0.065625
3 0.7640625 0.48828125 0.06875 0.0703125
3 0.6296875 0.78203125 0.0828125 0.0828125
3 0.58828125 0.70859375 0.065625 0.065625
3 0.740625 0.70234375 0.06875 0.0703125
3 0.7046875 0.15078125 0.078125 0.078125
3 0.153125 0.06171875 0.0828125 0.084375
3 0.10546875 0.13359375 0.0640625 0.078125
3 0.5203125 0.6671875 0.075 0.075
3 0.3171875 0.896875 0.06875 0.078125
3 0.65625 0.42109375 0.084375 0.084375
3 0.27421875 0.68828125 0.0859375 0.084375
3 0.23828125 0.1484375 0.08125 0.109375
3 0.228125 0.603125 0.075 0.090625
3 0.4734375 0.821875 0.065625 0.0875
3 0.05859375 0.4546875 0.0578125 0.103125
3 0.8984375 0.8109375 0.075 0.0765625
3 0.15703125 0.92734375 0.08125 0.08125
3 0.5078125 0.115625 0.071875 0.09375
3 0.8296875 0.70703125 0.0625 0.090625
3 0.37265625 0.56953125 0.0671875 0.0875
3 0.53515625 0.2171875 0.065625 0.1
3 0.8796875 0.44609375 0.075 0.075
3 0.77734375 0.58984375 0.08125 0.0796875
3 0.16796875 0.50546875 0.0703125 0.071875
3 0.1171875 0.8140625 0.078125 0.078125
3 0.76328125 0.93359375 0.071875 0.071875
3 0.09296875 0.36171875 0.078125 0.078125
3 0.50390625 0.75859375 0.0859375 0.0859375
3 0.12890625 0.43828125 0.0609375 0.0921875
3 0.42421875 0.534375 0.0734375 0.075
3 0.14453125 0.32890625 0.0484375 0.0765625
3 0.7609375 0.61953125 0.0859375 0.084375
3 0.0578125 0.16953125 0.0734375 0.071875
3 0.8484375 0.46171875 0.059375 0.0890625
3 0.84140625 0.6265625 0.06875 0.0703125
3 0.6578125 0.36015625 0.078125 0.078125
3 0.10625 0.26484375 0.06875 0.0890625
4 0.7140625 0.92578125 0.090625 0.1078125
3 0.57265625 0.40859375 0.0703125 0.0859375
3 0.76875 0.04765625 0.065625 0.0890625
3 0.896875 0.62421875 0.065625 0.0671875
3 0.94765625 0.159375 0.0671875 0.084375
3 0.6140625 0.42890625 0.08125 0.08125
6 0.496875 0.3828125 0.1140625 0.1125
0 0.21015625 0.79765625 0.0609375 0.1265625
3 0.925 0.8734375 0.0625 0.090625
3 0.9 0.0546875 0.078125 0.084375
3 0.24453125 0.5390625 0.084375 0.0828125
3 0.146875 0.23046875 0.08125 0.08125
3 0.03203125 0.08671875 0.0640625 0.0671875
3 0.16875 0.84765625 0.04375 0.0796875
3 0.2046875 0.4875 0.078125 0.078125