3 0.57265625 0.64453125 0.0671875 0.0921875
3 0.07109375 0.74453125 0.0703125 0.0921875
3 0.47109375 0.68046875 0.06875 0.0671875
3 0.1484375 0.79453125 0.075 0.075
3 0.4390625 0.53515625 0.084375 0.084375
3 0.72109375 0.596875 0.075 0.0765625
3 0.08671875 0.95390625 0.06875 0.0765625
3 0.784375 0.609375 0.06875 0.09375
3 0.79609375 0.9515625 0.0640625 0.0640625
3 0.84609375 0.8046875 0.084375 0.0859375
3 0.7421875 0.70390625 0.078125 0.1015625
3 0.903125 0.4609375 0.06875 0.096875
3 0.346875 0.3828125 0.0828125 0.0828125
3 0.70625 0.85546875 0.08125 0.08125
3 0.06640625 0.13359375 0.090625 0.090625
3 0.82109375 0.4859375 0.0703125 0.090625
3 0.303125 0.08203125 0.0828125 0.0828125
3 0.2328125 0.80859375 0.059375 0.0828125
3 0.92890625 0.5984375 0.06875 0.06875
3 0.51953125 0.43828125 0.071875 0.071875
3 0.3859375 0.90234375 0.0796875 0.0796875
3 0.8328125 0.659375 0.0671875 0.0671875
3 0.41015625 0.81328125 0.071875 0.071875
3 0.47578125 0.77109375 0.0734375 0.0921875
3 0.95 0.88203125 0.065625 0.065625
3 0.5234375 0.55546875 0.0671875 0.0671875
3 0.0859375 0.8390625 0.0890625 0.0890625
3 0.3375 0.215625 0.071875 0.071875
3 0.821875 0.32109375 0.084375 0.084375
3 0.1546875 0.18046875 0.0828125 0.08125
3 0.41328125 0.71640625 0.0640625 0.0890625
3 0.1703125 0.35390625 0.065625 0.065625
3 0.4828125 0.87890625 0.084375 0.084375
3 0.590625 0.29453125 0.0765625 0.075
3 0.6484375 0.9265625 0.078125 0.078125
3 0.60625 0.11875 0.065625 0.0875
3 0.8453125 0.14296875 0.08125 0.08125
3 0.9484375 0.2921875 0.075 0.075
3 0.91484375 0.71796875 0.0859375 0.0859375
3 0.87890625 0.91171875 0.06875 0.06875
3 0.6609375 0.4890625 0.065625 0.084375
3 0.559375 0.87265625 0.071875 0.0828125
3 0.69375 0.24921875 0.0625 0.0796875
0 0.6625 0.13515625 0.0953125 0.0953125
3 0.46953125 0.28671875 0.0671875 0.0671875
3 0.5328125 0.80546875 0.0625 0.078125
3 0.734375 0.29453125 0.0640625 0.065625
3 0.56328125 0.0625 0.0671875 0.075
3 0.5453125 0.31953125 0.071875 0.0890625
3 0.81953125 0.88984375 0.0703125 0.0703125
3 0.9640625 0.5109375 0.071875 0.084375
3 0.1203125 0.19453125 0.0625 0.0984375
3 0.0640625 0.24921875 0.05 0.0734375
3 0.50390625 0.18125 0.06875 0.06875
3 0.3625 0.11328125 0.065625 0.0671875
3 0.59765625 0.19296875 0.065625 0.065625
3 0.76484375 0.46328125 0.065625 0.065625
3 0.275 0.928125 0.05625 0.08125
3 0.6484375 0.34765625 0.065625 0.0765625
3 0.2640625 0.13203125 0.053125 0.0703125
3 0.12578125 0.03828125 0.0609375 0.0765625
3 0.76328125 0.3671875 0.0453125 0.1
3 0.4234375 0.0875 0.05 0.065625
3 0.753125 0.89765625 0.05625 0.05625
3 0.209375 0.303125 0.05625 0.0625
3 0.678125 0.06015625 0.0828125 0.0828125
3 0.903125 0.80703125 0.06875 0.0671875
3 0.15 0.42109375 0.05 0.0640625
3 0.2953125 0.57734375 0.053125 0.0671875
3 0.59765625 0.39296875 0.0703125 0.0703125
3 0.28515625 0.19296875 0.065625 0.0640625
3 0.709375 0.43203125 0.06875 0.0671875
3 0.25234375 0.66484375 0.0453125 0.0734375
3 0.2390625 0.04140625 0.075 0.075
3 0.65703125 0.42109375 0.0609375 0.0734375
3 0.5953125 0.42265625 0.059375 0.059375
3 0.9265625 0.36171875 0.046875 0.0609375
3 0.97109375 0.1328125 0.0578125 0.084375
3 0.884375 0.07890625 0.0625 0.0640625
3 0.02578125 0.2109375 0.05 0.075