3 0.42734375 0.64453125 0.0671875 0.0921875
3 0.92890625 0.74453125 0.0703125 0.0921875
3 0.52890625 0.68046875 0.06875 0.0671875
3 0.8515625 0.79453125 0.06875 0.0828125
3 0.5609375 0.53515625 0.084375 0.084375
3 0.27890625 0.596875 0.075 0.0765625
3 0.91328125 0.95390625 0.071875 0.071875
3 0.215625 0.609375 0.08125 0.08125
3 0.20390625 0.9515625 0.05625 0.071875
3 0.15390625 0.8046875 0.0671875 0.103125
3 0.2578125 0.70390625 0.078125 0.1015625
3 0.096875 0.4609375 0.0828125 0.0828125
3 0.653125 0.3828125 0.0828125 0.0828125
3 0.29375 0.85546875 0.06875 0.0921875
3 0.93359375 0.13359375 0.0796875 0.1015625
3 0.17890625 0.4859375 0.08125 0.0796875
3 0.696875 0.08203125 0.08125 0.0828125
3 0.7671875 0.80859375 0.071875 0.071875
3 0.07109375 0.5984375 0.059375 0.078125
3 0.48046875 0.43828125 0.0671875 0.0765625
3 0.6140625 0.90234375 0.0796875 0.0796875
3 0.1671875 0.659375 0.05625 0.078125
3 0.58984375 0.81328125 0.0640625 0.0796875
3 0.52421875 0.77109375 0.0828125 0.0828125
3 0.05 0.88203125 0.0625 0.0703125
3 0.4765625 0.55546875 0.059375 0.0734375
3 0.9140625 0.8390625 0.0890625 0.0890625
3 0.6625 0.215625 0.071875 0.071875
3 0.178125 0.32109375 0.075 0.0953125
3 0.8453125 0.18046875 0.0828125 0.08125
3 0.58671875 0.71640625 0.0640625 0.0890625
3 0.8296875 0.35390625 0.059375 0.071875
3 0.5171875 0.87890625 0.071875 0.0953125
3 0.409375 0.29453125 0.06875 0.0828125
3 0.3515625 0.9265625 0.078125 0.078125
3 0.39375 0.11875 0.065625 0.0875
3 0.1546875 0.14296875 0.08125 0.08125
3 0.0515625 0.2921875 0.065625 0.084375
3 0.08515625 0.71796875 0.0796875 0.0921875
3 0.12109375 0.91171875 0.06875 0.06875
3 0.3390625 0.4890625 0.065625 0.084375
3 0.440625 0.87265625 0.078125 0.078125
3 0.30625 0.24921875 0.0625 0.0796875
0 0.3375 0.13515625 0.0953125 0.0953125
3 0.53046875 0.28671875 0.0671875 0.0671875
3 0.4671875 0.80546875 0.0703125 0.0703125
3 0.265625 0.29453125 0.0640625 0.065625
3 0.43671875 0.0625 0.0671875 0.075
3 0.4546875 0.31953125 0.071875 0.0890625
3 0.18046875 0.88984375 0.0578125 0.0828125
3 0.0375 0.51171875 0.075 0.0765625
3 0.8796875 0.19453125 0.08125 0.0796875
3 0.9359375 0.24921875 0.05 0.0734375
3 0.49609375 0.18125 0.06875 0.06875
3 0.6375 0.11328125 0.065625 0.0671875
3 0.40234375 0.19296875 0.059375 0.0734375
3 0.23515625 0.46328125 0.0578125 0.071875
3 0.725 0.928125 0.05625 0.08125
3 0.3515625 0.34765625 0.0703125 0.0703125
3 0.7359375 0.13203125 0.053125 0.0703125
3 0.87421875 0.03828125 0.0609375 0.0765625
3 0.23671875 0.3671875 0.071875 0.0734375
3 0.5765625 0.0875 0.05 0.065625
3 0.246875 0.89765625 0.05 0.0640625
3 0.790625 0.303125 0.059375 0.059375
3 0.321875 0.06015625 0.0828125 0.0828125
3 0.096875 0.80703125 0.05 0.0859375
3 0.85 0.42109375 0.05 0.0640625
3 0.7046875 0.57734375 0.059375 0.0609375
3 0.40234375 0.39296875 0.0703125 0.0703125
3 0.71484375 0.19296875 0.065625 0.0640625
3 0.290625 0.43203125 0.0671875 0.0671875
3 0.74765625 0.66484375 0.059375 0.059375
3 0.7609375 0.04140625 0.071875 0.0765625
3 0.34296875 0.42109375 0.0671875 0.0671875
3 0.4046875 0.42265625 0.059375 0.059375
3 0.0734375 0.36171875 0.0546875 0.053125
3 0.02890625 0.1328125 0.0578125 0.084375
3 0.115625 0.07890625 0.06875 0.0578125
3 0.971875 0.21171875 0.05625 0.0640625