3 0.409375 0.546875 0.084375 0.084375
3 0.89375 0.66171875 0.078125 0.0609375
3 0.940625 0.10703125 0.09375 0.0671875
3 0.58828125 0.80546875 0.078125 0.078125
3 0.77890625 0.0828125 0.084375 0.084375
3 0.809375 0.884375 0.0875 0.065625
3 0.72578125 0.1546875 0.084375 0.084375
3 0.07578125 0.56015625 0.0796875 0.0578125
3 0.21015625 0.496875 0.1015625 0.06875
3 0.796875 0.4125 0.08125 0.08125
3 0.871875 0.2015625 0.071875 0.071875
3 0.2359375 0.59921875 0.0875 0.0609375
3 0.40390625 0.740625 0.0859375 0.0625
3 0.325 0.65234375 0.071875 0.0703125
3 0.4796875 0.4984375 0.08125 0.065625
3 0.115625 0.3296875 0.0796875 0.0796875
3 0.465625 0.265625 0.075 0.075
3 0.1546875 0.7125 0.090625 0.0703125
3 0.2640625 0.70234375 0.1 0.06875
3 0.4234375 0.628125 0.0796875 0.0796875
3 0.9328125 0.83984375 0.115625 0.0765625
3 0.625 0.15625 0.0734375 0.0734375
3 0.30625 0.8171875 0.09375 0.071875
3 0.33515625 0.48359375 0.0984375 0.0703125
3 0.28359375 0.12734375 0.0796875 0.0609375
3 0.58828125 0.26171875 0.0953125 0.0671875
3 0.56015625 0.08359375 0.0921875 0.0734375
3 0.0734375 0.24453125 0.078125 0.0578125
3 0.88828125 0.2859375 0.084375 0.084375
3 0.81328125 0.55625 0.078125 0.078125
3 0.4609375 0.8828125 0.0953125 0.0953125
3 0.7453125 0.49140625 0.0765625 0.0765625
3 0.70546875 0.44453125 0.0953125 0.078125
3 0.28359375 0.41328125 0.109375 0.0796875
3 0.178125 0.2234375 0.09375 0.065625
3 0.09609375 0.159375 0.1 0.05625
3 0.87578125 0.365625 0.0796875 0.06875
3 0.2046875 0.1015625 0.075 0.053125
3 0.578125 0.03984375 0.1 0.0734375
3 0.2203125 0.23984375 0.08125 0.08125
3 0.68828125 0.55625 0.0734375 0.071875
3 0.7203125 0.8359375 0.09375 0.065625
3 0.1921875 0.8390625 0.103125 0.090625
3 0.12265625 0.10546875 0.065625 0.065625
3 0.7640625 0.81953125 0.084375 0.084375
3 0.84765625 0.340625 0.08125 0.08125
6 0.5609375 0.55390625 0.1140625 0.1140625
3 0.07578125 0.97578125 0.0796875 0.0421875