3 0.1109375 0.71953125 0.078125 0.078125
3 0.4859375 0.2203125 0.059375 0.084375
3 0.29140625 0.52265625 0.0765625 0.0765625
3 0.6328125 0.46953125 0.071875 0.0921875
3 0.18046875 0.0671875 0.0671875 0.084375
3 0.803125 0.34375 0.06875 0.084375
3 0.65 0.80859375 0.0625 0.1015625
3 0.7046875 0.096875 0.06875 0.090625
3 0.734375 0.34765625 0.0859375 0.0859375
3 0.228125 0.8609375 0.06875 0.06875
3 0.28984375 0.3078125 0.0828125 0.0828125
3 0.71875 0.71171875 0.0703125 0.0703125
3 0.928125 0.4453125 0.05625 0.084375
3 0.40859375 0.11328125 0.0859375 0.084375
3 0.26015625 0.91796875 0.06875 0.1015625
3 0.59375 0.890625 0.05625 0.075
3 0.83125 0.68515625 0.071875 0.071875
3 0.259375 0.16328125 0.075 0.0734375
3 0.1578125 0.2390625 0.08125 0.08125
3 0.5875 0.0609375 0.059375 0.078125
3 0.4234375 0.61796875 0.0765625 0.0765625
3 0.90625 0.346875 0.05625 0.0875
3 0.49921875 0.9109375 0.075 0.0765625
3 0.84375 0.8609375 0.0734375 0.0734375
3 0.5890625 0.684375 0.071875 0.071875
3 0.3421875 0.1203125 0.065625 0.0875
3 0.759375 0.903125 0.05625 0.075
3 0.8421875 0.60390625 0.0734375 0.0734375
3 0.4953125 0.70546875 0.075 0.075
3 0.3765625 0.903125 0.059375 0.0875
3 0.5875 0.18359375 0.053125 0.103125
3 0.1828125 0.653125 0.0875 0.0875
3 0.4734375 0.571875 0.08125 0.08125
3 0.36328125 0.825 0.0640625 0.078125
3 0.309375 0.24453125 0.071875 0.0921875
3 0.0921875 0.140625 0.053125 0.109375
3 0.51640625 0.79453125 0.0578125 0.0921875
3 0.2640625 0.66796875 0.059375 0.0859375
3 0.84375 0.2828125 0.05625 0.078125
3 0.7859375 0.23125 0.0640625 0.0640625
6 0.1046875 0.47890625 0.0953125 0.0953125
3 0.315625 0.628125 0.06875 0.090625
3 0.25546875 0.79765625 0.078125 0.078125
3 0.03828125 0.2671875 0.0765625 0.075
3 0.18984375 0.49921875 0.0578125 0.0640625
3 0.22578125 0.23125 0.0796875 0.078125
3 0.32109375 0.91640625 0.0625 0.0625
3 0.11796875 0.621875 0.0578125 0.090625
3 0.71171875 0.7890625 0.0859375 0.084375
3 0.690625 0.528125 0.071875 0.071875
3 0.33671875 0.17578125 0.06875 0.06875
3 0.8734375 0.73046875 0.075 0.075
3 0.33828125 0.478125 0.0515625 0.09375
3 0.66484375 0.92421875 0.0546875 0.0734375
3 0.0453125 0.3265625 0.06875 0.08125
3 0.1359375 0.34140625 0.0703125 0.071875
3 0.203125 0.61484375 0.05 0.075
3 0.7515625 0.490625 0.05 0.1125
3 0.8984375 0.61171875 0.0625 0.0625
3 0.465625 0.828125 0.05625 0.09375
1 0.81640625 0.12890625 0.0921875 0.090625
3 0.80390625 0.54921875 0.0515625 0.0703125
3 0.153125 0.87265625 0.075 0.075
3 0.5734375 0.64609375 0.0703125 0.071875
3 0.60078125 0.76328125 0.065625 0.065625
3 0.7859375 0.74921875 0.0640625 0.065625
3 0.3859375 0.48046875 0.046875 0.1078125
3 0.446875 0.53359375 0.0703125 0.06875
3 0.7078125 0.87890625 0.090625 0.090625
3 0.43671875 0.87890625 0.06875 0.06875
3 0.43046875 0.9203125 0.090625 0.090625
1 0.8875 0.87421875 0.06875 0.1453125
3 0.5625 0.7859375 0.0375 0.071875