3 0.66875 0.634375 0.1 0.075
3 0.76171875 0.2328125 0.084375 0.0859375
3 0.64765625 0.25 0.09375 0.09375
3 0.14765625 0.39609375 0.090625 0.090625
3 0.24296875 0.62421875 0.0984375 0.071875
3 0.54765625 0.8703125 0.090625 0.090625
3 0.94453125 0.06328125 0.0984375 0.0703125
3 0.10234375 0.69296875 0.1109375 0.0796875
3 0.27109375 0.0453125 0.0953125 0.071875
3 0.2421875 0.13359375 0.103125 0.0734375
3 0.82578125 0.83671875 0.1046875 0.0765625
3 0.2828125 0.7109375 0.078125 0.078125
4 0.28828125 0.840625 0.084375 0.084375
3 0.7328125 0.12578125 0.096875 0.075
3 0.3296875 0.2734375 0.115625 0.071875
3 0.4484375 0.89453125 0.084375 0.0859375
3 0.54453125 0.2953125 0.0953125 0.0953125
3 0.50859375 0.95 0.0953125 0.075
3 0.3609375 0.6375 0.121875 0.075
3 0.57734375 0.403125 0.0890625 0.090625
3 0.14921875 0.528125 0.08125 0.08125
3 0.4453125 0.34921875 0.115625 0.065625
3 0.20703125 0.94609375 0.1015625 0.065625
3 0.3859375 0.90859375 0.0953125 0.0953125
3 0.36015625 0.871875 0.1125 0.06875