3 0.49453125 0.559375 0.0859375 0.065625
3 0.4078125 0.78828125 0.090625 0.059375
3 0.2359375 0.784375 0.096875 0.075
3 0.20859375 0.63984375 0.078125 0.078125
3 0.49921875 0.6875 0.103125 0.06875
3 0.29921875 0.89375 0.1046875 0.06875
3 0.7546875 0.38125 0.0828125 0.0828125
3 0.10703125 0.24375 0.084375 0.084375
3 0.0734375 0.5390625 0.0828125 0.0828125
3 0.66015625 0.2890625 0.0921875 0.090625
6 0.66953125 0.6296875 0.0953125 0.090625
3 0.65078125 0.859375 0.090625 0.0625
3 0.521875 0.39140625 0.0875 0.0828125
3 0.58515625 0.5328125 0.1046875 0.065625
3 0.31015625 0.5 0.0796875 0.08125
3 0.92421875 0.871875 0.0859375 0.06875
3 0.0953125 0.7265625 0.078125 0.078125
3 0.9171875 0.425 0.0859375 0.0859375
3 0.8890625 0.6765625 0.078125 0.078125
4 0.15078125 0.5421875 0.0890625 0.08125
3 0.30625 0.08125 0.103125 0.06875
3 0.7828125 0.934375 0.084375 0.0625
3 0.8171875 0.35 0.09375 0.075
3 0.36171875 0.3296875 0.0859375 0.0859375
3 0.87578125 0.61640625 0.0828125 0.0828125
3 0.44140625 0.8984375 0.0921875 0.06875
3 0.3578125 0.41953125 0.0796875 0.0796875
3 0.7140625 0.78515625 0.084375 0.084375
3 0.38125 0.696875 0.10625 0.075
3 0.69921875 0.88671875 0.0703125 0.0703125
3 0.10078125 0.9125 0.0921875 0.078125
3 0.49921875 0.7765625 0.071875 0.071875
3 0.58671875 0.60625 0.0796875 0.08125
3 0.20390625 0.08515625 0.084375 0.084375
3 0.08671875 0.9671875 0.0703125 0.065625
3 0.4609375 0.1578125 0.0921875 0.0921875
3 0.35703125 0.1515625 0.09375 0.09375
3 0.5359375 0.21015625 0.1 0.0703125
3 0.2109375 0.190625 0.0875 0.09375
3 0.496875 0.853125 0.096875 0.08125