3 0.559375 0.50546875 0.075 0.0765625
3 0.78828125 0.5921875 0.075 0.075
3 0.784375 0.7640625 0.0859375 0.0859375
3 0.63984375 0.79140625 0.0609375 0.096875
3 0.6875 0.50078125 0.0859375 0.0859375
3 0.89375 0.70078125 0.0875 0.0859375
3 0.38125 0.2453125 0.08125 0.084375
3 0.24375 0.89296875 0.075 0.0921875
3 0.5390625 0.9265625 0.08125 0.084375
3 0.2890625 0.33984375 0.078125 0.1046875
6 0.6296875 0.33046875 0.09375 0.09375
3 0.859375 0.34921875 0.0625 0.090625
3 0.39140625 0.478125 0.084375 0.0859375
3 0.5328125 0.41484375 0.065625 0.1046875
3 0.5 0.68984375 0.06875 0.090625
3 0.871875 0.07578125 0.06875 0.0859375
3 0.7265625 0.9046875 0.078125 0.078125
3 0.425 0.0828125 0.0875 0.0859375
3 0.6765625 0.1109375 0.065625 0.090625
4 0.5421875 0.84921875 0.08125 0.0890625
3 0.08125 0.69375 0.06875 0.103125
3 0.934375 0.2171875 0.0625 0.084375
3 0.35 0.1828125 0.084375 0.084375
3 0.3296875 0.63828125 0.0859375 0.0859375
3 0.61640625 0.12421875 0.0828125 0.0828125
3 0.8984375 0.55859375 0.08125 0.08125
3 0.41953125 0.6421875 0.0796875 0.078125
3 0.78515625 0.2859375 0.084375 0.084375
3 0.696875 0.61875 0.090625 0.090625
3 0.88671875 0.30078125 0.0703125 0.0703125
3 0.9125 0.89921875 0.078125 0.0921875
3 0.7765625 0.50078125 0.059375 0.0859375
3 0.60625 0.41328125 0.08125 0.0796875
3 0.08515625 0.79609375 0.084375 0.084375
3 0.9671875 0.91328125 0.065625 0.0703125
3 0.1578125 0.5390625 0.075 0.109375
3 0.1515625 0.64296875 0.09375 0.09375
3 0.21015625 0.4640625 0.084375 0.0859375
3 0.190625 0.7890625 0.09375 0.0875
3 0.853125 0.503125 0.08125 0.096875