3 0.440625 0.50546875 0.075 0.0765625
3 0.21171875 0.5921875 0.059375 0.090625
3 0.215625 0.7640625 0.0859375 0.0859375
3 0.36015625 0.79140625 0.078125 0.078125
3 0.3125 0.50078125 0.06875 0.103125
3 0.10625 0.70078125 0.0875 0.0859375
3 0.61875 0.2453125 0.0828125 0.0828125
3 0.75625 0.89296875 0.084375 0.084375
3 0.4609375 0.9265625 0.0828125 0.0828125
3 0.7109375 0.33984375 0.078125 0.1046875
6 0.3703125 0.33046875 0.09375 0.09375
3 0.140625 0.34921875 0.0765625 0.0765625
3 0.60859375 0.478125 0.0828125 0.0875
3 0.4671875 0.41484375 0.084375 0.084375
3 0.5 0.68984375 0.0796875 0.0796875
3 0.128125 0.07578125 0.0765625 0.0765625
3 0.2734375 0.9046875 0.078125 0.078125
3 0.575 0.0828125 0.0625 0.109375
3 0.3234375 0.1109375 0.078125 0.078125
4 0.4578125 0.84921875 0.0859375 0.084375
3 0.91875 0.69375 0.06875 0.103125
3 0.065625 0.2171875 0.0734375 0.0734375
3 0.65 0.1828125 0.075 0.09375
3 0.6703125 0.63828125 0.071875 0.1
3 0.38359375 0.12421875 0.0828125 0.0828125
3 0.1015625 0.55859375 0.06875 0.0921875
3 0.58046875 0.6421875 0.0796875 0.0796875
3 0.21484375 0.2859375 0.0671875 0.103125
3 0.303125 0.61875 0.090625 0.090625
3 0.11328125 0.30078125 0.0578125 0.0828125
3 0.0875 0.89921875 0.084375 0.0859375
3 0.2234375 0.50078125 0.071875 0.071875
3 0.39375 0.41328125 0.08125 0.0796875
3 0.91484375 0.79609375 0.0828125 0.0875
3 0.03125 0.9140625 0.0625 0.078125
3 0.8421875 0.5390625 0.0921875 0.0921875
3 0.8484375 0.64296875 0.090625 0.0984375
3 0.78984375 0.4640625 0.0703125 0.1
3 0.809375 0.7890625 0.09375 0.0875
3 0.146875 0.503125 0.08125 0.096875