3 0.6109375 0.34140625 0.078125 0.103125
3 0.23203125 0.36640625 0.0953125 0.09375
3 0.2 0.26953125 0.090625 0.090625
3 0.46640625 0.18984375 0.0953125 0.0984375
3 0.5265625 0.66015625 0.08125 0.0828125
3 0.88984375 0.89296875 0.084375 0.1140625
3 0.78203125 0.10703125 0.0921875 0.090625
3 0.8890625 0.6921875 0.09375 0.09375
3 0.48125 0.44296875 0.08125 0.1015625
6 0.315625 0.2234375 0.109375 0.109375
3 0.0875 0.58671875 0.075 0.1109375
3 0.365625 0.64921875 0.06875 0.0875
3 0.74765625 0.3953125 0.090625 0.090625
3 0.93046875 0.48515625 0.0828125 0.0828125
3 0.6109375 0.878125 0.075 0.09375
3 0.90234375 0.21640625 0.0859375 0.103125
3 0.61796875 0.79453125 0.0890625 0.0890625
3 0.47890625 0.72890625 0.0828125 0.0890625
3 0.6296875 0.5765625 0.09375 0.09375
3 0.38828125 0.12109375 0.0765625 0.096875
3 0.94453125 0.5953125 0.1 0.1
6 0.484375 0.58671875 0.09375 0.1140625
3 0.209375 0.571875 0.075 0.109375
3 0.23125 0.04453125 0.075 0.0875
3 0.0796875 0.7859375 0.103125 0.103125
3 0.37265625 0.86953125 0.0796875 0.1078125
3 0.565625 0.53984375 0.09375 0.0921875
5 0.73359375 0.68359375 0.11875 0.11875
3 0.259375 0.75859375 0.075 0.1234375
3 0.390625 0.42734375 0.0875 0.1078125
3 0.671875 0.67734375 0.084375 0.084375
3 0.6375 0.4546875 0.1015625 0.1015625
6 0.446875 0.8296875 0.096875 0.125
3 0.89921875 0.12265625 0.0890625 0.0921875
3 0.42109375 0.91015625 0.0875 0.0875
3 0.2125 0.9 0.0984375 0.0984375
3 0.73125 0.30546875 0.0953125 0.09375
3 0.14609375 0.59140625 0.0984375 0.0984375
3 0.53125 0.940625 0.0875 0.103125
3 0.12109375 0.04609375 0.090625 0.090625
3 0.65546875 0.18359375 0.084375 0.084375
3 0.71171875 0.16875 0.0875 0.096875
3 0.73359375 0.48515625 0.0859375 0.0859375