3 0.0828125 0.41015625 0.08125 0.08125
3 0.5 0.34296875 0.0734375 0.075
3 0.49453125 0.08203125 0.08125 0.08125
3 0.05703125 0.2109375 0.084375 0.065625
3 0.25546875 0.41875 0.06875 0.0671875
3 0.471875 0.6015625 0.0765625 0.0765625
3 0.66328125 0.365625 0.090625 0.08125
3 0.6171875 0.25390625 0.10625 0.0640625
3 0.24765625 0.73671875 0.0984375 0.0765625
3 0.81953125 0.2359375 0.0859375 0.059375
3 0.1625 0.78125 0.0875 0.0875
3 0.65859375 0.6609375 0.08125 0.0796875
3 0.5203125 0.90234375 0.084375 0.084375
3 0.3859375 0.575 0.08125 0.08125
3 0.87890625 0.65546875 0.075 0.075
3 0.21015625 0.07890625 0.0875 0.0875
3 0.778125 0.1515625 0.071875 0.071875
3 0.796875 0.40546875 0.1 0.059375
3 0.9140625 0.3921875 0.1 0.075
3 0.37265625 0.38828125 0.084375 0.084375
3 0.4640625 0.82421875 0.096875 0.078125
3 0.3046875 0.9171875 0.103125 0.059375
3 0.5765625 0.36640625 0.090625 0.071875
3 0.071875 0.58046875 0.090625 0.0578125
3 0.47890625 0.48984375 0.0859375 0.0703125
3 0.7671875 0.7203125 0.084375 0.084375
3 0.46328125 0.44375 0.071875 0.071875
3 0.91171875 0.2203125 0.084375 0.071875
3 0.43359375 0.7578125 0.0890625 0.065625
3 0.3140625 0.46015625 0.0734375 0.0734375
3 0.725 0.08046875 0.0796875 0.08125
3 0.62578125 0.1875 0.078125 0.0796875
3 0.0984375 0.7140625 0.0875 0.05625
3 0.80546875 0.353125 0.0890625 0.0890625
3 0.34765625 0.271875 0.0859375 0.0625
3 0.62265625 0.1 0.0890625 0.075
3 0.75234375 0.609375 0.0984375 0.075
3 0.40859375 0.1609375 0.078125 0.078125
3 0.4109375 0.325 0.084375 0.075
3 0.3359375 0.0703125 0.09375 0.065625
3 0.13984375 0.6140625 0.0828125 0.084375
3 0.90546875 0.94296875 0.1015625 0.065625
3 0.1984375 0.16015625 0.0828125 0.0828125
3 0.59453125 0.534375 0.0890625 0.0890625
3 0.578125 0.4578125 0.084375 0.084375
3 0.0703125 0.7359375 0.078125 0.065625
3 0.23671875 0.52421875 0.09375 0.09375
3 0.43984375 0.21484375 0.0828125 0.0828125
3 0.36328125 0.66015625 0.09375 0.09375
3 0.259375 0.29375 0.10625 0.05625
3 0.2390625 0.2171875 0.084375 0.084375
3 0.32421875 0.23671875 0.0796875 0.0796875
3 0.903125 0.8984375 0.103125 0.040625
3 0.5609375 0.61875 0.096875 0.065625
3 0.82578125 0.2984375 0.075 0.075
3 0.39140625 0.184375 0.1015625 0.04375
3 0.384375 0.46875 0.084375 0.05625
3 0.67265625 0.48671875 0.0890625 0.0578125
3 0.596875 0.840625 0.090625 0.090625
3 0.77265625 0.775 0.1015625 0.059375
3 0.15703125 0.14453125 0.0875 0.0875
3 0.8828125 0.3296875 0.090625 0.065625
3 0.87578125 0.278125 0.078125 0.0765625
3 0.7296875 0.78984375 0.121875 0.0453125
3 0.43125 0.9109375 0.0875 0.078125
3 0.8375 0.925 0.0765625 0.0765625
3 0.40390625 0.41953125 0.090625 0.0734375