3 0.41015625 0.9171875 0.08125 0.08125
3 0.34296875 0.5 0.075 0.0734375
3 0.08203125 0.50546875 0.08125 0.08125
3 0.2109375 0.94296875 0.075 0.075
3 0.41875 0.74453125 0.0671875 0.06875
3 0.6015625 0.528125 0.0765625 0.0765625
3 0.365625 0.33671875 0.0859375 0.0859375
3 0.25390625 0.3828125 0.0640625 0.10625
3 0.73671875 0.75234375 0.0765625 0.0984375
3 0.2359375 0.18046875 0.059375 0.0859375
3 0.78125 0.8375 0.075 0.1
3 0.6609375 0.34140625 0.0796875 0.08125
3 0.90234375 0.4796875 0.084375 0.084375
3 0.575 0.6140625 0.059375 0.103125
3 0.65546875 0.12109375 0.075 0.075
3 0.07890625 0.78984375 0.0671875 0.1078125
3 0.1515625 0.221875 0.053125 0.090625
3 0.40546875 0.203125 0.059375 0.1
3 0.3921875 0.0859375 0.075 0.1
3 0.38828125 0.62734375 0.084375 0.084375
3 0.82421875 0.5359375 0.078125 0.096875
3 0.9171875 0.6953125 0.08125 0.08125
3 0.36640625 0.4234375 0.08125 0.08125
3 0.58046875 0.928125 0.075 0.0734375
3 0.48984375 0.52109375 0.078125 0.078125
3 0.7203125 0.2328125 0.084375 0.084375
3 0.44375 0.53671875 0.071875 0.071875
3 0.2203125 0.08828125 0.071875 0.084375
3 0.7578125 0.56640625 0.065625 0.0890625
3 0.46015625 0.6859375 0.0625 0.084375
3 0.08046875 0.275 0.08125 0.0796875
3 0.1875 0.37421875 0.0796875 0.078125
3 0.7140625 0.9015625 0.05625 0.0875
3 0.353125 0.19453125 0.053125 0.125
3 0.271875 0.65234375 0.0625 0.0859375
3 0.1 0.37734375 0.075 0.0890625
3 0.609375 0.24765625 0.075 0.0984375
3 0.1609375 0.59140625 0.0546875 0.1015625
3 0.325 0.5890625 0.075 0.084375
3 0.0703125 0.6640625 0.0796875 0.0796875
3 0.6140625 0.86015625 0.084375 0.0828125
3 0.94296875 0.09453125 0.065625 0.1015625
3 0.16015625 0.8015625 0.0828125 0.0828125
3 0.534375 0.40546875 0.0890625 0.0890625
3 0.4578125 0.421875 0.0859375 0.0859375
3 0.7359375 0.9296875 0.071875 0.071875
3 0.52421875 0.76328125 0.09375 0.09375
3 0.21484375 0.56015625 0.0828125 0.0828125
3 0.66015625 0.63671875 0.09375 0.09375
3 0.29375 0.740625 0.05625 0.10625
3 0.2171875 0.7609375 0.071875 0.096875
3 0.23671875 0.67578125 0.0796875 0.0796875
3 0.8984375 0.096875 0.071875 0.071875
3 0.61875 0.4390625 0.08125 0.08125
3 0.2984375 0.17421875 0.071875 0.078125
3 0.184375 0.60859375 0.071875 0.071875
3 0.46875 0.615625 0.0703125 0.0703125
3 0.48671875 0.32734375 0.0734375 0.0734375
3 0.840625 0.403125 0.08125 0.1
3 0.775 0.22734375 0.08125 0.08125
3 0.14453125 0.84296875 0.0828125 0.0921875
3 0.3296875 0.1171875 0.078125 0.078125
3 0.278125 0.12421875 0.0765625 0.078125
3 0.78984375 0.2703125 0.084375 0.084375
3 0.9109375 0.56875 0.084375 0.0828125
3 0.925 0.1625 0.075 0.078125
3 0.41953125 0.59609375 0.0734375 0.090625