3 0.5953125 0.0953125 0.0875 0.06875
3 0.0953125 0.8734375 0.0796875 0.0796875
3 0.365625 0.59375 0.090625 0.0625
3 0.0578125 0.74140625 0.0796875 0.078125
3 0.5421875 0.66640625 0.084375 0.0703125
3 0.2328125 0.2 0.090625 0.075
3 0.534375 0.89140625 0.1 0.0734375
3 0.21484375 0.4421875 0.08125 0.08125
3 0.40078125 0.53046875 0.0875 0.0875
3 0.5421875 0.3734375 0.0859375 0.0859375
3 0.0640625 0.12578125 0.084375 0.0859375
3 0.43984375 0.146875 0.0859375 0.0875
3 0.5421875 0.53359375 0.08125 0.08125
3 0.68671875 0.10703125 0.09375 0.09375
3 0.378125 0.33984375 0.0921875 0.0921875
3 0.68671875 0.703125 0.0953125 0.09375
3 0.828125 0.84296875 0.0796875 0.078125
3 0.59140625 0.58359375 0.1 0.1
3 0.21640625 0.940625 0.1015625 0.075
3 0.63515625 0.69375 0.08125 0.08125
3 0.78515625 0.07890625 0.09375 0.09375
0 0.4859375 0.8125 0.103125 0.090625
3 0.7984375 0.8625 0.0859375 0.0859375