3 0.728125 0.24140625 0.0625 0.0859375
3 0.240625 0.86875 0.09375 0.09375
3 0.76953125 0.7171875 0.0828125 0.10625
3 0.65234375 0.92109375 0.0828125 0.0984375
3 0.5890625 0.51328125 0.06875 0.071875
3 0.465625 0.36484375 0.075 0.1046875
3 0.4453125 0.528125 0.096875 0.0953125
3 0.48984375 0.45234375 0.0765625 0.0953125
3 0.665625 0.28046875 0.0875 0.1046875
3 0.7484375 0.81875 0.078125 0.103125
3 0.70625 0.5125 0.08125 0.08125
3 0.82890625 0.89609375 0.0921875 0.0921875
3 0.5890625 0.2296875 0.084375 0.096875
3 0.3921875 0.67265625 0.08125 0.08125
3 0.69921875 0.38515625 0.084375 0.084375
3 0.91640625 0.33828125 0.078125 0.078125
3 0.2328125 0.22890625 0.078125 0.0765625
3 0.5421875 0.3453125 0.075 0.096875
3 0.76875 0.1671875 0.059375 0.08125
3 0.6953125 0.1546875 0.065625 0.065625
3 0.26171875 0.65703125 0.0875 0.0875
3 0.05625 0.46015625 0.0875 0.0890625
3 0.2890625 0.1640625 0.084375 0.084375
3 0.91875 0.19609375 0.065625 0.0921875
3 0.92734375 0.53125 0.0921875 0.0921875
3 0.53125 0.92265625 0.075 0.0921875
3 0.515625 0.6171875 0.084375 0.0859375
3 0.14453125 0.56328125 0.0796875 0.103125
3 0.6171875 0.82421875 0.0875 0.0890625
3 0.6796875 0.78046875 0.078125 0.1
3 0.7359375 0.09140625 0.071875 0.090625
6 0.1109375 0.76953125 0.0859375 0.0875
3 0.4546875 0.62890625 0.071875 0.0984375
3 0.74140625 0.640625 0.065625 0.065625
3 0.584375 0.38203125 0.0765625 0.0765625
3 0.8375 0.740625 0.06875 0.109375
3 0.83359375 0.21796875 0.084375 0.084375
3 0.3640625 0.16015625 0.0859375 0.084375
3 0.609375 0.8984375 0.071875 0.090625
3 0.546875 0.715625 0.0625 0.078125
3 0.684375 0.65390625 0.075 0.075
3 0.66328125 0.44765625 0.084375 0.084375
6 0.59921875 0.10859375 0.09375 0.09375
6 0.1875 0.70546875 0.0984375 0.0984375
6 0.09609375 0.20078125 0.1296875 0.0734375
6 0.8828125 0.36953125 0.075 0.075
4 0.925 0.43359375 0.1015625 0.1015625
3 0.84375 0.18671875 0.0859375 0.0875
3 0.84453125 0.1203125 0.078125 0.078125
3 0.78671875 0.0546875 0.0609375 0.075
3 0.78671875 0.81640625 0.08125 0.08125
3 0.30703125 0.9328125 0.0796875 0.078125
3 0.615625 0.71796875 0.0625 0.0828125
3 0.7859375 0.5828125 0.08125 0.096875
3 0.7828125 0.51640625 0.078125 0.078125
3 0.9421875 0.57734375 0.071875 0.0859375
3 0.8625 0.5640625 0.071875 0.065625
3 0.08125 0.60703125 0.0828125 0.084375
3 0.0515625 0.69296875 0.08125 0.0828125
3 0.4109375 0.08671875 0.0875 0.0875
3 0.396875 0.04765625 0.06875 0.0828125
3 0.66796875 0.67578125 0.078125 0.078125
3 0.640625 0.1359375 0.05625 0.090625
3 0.62421875 0.41796875 0.075 0.084375
3 0.5234375 0.21015625 0.075 0.0984375
3 0.51015625 0.16015625 0.0671875 0.0796875
3 0.78203125 0.959375 0.071875 0.071875
3 0.4375 0.26171875 0.078125 0.0796875
3 0.3828125 0.2546875 0.0796875 0.0796875