3 0.24140625 0.271875 0.0859375 0.0625
3 0.86875 0.759375 0.09375 0.09375
3 0.7171875 0.23046875 0.10625 0.0828125
3 0.92109375 0.34765625 0.0984375 0.0828125
3 0.51328125 0.4109375 0.0703125 0.0703125
3 0.36484375 0.534375 0.0890625 0.090625
3 0.528125 0.5546875 0.1125 0.078125
3 0.45234375 0.51015625 0.0953125 0.0765625
3 0.28046875 0.334375 0.1046875 0.0875
3 0.81875 0.2515625 0.090625 0.090625
3 0.5125 0.29375 0.08125 0.08125
3 0.89609375 0.17109375 0.1078125 0.0765625
3 0.2296875 0.4109375 0.096875 0.084375
3 0.67265625 0.6078125 0.0984375 0.065625
3 0.38515625 0.30078125 0.0953125 0.0734375
3 0.33828125 0.08359375 0.078125 0.078125
3 0.22890625 0.7671875 0.0765625 0.078125
3 0.3453125 0.4578125 0.096875 0.075
3 0.1671875 0.23125 0.0703125 0.0703125
3 0.1546875 0.3046875 0.065625 0.065625
3 0.65703125 0.73828125 0.0875 0.0875
3 0.46015625 0.94375 0.0984375 0.078125
3 0.1640625 0.7109375 0.084375 0.084375
3 0.19609375 0.08125 0.078125 0.0796875
3 0.53125 0.07265625 0.0921875 0.0921875
3 0.92265625 0.46875 0.084375 0.0828125
3 0.6171875 0.484375 0.0859375 0.0859375
3 0.56328125 0.85546875 0.090625 0.090625
3 0.82421875 0.3828125 0.0890625 0.0875
3 0.78046875 0.3203125 0.1 0.078125
3 0.09140625 0.2640625 0.08125 0.08125
6 0.76953125 0.8890625 0.0765625 0.096875
3 0.62890625 0.5453125 0.0984375 0.071875
3 0.640625 0.25859375 0.065625 0.065625
3 0.38203125 0.415625 0.0765625 0.0765625
3 0.740625 0.1625 0.0890625 0.0890625
3 0.21796875 0.16640625 0.0921875 0.075
3 0.16015625 0.6359375 0.084375 0.0859375
3 0.8984375 0.390625 0.090625 0.071875
3 0.715625 0.453125 0.078125 0.0625
3 0.65390625 0.315625 0.075 0.075
3 0.44765625 0.33671875 0.0953125 0.0734375
6 0.10859375 0.40078125 0.0984375 0.0890625
6 0.70546875 0.8125 0.0984375 0.0984375
6 0.20078125 0.90390625 0.0734375 0.1296875
6 0.36953125 0.1171875 0.075 0.075
4 0.43359375 0.075 0.103125 0.1
3 0.18671875 0.15625 0.0953125 0.078125
3 0.1203125 0.15546875 0.078125 0.078125
3 0.0546875 0.21328125 0.06875 0.0671875
3 0.81640625 0.21328125 0.0890625 0.0734375
3 0.9328125 0.69296875 0.078125 0.0796875
3 0.71796875 0.384375 0.0828125 0.0625
3 0.5828125 0.2140625 0.0890625 0.0890625
3 0.51640625 0.2171875 0.078125 0.078125
3 0.57734375 0.0578125 0.078125 0.078125
3 0.5640625 0.1375 0.06875 0.06875
3 0.60703125 0.91875 0.084375 0.0828125
3 0.69296875 0.9484375 0.0828125 0.08125
3 0.08671875 0.5890625 0.0921875 0.08125
3 0.04765625 0.603125 0.0828125 0.06875
3 0.67578125 0.33203125 0.078125 0.078125
3 0.1359375 0.359375 0.0734375 0.0734375
3 0.41796875 0.37578125 0.084375 0.075
3 0.21015625 0.4765625 0.0984375 0.075
3 0.16015625 0.48984375 0.0796875 0.0671875
3 0.959375 0.21796875 0.071875 0.071875
3 0.26171875 0.5625 0.0953125 0.0625
3 0.2546875 0.6171875 0.0796875 0.0796875