3 0.8109375 0.05 0.08125 0.084375
3 0.8828125 0.88671875 0.08125 0.0828125
3 0.7578125 0.7046875 0.071875 0.08125
3 0.875 0.70546875 0.0859375 0.0875
3 0.22421875 0.51953125 0.071875 0.071875
3 0.75390625 0.32421875 0.0875 0.0859375
3 0.13671875 0.73515625 0.1015625 0.0953125
3 0.2515625 0.396875 0.084375 0.084375
3 0.8015625 0.48046875 0.090625 0.0890625
3 0.3546875 0.70546875 0.0875 0.0859375
3 0.7359375 0.14296875 0.09375 0.0875
3 0.60390625 0.39375 0.0875 0.0875
3 0.0515625 0.58984375 0.090625 0.090625
3 0.63828125 0.521875 0.0984375 0.084375
3 0.41484375 0.50625 0.0828125 0.09375
3 0.3453125 0.096875 0.084375 0.096875
3 0.190625 0.45546875 0.08125 0.0953125
3 0.27421875 0.328125 0.1046875 0.065625
3 0.95 0.8390625 0.096875 0.0859375
1 0.5140625 0.715625 0.0984375 0.0984375
3 0.5125 0.95390625 0.0890625 0.0890625