3 0.45234375 0.25078125 0.06875 0.06875
3 0.5875 0.2625 0.0671875 0.06875
3 0.26015625 0.8703125 0.0859375 0.059375
3 0.296875 0.4359375 0.08125 0.08125
3 0.17734375 0.428125 0.075 0.0765625
3 0.29609375 0.1984375 0.08125 0.08125
3 0.634375 0.22421875 0.078125 0.078125
3 0.3015625 0.07734375 0.0828125 0.0828125
3 0.86015625 0.42890625 0.0890625 0.0890625
3 0.675 0.5 0.065625 0.065625
4 0.36484375 0.890625 0.0828125 0.0828125
3 0.45234375 0.11875 0.0984375 0.071875
3 0.55859375 0.16171875 0.0984375 0.0734375
3 0.51796875 0.34453125 0.075 0.075
3 0.6578125 0.95 0.0765625 0.0765625
3 0.61171875 0.9015625 0.0828125 0.059375
3 0.82265625 0.2015625 0.0953125 0.065625
3 0.40703125 0.81015625 0.084375 0.0609375
3 0.54453125 0.484375 0.071875 0.0734375
3 0.828125 0.66171875 0.078125 0.0609375
3 0.11328125 0.80546875 0.0765625 0.0640625
3 0.55546875 0.9640625 0.0875 0.059375
3 0.8859375 0.2546875 0.10625 0.078125
3 0.93828125 0.090625 0.078125 0.06875
3 0.1578125 0.940625 0.078125 0.0625
3 0.17890625 0.66484375 0.075 0.075
3 0.95390625 0.8359375 0.0875 0.065625
3 0.36796875 0.334375 0.078125 0.078125
3 0.7421875 0.75390625 0.078125 0.078125
3 0.27265625 0.9609375 0.0875 0.065625
3 0.75234375 0.46484375 0.0828125 0.0828125
3 0.621875 0.54296875 0.078125 0.078125
3 0.84765625 0.36640625 0.0734375 0.0734375
3 0.39609375 0.50625 0.078125 0.0796875
3 0.1359375 0.18125 0.0765625 0.0765625
3 0.26796875 0.3078125 0.06875 0.0671875
3 0.22421875 0.93515625 0.075 0.0625
3 0.91484375 0.75546875 0.071875 0.071875
3 0.71171875 0.21640625 0.071875 0.071875
3 0.790625 0.08359375 0.06875 0.0703125
3 0.859375 0.0765625 0.075 0.0625
3 0.35546875 0.75 0.0875 0.05
3 0.46015625 0.7453125 0.08125 0.0796875
4 0.89609375 0.571875 0.0890625 0.06875
3 0.20390625 0.19453125 0.0734375 0.0546875
3 0.7515625 0.159375 0.065625 0.06875
3 0.03828125 0.61953125 0.075 0.0515625
3 0.3640625 0.44765625 0.090625 0.0640625
3 0.44921875 0.63984375 0.084375 0.084375
3 0.84453125 0.59453125 0.0796875 0.0671875
3 0.1171875 0.39609375 0.06875 0.06875
3 0.88046875 0.5265625 0.0640625 0.065625
3 0.8828125 0.703125 0.0875 0.0875
3 0.16875 0.0375 0.08125 0.075
3 0.83203125 0.75546875 0.084375 0.084375
3 0.79140625 0.215625 0.075 0.075
3 0.29921875 0.353125 0.075 0.075
3 0.80625 0.9234375 0.0734375 0.0734375
3 0.50234375 0.78046875 0.0765625 0.0765625
3 0.76640625 0.8953125 0.0828125 0.0609375
3 0.49921875 0.50546875 0.075 0.0640625
3 0.28125 0.25546875 0.0765625 0.075
3 0.93359375 0.05234375 0.0734375 0.0734375
3 0.1125 0.18046875 0.1 0.0546875
3 0.3953125 0.3390625 0.0875 0.06875
3 0.0421875 0.13671875 0.078125 0.0609375
3 0.69765625 0.43359375 0.0859375 0.0453125