3 0.821875 0.11484375 0.075 0.0984375
3 0.8515625 0.909375 0.078125 0.109375
3 0.1703125 0.14453125 0.1 0.0984375
3 0.8328125 0.2078125 0.084375 0.084375
3 0.309375 0.771875 0.075 0.0875
3 0.04296875 0.52578125 0.078125 0.1015625
3 0.43203125 0.11484375 0.0796875 0.1140625
3 0.2515625 0.59140625 0.0828125 0.08125
3 0.3 0.9078125 0.09375 0.09375
3 0.159375 0.91796875 0.0921875 0.0921875
3 0.3328125 0.63671875 0.0828125 0.0828125
3 0.60625 0.88984375 0.08125 0.0828125
3 0.90625 0.81484375 0.0828125 0.084375
3 0.74921875 0.88359375 0.0859375 0.1015625
3 0.66953125 0.53671875 0.0734375 0.0984375
3 0.33125 0.44609375 0.075 0.090625
3 0.5328125 0.19765625 0.071875 0.0984375
3 0.68515625 0.17578125 0.0859375 0.0859375
3 0.4578125 0.8625 0.078125 0.103125
3 0.14140625 0.0453125 0.0734375 0.090625
3 0.809375 0.54140625 0.075 0.0921875
3 0.359375 0.5359375 0.075 0.103125
3 0.7765625 0.359375 0.078125 0.1
3 0.925 0.47265625 0.075 0.0984375
3 0.490625 0.2921875 0.075 0.09375
3 0.675 0.88359375 0.06875 0.096875
3 0.575 0.77265625 0.0890625 0.090625
3 0.55703125 0.94296875 0.0703125 0.0703125
3 0.71484375 0.66640625 0.0875 0.0890625
0 0.39375 0.71640625 0.08125 0.1203125
3 0.61328125 0.69453125 0.0890625 0.0890625
3 0.9484375 0.95 0.075 0.0765625
3 0.58515625 0.51796875 0.0921875 0.0921875
3 0.43046875 0.23515625 0.08125 0.08125
3 0.9125 0.37578125 0.075 0.090625
3 0.578125 0.13046875 0.0828125 0.0828125
3 0.10703125 0.6265625 0.08125 0.08125
3 0.8546875 0.64296875 0.0890625 0.090625
3 0.0921875 0.40078125 0.0890625 0.090625
3 0.53046875 0.084375 0.084375 0.084375
3 0.64453125 0.33828125 0.0828125 0.084375
3 0.628125 0.071875 0.065625 0.090625
3 0.46640625 0.3828125 0.0703125 0.096875
3 0.2296875 0.94921875 0.071875 0.1015625
3 0.6125 0.23671875 0.090625 0.090625
3 0.678125 0.328125 0.08125 0.10625
3 0.9296875 0.61484375 0.0828125 0.084375
3 0.9171875 0.80078125 0.06875 0.0921875