3 0.11484375 0.178125 0.0859375 0.0875
3 0.909375 0.1484375 0.109375 0.078125
3 0.14453125 0.8296875 0.1140625 0.084375
3 0.2078125 0.1671875 0.084375 0.084375
3 0.771875 0.690625 0.0875 0.075
3 0.52578125 0.95703125 0.1015625 0.078125
3 0.11484375 0.56796875 0.1140625 0.0796875
3 0.59140625 0.7484375 0.08125 0.0828125
3 0.9078125 0.7 0.09375 0.09375
3 0.91796875 0.840625 0.109375 0.075
3 0.63671875 0.6671875 0.0828125 0.0828125
3 0.88984375 0.39375 0.0953125 0.06875
3 0.81484375 0.09375 0.084375 0.0828125
3 0.88359375 0.25078125 0.09375 0.09375
3 0.53671875 0.33046875 0.0984375 0.0734375
3 0.44609375 0.66875 0.090625 0.075
3 0.19765625 0.4671875 0.084375 0.0859375
3 0.17578125 0.31484375 0.1015625 0.0703125
3 0.8625 0.5421875 0.090625 0.090625
3 0.0453125 0.85859375 0.08125 0.08125
3 0.54140625 0.190625 0.084375 0.0828125
3 0.5359375 0.640625 0.103125 0.075
3 0.359375 0.2234375 0.0890625 0.0890625
3 0.47265625 0.075 0.0984375 0.075
3 0.2921875 0.509375 0.09375 0.075
3 0.88359375 0.325 0.0828125 0.08125
3 0.77265625 0.425 0.1046875 0.075
3 0.94296875 0.44296875 0.0765625 0.0640625
3 0.66640625 0.28515625 0.0890625 0.0875
0 0.71640625 0.60625 0.1203125 0.08125
3 0.69453125 0.38671875 0.1015625 0.0765625
3 0.95 0.0515625 0.0875 0.065625
3 0.51796875 0.41484375 0.0921875 0.0921875
3 0.23515625 0.56953125 0.08125 0.08125
3 0.37578125 0.0875 0.0828125 0.0828125
3 0.13046875 0.421875 0.0828125 0.0828125
3 0.6265625 0.89296875 0.096875 0.065625
3 0.64296875 0.1453125 0.1015625 0.078125
3 0.40078125 0.9078125 0.090625 0.0890625
3 0.084375 0.46953125 0.1 0.0671875
3 0.33828125 0.35546875 0.096875 0.0703125
3 0.071875 0.371875 0.078125 0.078125
3 0.3828125 0.53359375 0.0828125 0.084375
3 0.94921875 0.7703125 0.0859375 0.0875
3 0.23671875 0.3875 0.090625 0.090625
3 0.328125 0.321875 0.10625 0.08125
3 0.61484375 0.0703125 0.084375 0.0828125
3 0.80078125 0.0828125 0.0796875 0.08125