3 0.834375 0.040625 0.09375 0.075
3 0.89453125 0.42734375 0.090625 0.090625
3 0.78203125 0.68203125 0.1015625 0.0765625
3 0.52734375 0.659375 0.090625 0.090625
3 0.50234375 0.190625 0.084375 0.084375
3 0.565625 0.9578125 0.078125 0.071875
3 0.64453125 0.78984375 0.0859375 0.0859375
3 0.24453125 0.3984375 0.084375 0.065625
3 0.1765625 0.446875 0.103125 0.075
3 0.59609375 0.253125 0.103125 0.075
3 0.40703125 0.3421875 0.08125 0.08125
3 0.8390625 0.65546875 0.096875 0.06875
3 0.9453125 0.7625 0.096875 0.08125
3 0.33671875 0.29140625 0.1 0.1
3 0.50859375 0.8375 0.0953125 0.0953125
3 0.6546875 0.43359375 0.103125 0.078125
3 0.690625 0.64296875 0.10625 0.084375
3 0.05234375 0.3640625 0.0875 0.071875
3 0.3296875 0.5640625 0.1 0.075
3 0.81640625 0.5859375 0.1 0.075
3 0.6421875 0.91953125 0.084375 0.0828125
3 0.0734375 0.81953125 0.096875 0.0703125
3 0.94140625 0.325 0.08125 0.08125
3 0.48671875 0.953125 0.0828125 0.0625
3 0.55859375 0.5828125 0.1015625 0.071875
3 0.7703125 0.77421875 0.09375 0.0921875
3 0.9125 0.15390625 0.090625 0.0921875
3 0.14140625 0.5421875 0.0875 0.0875
3 0.578125 0.51015625 0.0828125 0.08125
3 0.91171875 0.51484375 0.096875 0.096875
3 0.54921875 0.09453125 0.0921875 0.0921875
3 0.21640625 0.48515625 0.1109375 0.0796875
3 0.44296875 0.87421875 0.0765625 0.078125
3 0.78671875 0.10078125 0.1 0.075
3 0.70546875 0.065625 0.084375 0.0859375
3 0.1546875 0.2453125 0.103125 0.078125
5 0.3421875 0.1875 0.128125 0.06875
3 0.8953125 0.2890625 0.0875 0.0875
3 0.25859375 0.54921875 0.1015625 0.0796875
3 0.91953125 0.95546875 0.0984375 0.08125
3 0.77109375 0.8265625 0.084375 0.084375
3 0.7609375 0.3796875 0.0828125 0.0828125
3 0.50078125 0.15859375 0.0875 0.0875
3 0.9203125 0.91953125 0.084375 0.084375
3 0.77734375 0.40078125 0.0921875 0.06875