3 0.65 0.2015625 0.05625 0.078125
3 0.1296875 0.159375 0.0921875 0.0921875
3 0.48125 0.80390625 0.0625 0.0859375
3 0.615625 0.834375 0.078125 0.078125
3 0.325 0.28828125 0.0828125 0.08125
3 0.196875 0.746875 0.071875 0.071875
3 0.66953125 0.51015625 0.0734375 0.071875
3 0.6375 0.36484375 0.075 0.0765625
3 0.41328125 0.6625 0.0703125 0.09375
3 0.390625 0.30703125 0.071875 0.0703125
4 0.9171875 0.66953125 0.09375 0.0921875
3 0.76015625 0.1484375 0.0640625 0.084375
3 0.559375 0.4203125 0.075 0.075
3 0.68984375 0.30078125 0.06875 0.06875
3 0.35390625 0.47421875 0.075 0.075
3 0.2140625 0.865625 0.075 0.096875
3 0.89609375 0.91484375 0.0765625 0.0765625
3 0.865625 0.75078125 0.0703125 0.0703125
3 0.2078125 0.49140625 0.075 0.0921875
3 0.053125 0.83671875 0.0875 0.0875
3 0.2890625 0.78671875 0.084375 0.0828125
3 0.73828125 0.88046875 0.0640625 0.0828125
3 0.47890625 0.4265625 0.0640625 0.084375
3 0.46484375 0.5390625 0.0765625 0.0765625
3 0.934375 0.05859375 0.084375 0.084375
4 0.08359375 0.67109375 0.0890625 0.0890625
3 0.5875 0.621875 0.06875 0.09375
3 0.13515625 0.74296875 0.0640625 0.0953125
3 0.2765625 0.45859375 0.084375 0.084375
3 0.090625 0.590625 0.0703125 0.0875
3 0.54765625 0.66484375 0.0671875 0.1
3 0.18125 0.94453125 0.0625 0.0921875
3 0.5265625 0.5046875 0.065625 0.084375
3 0.371875 0.8421875 0.0625 0.0875
3 0.74609375 0.94140625 0.078125 0.078125
3 0.96484375 0.921875 0.0703125 0.078125
3 0.4296875 0.83671875 0.053125 0.096875
3 0.7953125 0.9359375 0.078125 0.078125
3 0.19765625 0.22109375 0.0484375 0.1140625
3 0.4234375 0.36484375 0.071875 0.0703125
3 0.38125 0.9125 0.08125 0.08125
3 0.2546875 0.22109375 0.0890625 0.090625
3 0.46875 0.36015625 0.0734375 0.075
3 0.03828125 0.04921875 0.0703125 0.0984375