3 0.6375 0.5625 0.075 0.075
3 0.69921875 0.921875 0.071875 0.071875
3 0.4140625 0.38203125 0.065625 0.084375
3 0.48046875 0.70078125 0.0703125 0.1
3 0.7375 0.62890625 0.059375 0.0828125
3 0.6640625 0.41484375 0.071875 0.084375
3 0.81484375 0.653125 0.0765625 0.0765625
3 0.66875 0.7140625 0.059375 0.084375
3 0.50625 0.878125 0.071875 0.071875
3 0.675 0.203125 0.0703125 0.0703125
3 0.6046875 0.47265625 0.0765625 0.0765625
3 0.93671875 0.68359375 0.0734375 0.0765625
3 0.7890625 0.56640625 0.075 0.075
3 0.1765625 0.07265625 0.059375 0.0859375
3 0.278125 0.540625 0.075 0.075
3 0.53359375 0.30078125 0.0625 0.0984375
3 0.8046875 0.28046875 0.0765625 0.0765625
3 0.6796875 0.4953125 0.075 0.075
3 0.1484375 0.453125 0.0703125 0.0703125
3 0.73125 0.8359375 0.065625 0.090625
3 0.40703125 0.109375 0.05625 0.08125
3 0.671875 0.63671875 0.0703125 0.0703125
3 0.40859375 0.246875 0.0796875 0.08125
3 0.13203125 0.59921875 0.071875 0.071875
3 0.2421875 0.6890625 0.065625 0.0875
3 0.871875 0.603125 0.0625 0.090625
3 0.24765625 0.91484375 0.0546875 0.0796875
3 0.81640625 0.178125 0.071875 0.0734375
3 0.3234375 0.23359375 0.053125 0.0671875
3 0.3609375 0.321875 0.071875 0.0875
3 0.6109375 0.7109375 0.059375 0.078125
3 0.26015625 0.19375 0.0609375 0.0875
3 0.2140625 0.3078125 0.059375 0.08125
3 0.7265625 0.25859375 0.071875 0.071875
3 0.18125 0.34765625 0.08125 0.0828125
3 0.29140625 0.31484375 0.0609375 0.096875
3 0.859375 0.046875 0.0625 0.09375
3 0.5515625 0.8421875 0.0703125 0.0703125
3 0.5671875 0.53046875 0.065625 0.090625
3 0.39921875 0.7078125 0.071875 0.0734375
3 0.93359375 0.7765625 0.065625 0.0875
3 0.35625 0.90234375 0.078125 0.078125
3 0.7375 0.5046875 0.078125 0.078125
3 0.06953125 0.47109375 0.08125 0.08125
3 0.53671875 0.11328125 0.071875 0.071875
3 0.70546875 0.08671875 0.0640625 0.0828125
3 0.125 0.28203125 0.0625 0.0984375
3 0.58515625 0.784375 0.0671875 0.06875
3 0.26015625 0.7703125 0.0609375 0.078125
3 0.375 0.178125 0.06875 0.075
3 0.33125 0.13203125 0.06875 0.0921875
3 0.35234375 0.5515625 0.0640625 0.084375
3 0.4734375 0.11328125 0.0703125 0.06875
3 0.4953125 0.521875 0.0625 0.090625
3 0.26484375 0.0890625 0.0640625 0.08125
3 0.05625 0.65703125 0.0703125 0.071875
3 0.91796875 0.89453125 0.075 0.075
3 0.17265625 0.528125 0.0578125 0.078125
3 0.4703125 0.9515625 0.059375 0.084375
3 0.5609375 0.9390625 0.06875 0.096875
3 0.21484375 0.459375 0.0703125 0.0703125
3 0.43046875 0.57578125 0.084375 0.084375
3 0.45625 0.3046875 0.0765625 0.0765625
3 0.775 0.378125 0.0625 0.09375
3 0.76015625 0.1203125 0.0640625 0.084375
3 0.32578125 0.3921875 0.0609375 0.075
3 0.425 0.77265625 0.0796875 0.08125
3 0.7546875 0.334375 0.08125 0.08125
3 0.64375 0.7953125 0.06875 0.06875
3 0.3 0.6390625 0.08125 0.0796875
3 0.43125 0.6296875 0.0625 0.078125
3 0.1234375 0.36875 0.0734375 0.0734375
3 0.29453125 0.8359375 0.0671875 0.0671875
3 0.03203125 0.0703125 0.0640625 0.071875
3 0.19609375 0.85859375 0.0703125 0.0703125
3 0.1125 0.52890625 0.065625 0.0765625
3 0.79453125 0.071875 0.075 0.075
3 0.73984375 0.15234375 0.0828125 0.0828125
3 0.0421875 0.75703125 0.06875 0.0859375
3 0.8046875 0.7734375 0.065625 0.0875
3 0.1421875 0.1703125 0.071875 0.065625
3 0.3390625 0.66640625 0.065625 0.0859375
3 0.32265625 0.75546875 0.0703125 0.0828125
3 0.5 0.425 0.0703125 0.0703125
3 0.384375 0.465625 0.0625 0.078125
3 0.84375 0.5140625 0.059375 0.090625
3 0.41875 0.4765625 0.0828125 0.0828125
3 0.03359375 0.6203125 0.0671875 0.071875
3 0.27421875 0.359375 0.0828125 0.08125
3 0.859375 0.37265625 0.075 0.0890625
3 0.88125 0.4421875 0.0671875 0.0671875
3 0.5328125 0.73984375 0.071875 0.071875
3 0.59609375 0.63203125 0.065625 0.065625
3 0.5890625 0.309375 0.0625 0.08125
3 0.47734375 0.7875 0.0609375 0.0875
3 0.09765625 0.08046875 0.0671875 0.0828125
3 0.82734375 0.84765625 0.071875 0.071875
3 0.56953125 0.37890625 0.0671875 0.0765625
3 0.1796875 0.75390625 0.0640625 0.065625
3 0.7265625 0.71640625 0.059375 0.084375
3 0.63046875 0.89296875 0.0671875 0.0671875
3 0.89375 0.11484375 0.075 0.0765625
3 0.0390625 0.2046875 0.078125 0.084375
3 0.04140625 0.346875 0.06875 0.096875
3 0.93515625 0.265625 0.053125 0.09375
3 0.046875 0.875 0.0765625 0.0765625
3 0.084375 0.55703125 0.06875 0.0859375
3 0.1109375 0.72578125 0.0703125 0.06875
3 0.91875 0.51171875 0.0625 0.0921875
3 0.7484375 0.425 0.08125 0.090625
3 0.8140625 0.9609375 0.065625 0.0671875
3 0.403125 0.859375 0.06875 0.06875
3 0.79140625 0.92578125 0.06875 0.0734375
3 0.6296875 0.08359375 0.075 0.075
3 0.35703125 0.7640625 0.0671875 0.084375
3 0.7890625 0.8328125 0.08125 0.08125
3 0.08984375 0.3921875 0.078125 0.0765625
3 0.56015625 0.23203125 0.065625 0.065625
3 0.68359375 0.34296875 0.0609375 0.0671875
3 0.5640625 0.0421875 0.065625 0.084375
3 0.85859375 0.81484375 0.0578125 0.0828125
6 0.80234375 0.46328125 0.103125 0.103125
3 0.06171875 0.790625 0.0625 0.0609375
3 0.065625 0.90703125 0.053125 0.0875
3 0.1140625 0.09921875 0.065625 0.0671875
3 0.109375 0.19609375 0.065625 0.0671875
3 0.11875 0.246875 0.05625 0.075
3 0.2390625 0.4515625 0.059375 0.078125
3 0.5328125 0.14921875 0.065625 0.0859375
3 0.34609375 0.246875 0.0625 0.0625
3 0.9390625 0.5140625 0.05 0.065625
3 0.75546875 0.71640625 0.0578125 0.0703125
3 0.79453125 0.7421875 0.0765625 0.0765625
3 0.8921875 0.87265625 0.053125 0.071875
3 0.83828125 0.9484375 0.0640625 0.084375
3 0.8953125 0.809375 0.0625 0.0625
3 0.6609375 0.8125 0.0671875 0.0671875
3 0.6015625 0.9078125 0.071875 0.084375
3 0.40234375 0.9640625 0.06875 0.06875
3 0.1875 0.959375 0.06875 0.075
3 0.1765625 0.83359375 0.0703125 0.06875
3 0.14296875 0.734375 0.0703125 0.071875
3 0.1265625 0.6265625 0.075 0.0734375
3 0.3640625 0.64375 0.06875 0.06875
3 0.60390625 0.36484375 0.06875 0.0703125
3 0.5828125 0.21640625 0.065625 0.065625
3 0.48359375 0.33125 0.053125 0.075
3 0.82265625 0.29921875 0.0515625 0.0828125
3 0.6546875 0.0515625 0.053125 0.084375
3 0.65703125 0.109375 0.0515625 0.0875
3 0.90234375 0.14609375 0.0578125 0.0828125
3 0.9265625 0.21328125 0.059375 0.0875
3 0.86875 0.4078125 0.06875 0.0671875
3 0.5109375 0.45078125 0.059375 0.0890625
3 0.49765625 0.7796875 0.0640625 0.0875
3 0.41640625 0.87890625 0.0640625 0.075
3 0.3046875 0.87421875 0.053125 0.0828125
3 0.9640625 0.0390625 0.059375 0.075
3 0.96796875 0.959375 0.0640625 0.065625