3 0.32734375 0.09765625 0.0671875 0.0890625
3 0.88203125 0.52734375 0.084375 0.084375
3 0.38125 0.19921875 0.0625 0.0859375
3 0.6640625 0.23984375 0.06875 0.0921875
3 0.94609375 0.25390625 0.075 0.075
3 0.51796875 0.5484375 0.0796875 0.08125
3 0.1078125 0.165625 0.078125 0.078125
3 0.321875 0.43671875 0.0625 0.0921875
3 0.7109375 0.31640625 0.071875 0.0921875
3 0.71171875 0.4703125 0.0703125 0.071875
3 0.4421875 0.64609375 0.0765625 0.0765625
3 0.053125 0.0796875 0.084375 0.084375
3 0.18046875 0.73046875 0.065625 0.0859375
3 0.46953125 0.80625 0.084375 0.0859375
3 0.4859375 0.09765625 0.096875 0.096875
3 0.409375 0.13984375 0.0890625 0.0890625
3 0.046875 0.596875 0.06875 0.096875
3 0.778125 0.4078125 0.071875 0.090625
3 0.9 0.3078125 0.0828125 0.0828125
3 0.81875 0.53046875 0.071875 0.1171875
3 0.05078125 0.1984375 0.084375 0.084375
3 0.8484375 0.2484375 0.065625 0.084375
3 0.0640625 0.271875 0.078125 0.078125
3 0.796875 0.646875 0.0859375 0.0859375
3 0.95859375 0.15234375 0.0828125 0.0859375
3 0.8484375 0.81640625 0.090625 0.0796875
3 0.0296875 0.91171875 0.059375 0.109375
3 0.184375 0.4078125 0.075 0.075
3 0.8953125 0.08515625 0.1 0.1