3 0.09765625 0.67265625 0.0890625 0.0671875
3 0.52734375 0.11796875 0.1015625 0.065625
3 0.19921875 0.61875 0.0734375 0.075
3 0.23984375 0.3359375 0.0921875 0.06875
3 0.25390625 0.05390625 0.075 0.075
3 0.5484375 0.48203125 0.090625 0.0703125
3 0.165625 0.8921875 0.084375 0.071875
3 0.43671875 0.678125 0.0921875 0.0625
3 0.31640625 0.2890625 0.0828125 0.0828125
3 0.4703125 0.28828125 0.071875 0.0703125
3 0.64609375 0.5578125 0.0875 0.065625
3 0.0796875 0.946875 0.084375 0.084375
3 0.73046875 0.81953125 0.075 0.075
3 0.80625 0.53046875 0.09375 0.0765625
3 0.09765625 0.5140625 0.1109375 0.08125
3 0.13984375 0.590625 0.109375 0.06875
3 0.596875 0.953125 0.0828125 0.0828125
3 0.4078125 0.221875 0.090625 0.071875
3 0.3078125 0.1 0.0828125 0.0828125
3 0.53046875 0.18125 0.1171875 0.071875
3 0.1984375 0.94921875 0.084375 0.084375
3 0.2484375 0.1515625 0.084375 0.065625
3 0.271875 0.9359375 0.078125 0.078125
3 0.646875 0.203125 0.0875 0.084375
3 0.15234375 0.04140625 0.0859375 0.0828125
3 0.81640625 0.1515625 0.0796875 0.090625
3 0.9125 0.9640625 0.084375 0.071875
3 0.4078125 0.815625 0.075 0.075
3 0.08515625 0.1046875 0.1 0.1