3 0.51015625 0.58125 0.1078125 0.08125
3 0.7421875 0.09453125 0.096875 0.071875
3 0.08828125 0.4125 0.084375 0.084375
3 0.0765625 0.471875 0.0875 0.0875
3 0.86328125 0.26328125 0.1 0.0796875
3 0.496875 0.73359375 0.075 0.075
3 0.09296875 0.23359375 0.090625 0.0734375
3 0.5109375 0.37109375 0.075 0.075
3 0.17734375 0.45546875 0.071875 0.071875
3 0.52109375 0.4296875 0.1015625 0.071875
3 0.3390625 0.3515625 0.109375 0.071875
3 0.65703125 0.45234375 0.1078125 0.0671875
3 0.3625 0.41484375 0.090625 0.0609375
3 0.7625 0.40546875 0.10625 0.075
3 0.6625 0.40234375 0.109375 0.0703125
3 0.43125 0.40625 0.09375 0.08125
3 0.87890625 0.1953125 0.1140625 0.1140625
3 0.31484375 0.4453125 0.1140625 0.075