3 0.51015625 0.41875 0.1078125 0.08125
3 0.7421875 0.90546875 0.096875 0.071875
3 0.08828125 0.5875 0.084375 0.084375
3 0.0765625 0.528125 0.103125 0.071875
3 0.86328125 0.73671875 0.090625 0.090625
3 0.496875 0.26640625 0.084375 0.065625
3 0.09296875 0.76640625 0.090625 0.0734375
3 0.5109375 0.62890625 0.075 0.075
3 0.17734375 0.54453125 0.0859375 0.0578125
3 0.52109375 0.5703125 0.0875 0.0859375
3 0.3390625 0.6484375 0.109375 0.071875
3 0.65703125 0.54765625 0.1078125 0.0671875
3 0.3625 0.58515625 0.0765625 0.075
3 0.7625 0.59453125 0.10625 0.075
3 0.6625 0.59765625 0.109375 0.0703125
3 0.43125 0.59375 0.0875 0.0875
3 0.87890625 0.8046875 0.1171875 0.109375
3 0.31484375 0.5546875 0.09375 0.09375