3 0.44140625 0.5421875 0.071875 0.071875
3 0.12265625 0.11015625 0.078125 0.078125
3 0.571875 0.571875 0.06875 0.06875
3 0.42109375 0.24609375 0.071875 0.071875
6 0.79453125 0.6828125 0.096875 0.096875
3 0.25546875 0.584375 0.0984375 0.075
3 0.921875 0.89375 0.0921875 0.0921875
3 0.28984375 0.8421875 0.08125 0.08125
3 0.1546875 0.85703125 0.084375 0.0828125
3 0.8453125 0.79375 0.1 0.0625
3 0.415625 0.17578125 0.078125 0.0703125
3 0.653125 0.79140625 0.0875 0.0703125
3 0.225 0.9046875 0.090625 0.071875
3 0.065625 0.6671875 0.096875 0.075
3 0.8796875 0.1765625 0.090625 0.071875
3 0.6546875 0.64375 0.0921875 0.0921875
3 0.3125 0.65 0.084375 0.0625
3 0.39765625 0.8296875 0.0859375 0.059375
3 0.65546875 0.45 0.0671875 0.0671875
3 0.5765625 0.81328125 0.0796875 0.078125
3 0.49140625 0.7921875 0.0890625 0.071875
3 0.6203125 0.38984375 0.0734375 0.0734375
3 0.4890625 0.20390625 0.08125 0.08125
3 0.1921875 0.05234375 0.096875 0.0703125
3 0.3203125 0.71484375 0.084375 0.0609375
3 0.86484375 0.3 0.0890625 0.071875
3 0.62109375 0.85859375 0.0703125 0.071875
3 0.70234375 0.4078125 0.065625 0.065625
3 0.1109375 0.42578125 0.0796875 0.0796875
3 0.25546875 0.446875 0.0625 0.0625
3 0.13984375 0.2703125 0.0765625 0.065625
3 0.5234375 0.46171875 0.0765625 0.075
3 0.3390625 0.94375 0.078125 0.0625
3 0.3171875 0.04921875 0.0734375 0.071875
4 0.4828125 0.865625 0.1 0.071875
3 0.4265625 0.09453125 0.0609375 0.0609375
3 0.25390625 0.125 0.0703125 0.071875
3 0.84453125 0.11171875 0.0796875 0.0796875
3 0.41484375 0.68984375 0.096875 0.0703125
3 0.1890625 0.48515625 0.078125 0.0765625
3 0.39609375 0.76015625 0.0828125 0.0703125
3 0.87265625 0.57109375 0.0890625 0.0671875
3 0.578125 0.2453125 0.0703125 0.0703125
3 0.36484375 0.88515625 0.0859375 0.06875
6 0.1484375 0.19296875 0.1 0.1
3 0.9515625 0.08984375 0.08125 0.08125
6 0.5734375 0.3125 0.125 0.084375
3 0.04765625 0.37421875 0.06875 0.0703125
3 0.16953125 0.70234375 0.06875 0.06875
3 0.06640625 0.32890625 0.0640625 0.0640625
3 0.21875 0.9703125 0.078125 0.053125
6 0.5921875 0.49296875 0.109375 0.0578125
3 0.0765625 0.059375 0.078125 0.05
3 0.5390625 0.11796875 0.06875 0.0640625
3 0.35 0.28515625 0.075 0.05
3 0.5 0.078125 0.0671875 0.0671875
3 0.56015625 0.15859375 0.0640625 0.0640625
3 0.32265625 0.2484375 0.0609375 0.0609375