3 0.44140625 0.4578125 0.0828125 0.0625
3 0.12265625 0.88984375 0.0890625 0.0671875
3 0.571875 0.428125 0.08125 0.05625
3 0.42109375 0.75390625 0.0796875 0.0640625
6 0.79453125 0.3171875 0.096875 0.096875
3 0.25546875 0.415625 0.0984375 0.075
3 0.921875 0.10625 0.0921875 0.0921875
3 0.28984375 0.1578125 0.08125 0.08125
3 0.1546875 0.14296875 0.084375 0.0828125
3 0.8453125 0.20625 0.1 0.0625
3 0.415625 0.82421875 0.078125 0.0703125
3 0.653125 0.20859375 0.078125 0.078125
3 0.225 0.0953125 0.08125 0.08125
3 0.065625 0.3328125 0.0859375 0.0859375
3 0.8796875 0.8234375 0.08125 0.08125
3 0.6546875 0.35625 0.0921875 0.0921875
3 0.3125 0.35 0.0734375 0.071875
3 0.39765625 0.1703125 0.0859375 0.059375
3 0.65546875 0.55 0.084375 0.05
3 0.5765625 0.18671875 0.084375 0.0734375
3 0.49140625 0.2078125 0.0796875 0.08125
3 0.6203125 0.61015625 0.0875 0.0609375
3 0.4890625 0.79609375 0.08125 0.08125
3 0.1921875 0.94765625 0.084375 0.084375
3 0.3203125 0.28515625 0.071875 0.071875
3 0.86484375 0.7 0.0890625 0.071875
3 0.62109375 0.14140625 0.0828125 0.059375
3 0.70234375 0.5921875 0.065625 0.065625
3 0.1109375 0.57421875 0.084375 0.0734375
3 0.25546875 0.553125 0.0703125 0.05625
3 0.13984375 0.7296875 0.071875 0.071875
3 0.5234375 0.53828125 0.0765625 0.075
3 0.3390625 0.05625 0.078125 0.0625
3 0.3171875 0.95078125 0.0734375 0.071875
4 0.4828125 0.134375 0.0859375 0.0859375
3 0.4265625 0.90546875 0.0625 0.0578125
3 0.25390625 0.875 0.0703125 0.071875
3 0.84453125 0.88828125 0.090625 0.06875
3 0.41484375 0.31015625 0.096875 0.0703125
3 0.1890625 0.51484375 0.096875 0.0578125
3 0.39609375 0.23984375 0.0828125 0.0703125
3 0.87265625 0.42890625 0.0890625 0.0671875
3 0.578125 0.7546875 0.0703125 0.0703125
3 0.36484375 0.11484375 0.078125 0.078125
6 0.1484375 0.80703125 0.1 0.1
3 0.9515625 0.91015625 0.08125 0.08125
6 0.5734375 0.6875 0.125 0.084375
3 0.04765625 0.62578125 0.06875 0.0703125
3 0.16953125 0.29765625 0.06875 0.06875
3 0.06640625 0.67109375 0.0640625 0.0640625
3 0.21953125 0.03125 0.0671875 0.0625
6 0.5921875 0.50703125 0.084375 0.084375
3 0.0765625 0.940625 0.078125 0.05
3 0.5390625 0.88203125 0.06875 0.0640625
3 0.35 0.71484375 0.075 0.05
3 0.5 0.921875 0.0671875 0.0671875
3 0.56015625 0.84140625 0.0640625 0.0640625
3 0.32265625 0.7515625 0.0671875 0.053125