3 0.7515625 0.2609375 0.09375 0.078125
3 0.58828125 0.75234375 0.1015625 0.0734375
3 0.77265625 0.7890625 0.0828125 0.0828125
3 0.046875 0.471875 0.09375 0.06875
3 0.37109375 0.18359375 0.0890625 0.0765625
3 0.24765625 0.2078125 0.0953125 0.078125
3 0.27734375 0.6765625 0.0890625 0.059375
3 0.73671875 0.0515625 0.0859375 0.0875
3 0.95 0.38046875 0.09375 0.0765625
3 0.90078125 0.5640625 0.0921875 0.0921875
3 0.121875 0.67578125 0.084375 0.0859375
3 0.79296875 0.40546875 0.084375 0.084375
3 0.45703125 0.8109375 0.084375 0.0859375
3 0.29921875 0.40390625 0.0984375 0.0796875
3 0.334375 0.78359375 0.096875 0.0734375
3 0.446875 0.115625 0.0734375 0.0734375
3 0.63125 0.38671875 0.0890625 0.0875
3 0.73828125 0.59140625 0.090625 0.090625
3 0.478125 0.24140625 0.09375 0.0765625
3 0.24765625 0.45234375 0.075 0.075
3 0.37421875 0.90390625 0.1046875 0.0765625
3 0.87734375 0.25546875 0.0984375 0.0859375
3 0.9171875 0.16875 0.1 0.071875
3 0.5125 0.88125 0.1125 0.071875
3 0.23359375 0.36875 0.0984375 0.071875
3 0.43359375 0.73671875 0.1078125 0.075
3 0.14765625 0.35546875 0.08125 0.08125
3 0.66171875 0.8203125 0.0890625 0.071875
3 0.94296875 0.50703125 0.0890625 0.0671875
3 0.14296875 0.1296875 0.1109375 0.084375
3 0.5296875 0.14609375 0.09375 0.0765625
3 0.8234375 0.8578125 0.0890625 0.0890625
3 0.50234375 0.05390625 0.084375 0.084375
3 0.0703125 0.2703125 0.0875 0.075
3 0.05703125 0.396875 0.090625 0.0921875
3 0.86484375 0.74375 0.0875 0.0859375
3 0.87734375 0.4640625 0.08125 0.08125
3 0.06640625 0.3171875 0.0890625 0.0890625
3 0.43359375 0.6265625 0.0875 0.0890625
3 0.3421875 0.1109375 0.115625 0.065625
3 0.22578125 0.8359375 0.109375 0.065625
3 0.06796875 0.8859375 0.0890625 0.0890625
3 0.31796875 0.309375 0.1046875 0.06875
3 0.7484375 0.46484375 0.096875 0.059375
3 0.51640625 0.675 0.08125 0.0828125
3 0.62109375 0.63359375 0.0875 0.0875
3 0.60234375 0.60546875 0.08125 0.08125
3 0.403125 0.35625 0.09375 0.06875
3 0.5109375 0.41796875 0.1125 0.071875
3 0.46796875 0.3890625 0.071875 0.071875
3 0.27109375 0.840625 0.08125 0.08125
3 0.90234375 0.09921875 0.0734375 0.0734375
3 0.1234375 0.60859375 0.0953125 0.09375
3 0.18984375 0.728125 0.1046875 0.06875
3 0.678125 0.7140625 0.1 0.06875
3 0.26953125 0.52109375 0.121875 0.0734375
3 0.384375 0.0421875 0.090625 0.084375
3 0.71015625 0.68359375 0.084375 0.0859375
3 0.3703125 0.6671875 0.075 0.075
3 0.3640625 0.35546875 0.0875 0.0734375
3 0.1796875 0.62265625 0.09375 0.0734375
3 0.8609375 0.0765625 0.109375 0.0625
3 0.490625 0.89140625 0.08125 0.08125
3 0.21640625 0.7828125 0.075 0.0765625
3 0.15390625 0.72890625 0.1203125 0.0671875
5 0.25859375 0.58671875 0.1109375 0.1125
6 0.5875 0.0875 0.146875 0.08125