3 0.2375 0.8953125 0.0828125 0.0828125
3 0.42890625 0.50390625 0.0671875 0.0828125
3 0.46953125 0.2453125 0.0734375 0.09375
3 0.42578125 0.42265625 0.0578125 0.0796875
3 0.52421875 0.55390625 0.08125 0.08125
3 0.43984375 0.61171875 0.0734375 0.1015625
3 0.5328125 0.45234375 0.071875 0.0890625
3 0.3 0.578125 0.0890625 0.0890625
3 0.234375 0.3765625 0.075 0.075
3 0.22421875 0.734375 0.075 0.0875
3 0.76953125 0.47890625 0.0828125 0.1
3 0.91796875 0.70703125 0.0734375 0.0796875
3 0.584375 0.2203125 0.06875 0.090625
3 0.846875 0.79765625 0.075 0.0859375
3 0.8984375 0.4421875 0.08125 0.103125
3 0.54140625 0.13515625 0.0640625 0.0828125
3 0.8515625 0.11953125 0.08125 0.08125
3 0.7578125 0.3328125 0.075 0.090625
3 0.590625 0.51640625 0.06875 0.0796875
3 0.21796875 0.81015625 0.06875 0.0703125
3 0.3546875 0.66171875 0.0875 0.0890625
3 0.3234375 0.88359375 0.078125 0.090625
3 0.13359375 0.5375 0.0875 0.0875
3 0.35546875 0.1265625 0.084375 0.084375
3 0.17578125 0.9390625 0.06875 0.078125
3 0.83515625 0.23671875 0.0734375 0.0953125
3 0.1375 0.88515625 0.0625 0.0765625
3 0.75859375 0.09296875 0.0703125 0.0796875
3 0.1921875 0.05234375 0.078125 0.0765625
3 0.85625 0.58828125 0.090625 0.090625
3 0.86953125 0.35703125 0.06875 0.0859375
3 0.64765625 0.34765625 0.0765625 0.1
3 0.05703125 0.634375 0.0578125 0.075
3 0.15859375 0.82109375 0.06875 0.06875
3 0.37421875 0.2375 0.0859375 0.0875
3 0.225 0.528125 0.06875 0.09375
3 0.71875 0.53828125 0.075 0.0890625
3 0.2328125 0.284375 0.084375 0.09375
6 0.26015625 0.1546875 0.0984375 0.0984375
3 0.94375 0.346875 0.090625 0.0921875
4 0.92734375 0.19453125 0.0734375 0.1015625
3 0.11796875 0.35546875 0.0671875 0.0875
3 0.76796875 0.871875 0.053125 0.0875
3 0.65390625 0.515625 0.075 0.075
3 0.2890625 0.95234375 0.071875 0.071875
3 0.12890625 0.7109375 0.08125 0.084375
3 0.4203125 0.14765625 0.071875 0.090625
3 0.82734375 0.4171875 0.0671875 0.0875
3 0.2875 0.796875 0.0796875 0.0796875
3 0.375 0.95234375 0.06875 0.0953125
3 0.915625 0.2578125 0.078125 0.103125
3 0.9078125 0.9421875 0.06875 0.06875
3 0.59453125 0.10703125 0.0734375 0.096875
3 0.05234375 0.7453125 0.0640625 0.1
3 0.29765625 0.2484375 0.08125 0.08125
6 0.18125 0.17890625 0.075 0.0890625
3 0.1765625 0.64765625 0.078125 0.0890625
3 0.93515625 0.62421875 0.08125 0.08125
3 0.29609375 0.715625 0.0484375 0.08125
3 0.49375 0.03984375 0.05625 0.078125
3 0.325 0.1640625 0.04375 0.084375
3 0.528125 0.91484375 0.06875 0.1015625
3 0.259375 0.67734375 0.0765625 0.075
6 0.165625 0.334375 0.096875 0.096875
3 0.60859375 0.06640625 0.0734375 0.0953125
3 0.9234375 0.0703125 0.078125 0.078125
3 0.8328125 0.946875 0.090625 0.090625
3 0.18984375 0.60234375 0.08125 0.08125
3 0.15859375 0.1234375 0.0703125 0.084375
3 0.665625 0.90703125 0.08125 0.0921875
3 0.0984375 0.78984375 0.078125 0.078125
0 0.096875 0.81328125 0.090625 0.1046875
3 0.3703125 0.08515625 0.078125 0.078125
3 0.91640625 0.10234375 0.0796875 0.0796875