3 0.8953125 0.7625 0.090625 0.075
3 0.50390625 0.57109375 0.0828125 0.0671875
3 0.2453125 0.53046875 0.0828125 0.084375
3 0.42265625 0.57421875 0.06875 0.06875
3 0.55390625 0.47578125 0.090625 0.0734375
3 0.61171875 0.56015625 0.1015625 0.0734375
3 0.45234375 0.4671875 0.0890625 0.071875
3 0.578125 0.7 0.0890625 0.0890625
3 0.3765625 0.765625 0.075 0.075
3 0.734375 0.77578125 0.0875 0.075
3 0.47890625 0.23046875 0.1 0.0828125
3 0.70703125 0.08203125 0.0765625 0.0765625
3 0.2203125 0.415625 0.0796875 0.0796875
3 0.79765625 0.153125 0.0859375 0.075
3 0.4421875 0.1015625 0.0921875 0.0921875
3 0.13515625 0.45859375 0.0828125 0.0640625
3 0.11953125 0.1484375 0.0890625 0.071875
3 0.3328125 0.2421875 0.0828125 0.0828125
3 0.51640625 0.409375 0.0796875 0.06875
3 0.81015625 0.78203125 0.0703125 0.06875
3 0.66171875 0.6453125 0.0984375 0.078125
3 0.88359375 0.6765625 0.090625 0.078125
3 0.5375 0.86640625 0.0875 0.0875
3 0.1265625 0.64453125 0.1 0.0703125
3 0.9390625 0.82421875 0.0734375 0.0734375
3 0.23671875 0.16484375 0.0953125 0.0734375
3 0.88515625 0.8625 0.0703125 0.06875
3 0.09296875 0.24140625 0.075 0.075
3 0.05234375 0.8078125 0.0828125 0.071875
3 0.58828125 0.14375 0.090625 0.090625
3 0.35703125 0.13046875 0.078125 0.078125
3 0.34765625 0.35234375 0.1 0.0765625
3 0.634375 0.94296875 0.075 0.0578125
3 0.82109375 0.84140625 0.078125 0.0578125
3 0.2375 0.62578125 0.096875 0.0765625
3 0.528125 0.775 0.08125 0.08125
3 0.53828125 0.28125 0.0890625 0.075
3 0.284375 0.7671875 0.09375 0.084375
6 0.1546875 0.73984375 0.0984375 0.0984375
3 0.346875 0.05625 0.0921875 0.0921875
4 0.19453125 0.07265625 0.0875 0.0875
3 0.35546875 0.88203125 0.0875 0.0671875
3 0.871875 0.23203125 0.0875 0.053125
3 0.515625 0.34609375 0.075 0.075
3 0.95234375 0.7109375 0.0796875 0.065625
3 0.7109375 0.87109375 0.0828125 0.0828125
3 0.14765625 0.5796875 0.090625 0.071875
3 0.4171875 0.17265625 0.078125 0.0765625
3 0.796875 0.7125 0.0796875 0.0796875
3 0.95234375 0.625 0.08125 0.08125
3 0.2578125 0.084375 0.090625 0.090625
3 0.9421875 0.0921875 0.075 0.0625
3 0.10703125 0.40546875 0.084375 0.084375
3 0.7453125 0.94765625 0.1 0.0640625
3 0.2484375 0.70234375 0.08125 0.08125
6 0.17890625 0.81875 0.0890625 0.075
3 0.64765625 0.8234375 0.0890625 0.078125
3 0.62421875 0.06484375 0.0921875 0.071875
3 0.715625 0.70390625 0.08125 0.0484375
3 0.03984375 0.50625 0.078125 0.05625
3 0.1640625 0.675 0.0640625 0.0640625
3 0.91484375 0.471875 0.1015625 0.06875
3 0.67734375 0.740625 0.075 0.0765625
6 0.334375 0.834375 0.096875 0.096875
3 0.06640625 0.39140625 0.0953125 0.0734375
3 0.0703125 0.0765625 0.084375 0.071875
3 0.946875 0.1671875 0.090625 0.090625
3 0.60234375 0.81015625 0.08125 0.08125
3 0.1234375 0.84140625 0.084375 0.0703125
3 0.90703125 0.334375 0.0875 0.0859375
3 0.78984375 0.9015625 0.0921875 0.065625
0 0.81328125 0.903125 0.096875 0.096875
3 0.08515625 0.6296875 0.078125 0.078125
3 0.10234375 0.08359375 0.0796875 0.0796875