3 0.353125 0.20234375 0.071875 0.0890625
3 0.29609375 0.70234375 0.0765625 0.075
3 0.67890625 0.36796875 0.065625 0.0765625
3 0.6546875 0.6796875 0.071875 0.1
3 0.196875 0.6140625 0.071875 0.084375
3 0.4265625 0.60390625 0.06875 0.0921875
3 0.73046875 0.51328125 0.0765625 0.0859375
3 0.37734375 0.9171875 0.0609375 0.090625
3 0.5734375 0.90234375 0.075 0.075
3 0.07109375 0.44453125 0.0828125 0.0828125
3 0.953125 0.6828125 0.05625 0.084375
3 0.765625 0.45703125 0.0875 0.090625
3 0.95390625 0.42421875 0.0796875 0.0796875
3 0.2734375 0.86171875 0.084375 0.0921875
3 0.38046875 0.12578125 0.084375 0.084375
3 0.7671875 0.38203125 0.084375 0.084375
3 0.18125 0.4453125 0.08125 0.096875
3 0.43125 0.52578125 0.075 0.0921875
3 0.9265625 0.8671875 0.08125 0.08125
3 0.46953125 0.334375 0.09375 0.0921875
3 0.128125 0.31328125 0.06875 0.1078125
0 0.75625 0.8125 0.1046875 0.1046875
2 0.36640625 0.30859375 0.1015625 0.109375
3 0.32890625 0.9578125 0.0609375 0.084375