3 0.353125 0.79765625 0.0796875 0.0796875
3 0.29609375 0.29765625 0.0640625 0.0875
3 0.67890625 0.63203125 0.065625 0.0765625
3 0.6546875 0.3203125 0.0859375 0.0859375
3 0.196875 0.3859375 0.071875 0.084375
3 0.4265625 0.39609375 0.06875 0.0921875
3 0.73046875 0.48671875 0.08125 0.08125
3 0.37734375 0.0828125 0.0609375 0.090625
3 0.5734375 0.09765625 0.075 0.075
3 0.07109375 0.55546875 0.0828125 0.0828125
3 0.953125 0.3171875 0.071875 0.06875
3 0.765625 0.54296875 0.0875 0.090625
3 0.95390625 0.57578125 0.0796875 0.0796875
3 0.2734375 0.13828125 0.0890625 0.0875
3 0.38046875 0.87421875 0.0890625 0.0796875
3 0.7671875 0.61796875 0.096875 0.0703125
3 0.18125 0.5546875 0.08125 0.096875
3 0.43125 0.47421875 0.0828125 0.0828125
3 0.9265625 0.1328125 0.06875 0.09375
3 0.46953125 0.665625 0.0796875 0.10625
3 0.128125 0.68671875 0.06875 0.1078125
0 0.75625 0.1875 0.1 0.109375
2 0.36640625 0.69140625 0.1015625 0.109375
3 0.32890625 0.0421875 0.0609375 0.084375