3 0.7453125 0.453125 0.075 0.0765625
3 0.1484375 0.41171875 0.059375 0.078125
3 0.0953125 0.61171875 0.06875 0.0890625
3 0.75859375 0.58046875 0.0765625 0.078125
3 0.49453125 0.5171875 0.0671875 0.09375
3 0.60625 0.29765625 0.075 0.0984375
3 0.86796875 0.40234375 0.0765625 0.1109375
3 0.1 0.5046875 0.065625 0.090625
3 0.496875 0.36484375 0.0796875 0.0796875
3 0.565625 0.7484375 0.0734375 0.0734375
3 0.9234375 0.20859375 0.0765625 0.0765625
3 0.946875 0.34765625 0.075 0.075
3 0.7359375 0.68046875 0.065625 0.0953125
3 0.67578125 0.76875 0.084375 0.0859375
3 0.41875 0.215625 0.078125 0.078125
3 0.44375 0.8703125 0.0828125 0.0828125
3 0.8640625 0.85078125 0.059375 0.0796875
3 0.9328125 0.8609375 0.0828125 0.0828125
3 0.6 0.86171875 0.071875 0.071875
3 0.7703125 0.321875 0.090625 0.090625
3 0.11875 0.77265625 0.0859375 0.0859375
3 0.1578125 0.3125 0.065625 0.090625
3 0.93125 0.74609375 0.075 0.0984375
3 0.51328125 0.09296875 0.071875 0.071875
3 0.41953125 0.3328125 0.0703125 0.1
3 0.1703125 0.56171875 0.06875 0.0984375
3 0.4078125 0.53984375 0.08125 0.08125
3 0.946875 0.08515625 0.0859375 0.0859375
3 0.27265625 0.3671875 0.0609375 0.08125
3 0.8328125 0.54140625 0.078125 0.1078125
3 0.93515625 0.5203125 0.0609375 0.078125
3 0.2328125 0.0984375 0.0828125 0.0828125
3 0.0359375 0.21796875 0.071875 0.0734375
3 0.6875 0.27890625 0.078125 0.078125
3 0.33828125 0.48515625 0.075 0.075
3 0.46640625 0.15234375 0.0671875 0.0671875
3 0.090625 0.340625 0.059375 0.10625
3 0.71953125 0.79609375 0.0703125 0.0984375
3 0.3828125 0.0953125 0.0625 0.115625
3 0.2125 0.25234375 0.08125 0.1015625
3 0.3390625 0.64609375 0.071875 0.0734375
3 0.24765625 0.20703125 0.0875 0.0875
3 0.3125 0.809375 0.0625 0.084375
3 0.5578125 0.0484375 0.071875 0.090625
3 0.28203125 0.509375 0.0421875 0.09375
3 0.22265625 0.95390625 0.0796875 0.0796875
6 0.5734375 0.55078125 0.090625 0.1078125
2 0.80859375 0.77421875 0.0828125 0.0796875