3 0.2546875 0.453125 0.0765625 0.0765625
3 0.8515625 0.41171875 0.06875 0.06875
3 0.9046875 0.61171875 0.078125 0.0796875
3 0.24140625 0.58046875 0.0765625 0.078125
3 0.50546875 0.5171875 0.08125 0.0796875
3 0.39375 0.29765625 0.0859375 0.0875
3 0.13203125 0.40234375 0.0765625 0.1109375
3 0.9 0.5046875 0.078125 0.078125
3 0.503125 0.36484375 0.06875 0.090625
3 0.434375 0.7484375 0.06875 0.078125
3 0.0765625 0.20859375 0.065625 0.0875
3 0.053125 0.34765625 0.075 0.075
3 0.2640625 0.68046875 0.065625 0.0953125
3 0.32421875 0.76875 0.0703125 0.1
3 0.58125 0.215625 0.0625 0.09375
3 0.55625 0.8703125 0.071875 0.09375
3 0.1359375 0.85078125 0.059375 0.0796875
3 0.0671875 0.8609375 0.0828125 0.0828125
3 0.4 0.86171875 0.071875 0.071875
3 0.2296875 0.321875 0.065625 0.115625
3 0.88125 0.77265625 0.075 0.096875
3 0.8421875 0.3125 0.065625 0.090625
3 0.06875 0.74609375 0.0875 0.0875
3 0.48671875 0.09296875 0.071875 0.071875
3 0.58046875 0.3328125 0.0703125 0.1
3 0.8296875 0.56171875 0.06875 0.0984375
3 0.5921875 0.53984375 0.08125 0.08125
3 0.053125 0.08515625 0.075 0.0984375
3 0.72734375 0.3671875 0.0609375 0.08125
3 0.1671875 0.54140625 0.078125 0.1078125
3 0.06484375 0.5203125 0.06875 0.06875
3 0.7671875 0.0984375 0.075 0.090625
3 0.9640625 0.21796875 0.071875 0.0734375
3 0.3125 0.27890625 0.06875 0.0859375
3 0.66171875 0.48515625 0.075 0.075
3 0.53359375 0.15234375 0.0546875 0.0796875
3 0.909375 0.340625 0.0828125 0.0828125
3 0.28046875 0.79609375 0.084375 0.084375
3 0.6171875 0.0953125 0.0625 0.115625
3 0.7875 0.25234375 0.08125 0.1015625
3 0.6609375 0.64609375 0.071875 0.0734375
3 0.75234375 0.20703125 0.0875 0.0875
3 0.6875 0.809375 0.0625 0.084375
3 0.4421875 0.0484375 0.071875 0.090625
3 0.71796875 0.509375 0.06875 0.06875
3 0.77734375 0.95390625 0.0796875 0.0796875
6 0.4265625 0.55078125 0.0984375 0.1
2 0.19140625 0.77421875 0.08125 0.08125