2 0.38203125 0.60546875 0.0828125 0.0828125
2 0.63515625 0.93359375 0.0953125 0.0734375
2 0.3671875 0.2015625 0.08125 0.08125
2 0.09921875 0.7890625 0.0796875 0.0796875
2 0.0828125 0.18984375 0.084375 0.084375
2 0.84140625 0.1375 0.08125 0.08125
2 0.1796875 0.20390625 0.10625 0.0734375
2 0.21328125 0.26640625 0.0875 0.0875
2 0.4875 0.315625 0.1 0.075
2 0.3 0.05390625 0.1 0.0734375
2 0.1765625 0.61796875 0.09375 0.0796875
2 0.071875 0.07578125 0.0734375 0.075
2 0.83359375 0.721875 0.0890625 0.090625
2 0.3375 0.66953125 0.1 0.075
2 0.54921875 0.51484375 0.09375 0.09375
2 0.30234375 0.471875 0.0984375 0.0984375
2 0.2609375 0.83984375 0.109375 0.0765625
2 0.77421875 0.66484375 0.1109375 0.0765625
3 0.18984375 0.78359375 0.0953125 0.0703125
3 0.26171875 0.565625 0.0875 0.0859375
3 0.3234375 0.35 0.1 0.06875
3 0.84921875 0.84921875 0.096875 0.096875