2 0.39453125 0.61796875 0.0703125 0.0953125
2 0.06640625 0.36484375 0.084375 0.084375
2 0.7984375 0.6328125 0.06875 0.09375
2 0.2109375 0.90078125 0.0796875 0.0796875
2 0.81015625 0.9171875 0.075 0.09375
2 0.8625 0.15859375 0.06875 0.0921875
2 0.79609375 0.8203125 0.090625 0.0890625
2 0.73359375 0.78671875 0.0875 0.0875
2 0.684375 0.5125 0.075 0.1
2 0.94609375 0.7 0.0875 0.0859375
2 0.38203125 0.8234375 0.0796875 0.09375
2 0.92421875 0.928125 0.075 0.0734375
2 0.278125 0.16640625 0.090625 0.0890625
2 0.33046875 0.6625 0.075 0.1
2 0.48515625 0.45078125 0.09375 0.09375
2 0.528125 0.69765625 0.0984375 0.0984375
2 0.16015625 0.7390625 0.0921875 0.09375
2 0.33515625 0.22578125 0.0765625 0.1109375
3 0.21640625 0.81015625 0.0828125 0.0828125
3 0.434375 0.73828125 0.075 0.0984375
3 0.65 0.6765625 0.084375 0.084375
3 0.15078125 0.15078125 0.0734375 0.1203125