3 0.15078125 0.40390625 0.0796875 0.0984375
3 0.63671875 0.36171875 0.0828125 0.1
3 0.3671875 0.19375 0.078125 0.10625
3 0.7578125 0.51640625 0.0875 0.0859375
3 0.9578125 0.8875 0.084375 0.090625
3 0.4234375 0.94140625 0.090625 0.0921875
3 0.85 0.37421875 0.084375 0.0984375
3 0.31875 0.0828125 0.0890625 0.0890625
3 0.82265625 0.50234375 0.0609375 0.0984375
3 0.94453125 0.7125 0.0703125 0.09375
3 0.68125 0.8796875 0.0875 0.0875
3 0.88203125 0.1390625 0.0640625 0.0875
3 0.8078125 0.075 0.090625 0.090625
3 0.17421875 0.7171875 0.0859375 0.0859375
3 0.1015625 0.47890625 0.0828125 0.0828125
3 0.53125 0.74375 0.0875 0.0875
3 0.13203125 0.73828125 0.0890625 0.0890625
3 0.76875 0.765625 0.078125 0.09375
3 0.6 0.5109375 0.08125 0.109375
3 0.21640625 0.91640625 0.0765625 0.1015625
3 0.79921875 0.19765625 0.08125 0.08125
3 0.0875 0.80390625 0.0953125 0.09375
3 0.696875 0.6265625 0.0875 0.0875
3 0.04921875 0.609375 0.0796875 0.103125
3 0.40078125 0.8171875 0.0984375 0.0984375
3 0.103125 0.1921875 0.075 0.109375
3 0.68671875 0.7609375 0.09375 0.0921875
3 0.546875 0.58828125 0.075 0.1171875
3 0.72578125 0.18984375 0.0890625 0.0890625
3 0.875 0.79921875 0.0875 0.1109375
3 0.328125 0.89609375 0.090625 0.090625
3 0.49375 0.35703125 0.0953125 0.09375
3 0.41328125 0.26015625 0.09375 0.09375
3 0.81875 0.84140625 0.08125 0.08125
3 0.1640625 0.26484375 0.06875 0.1046875
3 0.75625 0.665625 0.08125 0.10625
3 0.76015625 0.30234375 0.0734375 0.1171875
5 0.16015625 0.14296875 0.06875 0.06875
3 0.9 0.51484375 0.0890625 0.090625
3 0.3546875 0.35390625 0.096875 0.096875
3 0.8296875 0.28671875 0.065625 0.0953125
3 0.7671875 0.87109375 0.0875 0.0875
3 0.646875 0.2671875 0.0796875 0.0796875
3 0.9046875 0.61484375 0.078125 0.1015625