3 0.59609375 0.84921875 0.0890625 0.0890625
3 0.63828125 0.36328125 0.1 0.0828125
3 0.80625 0.6328125 0.0921875 0.0921875
3 0.48359375 0.2421875 0.0859375 0.0875
3 0.1125 0.0421875 0.090625 0.084375
3 0.05859375 0.5765625 0.1046875 0.078125
3 0.62578125 0.15 0.0984375 0.084375
3 0.9171875 0.68125 0.096875 0.08125
3 0.49765625 0.17734375 0.0796875 0.0796875
3 0.2875 0.05546875 0.09375 0.0703125
3 0.1203125 0.31875 0.096875 0.078125
3 0.8609375 0.11796875 0.0875 0.0640625
3 0.925 0.1921875 0.10625 0.075
3 0.2828125 0.82578125 0.1 0.071875
3 0.52109375 0.8984375 0.0921875 0.071875
3 0.25625 0.46875 0.0875 0.0875
3 0.26171875 0.86796875 0.0890625 0.0890625
3 0.234375 0.23125 0.084375 0.0859375
3 0.4890625 0.4 0.0953125 0.0953125
3 0.08359375 0.78359375 0.1015625 0.0765625
3 0.80234375 0.20078125 0.08125 0.08125
3 0.19609375 0.9125 0.09375 0.0953125
3 0.3734375 0.303125 0.0875 0.0875
3 0.390625 0.95078125 0.103125 0.0796875
3 0.1828125 0.59921875 0.0984375 0.0984375
3 0.8078125 0.896875 0.0921875 0.0921875
3 0.2390625 0.31328125 0.0921875 0.09375
3 0.41171875 0.453125 0.096875 0.096875
3 0.81015625 0.27421875 0.0890625 0.0890625
3 0.20078125 0.125 0.1109375 0.0875
3 0.10390625 0.671875 0.1046875 0.075
3 0.64296875 0.50625 0.1078125 0.08125
3 0.73984375 0.58671875 0.1078125 0.0796875
3 0.15859375 0.18125 0.0953125 0.06875
3 0.73515625 0.8359375 0.0859375 0.0859375
3 0.334375 0.24375 0.09375 0.09375
3 0.69765625 0.23984375 0.0953125 0.0953125
5 0.85703125 0.83984375 0.0796875 0.059375
3 0.48515625 0.1 0.090625 0.0890625
3 0.64609375 0.6453125 0.096875 0.096875
3 0.71328125 0.1703125 0.08125 0.08125
3 0.12890625 0.2328125 0.0875 0.0875
3 0.7328125 0.353125 0.084375 0.075
3 0.38515625 0.0953125 0.0890625 0.090625