3 0.721875 0.9046875 0.05625 0.0875
3 0.51796875 0.25234375 0.06875 0.06875
3 0.80625 0.38515625 0.0625 0.0859375
3 0.6375 0.6328125 0.06875 0.0875
3 0.309375 0.34453125 0.06875 0.06875
3 0.159375 0.815625 0.0625 0.08125
3 0.5859375 0.72734375 0.059375 0.0796875
3 0.86171875 0.28359375 0.065625 0.065625
3 0.5203125 0.346875 0.0796875 0.0796875
3 0.4375 0.16953125 0.0671875 0.0671875
3 0.053125 0.28828125 0.06875 0.1
3 0.215625 0.3890625 0.075 0.09375
3 0.27578125 0.91328125 0.071875 0.071875
3 0.3421875 0.43515625 0.075 0.075
3 0.35625 0.05390625 0.05625 0.0765625
3 0.3609375 0.57734375 0.08125 0.1015625
3 0.915625 0.0578125 0.075 0.090625
3 0.65234375 0.31171875 0.0734375 0.0734375
3 0.065625 0.51640625 0.0828125 0.0828125
3 0.92421875 0.3703125 0.075 0.075
3 0.2703125 0.0890625 0.053125 0.090625
3 0.0875 0.7765625 0.0828125 0.0828125
3 0.09921875 0.0796875 0.0640625 0.096875
3 0.4859375 0.78671875 0.065625 0.0859375
3 0.26953125 0.57421875 0.0703125 0.0828125
3 0.6953125 0.74765625 0.071875 0.0828125
3 0.48984375 0.8890625 0.0703125 0.09375
3 0.384375 0.38125 0.0765625 0.0765625
3 0.2109375 0.7671875 0.065625 0.08125
3 0.10546875 0.60625 0.0671875 0.09375
3 0.49609375 0.52734375 0.06875 0.06875
3 0.803125 0.93359375 0.0828125 0.08125
3 0.778125 0.66953125 0.0796875 0.078125
3 0.2078125 0.07890625 0.0765625 0.0765625
3 0.5953125 0.26640625 0.059375 0.0984375
3 0.54296875 0.90859375 0.0671875 0.090625
3 0.46796875 0.6515625 0.06875 0.0875
3 0.109375 0.8828125 0.06875 0.090625
3 0.9078125 0.721875 0.071875 0.0875
3 0.40703125 0.8015625 0.08125 0.0796875
3 0.10625 0.23046875 0.06875 0.103125
3 0.6734375 0.11796875 0.0625 0.0921875
3 0.80390625 0.8203125 0.084375 0.084375
3 0.60390625 0.1234375 0.0578125 0.08125
3 0.38125 0.1328125 0.059375 0.084375
3 0.8671875 0.834375 0.06875 0.0875
3 0.86640625 0.7765625 0.071875 0.071875
3 0.9203125 0.2046875 0.065625 0.08125
3 0.58984375 0.525 0.078125 0.078125
3 0.428125 0.62421875 0.06875 0.0734375
3 0.1859375 0.58828125 0.0796875 0.0796875
3 0.80703125 0.26171875 0.06875 0.06875
3 0.55390625 0.16328125 0.0875 0.0890625
3 0.9421875 0.7015625 0.065625 0.084375
3 0.71484375 0.59765625 0.08125 0.08125
3 0.3328125 0.13203125 0.0765625 0.0765625
3 0.3046875 0.075 0.078125 0.078125
3 0.9453125 0.11015625 0.071875 0.071875
3 0.646875 0.15546875 0.0671875 0.0671875
3 0.20625 0.93203125 0.059375 0.0890625
3 0.57890625 0.66640625 0.0640625 0.0734375
3 0.5546875 0.575 0.053125 0.09375
3 0.725 0.81953125 0.071875 0.071875
3 0.0359375 0.615625 0.071875 0.075
3 0.75234375 0.95703125 0.059375 0.0828125