3 0.85234375 0.60625 0.071875 0.0734375
3 0.60625 0.68125 0.096875 0.06875
3 0.403125 0.1421875 0.078125 0.078125
3 0.64140625 0.7984375 0.0921875 0.06875
3 0.271875 0.95625 0.071875 0.071875
3 0.4390625 0.64765625 0.0765625 0.0765625
3 0.28984375 0.51171875 0.0828125 0.0671875
3 0.29609375 0.3328125 0.084375 0.065625
3 0.69296875 0.25546875 0.075 0.0671875
3 0.61015625 0.26328125 0.0859375 0.071875
3 0.81171875 0.9015625 0.0890625 0.06875
3 0.6140625 0.53984375 0.0828125 0.08125
3 0.159375 0.5609375 0.075 0.059375
3 0.47265625 0.0640625 0.0765625 0.0765625
3 0.09453125 0.3671875 0.08125 0.0828125
3 0.45234375 0.56953125 0.08125 0.0796875
3 0.38203125 0.43671875 0.0953125 0.0734375
3 0.8546875 0.73125 0.084375 0.059375
3 0.53203125 0.56328125 0.0609375 0.0609375
3 0.2421875 0.16328125 0.1 0.0765625
3 0.92890625 0.85703125 0.071875 0.071875
3 0.14296875 0.04140625 0.1015625 0.0734375
3 0.5109375 0.2703125 0.10625 0.071875
3 0.79765625 0.04609375 0.0953125 0.0921875
3 0.5 0.421875 0.1125 0.0875
1 0.78203125 0.8171875 0.1203125 0.090625
0 0.146875 0.284375 0.065625 0.06875
3 0.75703125 0.6359375 0.0953125 0.084375
3 0.40859375 0.8703125 0.1171875 0.075