3 0.584375 0.83671875 0.0875 0.0703125
3 0.6546875 0.73203125 0.096875 0.0734375
3 0.665625 0.5890625 0.084375 0.071875
3 0.41328125 0.2453125 0.0875 0.0875
3 0.3046875 0.0953125 0.075 0.075
3 0.33828125 0.33046875 0.084375 0.0640625
3 0.3734375 0.8203125 0.103125 0.071875
3 0.5734375 0.67421875 0.0828125 0.084375
3 0.86484375 0.55546875 0.0859375 0.0796875
3 0.2671875 0.809375 0.0875 0.0671875
3 0.48203125 0.91796875 0.1015625 0.0703125
3 0.528125 0.509375 0.075 0.075
3 0.58515625 0.3703125 0.090625 0.071875
3 0.7921875 0.578125 0.071875 0.071875
3 0.8265625 0.39140625 0.09375 0.06875
3 0.05546875 0.09375 0.090625 0.0890625
3 0.59921875 0.615625 0.071875 0.0703125
3 0.05703125 0.51953125 0.075 0.075
3 0.74453125 0.28046875 0.0828125 0.0671875
3 0.7828125 0.3046875 0.084375 0.084375
3 0.37421875 0.88515625 0.078125 0.078125
3 0.465625 0.67109375 0.08125 0.08125
3 0.134375 0.95625 0.0796875 0.0796875
3 0.92578125 0.14765625 0.0765625 0.0796875
3 0.13046875 0.69140625 0.071875 0.071875
3 0.2015625 0.6984375 0.0875 0.0875
3 0.63046875 0.28359375 0.0953125 0.071875
6 0.053125 0.6203125 0.1046875 0.1046875
3 0.6703125 0.0421875 0.0671875 0.0671875
3 0.578125 0.165625 0.065625 0.065625
3 0.59296875 0.25 0.0828125 0.06875
3 0.5921875 0.31796875 0.071875 0.071875
3 0.68828125 0.22578125 0.0671875 0.0625