3 0.83671875 0.415625 0.078125 0.078125
3 0.73203125 0.3453125 0.084375 0.084375
3 0.5890625 0.334375 0.071875 0.084375
3 0.2453125 0.58671875 0.075 0.1
3 0.0953125 0.6953125 0.075 0.075
3 0.33046875 0.66171875 0.075 0.075
3 0.8203125 0.6265625 0.0875 0.0875
3 0.67421875 0.4265625 0.0703125 0.096875
3 0.55546875 0.13515625 0.0828125 0.0828125
3 0.809375 0.7328125 0.078125 0.078125
3 0.91796875 0.51796875 0.0859375 0.0859375
3 0.509375 0.471875 0.075 0.075
3 0.3703125 0.41484375 0.08125 0.08125
3 0.578125 0.2078125 0.075 0.06875
3 0.39140625 0.1734375 0.08125 0.08125
3 0.09375 0.94453125 0.0890625 0.090625
3 0.615625 0.40078125 0.0703125 0.071875
3 0.51953125 0.94296875 0.075 0.075
3 0.28046875 0.25546875 0.075 0.075
3 0.3046875 0.2171875 0.078125 0.090625
3 0.88515625 0.62578125 0.0640625 0.090625
3 0.67109375 0.534375 0.08125 0.08125
3 0.95625 0.865625 0.0796875 0.0796875
3 0.14765625 0.07421875 0.0796875 0.0765625
3 0.69140625 0.86953125 0.0578125 0.084375
3 0.6984375 0.7984375 0.0875 0.0875
3 0.28359375 0.36953125 0.071875 0.0953125
6 0.6203125 0.946875 0.115625 0.09375
3 0.0421875 0.3296875 0.06875 0.0671875
3 0.165625 0.421875 0.065625 0.065625
3 0.25 0.40703125 0.0765625 0.0765625
3 0.31796875 0.4078125 0.071875 0.071875
3 0.22578125 0.31171875 0.065625 0.0640625