3 0.16328125 0.415625 0.0703125 0.0875
3 0.26796875 0.3453125 0.084375 0.084375
3 0.4109375 0.334375 0.071875 0.084375
3 0.7546875 0.58671875 0.0875 0.0875
3 0.9046875 0.6953125 0.065625 0.084375
3 0.66953125 0.66171875 0.075 0.075
3 0.1796875 0.6265625 0.0875 0.0875
3 0.32578125 0.4265625 0.084375 0.0828125
3 0.44453125 0.13515625 0.0796875 0.0859375
3 0.190625 0.7328125 0.078125 0.078125
3 0.08203125 0.51796875 0.0859375 0.0859375
3 0.490625 0.471875 0.06875 0.08125
3 0.6296875 0.41484375 0.071875 0.090625
3 0.421875 0.2078125 0.071875 0.071875
3 0.60859375 0.1734375 0.08125 0.08125
3 0.90625 0.94453125 0.078125 0.1015625
3 0.384375 0.40078125 0.0625 0.0796875
3 0.48046875 0.94296875 0.075 0.075
3 0.71953125 0.25546875 0.075 0.075
3 0.6953125 0.2171875 0.084375 0.084375
3 0.11484375 0.62578125 0.078125 0.078125
3 0.32890625 0.534375 0.0625 0.1
3 0.04375 0.865625 0.0796875 0.0796875
3 0.85234375 0.07421875 0.0796875 0.0765625
3 0.30859375 0.86953125 0.071875 0.071875
3 0.3015625 0.7984375 0.0875 0.0875
3 0.71640625 0.36953125 0.071875 0.0953125
6 0.3796875 0.946875 0.1046875 0.1046875
3 0.9578125 0.3296875 0.065625 0.06875
3 0.834375 0.421875 0.065625 0.065625
3 0.75 0.40703125 0.06875 0.0828125
3 0.68203125 0.4078125 0.071875 0.071875
3 0.77421875 0.31171875 0.065625 0.0640625