3 0.76953125 0.640625 0.071875 0.071875
3 0.86875 0.29140625 0.078125 0.078125
3 0.36953125 0.4078125 0.078125 0.078125
3 0.8328125 0.48671875 0.090625 0.0671875
3 0.47421875 0.45546875 0.0984375 0.0703125
3 0.0703125 0.1796875 0.084375 0.084375
3 0.6203125 0.46171875 0.0875 0.0875
3 0.76640625 0.54375 0.078125 0.078125
3 0.66953125 0.77109375 0.0765625 0.0765625
3 0.86796875 0.1390625 0.0828125 0.059375
3 0.51171875 0.28125 0.0828125 0.0828125
3 0.290625 0.4984375 0.08125 0.08125
3 0.53046875 0.6984375 0.0984375 0.078125
4 0.2140625 0.1484375 0.0828125 0.08125
3 0.4640625 0.7796875 0.0796875 0.0796875
3 0.20859375 0.74375 0.0828125 0.0625
3 0.3609375 0.7953125 0.065625 0.065625
3 0.68515625 0.2625 0.0875 0.06875
3 0.296875 0.21796875 0.084375 0.0578125
3 0.11328125 0.8796875 0.08125 0.08125
3 0.4828125 0.596875 0.071875 0.071875
3 0.9203125 0.08359375 0.096875 0.075
3 0.0609375 0.93671875 0.084375 0.0703125
3 0.740625 0.70625 0.0828125 0.08125
3 0.93671875 0.46953125 0.075 0.075
3 0.94453125 0.7046875 0.0859375 0.0859375
3 0.59453125 0.525 0.0921875 0.06875
3 0.16796875 0.9421875 0.08125 0.08125
3 0.95546875 0.9421875 0.0625 0.0625
6 0.1609375 0.08125 0.090625 0.078125
3 0.75703125 0.2140625 0.0875 0.071875
3 0.234375 0.43125 0.084375 0.065625
3 0.4390625 0.23671875 0.06875 0.06875
3 0.7234375 0.14453125 0.078125 0.0546875
3 0.4234375 0.546875 0.071875 0.0625
3 0.6890625 0.165625 0.0859375 0.0859375
3 0.63125 0.7109375 0.075 0.075
6 0.4109375 0.6921875 0.096875 0.096875
3 0.86875 0.22265625 0.078125 0.0671875
3 0.90703125 0.8171875 0.0859375 0.065625
3 0.34765625 0.9625 0.071875 0.053125
4 0.19765625 0.2140625 0.096875 0.096875
3 0.4296875 0.8640625 0.071875 0.059375
3 0.38203125 0.46015625 0.0859375 0.0703125
3 0.34453125 0.24296875 0.0859375 0.0671875
3 0.12421875 0.49140625 0.0640625 0.0640625
3 0.65703125 0.33671875 0.0765625 0.0578125
3 0.07734375 0.3859375 0.0859375 0.071875
3 0.4859375 0.2046875 0.075 0.075
3 0.91484375 0.8765625 0.0640625 0.0625
3 0.3578125 0.02890625 0.0875 0.0578125
3 0.2703125 0.57578125 0.075 0.075
3 0.88359375 0.92265625 0.06875 0.06875
3 0.82890625 0.8203125 0.1015625 0.071875
3 0.81484375 0.8921875 0.1046875 0.071875
3 0.57421875 0.3265625 0.0734375 0.059375
3 0.08515625 0.64375 0.0703125 0.05
3 0.57265625 0.76953125 0.0765625 0.0765625
3 0.74921875 0.36484375 0.06875 0.06875
3 0.82578125 0.71796875 0.0734375 0.0515625
3 0.87421875 0.665625 0.071875 0.05
3 0.92421875 0.36875 0.078125 0.078125
3 0.90078125 0.4109375 0.075 0.075
3 0.31640625 0.6015625 0.0875 0.065625
3 0.2390625 0.3625 0.071875 0.0625
3 0.528125 0.85625 0.06875 0.06875
3 0.684375 0.703125 0.078125 0.078125
3 0.2234375 0.6046875 0.071875 0.071875
3 0.31328125 0.846875 0.0796875 0.05625
3 0.08984375 0.084375 0.059375 0.0578125
3 0.609375 0.1796875 0.071875 0.053125
3 0.1859375 0.64375 0.071875 0.053125
3 0.59296875 0.8609375 0.0703125 0.075
3 0.45 0.915625 0.0640625 0.0640625
3 0.31953125 0.68828125 0.0875 0.0625
3 0.696875 0.65625 0.065625 0.065625
3 0.3046875 0.165625 0.0625 0.0609375
3 0.26171875 0.85625 0.0703125 0.05
3 0.05078125 0.58125 0.0703125 0.046875
3 0.5234375 0.1 0.0546875 0.0546875
3 0.265625 0.04609375 0.0875 0.0609375
5 0.1453125 0.425 0.0953125 0.0953125
6 0.74765625 0.9203125 0.1515625 0.1375
3 0.8125 0.96171875 0.06875 0.0546875
3 0.85078125 0.7609375 0.059375 0.059375
3 0.703125 0.565625 0.0578125 0.0578125
3 0.5671875 0.640625 0.071875 0.040625
3 0.6109375 0.03203125 0.065625 0.0640625
3 0.75234375 0.4875 0.0609375 0.059375
3 0.94140625 0.52265625 0.0671875 0.0546875
3 0.040625 0.7328125 0.06875 0.053125
3 0.35390625 0.8796875 0.065625 0.0640625
3 0.34921875 0.93671875 0.071875 0.071875
3 0.38515625 0.896875 0.0828125 0.0625
3 0.46953125 0.3765625 0.0828125 0.053125
3 0.51328125 0.34140625 0.0703125 0.05625
3 0.81640625 0.33828125 0.0703125 0.05
3 0.82421875 0.421875 0.071875 0.053125
3 0.84296875 0.37890625 0.0703125 0.0703125
6 0.37421875 0.0703125 0.1078125 0.090625
3 0.2328125 0.0953125 0.06875 0.06875
3 0.56015625 0.78671875 0.0953125 0.0640625
6 0.27578125 0.665625 0.078125 0.096875
3 0.1234375 0.13046875 0.05625 0.05625