3 0.34921875 0.68515625 0.0890625 0.0734375
3 0.88359375 0.82421875 0.084375 0.084375
3 0.72890625 0.80859375 0.0796875 0.0796875
3 0.7203125 0.6546875 0.0796875 0.0796875
3 0.6640625 0.39140625 0.0875 0.0609375
3 0.77265625 0.70078125 0.0953125 0.0703125
3 0.65859375 0.89375 0.0984375 0.075
3 0.3078125 0.146875 0.1 0.0625
3 0.1640625 0.48359375 0.109375 0.0828125
3 0.7640625 0.14375 0.0859375 0.084375
3 0.82578125 0.55078125 0.0859375 0.0859375
3 0.39296875 0.92734375 0.1109375 0.0703125
3 0.08046875 0.715625 0.071875 0.065625
3 0.80546875 0.62421875 0.0984375 0.065625
3 0.58984375 0.10078125 0.08125 0.08125
3 0.8921875 0.4375 0.0765625 0.0765625
3 0.334375 0.4546875 0.078125 0.078125
3 0.4765625 0.778125 0.0859375 0.0859375
3 0.3109375 0.36953125 0.0828125 0.084375
3 0.34765625 0.78984375 0.0828125 0.0828125
3 0.50859375 0.190625 0.0796875 0.078125
3 0.17734375 0.3671875 0.0796875 0.078125
3 0.1125 0.115625 0.0875 0.065625
3 0.571875 0.7578125 0.08125 0.06875
3 0.56328125 0.659375 0.1 0.06875
3 0.62734375 0.81875 0.08125 0.0796875
3 0.31484375 0.8921875 0.0859375 0.071875
3 0.6671875 0.1515625 0.084375 0.059375
3 0.5328125 0.0484375 0.065625 0.071875
3 0.9265625 0.32578125 0.071875 0.0828125
3 0.73984375 0.2921875 0.1015625 0.071875
3 0.40859375 0.728125 0.08125 0.08125
3 0.5796875 0.55546875 0.084375 0.0703125
3 0.43046875 0.584375 0.0875 0.0875
3 0.6375 0.5984375 0.1 0.075
3 0.58984375 0.31796875 0.1015625 0.075
3 0.0421875 0.1046875 0.075 0.0875
3 0.3859375 0.33203125 0.096875 0.0703125
3 0.5578125 0.3765625 0.103125 0.065625
3 0.77578125 0.8640625 0.0953125 0.071875
3 0.26796875 0.35 0.090625 0.075
3 0.2296875 0.27578125 0.09375 0.0828125
3 0.95234375 0.221875 0.0796875 0.08125
3 0.46484375 0.278125 0.0859375 0.0875
3 0.16171875 0.68984375 0.0859375 0.0859375
3 0.06484375 0.946875 0.0953125 0.075
3 0.6953125 0.2625 0.10625 0.0625
3 0.48046875 0.334375 0.1015625 0.075
3 0.27109375 0.24375 0.0796875 0.0796875
3 0.59375 0.16640625 0.090625 0.090625
3 0.06640625 0.1796875 0.078125 0.0796875
3 0.15703125 0.21171875 0.0859375 0.0640625
3 0.2453125 0.5671875 0.0875 0.0875
3 0.175 0.7859375 0.084375 0.059375
3 0.67578125 0.725 0.0921875 0.075
3 0.86171875 0.2390625 0.0921875 0.078125
3 0.521875 0.52734375 0.08125 0.0796875
3 0.88125 0.09609375 0.1 0.0828125
3 0.57109375 0.93984375 0.065625 0.065625
3 0.63828125 0.7484375 0.084375 0.0828125
3 0.9140625 0.6515625 0.090625 0.06875
3 0.2765625 0.84375 0.0765625 0.0765625
3 0.046875 0.39609375 0.0875 0.0765625
3 0.46328125 0.04453125 0.084375 0.0734375
3 0.0578125 0.809375 0.090625 0.071875
3 0.203125 0.86015625 0.0875 0.0765625
3 0.41640625 0.04296875 0.0921875 0.0671875
3 0.134375 0.93203125 0.0875 0.0890625
3 0.59140625 0.44453125 0.08125 0.08125
3 0.928125 0.7125 0.1 0.075
3 0.4796875 0.41640625 0.0828125 0.0828125
3 0.33671875 0.55234375 0.0921875 0.0921875
3 0.86328125 0.30859375 0.0984375 0.0609375
3 0.490625 0.70625 0.0890625 0.0890625
3 0.5453125 0.45390625 0.08125 0.08125
3 0.86953125 0.68046875 0.0796875 0.0796875
3 0.83203125 0.27421875 0.0859375 0.0859375
3 0.11953125 0.7953125 0.078125 0.078125
3 0.32421875 0.96484375 0.0796875 0.0703125
3 0.93515625 0.91875 0.0953125 0.0625
3 0.56484375 0.96328125 0.0828125 0.0734375
3 0.16796875 0.846875 0.096875 0.06875
3 0.159375 0.24140625 0.08125 0.0546875