3 0.34921875 0.31484375 0.08125 0.08125
3 0.88359375 0.17578125 0.0953125 0.0734375
3 0.72890625 0.19140625 0.0921875 0.0671875
3 0.7203125 0.3453125 0.090625 0.06875
3 0.6640625 0.60859375 0.0734375 0.075
3 0.77265625 0.29921875 0.0828125 0.0828125
3 0.65859375 0.10625 0.0984375 0.075
3 0.3078125 0.853125 0.1 0.0625
3 0.1640625 0.51640625 0.109375 0.0828125
3 0.7640625 0.85625 0.096875 0.075
3 0.82578125 0.44921875 0.0859375 0.0859375
3 0.39296875 0.07265625 0.1109375 0.0703125
3 0.08046875 0.284375 0.071875 0.065625
3 0.80546875 0.37578125 0.0984375 0.065625
3 0.58984375 0.89921875 0.08125 0.08125
3 0.8921875 0.5625 0.0765625 0.0765625
3 0.334375 0.5453125 0.078125 0.078125
3 0.4765625 0.221875 0.103125 0.06875
3 0.3109375 0.63046875 0.0828125 0.084375
3 0.34765625 0.21015625 0.0828125 0.0828125
3 0.50859375 0.809375 0.0796875 0.078125
3 0.17734375 0.6328125 0.0796875 0.078125
3 0.1125 0.884375 0.0765625 0.0765625
3 0.571875 0.2421875 0.08125 0.06875
3 0.56328125 0.340625 0.084375 0.084375
3 0.62734375 0.18125 0.08125 0.0796875
3 0.31484375 0.1078125 0.0859375 0.071875
3 0.6671875 0.8484375 0.084375 0.059375
3 0.5328125 0.9515625 0.065625 0.071875
3 0.9265625 0.67421875 0.071875 0.0828125
3 0.73984375 0.7078125 0.1015625 0.071875
3 0.40859375 0.271875 0.08125 0.08125
3 0.5796875 0.44453125 0.078125 0.078125
3 0.43046875 0.415625 0.0984375 0.075
3 0.6375 0.4015625 0.0875 0.0875
3 0.58984375 0.68203125 0.0875 0.0875
3 0.0421875 0.8953125 0.075 0.0875
3 0.3859375 0.66796875 0.096875 0.0703125
3 0.5578125 0.6234375 0.084375 0.084375
3 0.77578125 0.1359375 0.0953125 0.071875
3 0.26796875 0.65 0.0828125 0.0828125
3 0.2296875 0.72421875 0.09375 0.0828125
3 0.95234375 0.778125 0.0921875 0.06875
3 0.46484375 0.721875 0.1046875 0.06875
3 0.16171875 0.31015625 0.0859375 0.0859375
3 0.06484375 0.053125 0.0953125 0.075
3 0.6953125 0.7375 0.084375 0.084375
3 0.48046875 0.665625 0.0875 0.0890625
3 0.27109375 0.75625 0.0796875 0.0796875
3 0.59375 0.83359375 0.090625 0.090625
3 0.06640625 0.8203125 0.078125 0.0796875
3 0.15703125 0.78828125 0.0859375 0.0640625
3 0.2453125 0.4328125 0.0875 0.0875
3 0.175 0.2140625 0.084375 0.059375
3 0.67578125 0.275 0.0828125 0.0828125
3 0.86171875 0.7609375 0.0921875 0.078125
3 0.521875 0.47265625 0.08125 0.0796875
3 0.88125 0.90390625 0.090625 0.090625
3 0.57109375 0.06015625 0.078125 0.0546875
3 0.63828125 0.2515625 0.084375 0.0828125
3 0.9140625 0.3484375 0.090625 0.06875
3 0.2765625 0.15625 0.0765625 0.0765625
3 0.046875 0.60390625 0.0875 0.0765625
3 0.46328125 0.95546875 0.078125 0.078125
3 0.0578125 0.190625 0.090625 0.071875
3 0.203125 0.13984375 0.0828125 0.0828125
3 0.41640625 0.95703125 0.0921875 0.0671875
3 0.134375 0.06796875 0.0875 0.0890625
3 0.59140625 0.55546875 0.0890625 0.0734375
3 0.928125 0.2875 0.1 0.075
3 0.4796875 0.58359375 0.0828125 0.0828125
3 0.33671875 0.44765625 0.0921875 0.0921875
3 0.86328125 0.69140625 0.0796875 0.0796875
3 0.490625 0.29375 0.1 0.078125
3 0.5453125 0.54609375 0.08125 0.08125
3 0.86953125 0.31953125 0.0796875 0.0796875
3 0.83203125 0.72578125 0.0859375 0.0859375
3 0.11953125 0.2046875 0.0828125 0.071875
3 0.32421875 0.03515625 0.0796875 0.0703125
3 0.93515625 0.08125 0.0953125 0.0625
3 0.565625 0.03203125 0.103125 0.0640625
3 0.16796875 0.153125 0.0828125 0.0828125
3 0.159375 0.75859375 0.06875 0.06875