3 0.26640625 0.47109375 0.0703125 0.0703125
3 0.2265625 0.5796875 0.08125 0.059375
3 0.89453125 0.24375 0.0765625 0.0765625
3 0.08046875 0.153125 0.1015625 0.075
3 0.63203125 0.678125 0.0890625 0.059375
3 0.5921875 0.78984375 0.078125 0.0765625
3 0.85859375 0.459375 0.1015625 0.075
3 0.12265625 0.77109375 0.103125 0.0734375
3 0.159375 0.5234375 0.0875 0.06875
3 0.50390625 0.11953125 0.084375 0.084375
3 0.68671875 0.7453125 0.0796875 0.08125
3 0.78828125 0.37265625 0.0796875 0.0609375
3 0.83359375 0.8515625 0.0921875 0.071875
3 0.61484375 0.55 0.071875 0.071875
3 0.31171875 0.52890625 0.078125 0.078125
3 0.7421875 0.284375 0.0875 0.0625
3 0.58828125 0.16171875 0.0859375 0.0734375
3 0.28828125 0.2078125 0.071875 0.0734375
3 0.540625 0.65625 0.08125 0.065625
3 0.1640625 0.94921875 0.075 0.075
3 0.36796875 0.8234375 0.09375 0.0953125
3 0.72109375 0.1140625 0.08125 0.0828125
3 0.45078125 0.79296875 0.0671875 0.06875
3 0.66640625 0.19921875 0.06875 0.06875
3 0.0640625 0.06640625 0.08125 0.08125
3 0.52265625 0.43203125 0.0703125 0.059375
3 0.7046875 0.5609375 0.084375 0.071875
3 0.24921875 0.40703125 0.0796875 0.059375
3 0.3375 0.153125 0.078125 0.0625
3 0.05546875 0.496875 0.0765625 0.075
3 0.9375 0.1234375 0.0734375 0.0734375
3 0.659375 0.37890625 0.075 0.0734375
3 0.19609375 0.18984375 0.065625 0.065625
3 0.8734375 0.56640625 0.078125 0.0796875
3 0.846875 0.03515625 0.071875 0.0703125
3 0.9609375 0.82421875 0.0671875 0.0671875
3 0.24609375 0.72578125 0.084375 0.0625
3 0.71328125 0.92265625 0.0828125 0.0640625
3 0.228125 0.0734375 0.075 0.059375
3 0.74609375 0.20234375 0.065625 0.065625
3 0.271875 0.29296875 0.075 0.075
3 0.8734375 0.396875 0.0703125 0.0703125
3 0.61328125 0.4328125 0.0875 0.071875
3 0.36953125 0.47734375 0.0671875 0.0671875
3 0.7265625 0.05 0.078125 0.06875
3 0.09921875 0.57421875 0.0796875 0.065625
3 0.6234375 0.85390625 0.0703125 0.071875
4 0.55703125 0.59453125 0.0765625 0.0765625
3 0.05234375 0.6265625 0.084375 0.084375
3 0.821875 0.27890625 0.075 0.0609375
3 0.41640625 0.41640625 0.0671875 0.0671875
3 0.43671875 0.5078125 0.0671875 0.053125
3 0.1515625 0.0625 0.084375 0.071875
3 0.09375 0.325 0.071875 0.071875
3 0.6359375 0.9140625 0.071875 0.05
3 0.8015625 0.14921875 0.0828125 0.0828125
3 0.08125 0.8734375 0.0875 0.065625
3 0.278125 0.671875 0.0625 0.0625
3 0.95390625 0.9375 0.0828125 0.071875
3 0.65390625 0.5125 0.08125 0.0796875
3 0.7453125 0.8265625 0.06875 0.06875
3 0.25546875 0.615625 0.08125 0.0828125
3 0.83828125 0.6 0.08125 0.08125
3 0.2296875 0.82421875 0.1 0.075
3 0.2 0.515625 0.075 0.075
3 0.39140625 0.06875 0.06875 0.0703125
3 0.21171875 0.23984375 0.0859375 0.0515625
3 0.05234375 0.83125 0.0828125 0.08125
3 0.7984375 0.646875 0.0609375 0.0609375
3 0.121875 0.45234375 0.06875 0.0578125
3 0.37421875 0.3140625 0.0796875 0.053125
3 0.2921875 0.76796875 0.065625 0.0484375
3 0.1 0.67265625 0.090625 0.0546875
3 0.90859375 0.66484375 0.0953125 0.0671875
3 0.4734375 0.35625 0.071875 0.071875
3 0.19609375 0.359375 0.06875 0.06875
3 0.434375 0.72734375 0.071875 0.0484375
3 0.53984375 0.8421875 0.0671875 0.0671875
3 0.68125 0.496875 0.084375 0.0625
3 0.64609375 0.2234375 0.0703125 0.06875
3 0.48359375 0.46875 0.075 0.05625
3 0.18203125 0.40625 0.0984375 0.05625
3 0.47890625 0.52578125 0.0828125 0.0625
3 0.88359375 0.63359375 0.0921875 0.0640625
3 0.11640625 0.365625 0.059375 0.0609375
3 0.78359375 0.1859375 0.078125 0.053125
3 0.796875 0.0796875 0.0609375 0.0609375
3 0.7296875 0.6265625 0.071875 0.071875
3 0.18671875 0.8640625 0.1046875 0.05625
6 0.58046875 0.25390625 0.075 0.1078125
3 0.60234375 0.321875 0.059375 0.059375
3 0.74140625 0.3125 0.0640625 0.071875
3 0.9640625 0.21796875 0.06875 0.05625
3 0.0765625 0.22109375 0.05625 0.05625
3 0.40703125 0.1859375 0.059375 0.0578125
3 0.45546875 0.584375 0.0625 0.05625
3 0.415625 0.55390625 0.059375 0.059375
3 0.2390625 0.3671875 0.084375 0.059375
3 0.19609375 0.7640625 0.0671875 0.065625
3 0.63828125 0.25 0.065625 0.065625
3 0.40703125 0.35703125 0.0484375 0.059375
3 0.50390625 0.4140625 0.065625 0.065625
3 0.59453125 0.73828125 0.0578125 0.0515625