3 0.72890625 0.51171875 0.08125 0.08125
3 0.16015625 0.81796875 0.06875 0.06875
3 0.73359375 0.26171875 0.0640625 0.0765625
3 0.9265625 0.63359375 0.075 0.0765625
3 0.23828125 0.8171875 0.071875 0.071875
3 0.128125 0.53359375 0.071875 0.071875
3 0.71171875 0.0984375 0.0875 0.0859375
3 0.4390625 0.7265625 0.059375 0.084375
3 0.51953125 0.765625 0.078125 0.078125
3 0.43046875 0.40078125 0.0734375 0.0734375
3 0.8390625 0.72265625 0.053125 0.0765625
3 0.10703125 0.32109375 0.0703125 0.0984375
3 0.378125 0.60625 0.0625 0.08125
3 0.4453125 0.4765625 0.0734375 0.0734375
3 0.2484375 0.28203125 0.090625 0.090625
3 0.47890625 0.309375 0.0671875 0.1
3 0.3515625 0.88515625 0.078125 0.078125
0 0.89140625 0.9046875 0.090625 0.090625
3 0.51875 0.2359375 0.0765625 0.0765625
3 0.6359375 0.3921875 0.059375 0.084375
3 0.23203125 0.65 0.0671875 0.078125
3 0.0625 0.51875 0.084375 0.084375
3 0.421875 0.9078125 0.0796875 0.0796875
3 0.790625 0.4515625 0.06875 0.103125
3 0.30546875 0.53359375 0.0609375 0.0859375
3 0.496875 0.59375 0.065625 0.084375
3 0.89765625 0.18828125 0.0796875 0.0796875
6 0.92421875 0.7421875 0.096875 0.0984375
0 0.1875 0.25078125 0.09375 0.0953125
3 0.79296875 0.75859375 0.0734375 0.1046875
3 0.296875 0.840625 0.08125 0.08125
3 0.75234375 0.690625 0.0671875 0.075
3 0.40078125 0.30703125 0.06875 0.0984375
3 0.296875 0.409375 0.08125 0.08125
3 0.3859375 0.146875 0.065625 0.090625
3 0.32421875 0.7734375 0.0578125 0.084375
3 0.5296875 0.8671875 0.053125 0.090625
3 0.49921875 0.4453125 0.0609375 0.084375
3 0.23203125 0.0921875 0.075 0.075
3 0.4359375 0.17265625 0.06875 0.0703125
3 0.259375 0.75546875 0.0703125 0.06875
3 0.9171875 0.5734375 0.075 0.075
3 0.2 0.50546875 0.0796875 0.0796875
4 0.565625 0.11796875 0.08125 0.0984375
3 0.35 0.09453125 0.0796875 0.0796875
3 0.30234375 0.24921875 0.08125 0.08125
6 0.534375 0.37578125 0.0875 0.0875
3 0.37890625 0.71640625 0.065625 0.065625
3 0.4734375 0.87734375 0.059375 0.1
3 0.35546875 0.38125 0.0546875 0.078125
3 0.54453125 0.49375 0.0546875 0.096875
3 0.38671875 0.803125 0.078125 0.078125
3 0.503125 0.15390625 0.078125 0.078125
3 0.815625 0.21171875 0.0734375 0.0734375
3 0.59375 0.50390625 0.075 0.075
3 0.284375 0.6109375 0.05625 0.071875
3 0.3203125 0.2046875 0.0796875 0.0796875
3 0.9625 0.1296875 0.075 0.078125
3 0.215625 0.15234375 0.0625 0.0796875
3 0.5921875 0.5421875 0.0796875 0.0796875
3 0.71328125 0.37421875 0.0578125 0.071875
3 0.7734375 0.1828125 0.065625 0.090625
6 0.57109375 0.85703125 0.10625 0.10625
3 0.18828125 0.95546875 0.06875 0.0796875
3 0.31640625 0.10078125 0.0640625 0.0859375
3 0.26328125 0.53984375 0.0578125 0.0578125
3 0.340625 0.33671875 0.065625 0.0890625
3 0.9640625 0.9609375 0.0625 0.078125