3 0.8734375 0.471875 0.078125 0.0625
3 0.26171875 0.775 0.0828125 0.0625
3 0.8078125 0.3484375 0.08125 0.071875
3 0.55390625 0.253125 0.078125 0.078125
3 0.14140625 0.71640625 0.0625 0.0625
3 0.84453125 0.60546875 0.0765625 0.0765625
3 0.5796875 0.865625 0.0734375 0.0734375
3 0.83828125 0.93671875 0.078125 0.0640625
3 0.7546875 0.9453125 0.06875 0.06875
3 0.2921875 0.2875 0.090625 0.05625
3 0.6328125 0.23984375 0.071875 0.071875
3 0.4359375 0.67890625 0.0703125 0.0703125
3 0.2703125 0.59921875 0.0765625 0.075
3 0.80859375 0.77421875 0.0703125 0.0703125
3 0.6953125 0.8390625 0.096875 0.071875
3 0.54609375 0.8078125 0.0703125 0.0703125
3 0.79921875 0.45625 0.0828125 0.053125
3 0.90625 0.196875 0.10625 0.06875
3 0.19296875 0.4734375 0.0765625 0.0765625
3 0.046875 0.26171875 0.09375 0.0609375
3 0.7234375 0.07578125 0.075 0.075
3 0.73984375 0.4984375 0.0875 0.0875
3 0.55625 0.6359375 0.0859375 0.0859375
3 0.65 0.40390625 0.1 0.0859375
3 0.78046875 0.7171875 0.1046875 0.065625
3 0.26015625 0.16640625 0.1109375 0.0734375