3 0.1265625 0.528125 0.0703125 0.0703125
3 0.73828125 0.225 0.0828125 0.0625
3 0.1921875 0.6515625 0.08125 0.071875
3 0.44609375 0.746875 0.0796875 0.075
3 0.85859375 0.28359375 0.0625 0.0625
3 0.15546875 0.39453125 0.0828125 0.0703125
3 0.4203125 0.134375 0.084375 0.0625
3 0.16171875 0.06328125 0.078125 0.0640625
3 0.2453125 0.0546875 0.078125 0.059375
3 0.7078125 0.7125 0.0734375 0.0734375
3 0.3671875 0.76015625 0.078125 0.065625
3 0.5640625 0.32109375 0.0703125 0.0703125
3 0.7296875 0.40078125 0.084375 0.0671875
3 0.19140625 0.22578125 0.0796875 0.0609375
3 0.3046875 0.1609375 0.096875 0.071875
3 0.45390625 0.1921875 0.075 0.065625
3 0.20078125 0.54375 0.0671875 0.06875
3 0.09375 0.803125 0.0875 0.0875
3 0.80703125 0.5265625 0.0765625 0.0765625
3 0.953125 0.73828125 0.09375 0.0609375
3 0.2765625 0.92421875 0.084375 0.0640625
3 0.26015625 0.5015625 0.109375 0.065625
3 0.44375 0.3640625 0.10625 0.065625
3 0.35 0.59609375 0.1 0.0859375
3 0.21953125 0.2828125 0.084375 0.0859375
3 0.73984375 0.83359375 0.1109375 0.0734375