3 0.19921875 0.71328125 0.090625 0.0671875
3 0.5328125 0.2546875 0.090625 0.071875
3 0.69140625 0.4265625 0.0953125 0.06875
3 0.84921875 0.34140625 0.0984375 0.06875
3 0.3890625 0.15703125 0.078125 0.078125
3 0.57421875 0.128125 0.0875 0.0875
3 0.40390625 0.50390625 0.071875 0.071875
3 0.884375 0.40546875 0.096875 0.0703125
3 0.303125 0.21796875 0.078125 0.0765625
3 0.68515625 0.27734375 0.0828125 0.0546875
3 0.2671875 0.471875 0.0875 0.0875
3 0.825 0.9171875 0.0859375 0.0859375
3 0.5078125 0.85859375 0.078125 0.0765625
3 0.17890625 0.890625 0.0703125 0.0703125
3 0.41015625 0.89765625 0.0984375 0.0796875
3 0.2609375 0.35 0.0875 0.0625
3 0.18671875 0.1828125 0.0921875 0.078125
3 0.428125 0.290625 0.0859375 0.0859375
3 0.23828125 0.27890625 0.090625 0.06875
3 0.86015625 0.56015625 0.0890625 0.0703125
3 0.2578125 0.640625 0.075 0.075
3 0.42109375 0.40234375 0.1015625 0.0765625
3 0.93984375 0.884375 0.1015625 0.0625
3 0.7453125 0.68203125 0.0796875 0.0796875
3 0.8734375 0.06171875 0.084375 0.084375
3 0.30390625 0.87265625 0.084375 0.084375
3 0.14453125 0.54140625 0.08125 0.08125
3 0.75625 0.51484375 0.075 0.0625
3 0.1296875 0.946875 0.08125 0.06875
3 0.91953125 0.478125 0.0828125 0.0625
3 0.6703125 0.76875 0.090625 0.071875
3 0.3921875 0.065625 0.0875 0.0875
3 0.04609375 0.57265625 0.08125 0.08125
3 0.31171875 0.11484375 0.0859375 0.0734375
3 0.66015625 0.55234375 0.090625 0.090625
3 0.3984375 0.80703125 0.084375 0.0796875
3 0.7796875 0.29765625 0.071875 0.071875
3 0.10859375 0.66484375 0.08125 0.08125
3 0.5234375 0.753125 0.078125 0.078125
3 0.946875 0.69609375 0.096875 0.08125
3 0.59375 0.57890625 0.0875 0.0890625
3 0.93828125 0.80625 0.0953125 0.075
3 0.1578125 0.7921875 0.065625 0.065625
3 0.37578125 0.721875 0.06875 0.06875
3 0.9609375 0.6046875 0.078125 0.078125
3 0.59375 0.0375 0.109375 0.075
3 0.17421875 0.390625 0.0921875 0.090625
3 0.24296875 0.95703125 0.06875 0.0703125
3 0.71796875 0.21171875 0.1015625 0.071875
3 0.5046875 0.78984375 0.10625 0.0609375
3 0.78515625 0.0359375 0.0765625 0.071875
6 0.54921875 0.4546875 0.1265625 0.08125
3 0.06640625 0.6703125 0.0890625 0.071875