3 0.61640625 0.9 0.109375 0.075
3 0.1109375 0.96171875 0.08125 0.0765625
3 0.47578125 0.6109375 0.090625 0.090625
3 0.8109375 0.1796875 0.109375 0.084375
3 0.2953125 0.58203125 0.084375 0.084375
3 0.1203125 0.28125 0.0828125 0.0828125
3 0.67265625 0.39375 0.1015625 0.06875
3 0.190625 0.04375 0.096875 0.0875
3 0.39453125 0.29140625 0.0890625 0.0890625
3 0.0859375 0.0828125 0.103125 0.078125
3 0.10859375 0.440625 0.0921875 0.078125
3 0.35234375 0.23125 0.096875 0.06875
3 0.646875 0.33203125 0.078125 0.078125
3 0.75 0.56875 0.096875 0.065625
3 0.71328125 0.26640625 0.1078125 0.0828125
3 0.334375 0.809375 0.096875 0.075
3 0.29453125 0.184375 0.078125 0.0765625
3 0.34765625 0.5078125 0.0984375 0.065625
3 0.096875 0.86484375 0.1 0.0734375
3 0.08125 0.54765625 0.1 0.0734375
3 0.2265625 0.13359375 0.084375 0.084375
3 0.89140625 0.95390625 0.1015625 0.0734375
3 0.346875 0.915625 0.09375 0.08125
3 0.6953125 0.48515625 0.0921875 0.090625
3 0.56171875 0.70390625 0.0953125 0.078125
3 0.721875 0.44375 0.1 0.08125
3 0.5109375 0.41015625 0.0875 0.0875
3 0.35859375 0.13984375 0.1109375 0.06875
3 0.35390625 0.365625 0.090625 0.090625
3 0.84140625 0.3453125 0.0921875 0.071875
3 0.5640625 0.6265625 0.075 0.075
3 0.8265625 0.26875 0.0890625 0.0890625
3 0.16171875 0.35625 0.0828125 0.0828125
3 0.225 0.92109375 0.0875 0.0703125
3 0.559375 0.04140625 0.10625 0.0796875
3 0.19921875 0.42578125 0.0859375 0.084375
3 0.2484375 0.903125 0.096875 0.06875
3 0.33515625 0.06484375 0.0953125 0.0765625
3 0.809375 0.65546875 0.103125 0.0671875
3 0.5546875 0.2484375 0.103125 0.078125
3 0.90390625 0.3984375 0.103125 0.075
3 0.7234375 0.8078125 0.084375 0.0859375
3 0.79140625 0.8515625 0.0890625 0.090625
3 0.6359375 0.103125 0.1 0.06875
3 0.48671875 0.18359375 0.103125 0.0765625
3 0.28515625 0.73203125 0.0765625 0.075
3 0.0921875 0.20625 0.096875 0.06875
3 0.7140625 0.90625 0.0703125 0.0703125
3 0.8703125 0.79609375 0.084375 0.0734375
3 0.04765625 0.8 0.0765625 0.078125
3 0.615625 0.12421875 0.090625 0.090625
3 0.04375 0.6125 0.084375 0.05625
3 0.1609375 0.48671875 0.090625 0.078125
3 0.05234375 0.35078125 0.0984375 0.06875
3 0.91484375 0.2078125 0.0875 0.0875
3 0.49296875 0.20625 0.0953125 0.08125
3 0.70859375 0.7390625 0.1265625 0.084375
3 0.4890625 0.9609375 0.125 0.065625
3 0.76015625 0.84140625 0.090625 0.090625
3 0.640625 0.68203125 0.096875 0.0609375
3 0.64609375 0.63359375 0.1203125 0.0671875
3 0.81796875 0.70625 0.109375 0.053125
6 0.8078125 0.7515625 0.15 0.059375