3 0.1 0.38359375 0.0921875 0.0921875
3 0.03828125 0.8890625 0.0765625 0.08125
3 0.3890625 0.52421875 0.08125 0.1015625
3 0.8203125 0.1890625 0.084375 0.109375
3 0.41796875 0.7046875 0.0796875 0.0875
3 0.71875 0.8796875 0.084375 0.08125
3 0.60625 0.32734375 0.06875 0.1015625
3 0.96015625 0.81015625 0.078125 0.1140625
3 0.70859375 0.60546875 0.0703125 0.1078125
3 0.9171875 0.9140625 0.078125 0.103125
3 0.559375 0.89140625 0.078125 0.0921875
3 0.76875 0.64765625 0.0828125 0.0828125
3 0.66796875 0.353125 0.0546875 0.1
3 0.43125 0.25 0.065625 0.096875
3 0.73359375 0.28671875 0.0828125 0.1078125
3 0.190625 0.665625 0.0859375 0.0859375
3 0.815625 0.70546875 0.0765625 0.078125
3 0.4921875 0.65234375 0.08125 0.08125
3 0.13515625 0.903125 0.0859375 0.0859375
3 0.45234375 0.91875 0.0734375 0.1
3 0.86640625 0.7734375 0.084375 0.0859375
3 0.04609375 0.10859375 0.0875 0.0875
3 0.084375 0.653125 0.0875 0.0875
3 0.51484375 0.3046875 0.0796875 0.103125
3 0.29609375 0.43828125 0.078125 0.0953125
3 0.55625 0.278125 0.08125 0.1
3 0.58984375 0.4890625 0.0875 0.0875
3 0.86015625 0.64140625 0.090625 0.090625
3 0.634375 0.64609375 0.090625 0.090625
3 0.6546875 0.15859375 0.071875 0.0921875
3 0.3734375 0.4359375 0.071875 0.078125
3 0.73125 0.1734375 0.0890625 0.0890625
3 0.64375 0.83828125 0.0828125 0.0828125
3 0.07890625 0.775 0.0703125 0.0875
3 0.95625 0.440625 0.0875 0.09375
3 0.57421875 0.80078125 0.084375 0.0859375
3 0.096875 0.7515625 0.06875 0.096875
3 0.93515625 0.66484375 0.0859375 0.0859375
3 0.34453125 0.190625 0.084375 0.084375
3 0.7515625 0.4453125 0.078125 0.103125
3 0.6015625 0.09609375 0.0890625 0.0890625
3 0.1921875 0.2765625 0.06875 0.103125
3 0.1484375 0.20859375 0.090625 0.0890625
3 0.896875 0.3640625 0.06875 0.1
3 0.81640625 0.51328125 0.0890625 0.090625
3 0.26796875 0.71484375 0.059375 0.0921875
3 0.79375 0.9078125 0.0828125 0.08125
3 0.09375 0.2859375 0.059375 0.08125
3 0.20390625 0.1296875 0.078125 0.0796875
3 0.2 0.95234375 0.065625 0.0890625
3 0.87578125 0.384375 0.0765625 0.10625
3 0.3875 0.95625 0.0703125 0.0703125
3 0.51328125 0.8390625 0.078125 0.090625
3 0.64921875 0.94765625 0.084375 0.084375
3 0.7921875 0.08515625 0.0875 0.0875
3 0.79375 0.50703125 0.08125 0.0953125
3 0.2609375 0.29140625 0.1046875 0.1046875
3 0.0390625 0.5109375 0.065625 0.125
3 0.15859375 0.23984375 0.090625 0.090625
3 0.31796875 0.359375 0.078125 0.0796875
3 0.36640625 0.35390625 0.0671875 0.1203125
3 0.29375 0.18203125 0.08125 0.08125
6 0.2484375 0.1921875 0.059375 0.15