3 0.2484375 0.3859375 0.075 0.075
3 0.134375 0.84921875 0.06875 0.0984375
3 0.0578125 0.67109375 0.084375 0.084375
3 0.1875 0.709375 0.0625 0.084375
3 0.6734375 0.759375 0.071875 0.0875
3 0.42734375 0.12890625 0.071875 0.071875
3 0.478125 0.24609375 0.06875 0.096875
3 0.4265625 0.34296875 0.0765625 0.0765625
3 0.88125 0.85859375 0.06875 0.0890625
3 0.64921875 0.5734375 0.0609375 0.078125
3 0.79921875 0.5046875 0.0578125 0.075
3 0.26328125 0.64921875 0.0828125 0.08125
3 0.2203125 0.28671875 0.078125 0.078125
3 0.39765625 0.5578125 0.0734375 0.096875
3 0.88046875 0.59609375 0.06875 0.0875
3 0.059375 0.83203125 0.06875 0.0859375
3 0.5296875 0.78359375 0.065625 0.0859375
3 0.9609375 0.80703125 0.06875 0.06875
3 0.11796875 0.52890625 0.0609375 0.0796875
3 0.31953125 0.0796875 0.0703125 0.096875
3 0.56015625 0.9265625 0.0671875 0.078125
3 0.76796875 0.0703125 0.0703125 0.1
3 0.796875 0.34140625 0.078125 0.078125
3 0.5265625 0.6171875 0.071875 0.090625
3 0.55703125 0.09765625 0.075 0.075
3 0.3609375 0.6640625 0.0765625 0.0765625
3 0.515625 0.34453125 0.0625 0.0828125
3 0.2234375 0.8671875 0.06875 0.078125
3 0.9359375 0.1375 0.071875 0.0875
3 0.61796875 0.1578125 0.0640625 0.078125
3 0.225 0.7859375 0.0609375 0.0625
3 0.76796875 0.234375 0.08125 0.08125
3 0.19296875 0.94375 0.053125 0.075
3 0.553125 0.465625 0.078125 0.078125
3 0.36875 0.13828125 0.0671875 0.0671875
3 0.2296875 0.50078125 0.0625 0.0828125
3 0.646875 0.10234375 0.0765625 0.0765625
3 0.6484375 0.37734375 0.065625 0.0921875
3 0.3953125 0.87578125 0.0640625 0.0640625
3 0.04453125 0.43203125 0.0796875 0.078125
6 0.4875 0.11953125 0.08125 0.0828125
3 0.14296875 0.35078125 0.08125 0.08125
3 0.7453125 0.4734375 0.071875 0.103125
3 0.190625 0.37734375 0.06875 0.06875
4 0.66328125 0.94140625 0.0734375 0.1140625
3 0.94375 0.88984375 0.0625 0.0796875
6 0.6 0.33828125 0.09375 0.0921875
3 0.759375 0.86796875 0.078125 0.078125
3 0.76484375 0.58125 0.0515625 0.06875
3 0.69140625 0.44453125 0.078125 0.078125
3 0.9265625 0.34921875 0.065625 0.1234375
3 0.125 0.71875 0.0640625 0.0640625
3 0.259375 0.8078125 0.06875 0.090625
3 0.89609375 0.275 0.0546875 0.06875
3 0.24921875 0.05 0.071875 0.071875
3 0.640625 0.234375 0.071875 0.071875
3 0.88046875 0.09765625 0.0609375 0.0796875
3 0.10703125 0.30390625 0.05625 0.0734375
3 0.4234375 0.715625 0.053125 0.075
3 0.15625 0.23359375 0.06875 0.0828125
3 0.415625 0.26328125 0.053125 0.0703125
3 0.85234375 0.1421875 0.0609375 0.078125
3 0.83671875 0.9171875 0.059375 0.059375
3 0.546875 0.26953125 0.065625 0.065625
3 0.33671875 0.24921875 0.078125 0.0890625
3 0.63671875 0.2875 0.075 0.075
3 0.70625 0.08359375 0.0625 0.090625
3 0.0625 0.2875 0.053125 0.075
3 0.5125 0.4015625 0.0765625 0.0765625
3 0.8546875 0.053125 0.0625 0.0875
3 0.69375 0.5265625 0.05 0.06875
3 0.4765625 0.73359375 0.065625 0.0765625
3 0.61171875 0.878125 0.0609375 0.06875
3 0.53359375 0.2078125 0.05 0.065625
6 0.846875 0.41015625 0.0875 0.0875
3 0.43125 0.79453125 0.078125 0.078125
3 0.36953125 0.77734375 0.06875 0.06875
6 0.05546875 0.5546875 0.0984375 0.0984375
3 0.815625 0.409375 0.05 0.0875
3 0.259375 0.9375 0.0640625 0.0640625
3 0.4625 0.65546875 0.071875 0.071875
3 0.07421875 0.20859375 0.0578125 0.0640625
3 0.5875 0.62578125 0.0625 0.0625
3 0.8890625 0.19296875 0.059375 0.090625
3 0.4265625 0.0515625 0.053125 0.065625
3 0.48359375 0.0390625 0.0515625 0.071875
3 0.69140625 0.2578125 0.0453125 0.065625
3 0.6171875 0.03984375 0.0625 0.0765625
3 0.56953125 0.04140625 0.071875 0.071875
3 0.49140625 0.96796875 0.0546875 0.0640625
3 0.3234375 0.965625 0.0671875 0.0671875
3 0.45859375 0.915625 0.0578125 0.075
3 0.9671875 0.96015625 0.065625 0.0671875
3 0.4484375 0.83359375 0.053125 0.0671875
3 0.44296875 0.62265625 0.0484375 0.0625
3 0.9734375 0.3890625 0.053125 0.078125
3 0.965625 0.240625 0.06875 0.0875
3 0.36875 0.71328125 0.05625 0.0734375
3 0.8234375 0.578125 0.053125 0.075