2 0.8421875 0.7109375 0.08125 0.08125
2 0.1234375 0.05625 0.1 0.06875
2 0.13046875 0.84375 0.0921875 0.075
2 0.6203125 0.56796875 0.103125 0.065625
2 0.0546875 0.66015625 0.084375 0.084375
2 0.4375 0.3453125 0.090625 0.065625
2 0.9390625 0.7578125 0.0828125 0.0828125
2 0.26640625 0.7390625 0.0890625 0.0890625
2 0.4765625 0.7953125 0.0859375 0.0859375
2 0.39296875 0.57734375 0.0859375 0.0859375
2 0.07109375 0.728125 0.090625 0.090625
2 0.0828125 0.31640625 0.084375 0.0859375
2 0.73046875 0.703125 0.075 0.0765625
2 0.82421875 0.9609375 0.0859375 0.078125
2 0.34921875 0.2546875 0.0953125 0.078125
2 0.228125 0.09453125 0.096875 0.0765625
2 0.23984375 0.884375 0.090625 0.090625
2 0.565625 0.4375 0.103125 0.071875
2 0.84921875 0.775 0.08125 0.08125
2 0.6359375 0.39765625 0.096875 0.0734375
2 0.81328125 0.834375 0.1 0.075
2 0.23203125 0.52734375 0.103125 0.0734375
2 0.90859375 0.828125 0.09375 0.0921875
2 0.3734375 0.71875 0.09375 0.071875
2 0.90703125 0.62890625 0.0875 0.0875
2 0.51328125 0.31328125 0.08125 0.0828125
2 0.140625 0.62578125 0.0921875 0.0921875
2 0.29140625 0.6640625 0.0859375 0.0875
2 0.2734375 0.42265625 0.10625 0.075
2 0.52265625 0.040625 0.0875 0.071875
2 0.34921875 0.08515625 0.0953125 0.071875
2 0.53203125 0.61953125 0.0953125 0.096875
2 0.0828125 0.51484375 0.096875 0.0765625
2 0.6046875 0.71796875 0.090625 0.090625
2 0.56171875 0.6859375 0.1 0.06875
2 0.3015625 0.13515625 0.096875 0.0703125
2 0.43359375 0.25390625 0.090625 0.090625
2 0.52734375 0.84140625 0.09375 0.09375
2 0.384375 0.18828125 0.11875 0.0671875
2 0.55546875 0.36328125 0.0921875 0.0921875
2 0.52578125 0.2125 0.0953125 0.09375
2 0.1984375 0.68828125 0.096875 0.0796875
2 0.9125 0.90234375 0.0859375 0.084375
2 0.30546875 0.03984375 0.0859375 0.0796875
2 0.42421875 0.11953125 0.1 0.1
2 0.465625 0.16171875 0.125 0.06875
2 0.47890625 0.07734375 0.0953125 0.09375
2 0.04765625 0.78671875 0.0953125 0.0671875
5 0.21484375 0.803125 0.1171875 0.090625
5 0.32109375 0.81484375 0.1046875 0.1046875
5 0.25859375 0.17109375 0.0984375 0.0984375