2 0.1578125 0.2890625 0.096875 0.065625
2 0.8765625 0.94375 0.1 0.06875
2 0.86953125 0.15625 0.0921875 0.075
2 0.3796875 0.43203125 0.103125 0.065625
2 0.9453125 0.33984375 0.09375 0.0734375
2 0.5625 0.6546875 0.090625 0.065625
2 0.0609375 0.2421875 0.09375 0.071875
2 0.73359375 0.2609375 0.1078125 0.071875
2 0.5234375 0.2046875 0.1 0.071875
2 0.60703125 0.42265625 0.0859375 0.0859375
2 0.92890625 0.271875 0.090625 0.090625
2 0.9171875 0.68359375 0.084375 0.0859375
2 0.26953125 0.296875 0.075 0.0765625
2 0.175 0.03671875 0.10625 0.0640625
2 0.65078125 0.7453125 0.0875 0.0875
2 0.771875 0.90546875 0.0875 0.0875
2 0.76015625 0.115625 0.090625 0.090625
2 0.434375 0.5625 0.103125 0.071875
2 0.15078125 0.225 0.0984375 0.0625
2 0.3640625 0.60234375 0.0859375 0.0859375
2 0.18671875 0.165625 0.1 0.075
2 0.76796875 0.47265625 0.0875 0.0875
2 0.09140625 0.171875 0.1109375 0.075
2 0.6265625 0.28125 0.09375 0.071875
2 0.09296875 0.37109375 0.1015625 0.0734375
2 0.48671875 0.68671875 0.08125 0.0828125
2 0.859375 0.37421875 0.10625 0.0765625
2 0.70859375 0.3359375 0.0953125 0.078125
2 0.7265625 0.57734375 0.10625 0.075
2 0.47734375 0.959375 0.0796875 0.0796875
2 0.65078125 0.91484375 0.0953125 0.071875
2 0.46796875 0.38046875 0.0953125 0.096875
2 0.9171875 0.48515625 0.0875 0.0875
2 0.3953125 0.28203125 0.090625 0.090625
2 0.43828125 0.3140625 0.084375 0.084375
2 0.6984375 0.86484375 0.084375 0.084375
2 0.56640625 0.74609375 0.090625 0.090625
2 0.47265625 0.15859375 0.09375 0.09375
2 0.615625 0.81171875 0.09375 0.09375
2 0.44453125 0.63671875 0.0921875 0.0921875
2 0.47421875 0.7875 0.0953125 0.09375
2 0.8015625 0.31171875 0.0875 0.0875
2 0.0875 0.09765625 0.0859375 0.084375
2 0.69375 0.96328125 0.1 0.0703125
2 0.57578125 0.88046875 0.1 0.1
2 0.534375 0.83828125 0.125 0.06875
2 0.52109375 0.92265625 0.0953125 0.09375
2 0.95234375 0.21328125 0.08125 0.08125
5 0.78515625 0.196875 0.1046875 0.103125
5 0.67890625 0.18515625 0.1046875 0.1046875
5 0.74140625 0.82890625 0.0984375 0.0984375