3 0.8625 0.07734375 0.09375 0.09375
3 0.959375 0.2453125 0.075 0.103125
3 0.16015625 0.828125 0.075 0.1
3 0.6453125 0.48828125 0.0875 0.0875
3 0.88515625 0.365625 0.0875 0.0875
3 0.46328125 0.77734375 0.078125 0.078125
3 0.93515625 0.45078125 0.0671875 0.0953125
3 0.6296875 0.77734375 0.0875 0.0875
3 0.103125 0.2625 0.078125 0.090625
3 0.51875 0.865625 0.06875 0.109375
3 0.08515625 0.82734375 0.0875 0.0875
3 0.22109375 0.13125 0.0796875 0.096875
3 0.55703125 0.38828125 0.0734375 0.1046875
3 0.121875 0.5703125 0.0828125 0.084375
3 0.78203125 0.34296875 0.0765625 0.1171875
3 0.2296875 0.80859375 0.071875 0.096875
3 0.1015625 0.66796875 0.084375 0.084375
3 0.321875 0.51484375 0.0828125 0.0828125
3 0.85859375 0.5046875 0.090625 0.0890625
3 0.5359375 0.67734375 0.0875 0.0890625
3 0.6890625 0.1296875 0.078125 0.084375
3 0.21796875 0.58671875 0.0671875 0.0921875
3 0.16875 0.69609375 0.0859375 0.0859375
3 0.49140625 0.14453125 0.08125 0.103125
3 0.1203125 0.9546875 0.0828125 0.0828125
3 0.6328125 0.89765625 0.0921875 0.0921875
3 0.671875 0.05390625 0.0921875 0.0921875
3 0.1640625 0.20546875 0.078125 0.1046875
3 0.659375 0.58828125 0.075 0.0984375
3 0.703125 0.79453125 0.0921875 0.090625
3 0.9484375 0.046875 0.071875 0.09375
3 0.4453125 0.6859375 0.0796875 0.0796875
3 0.52734375 0.109375 0.075 0.1
3 0.40859375 0.8234375 0.0828125 0.08125
3 0.6734375 0.68359375 0.071875 0.0890625
3 0.08828125 0.08125 0.0890625 0.0890625
3 0.4015625 0.38359375 0.08125 0.08125
3 0.75390625 0.85703125 0.090625 0.090625
0 0.603125 0.32421875 0.109375 0.1078125
3 0.79296875 0.8671875 0.0796875 0.103125
3 0.76875 0.4421875 0.06875 0.0875
3 0.93125 0.828125 0.084375 0.084375
3 0.82578125 0.3109375 0.0640625 0.090625
3 0.775 0.69140625 0.0875 0.0875
3 0.1 0.47265625 0.0703125 0.090625
3 0.075 0.32265625 0.0625 0.1015625
3 0.29140625 0.484375 0.0734375 0.09375
3 0.3515625 0.840625 0.08125 0.08125
3 0.7765625 0.27578125 0.071875 0.1015625
3 0.903125 0.815625 0.096875 0.096875
3 0.3890625 0.42890625 0.08125 0.0828125
3 0.35546875 0.75 0.0703125 0.1
3 0.3390625 0.38671875 0.0875 0.0875
3 0.07890625 0.384375 0.0921875 0.084375
3 0.82578125 0.875 0.0734375 0.1