3 0.1375 0.92265625 0.08125 0.1078125
3 0.040625 0.7546875 0.075 0.103125
3 0.83984375 0.171875 0.0875 0.0875
3 0.3546875 0.51171875 0.0875 0.0875
3 0.11484375 0.634375 0.0734375 0.1
3 0.53671875 0.22265625 0.0671875 0.0890625
3 0.06484375 0.54921875 0.0671875 0.0953125
3 0.3703125 0.22265625 0.0875 0.0875
3 0.896875 0.7375 0.084375 0.084375
3 0.48125 0.134375 0.0890625 0.0890625
3 0.91484375 0.17265625 0.0875 0.0875
3 0.77890625 0.86875 0.0796875 0.096875
3 0.44296875 0.61171875 0.0890625 0.0890625
3 0.878125 0.4296875 0.06875 0.096875
3 0.21796875 0.65703125 0.0765625 0.1171875
3 0.7703125 0.19140625 0.071875 0.096875
3 0.8984375 0.33203125 0.084375 0.084375
3 0.678125 0.48515625 0.0828125 0.0828125
3 0.14140625 0.4953125 0.0796875 0.1
3 0.4640625 0.32265625 0.0875 0.0890625
3 0.3109375 0.8703125 0.08125 0.08125
3 0.78203125 0.41328125 0.0671875 0.0921875
3 0.83125 0.30390625 0.0859375 0.0859375
3 0.50859375 0.85546875 0.0921875 0.0921875
3 0.8796875 0.0453125 0.0828125 0.0828125
3 0.3671875 0.10234375 0.075 0.1078125
3 0.328125 0.94609375 0.08125 0.1046875
3 0.8359375 0.79453125 0.078125 0.1046875
3 0.340625 0.41171875 0.0859375 0.0859375
3 0.296875 0.20546875 0.0921875 0.090625
3 0.0515625 0.953125 0.071875 0.09375
3 0.5546875 0.3140625 0.0796875 0.0796875
3 0.47265625 0.890625 0.0875 0.0875
3 0.59140625 0.1765625 0.0703125 0.09375
3 0.3265625 0.31640625 0.0796875 0.08125
3 0.91171875 0.91875 0.0875 0.0890625
3 0.5984375 0.61640625 0.08125 0.08125
3 0.24609375 0.14296875 0.090625 0.090625
0 0.396875 0.67578125 0.103125 0.1140625
3 0.20703125 0.1328125 0.090625 0.090625
3 0.23125 0.5578125 0.06875 0.0875
3 0.06875 0.171875 0.084375 0.084375
3 0.17421875 0.6890625 0.0640625 0.090625
3 0.225 0.30859375 0.078125 0.0984375
3 0.9 0.52734375 0.06875 0.090625
3 0.925 0.67734375 0.0828125 0.08125
3 0.70859375 0.515625 0.0734375 0.09375
3 0.6484375 0.159375 0.06875 0.09375
3 0.2234375 0.72421875 0.071875 0.1015625
3 0.096875 0.184375 0.096875 0.096875
3 0.6109375 0.57109375 0.08125 0.0828125
3 0.64453125 0.25 0.0859375 0.084375
3 0.6609375 0.61328125 0.0875 0.0875
3 0.92109375 0.615625 0.0875 0.0890625
3 0.17421875 0.125 0.0734375 0.1