3 0.70078125 0.50078125 0.0671875 0.0875
3 0.86953125 0.9328125 0.0703125 0.078125
3 0.41953125 0.47421875 0.0609375 0.0859375
3 0.10703125 0.7421875 0.0703125 0.084375
3 0.890625 0.23203125 0.0796875 0.0796875
1 0.2203125 0.15234375 0.078125 0.1140625
3 0.83046875 0.75390625 0.0609375 0.0859375
3 0.11875 0.32578125 0.06875 0.0953125
3 0.5234375 0.25234375 0.06875 0.0703125
3 0.58046875 0.3453125 0.071875 0.071875
3 0.61796875 0.0984375 0.0640625 0.084375
3 0.63515625 0.49765625 0.0578125 0.0828125
3 0.4046875 0.7203125 0.065625 0.075
3 0.84140625 0.17421875 0.0859375 0.0859375
3 0.8234375 0.86328125 0.0703125 0.0703125
3 0.040625 0.89375 0.05 0.103125
3 0.32109375 0.64296875 0.0640625 0.0921875
3 0.503125 0.6734375 0.075 0.075
6 0.11875 0.4671875 0.084375 0.103125
3 0.59140625 0.253125 0.0875 0.0875
3 0.1453125 0.834375 0.065625 0.084375
3 0.68828125 0.25546875 0.0734375 0.0953125
3 0.1953125 0.30234375 0.078125 0.0796875
3 0.3390625 0.3546875 0.06875 0.06875
3 0.17890625 0.87734375 0.0609375 0.090625
3 0.3203125 0.84140625 0.0875 0.0875
3 0.0390625 0.6875 0.078125 0.08125
3 0.7890625 0.67578125 0.0828125 0.0828125
3 0.54296875 0.41484375 0.0640625 0.0953125
3 0.19296875 0.2234375 0.0765625 0.075
3 0.9453125 0.7578125 0.0625 0.071875
3 0.4484375 0.6546875 0.065625 0.078125
3 0.26875 0.584375 0.0765625 0.0765625
3 0.2875 0.39765625 0.0625 0.0765625
3 0.2265625 0.47109375 0.075 0.075
3 0.3640625 0.5390625 0.0671875 0.0671875
3 0.83046875 0.43828125 0.0640625 0.0796875
3 0.525 0.06875 0.0796875 0.0796875
3 0.5484375 0.5859375 0.071875 0.084375
3 0.9046875 0.40703125 0.0734375 0.0734375
3 0.4796875 0.36328125 0.06875 0.0921875
3 0.23515625 0.9375 0.0703125 0.0875
3 0.41484375 0.6203125 0.06875 0.06875
3 0.2984375 0.31796875 0.065625 0.0765625
3 0.334375 0.48671875 0.0640625 0.0625
3 0.43984375 0.87109375 0.0765625 0.0859375
3 0.4703125 0.43515625 0.0671875 0.0671875
6 0.61484375 0.871875 0.0765625 0.096875
3 0.225 0.84609375 0.090625 0.090625
3 0.52265625 0.75546875 0.0578125 0.0765625
3 0.96875 0.7015625 0.053125 0.078125
3 0.1765625 0.53828125 0.065625 0.0796875
3 0.1515625 0.20234375 0.0734375 0.0734375
3 0.55703125 0.915625 0.071875 0.0734375
3 0.571875 0.72421875 0.065625 0.084375
3 0.6 0.79296875 0.0625 0.0671875
3 0.74296875 0.82578125 0.0640625 0.0640625
3 0.93671875 0.0484375 0.0625 0.0625
3 0.621875 0.578125 0.059375 0.059375
3 0.78203125 0.7609375 0.0609375 0.0609375
3 0.40234375 0.87109375 0.071875 0.071875
6 0.959375 0.87421875 0.08125 0.0921875
3 0.934375 0.953125 0.065625 0.065625
3 0.56171875 0.82421875 0.0578125 0.0578125
0 0.5421875 0.12265625 0.1046875 0.103125
3 0.35625 0.76953125 0.065625 0.065625
3 0.52109375 0.96328125 0.0578125 0.0734375