3 0.36328125 0.95703125 0.0890625 0.0859375
0 0.2015625 0.36171875 0.1078125 0.1078125
3 0.2828125 0.2 0.090625 0.090625
3 0.51171875 0.51875 0.1015625 0.075
3 0.696875 0.271875 0.09375 0.09375
3 0.52109375 0.4078125 0.090625 0.0921875
3 0.875 0.9421875 0.1 0.075
3 0.25859375 0.5796875 0.0859375 0.090625
3 0.1015625 0.35859375 0.096875 0.0859375
3 0.35078125 0.14765625 0.090625 0.0828125
3 0.46953125 0.63359375 0.1 0.0734375
3 0.49453125 0.9421875 0.078125 0.0796875
3 0.76796875 0.1640625 0.0953125 0.08125
3 0.56796875 0.79375 0.1078125 0.075
3 0.58046875 0.9578125 0.0796875 0.0796875
3 0.7453125 0.71171875 0.0875 0.0875
3 0.08359375 0.20546875 0.084375 0.084375
3 0.87421875 0.3375 0.1109375 0.08125
3 0.42421875 0.534375 0.09375 0.0921875
3 0.20703125 0.49609375 0.0890625 0.0703125
3 0.0953125 0.078125 0.090625 0.075
3 0.92421875 0.52421875 0.1109375 0.0765625
3 0.72421875 0.50390625 0.0953125 0.0953125
3 0.2421875 0.8984375 0.109375 0.06875
3 0.409375 0.27265625 0.10625 0.0828125
3 0.3796875 0.871875 0.0859375 0.0859375
3 0.309375 0.515625 0.103125 0.08125
3 0.08515625 0.59140625 0.1078125 0.0859375
3 0.60234375 0.8703125 0.0875 0.0859375
3 0.9359375 0.84375 0.09375 0.09375
3 0.196875 0.60078125 0.09375 0.0828125
3 0.7 0.1375 0.090625 0.090625
3 0.16796875 0.7765625 0.115625 0.06875
3 0.878125 0.5828125 0.1 0.1
3 0.42265625 0.74375 0.0984375 0.06875