3 0.80546875 0.078125 0.0765625 0.075
3 0.6328125 0.165625 0.078125 0.078125
3 0.53515625 0.925 0.0796875 0.06875
3 0.76328125 0.409375 0.084375 0.0859375
3 0.8421875 0.459375 0.075 0.075
3 0.48203125 0.353125 0.0796875 0.065625
3 0.11796875 0.31328125 0.09375 0.09375
3 0.21640625 0.690625 0.1046875 0.075
3 0.82890625 0.53046875 0.0859375 0.0703125
3 0.4203125 0.5109375 0.084375 0.084375
3 0.34296875 0.8125 0.078125 0.078125
3 0.7078125 0.59921875 0.071875 0.0734375
3 0.3828125 0.3703125 0.071875 0.071875
3 0.29296875 0.34375 0.1046875 0.075
3 0.20859375 0.1984375 0.0921875 0.059375
3 0.6890625 0.70234375 0.0625 0.0640625
3 0.90390625 0.7359375 0.0875 0.071875
3 0.4203125 0.2328125 0.090625 0.06875
3 0.503125 0.253125 0.075 0.075
3 0.30546875 0.9515625 0.08125 0.0796875
3 0.0859375 0.15703125 0.0703125 0.0703125
3 0.103125 0.7390625 0.0671875 0.0671875
3 0.925 0.49296875 0.0796875 0.078125
3 0.19375 0.90703125 0.0734375 0.0734375
3 0.84765625 0.30390625 0.078125 0.071875
3 0.64296875 0.5 0.084375 0.06875
3 0.5453125 0.54453125 0.084375 0.0671875
3 0.0484375 0.37265625 0.06875 0.0703125
3 0.67265625 0.76484375 0.0828125 0.0828125
3 0.8640625 0.18828125 0.065625 0.065625
6 0.28984375 0.5859375 0.0875 0.0875
3 0.7796875 0.3078125 0.071875 0.071875
3 0.75390625 0.859375 0.075 0.0625
6 0.9171875 0.3078125 0.0796875 0.0796875
3 0.35859375 0.9125 0.06875 0.06875
3 0.82421875 0.24140625 0.071875 0.071875
3 0.1078125 0.0921875 0.084375 0.065625
3 0.33515625 0.2453125 0.0765625 0.059375
3 0.15390625 0.83828125 0.065625 0.065625
3 0.6078125 0.0734375 0.0875 0.0625
3 0.58203125 0.15 0.078125 0.078125
3 0.3234375 0.47421875 0.0640625 0.0640625
3 0.7390625 0.12578125 0.0609375 0.0609375
3 0.12265625 0.5328125 0.078125 0.0796875
3 0.50390625 0.80625 0.075 0.059375
3 0.58125 0.7671875 0.06875 0.053125
3 0.3671875 0.28828125 0.075 0.065625
3 0.49140625 0.153125 0.0640625 0.065625
3 0.0546875 0.7953125 0.065625 0.065625
3 0.9140625 0.665625 0.075 0.065625
3 0.71015625 0.275 0.0765625 0.05
0 0.2140625 0.375 0.0890625 0.0890625
3 0.23359375 0.421875 0.065625 0.065625
3 0.31484375 0.66875 0.0859375 0.071875
3 0.07421875 0.0578125 0.078125 0.0625
3 0.47734375 0.19375 0.0625 0.0625
3 0.2921875 0.046875 0.075 0.075
3 0.31015625 0.875 0.059375 0.059375
3 0.053125 0.6546875 0.0625 0.0625
3 0.4640625 0.48046875 0.0640625 0.0625
3 0.803125 0.3625 0.06875 0.04375
3 0.90234375 0.80234375 0.075 0.053125
3 0.7859375 0.02421875 0.084375 0.0484375
3 0.27109375 0.3046875 0.0796875 0.053125
3 0.30390625 0.4125 0.05625 0.05625
6 0.0765625 0.58046875 0.1125 0.0984375
6 0.3515625 0.69140625 0.1078125 0.1078125
3 0.4171875 0.0984375 0.0625 0.0625
3 0.35546875 0.2125 0.0703125 0.04375
3 0.5203125 0.090625 0.059375 0.059375
3 0.634375 0.03203125 0.08125 0.0609375
3 0.61328125 0.12265625 0.1046875 0.0578125
3 0.78046875 0.25 0.05625 0.05625
3 0.49140625 0.57734375 0.0640625 0.0546875
3 0.2359375 0.55625 0.05625 0.0546875
3 0.6484375 0.9734375 0.075 0.053125
6 0.9578125 0.87421875 0.084375 0.0734375