3 0.19453125 0.921875 0.0765625 0.075
3 0.3671875 0.834375 0.090625 0.065625
3 0.46484375 0.075 0.0796875 0.06875
3 0.23671875 0.590625 0.084375 0.0859375
3 0.1578125 0.540625 0.08125 0.06875
3 0.51796875 0.646875 0.071875 0.071875
3 0.88203125 0.68671875 0.1125 0.0765625
3 0.78359375 0.309375 0.1046875 0.075
3 0.17109375 0.46953125 0.078125 0.078125
3 0.5796875 0.4890625 0.084375 0.084375
3 0.65703125 0.1875 0.0921875 0.0625
3 0.2921875 0.40078125 0.084375 0.0609375
3 0.6171875 0.6296875 0.084375 0.059375
3 0.70703125 0.65625 0.1046875 0.075
3 0.79140625 0.8015625 0.075 0.0765625
3 0.3109375 0.29765625 0.0625 0.0640625
3 0.09609375 0.2640625 0.0875 0.071875
3 0.5796875 0.7671875 0.0796875 0.0796875
3 0.496875 0.746875 0.075 0.075
3 0.69453125 0.0484375 0.08125 0.0796875
3 0.9140625 0.84296875 0.0703125 0.0703125
3 0.896875 0.2609375 0.0671875 0.0671875
3 0.075 0.50703125 0.084375 0.0734375
3 0.80625 0.09296875 0.078125 0.06875
3 0.15234375 0.69609375 0.078125 0.071875
3 0.35703125 0.5 0.084375 0.06875
3 0.4546875 0.45546875 0.0765625 0.0765625
3 0.9515625 0.62734375 0.084375 0.0546875
3 0.32734375 0.23515625 0.0828125 0.0828125
3 0.1359375 0.81171875 0.071875 0.0578125
6 0.71015625 0.4140625 0.0875 0.0875
3 0.2203125 0.6921875 0.078125 0.065625
3 0.24609375 0.140625 0.06875 0.06875
6 0.0828125 0.6921875 0.09375 0.065625
3 0.64140625 0.0875 0.06875 0.06875
3 0.17578125 0.75859375 0.0796875 0.0640625
3 0.8921875 0.9078125 0.075 0.075
3 0.66484375 0.7546875 0.06875 0.0671875
3 0.84609375 0.16171875 0.0765625 0.0546875
3 0.3921875 0.9265625 0.0875 0.0625
3 0.41796875 0.85 0.0890625 0.065625
3 0.6765625 0.52578125 0.071875 0.0578125
3 0.2609375 0.87421875 0.071875 0.0515625
3 0.87734375 0.4671875 0.078125 0.0796875
3 0.49609375 0.19375 0.0671875 0.0671875
3 0.41875 0.2328125 0.0609375 0.0609375
3 0.6328125 0.71171875 0.0703125 0.0703125
3 0.50859375 0.846875 0.0703125 0.059375
3 0.9453125 0.2046875 0.078125 0.053125
3 0.0859375 0.334375 0.075 0.065625
3 0.28984375 0.725 0.0625 0.0625
0 0.7859375 0.625 0.0890625 0.0890625
3 0.76640625 0.578125 0.0671875 0.0625
3 0.68515625 0.33125 0.078125 0.078125
3 0.92578125 0.9421875 0.0703125 0.0703125
3 0.52265625 0.80625 0.0671875 0.05625
3 0.7078125 0.953125 0.090625 0.059375
3 0.68984375 0.125 0.059375 0.059375
3 0.946875 0.3453125 0.06875 0.05625
3 0.5359375 0.51953125 0.0640625 0.0625
3 0.196875 0.6375 0.06875 0.04375
3 0.09765625 0.19765625 0.075 0.053125
3 0.2140625 0.97109375 0.065625 0.0578125
3 0.72890625 0.6953125 0.0796875 0.053125
3 0.69609375 0.5875 0.0640625 0.046875
6 0.9234375 0.41953125 0.1046875 0.10625
6 0.6484375 0.30859375 0.121875 0.09375
3 0.5828125 0.9015625 0.0625 0.0625
3 0.64453125 0.7875 0.0703125 0.04375
3 0.4796875 0.909375 0.059375 0.059375
3 0.365625 0.96796875 0.08125 0.0609375
3 0.38671875 0.87734375 0.1046875 0.0578125
3 0.21953125 0.75 0.05625 0.05625
3 0.50859375 0.42265625 0.059375 0.059375
3 0.7640625 0.44375 0.0546875 0.0546875
3 0.3515625 0.0265625 0.075 0.053125
6 0.0421875 0.12578125 0.078125 0.078125