3 0.921875 0.80546875 0.075 0.0765625
3 0.834375 0.6328125 0.078125 0.078125
3 0.075 0.53515625 0.0734375 0.075
3 0.590625 0.76328125 0.0625 0.1078125
3 0.540625 0.8421875 0.075 0.075
3 0.646875 0.48203125 0.071875 0.071875
3 0.68671875 0.11796875 0.0953125 0.09375
3 0.309375 0.21640625 0.090625 0.0890625
3 0.46953125 0.82890625 0.0703125 0.0859375
3 0.4890625 0.4203125 0.078125 0.090625
3 0.1875 0.34296875 0.0625 0.0921875
3 0.40078125 0.7078125 0.0609375 0.084375
3 0.6296875 0.3828125 0.071875 0.071875
3 0.65625 0.29296875 0.075 0.1046875
3 0.8015625 0.20859375 0.059375 0.0921875
3 0.29765625 0.6890625 0.0640625 0.0625
3 0.2640625 0.90390625 0.071875 0.0875
3 0.7671875 0.4203125 0.06875 0.090625
3 0.746875 0.503125 0.075 0.075
3 0.0484375 0.30546875 0.071875 0.0890625
3 0.84296875 0.0859375 0.0703125 0.0703125
3 0.2609375 0.103125 0.059375 0.075
3 0.50703125 0.925 0.078125 0.0796875
3 0.09296875 0.19375 0.06875 0.078125
3 0.69609375 0.84765625 0.071875 0.078125
3 0.5 0.64296875 0.06875 0.084375
3 0.45546875 0.5453125 0.0671875 0.084375
3 0.62734375 0.0484375 0.0703125 0.06875
3 0.23515625 0.67265625 0.0609375 0.1046875
3 0.81171875 0.8640625 0.0578125 0.071875
6 0.4140625 0.28984375 0.0875 0.0875
3 0.6921875 0.7796875 0.065625 0.078125
3 0.140625 0.75390625 0.0625 0.075
6 0.6921875 0.9171875 0.0796875 0.0796875
3 0.0875 0.35859375 0.05625 0.0796875
3 0.75859375 0.82421875 0.071875 0.071875
3 0.9078125 0.1078125 0.065625 0.084375
3 0.7546875 0.33515625 0.059375 0.0765625
3 0.16171875 0.15390625 0.0546875 0.0765625
3 0.9265625 0.6078125 0.075 0.075
3 0.85 0.58203125 0.065625 0.0890625
3 0.52578125 0.3234375 0.0578125 0.071875
3 0.87421875 0.7390625 0.0609375 0.0609375
3 0.4671875 0.12265625 0.06875 0.0890625
3 0.19375 0.50390625 0.059375 0.075
3 0.2328125 0.58125 0.053125 0.06875
3 0.71171875 0.3671875 0.0703125 0.0703125
3 0.846875 0.49140625 0.059375 0.0703125
3 0.2046875 0.0546875 0.065625 0.065625
3 0.334375 0.9140625 0.0703125 0.0703125
3 0.725 0.71015625 0.0625 0.0625
0 0.625 0.2140625 0.0890625 0.0890625
3 0.578125 0.23359375 0.0625 0.0671875
3 0.33125 0.31484375 0.0796875 0.078125
3 0.9421875 0.07421875 0.0625 0.078125
3 0.80625 0.47734375 0.0625 0.0625
3 0.953125 0.2921875 0.059375 0.090625
3 0.125 0.31015625 0.059375 0.059375
3 0.3453125 0.053125 0.0625 0.0625
3 0.51953125 0.4640625 0.0671875 0.059375
3 0.6375 0.803125 0.05625 0.05625
3 0.19765625 0.90234375 0.053125 0.075
3 0.97109375 0.7859375 0.0578125 0.065625
3 0.6953125 0.27109375 0.0671875 0.065625
3 0.5875 0.30390625 0.046875 0.0640625
6 0.41953125 0.0765625 0.0984375 0.1125
6 0.30859375 0.3515625 0.1078125 0.1078125
3 0.9015625 0.4171875 0.0625 0.0625
3 0.7875 0.35546875 0.0578125 0.05625
3 0.909375 0.5203125 0.053125 0.065625
3 0.965625 0.63359375 0.06875 0.0703125
3 0.87734375 0.61328125 0.08125 0.08125
3 0.75 0.78046875 0.046875 0.0671875
3 0.42265625 0.49140625 0.059375 0.059375
3 0.44375 0.2359375 0.0546875 0.0546875
3 0.02890625 0.64765625 0.0578125 0.0640625
6 0.12578125 0.9578125 0.0734375 0.084375