3 0.11484375 0.809375 0.0625 0.08125
3 0.15703125 0.39921875 0.08125 0.08125
3 0.525 0.771875 0.08125 0.08125
3 0.90625 0.2796875 0.084375 0.084375
3 0.5625 0.38359375 0.075 0.0984375
3 0.06640625 0.20234375 0.0609375 0.103125
3 0.2578125 0.43046875 0.084375 0.0828125
3 0.1546875 0.5359375 0.0734375 0.0734375
3 0.875 0.6328125 0.0890625 0.0890625
3 0.8921875 0.9484375 0.071875 0.071875
3 0.49296875 0.3703125 0.0875 0.0875
3 0.13515625 0.19140625 0.0796875 0.1
3 0.10390625 0.0953125 0.084375 0.096875
3 0.053125 0.6703125 0.0765625 0.0765625
3 0.06171875 0.41328125 0.0828125 0.0828125
3 0.428125 0.43828125 0.075 0.1
3 0.6453125 0.39609375 0.08125 0.1078125
3 0.8296875 0.34609375 0.084375 0.090625
3 0.4578125 0.746875 0.0890625 0.0890625
3 0.6796875 0.1453125 0.0921875 0.0921875
3 0.48359375 0.26875 0.090625 0.090625
3 0.22578125 0.5140625 0.0890625 0.0890625
3 0.82578125 0.496875 0.0890625 0.0890625
3 0.71875 0.46171875 0.06875 0.0859375
3 0.6359375 0.8359375 0.090625 0.090625
3 0.05234375 0.5578125 0.0828125 0.096875
3 0.39140625 0.31484375 0.090625 0.090625
3 0.5734375 0.48515625 0.0921875 0.09375
3 0.2203125 0.08203125 0.08125 0.0796875
3 0.73046875 0.0578125 0.0765625 0.096875
3 0.31015625 0.8546875 0.078125 0.090625
3 0.1265625 0.70390625 0.084375 0.1
3 0.2828125 0.9265625 0.090625 0.090625
3 0.60234375 0.89296875 0.0875 0.0921875
3 0.6265625 0.4578125 0.0953125 0.0953125
3 0.44609375 0.509375 0.08125 0.08125
3 0.175 0.2984375 0.0984375 0.0984375
3 0.509375 0.640625 0.096875 0.11875
3 0.03203125 0.846875 0.0640625 0.075
4 0.33984375 0.57109375 0.084375 0.084375