3 0.60546875 0.5171875 0.0828125 0.065625
3 0.25703125 0.25390625 0.075 0.075
3 0.2359375 0.87734375 0.0765625 0.0765625
3 0.67421875 0.35859375 0.0921875 0.0703125
3 0.79921875 0.38984375 0.1015625 0.0703125
3 0.9171875 0.22890625 0.0765625 0.0765625
3 0.578125 0.8953125 0.096875 0.084375
3 0.95390625 0.73125 0.0921875 0.065625
3 0.553125 0.6921875 0.08125 0.08125
3 0.47109375 0.4921875 0.1 0.090625
3 0.83984375 0.1859375 0.1015625 0.078125
3 0.0703125 0.490625 0.0859375 0.0859375
3 0.25546875 0.16796875 0.09375 0.09375
3 0.88359375 0.0671875 0.084375 0.0859375
3 0.93828125 0.08828125 0.1015625 0.1015625
5 0.471875 0.26640625 0.109375 0.1109375
3 0.8328125 0.84140625 0.096875 0.096875