3 0.553125 0.90078125 0.084375 0.0703125
3 0.11953125 0.43203125 0.0921875 0.0671875
3 0.103125 0.6640625 0.075 0.078125
3 0.57265625 0.12109375 0.0765625 0.0765625
3 0.36875 0.16953125 0.0796875 0.08125
3 0.92265625 0.82265625 0.0765625 0.0765625
3 0.78203125 0.609375 0.078125 0.0796875
3 0.8921875 0.0875 0.103125 0.08125
3 0.67109375 0.93828125 0.0765625 0.075
3 0.4515625 0.7578125 0.0734375 0.0734375
3 0.4765625 0.10078125 0.0953125 0.0953125
3 0.69140625 0.48671875 0.0796875 0.0796875
3 0.31328125 0.81875 0.090625 0.0625
3 0.39140625 0.68203125 0.0890625 0.0828125
3 0.146875 0.5265625 0.06875 0.053125
3 0.296875 0.8671875 0.090625 0.08125
3 0.85859375 0.64140625 0.0890625 0.0875
3 0.1734375 0.82578125 0.103125 0.078125
5 0.50390625 0.7203125 0.09375 0.09375