3 0.93203125 0.67578125 0.0765625 0.0953125
5 0.875 0.70390625 0.096875 0.0953125
3 0.88203125 0.64140625 0.0609375 0.0921875
3 0.8609375 0.73203125 0.06875 0.0984375
3 0.87109375 0.54921875 0.0875 0.0890625
3 0.85546875 0.446875 0.0703125 0.10625
3 0.91640625 0.38671875 0.090625 0.0890625
3 0.9625 0.396875 0.06875 0.0875
3 0.940625 0.4796875 0.0875 0.0875
3 0.88125 0.159375 0.090625 0.090625
3 0.84921875 0.06796875 0.0828125 0.0953125
3 0.6875 0.12890625 0.0703125 0.0921875
3 0.80625 0.2484375 0.090625 0.103125
3 0.759375 0.33046875 0.09375 0.09375
3 0.66796875 0.3140625 0.084375 0.084375
3 0.6328125 0.23046875 0.0921875 0.09375
3 0.6078125 0.1265625 0.0890625 0.0890625
3 0.5375 0.0578125 0.090625 0.090625
3 0.4703125 0.06484375 0.0953125 0.09375
3 0.50078125 0.209375 0.0859375 0.0859375
3 0.48671875 0.12265625 0.0953125 0.0953125
3 0.3984375 0.07734375 0.08125 0.08125
3 0.35078125 0.05859375 0.0734375 0.1046875
3 0.2375 0.07109375 0.0875 0.0875
3 0.253125 0.203125 0.075 0.09375
3 0.2515625 0.29296875 0.0828125 0.0828125
3 0.34375 0.14921875 0.084375 0.084375
3 0.384375 0.14765625 0.075 0.1140625
3 0.43203125 0.21015625 0.090625 0.090625
3 0.371875 0.24140625 0.05625 0.1171875
3 0.33125 0.328125 0.084375 0.096875
3 0.33125 0.37421875 0.084375 0.084375
3 0.04921875 0.2078125 0.084375 0.0859375
3 0.053125 0.3609375 0.075 0.090625
3 0.2453125 0.4015625 0.08125 0.08125
3 0.19375 0.34375 0.08125 0.0796875
3 0.1390625 0.34453125 0.096875 0.096875
3 0.1140625 0.43828125 0.084375 0.084375
3 0.0765625 0.50703125 0.078125 0.078125
3 0.14140625 0.52734375 0.0875 0.0875
3 0.2671875 0.5984375 0.071875 0.096875
3 0.08359375 0.5953125 0.08125 0.08125
3 0.06328125 0.6890625 0.0828125 0.0828125
3 0.1546875 0.8140625 0.090625 0.090625
3 0.08125 0.83671875 0.075 0.0796875
3 0.05 0.9 0.0734375 0.0734375
3 0.3453125 0.75078125 0.071875 0.1046875
3 0.17265625 0.91640625 0.0765625 0.096875
3 0.20078125 0.93828125 0.0828125 0.0828125
3 0.265625 0.88828125 0.0890625 0.0890625
3 0.29140625 0.94140625 0.0671875 0.0890625
3 0.3265625 0.4890625 0.071875 0.103125
3 0.37734375 0.5375 0.08125 0.0828125
3 0.4171875 0.5609375 0.0625 0.0875
3 0.47421875 0.32109375 0.0875 0.0875
3 0.57265625 0.290625 0.0890625 0.090625
3 0.55 0.36875 0.0875 0.0890625
3 0.51171875 0.3921875 0.0703125 0.109375
3 0.5796875 0.41953125 0.090625 0.0953125
3 0.73359375 0.43671875 0.0671875 0.071875
3 0.646875 0.4828125 0.075 0.103125
3 0.69921875 0.5484375 0.0890625 0.0890625
3 0.7515625 0.65390625 0.090625 0.090625
3 0.49296875 0.665625 0.0765625 0.10625
3 0.58203125 0.590625 0.0875 0.0890625
3 0.6625 0.6296875 0.071875 0.0875
3 0.7125 0.6953125 0.090625 0.090625
3 0.56484375 0.69453125 0.0875 0.0875
3 0.52578125 0.77265625 0.0890625 0.0875
3 0.55703125 0.8734375 0.0890625 0.0890625
3 0.5953125 0.93671875 0.0875 0.0875
3 0.6921875 0.9484375 0.0625 0.084375
3 0.65390625 0.7234375 0.0734375 0.1
3 0.69609375 0.79921875 0.0765625 0.1015625
3 0.6828125 0.834375 0.078125 0.09375
3 0.8609375 0.81953125 0.071875 0.1046875
3 0.91484375 0.85234375 0.0734375 0.096875
3 0.903125 0.903125 0.071875 0.10625