3 0.3703125 0.20390625 0.090625 0.090625
3 0.4796875 0.64453125 0.0890625 0.0875
3 0.6125 0.8828125 0.096875 0.096875
3 0.496875 0.1609375 0.0859375 0.0859375
3 0.66796875 0.3828125 0.078125 0.078125
3 0.8828125 0.3109375 0.078125 0.109375
3 0.8046875 0.209375 0.078125 0.1
3 0.19765625 0.521875 0.075 0.096875
3 0.5 0.9421875 0.08125 0.096875
3 0.31015625 0.78984375 0.0875 0.0875
3 0.765625 0.74140625 0.0875 0.0859375
3 0.1 0.559375 0.0828125 0.0828125
3 0.30078125 0.37109375 0.0734375 0.1046875
3 0.65078125 0.4765625 0.0765625 0.103125
3 0.1359375 0.778125 0.090625 0.090625
3 0.93125 0.25390625 0.075 0.096875
3 0.5359375 0.68828125 0.0796875 0.0796875
3 0.6734375 0.11953125 0.078125 0.078125
3 0.396875 0.76875 0.0875 0.0875
3 0.59609375 0.7453125 0.0703125 0.096875
3 0.278125 0.14453125 0.06875 0.0953125
0 0.521875 0.48359375 0.115625 0.115625
3 0.4828125 0.2546875 0.0890625 0.0890625
3 0.89140625 0.825 0.0796875 0.1
3 0.6015625 0.1375 0.0875 0.0875
3 0.7578125 0.3828125 0.075 0.103125
3 0.79921875 0.8140625 0.0671875 0.1
3 0.75390625 0.29453125 0.06875 0.06875
3 0.1875 0.84140625 0.0828125 0.0828125
3 0.33125 0.26640625 0.090625 0.0890625
3 0.19765625 0.6265625 0.0875 0.0859375
3 0.4 0.30703125 0.071875 0.0921875
3 0.6515625 0.63984375 0.078125 0.096875
3 0.64609375 0.5609375 0.071875 0.115625