3 0.2359375 0.6796875 0.078125 0.078125
3 0.40390625 0.53984375 0.0671875 0.0875
3 0.303125 0.63515625 0.084375 0.0859375
3 0.6734375 0.240625 0.071875 0.071875
3 0.115625 0.88359375 0.071875 0.0890625
3 0.8484375 0.48984375 0.075 0.075
3 0.7984375 0.86640625 0.065625 0.0953125
3 0.19140625 0.8765625 0.08125 0.08125
3 0.86015625 0.79765625 0.078125 0.078125
3 0.39140625 0.1453125 0.0765625 0.084375
3 0.91328125 0.29140625 0.0671875 0.0953125
3 0.82578125 0.30546875 0.0578125 0.0828125
3 0.1703125 0.24765625 0.0765625 0.0765625
3 0.359375 0.453125 0.05625 0.096875
3 0.47265625 0.50859375 0.078125 0.078125
3 0.7296875 0.76796875 0.065625 0.065625
3 0.625 0.09140625 0.0796875 0.078125
3 0.703125 0.91875 0.0796875 0.0796875
3 0.77109375 0.953125 0.075 0.0734375
3 0.184375 0.6515625 0.0625 0.08125
3 0.60703125 0.28359375 0.0625 0.0828125
3 0.58515625 0.8375 0.06875 0.08125
3 0.7015625 0.86640625 0.059375 0.0859375
3 0.93203125 0.89296875 0.0609375 0.0796875
3 0.88515625 0.60859375 0.0703125 0.0765625
3 0.29765625 0.28359375 0.0546875 0.0796875
3 0.065625 0.715625 0.06875 0.06875
3 0.4609375 0.13671875 0.071875 0.0796875
3 0.95703125 0.78515625 0.0734375 0.071875
3 0.19765625 0.815625 0.065625 0.090625
3 0.64453125 0.39140625 0.059375 0.0734375
3 0.06875 0.5703125 0.05625 0.090625
3 0.2421875 0.11484375 0.046875 0.1078125
3 0.07734375 0.0859375 0.078125 0.0765625
3 0.9125 0.50078125 0.053125 0.0765625
3 0.3359375 0.58203125 0.065625 0.0625
3 0.178125 0.384375 0.071875 0.071875
3 0.94453125 0.403125 0.0671875 0.10625
3 0.70390625 0.559375 0.059375 0.08125
3 0.49609375 0.95546875 0.0609375 0.0828125
3 0.1546875 0.109375 0.078125 0.078125
3 0.54296875 0.65546875 0.0671875 0.0765625
3 0.82421875 0.228125 0.0703125 0.0875
3 0.84140625 0.62109375 0.0625 0.078125
3 0.121875 0.67734375 0.05625 0.0859375
3 0.41015625 0.05390625 0.071875 0.0734375
3 0.37109375 0.8234375 0.065625 0.090625
3 0.271875 0.08984375 0.078125 0.078125
3 0.78984375 0.7640625 0.0734375 0.071875
3 0.56953125 0.11328125 0.065625 0.0859375
3 0.43828125 0.91953125 0.0828125 0.0828125
3 0.040625 0.89609375 0.0671875 0.06875
3 0.33125 0.5390625 0.0703125 0.0703125
3 0.29609375 0.73828125 0.0703125 0.0703125
3 0.834375 0.128125 0.05625 0.0875
3 0.7046875 0.43046875 0.0671875 0.0671875
3 0.59140625 0.328125 0.0796875 0.08125
3 0.8203125 0.05546875 0.0765625 0.0765625
3 0.1046875 0.50078125 0.075 0.075
3 0.5109375 0.34296875 0.071875 0.0890625
3 0.0984375 0.30703125 0.05 0.0921875
3 0.44765625 0.7234375 0.0609375 0.078125
3 0.03046875 0.20546875 0.0609375 0.0984375
3 0.103125 0.3640625 0.05625 0.09375
3 0.33671875 0.8015625 0.0765625 0.0765625
3 0.7078125 0.80859375 0.0734375 0.0734375
3 0.165625 0.3296875 0.065625 0.096875
3 0.53515625 0.48359375 0.0578125 0.1171875
3 0.7671875 0.14921875 0.0625 0.0625
3 0.903125 0.23359375 0.059375 0.0765625
3 0.5171875 0.81484375 0.05 0.096875
3 0.7109375 0.6734375 0.059375 0.075
3 0.39453125 0.65546875 0.0640625 0.0921875
3 0.15703125 0.7640625 0.078125 0.078125
3 0.60859375 0.4828125 0.0625 0.078125
3 0.9 0.17421875 0.065625 0.0890625
3 0.86328125 0.88984375 0.053125 0.0953125
3 0.36796875 0.92578125 0.078125 0.078125
3 0.74453125 0.31171875 0.0609375 0.0921875
3 0.69375 0.6421875 0.05625 0.078125
3 0.178125 0.56171875 0.0625 0.0828125
3 0.96640625 0.04296875 0.0578125 0.075
3 0.4484375 0.47109375 0.06875 0.0859375
3 0.7484375 0.084375 0.071875 0.071875
3 0.2671875 0.91328125 0.065625 0.0875
3 0.240625 0.2265625 0.05625 0.0875
3 0.4921875 0.0453125 0.0875 0.0875
3 0.96015625 0.66875 0.0546875 0.075
3 0.86953125 0.95859375 0.0765625 0.0765625
3 0.415625 0.69765625 0.0625 0.0890625
3 0.0953125 0.19296875 0.071875 0.0734375
3 0.03046875 0.40859375 0.0484375 0.1046875
3 0.75859375 0.2625 0.0640625 0.08125
3 0.446875 0.8390625 0.071875 0.071875
3 0.63828125 0.95390625 0.071875 0.071875
3 0.0796875 0.7984375 0.05 0.109375
3 0.49921875 0.38828125 0.08125 0.08125
3 0.79296875 0.41796875 0.0671875 0.0671875
3 0.54921875 0.22109375 0.075 0.075
3 0.03671875 0.540625 0.0734375 0.090625
3 0.621875 0.171875 0.05625 0.059375
4 0.42734375 0.22734375 0.071875 0.071875
3 0.5734375 0.79609375 0.0671875 0.0671875
3 0.23125 0.359375 0.0625 0.071875
3 0.53984375 0.45234375 0.0578125 0.0984375
3 0.63984375 0.70078125 0.071875 0.071875
3 0.1 0.1609375 0.0765625 0.0765625
3 0.8984375 0.7046875 0.071875 0.071875
3 0.3 0.41796875 0.059375 0.059375
3 0.321875 0.7203125 0.06875 0.071875
3 0.0609375 0.91796875 0.0625 0.0625
3 0.034375 0.921875 0.06875 0.071875
3 0.2859375 0.934375 0.071875 0.071875
3 0.278125 0.96015625 0.071875 0.071875
3 0.10078125 0.665625 0.059375 0.059375
3 0.1625 0.56328125 0.0671875 0.0671875
3 0.1046875 0.46484375 0.053125 0.0875
3 0.03671875 0.30859375 0.059375 0.059375
3 0.1390625 0.06484375 0.05625 0.0734375
3 0.16484375 0.2953125 0.0515625 0.078125
3 0.31796875 0.2609375 0.071875 0.071875
3 0.225 0.04609375 0.059375 0.0765625
3 0.3109375 0.03984375 0.046875 0.071875
3 0.4390625 0.13671875 0.065625 0.065625
3 0.5 0.25703125 0.05625 0.05625
3 0.51328125 0.20859375 0.053125 0.0734375
3 0.54375 0.184375 0.0625 0.0625
3 0.64375 0.14453125 0.0765625 0.0765625
3 0.96875 0.24609375 0.0625 0.0640625
3 0.9625 0.096875 0.0375 0.1
3 0.8203125 0.0875 0.071875 0.071875
3 0.90625 0.1359375 0.06875 0.06875
3 0.7328125 0.05546875 0.053125 0.0765625
3 0.79765625 0.24609375 0.0671875 0.0671875
3 0.70078125 0.33203125 0.0671875 0.0671875
3 0.5640625 0.3421875 0.059375 0.078125
3 0.7078125 0.46484375 0.059375 0.0828125
3 0.4203125 0.6515625 0.065625 0.065625
3 0.29296875 0.440625 0.06875 0.0703125
3 0.25 0.34140625 0.06875 0.06875
3 0.459375 0.7484375 0.06875 0.090625
3 0.3140625 0.7515625 0.059375 0.084375
3 0.86640625 0.853125 0.0421875 0.09375
3 0.625 0.6703125 0.065625 0.084375
3 0.80234375 0.7359375 0.0703125 0.0703125
3 0.58515625 0.76796875 0.0734375 0.0734375
3 0.4375 0.80390625 0.053125 0.0953125
3 0.51484375 0.85078125 0.071875 0.071875
3 0.52890625 0.89140625 0.065625 0.065625
3 0.79921875 0.4484375 0.0546875 0.078125
3 0.42578125 0.4484375 0.0640625 0.071875
3 0.6328125 0.46796875 0.0640625 0.0640625
3 0.8328125 0.4984375 0.0703125 0.0703125
3 0.6859375 0.58828125 0.0734375 0.075
3 0.9046875 0.27109375 0.04375 0.0671875
3 0.40859375 0.8359375 0.0765625 0.078125
3 0.7265625 0.4375 0.059375 0.078125
3 0.965625 0.5390625 0.06875 0.06875
3 0.27890625 0.471875 0.071875 0.071875