3 0.20390625 0.6296875 0.090625 0.090625
3 0.64453125 0.5203125 0.1046875 0.071875
3 0.8828125 0.3875 0.096875 0.096875
3 0.1609375 0.503125 0.0859375 0.0859375
3 0.3828125 0.33203125 0.078125 0.078125
3 0.3109375 0.1171875 0.09375 0.09375
3 0.209375 0.1953125 0.1 0.078125
3 0.521875 0.80234375 0.0859375 0.0859375
3 0.9421875 0.5 0.0890625 0.0890625
3 0.78984375 0.68984375 0.096875 0.0796875
3 0.74140625 0.234375 0.0984375 0.075
3 0.559375 0.9 0.0828125 0.0828125
3 0.37109375 0.69921875 0.0890625 0.0890625
3 0.4765625 0.34921875 0.103125 0.0765625
3 0.778125 0.8640625 0.090625 0.090625
3 0.25390625 0.06875 0.0859375 0.0859375
3 0.68828125 0.4640625 0.096875 0.0625
3 0.11953125 0.3265625 0.0921875 0.065625
3 0.76875 0.603125 0.0875 0.0875
3 0.7453125 0.40390625 0.096875 0.0703125
3 0.14453125 0.721875 0.08125 0.0828125
0 0.48359375 0.478125 0.1375 0.09375
3 0.2546875 0.5171875 0.0890625 0.0890625
3 0.825 0.10859375 0.1 0.0796875
3 0.1375 0.3984375 0.1 0.075
3 0.3828125 0.2421875 0.0890625 0.0890625
3 0.8140625 0.20078125 0.0828125 0.084375
3 0.29453125 0.24609375 0.078125 0.0609375
3 0.84140625 0.8125 0.0828125 0.0828125
3 0.26640625 0.66875 0.0890625 0.090625
3 0.6265625 0.80234375 0.0859375 0.0875
3 0.30703125 0.6 0.0921875 0.071875
3 0.63984375 0.3484375 0.0875 0.0875
3 0.5609375 0.35390625 0.09375 0.09375