3 0.16484375 0.6484375 0.0890625 0.0890625
3 0.0890625 0.5875 0.096875 0.06875
3 0.60703125 0.73203125 0.078125 0.078125
3 0.86875 0.7765625 0.075 0.0734375
3 0.68828125 0.69140625 0.0875 0.0875
3 0.13359375 0.4453125 0.071875 0.071875
3 0.8796875 0.8453125 0.0828125 0.0828125
3 0.2859375 0.5890625 0.103125 0.071875
3 0.11328125 0.51796875 0.0765625 0.0765625
3 0.31328125 0.1109375 0.109375 0.0625
3 0.52734375 0.775 0.084375 0.0859375
3 0.6984375 0.86484375 0.0828125 0.0828125
3 0.2578125 0.7671875 0.0859375 0.0859375
3 0.66796875 0.790625 0.0984375 0.065625
3 0.7171875 0.38828125 0.0828125 0.084375
3 0.909375 0.35078125 0.075 0.075
3 0.83203125 0.06015625 0.0828125 0.0828125
3 0.77265625 0.7921875 0.0953125 0.071875
3 0.7421875 0.26953125 0.096875 0.0796875
3 0.82734375 0.30078125 0.0921875 0.0828125
3 0.428125 0.5109375 0.0890625 0.0890625
3 0.85859375 0.67109375 0.0921875 0.0921875
3 0.3828125 0.45390625 0.08125 0.08125
3 0.184375 0.5640625 0.096875 0.065625
3 0.765625 0.71640625 0.090625 0.090625
3 0.096875 0.24140625 0.090625 0.0609375
3 0.05625 0.67265625 0.0796875 0.08125
3 0.8140625 0.38828125 0.078125 0.078125
3 0.7171875 0.56953125 0.103125 0.0828125
3 0.79453125 0.8703125 0.0859375 0.065625
3 0.89609375 0.23828125 0.0921875 0.0703125
3 0.07578125 0.8734375 0.0765625 0.075
3 0.1390625 0.17578125 0.084375 0.084375
3 0.61953125 0.653125 0.0953125 0.075
3 0.915625 0.15859375 0.084375 0.0828125
3 0.2265625 0.1484375 0.090625 0.065625
3 0.30703125 0.2265625 0.0921875 0.0625
3 0.2046875 0.7109375 0.075 0.075
3 0.05546875 0.359375 0.075 0.0765625
3 0.19375 0.4046875 0.1 0.065625
3 0.68203125 0.3203125 0.075 0.075
3 0.5078125 0.68359375 0.096875 0.071875
3 0.23671875 0.3125 0.0828125 0.084375
3 0.60390625 0.8515625 0.0984375 0.071875
3 0.1140625 0.725 0.071875 0.06875
3 0.56796875 0.6015625 0.075 0.075
3 0.35859375 0.05625 0.084375 0.0859375
3 0.6265625 0.55390625 0.096875 0.0765625
3 0.9484375 0.690625 0.08125 0.078125
3 0.83203125 0.1734375 0.0859375 0.06875
3 0.5546875 0.16171875 0.090625 0.0625
3 0.34609375 0.78671875 0.0796875 0.0609375
3 0.75859375 0.134375 0.0921875 0.065625
3 0.05 0.44375 0.084375 0.084375
3 0.26171875 0.9109375 0.08125 0.08125
3 0.54609375 0.40859375 0.0984375 0.0703125
3 0.68203125 0.953125 0.0875 0.0859375
3 0.34921875 0.54296875 0.1015625 0.0859375
3 0.42421875 0.3703125 0.0828125 0.078125
3 0.15234375 0.3515625 0.0859375 0.0859375
3 0.890625 0.50859375 0.08125 0.0828125
3 0.621875 0.4375 0.065625 0.065625
3 0.2953125 0.49765625 0.1 0.0703125
3 0.6484375 0.25 0.0734375 0.071875
3 0.6453125 0.1359375 0.084375 0.059375
3 0.096875 0.8109375 0.075 0.075
3 0.5109375 0.21953125 0.075 0.075
3 0.94375 0.78515625 0.075 0.0765625
3 0.3796875 0.16875 0.0796875 0.0796875
3 0.74921875 0.4671875 0.08125 0.08125
3 0.88671875 0.425 0.071875 0.0734375
3 0.24296875 0.63125 0.0796875 0.0796875
3 0.396875 0.275 0.090625 0.06875
3 0.8109375 0.625 0.0796875 0.0796875
3 0.31171875 0.3640625 0.09375 0.0921875
3 0.5890625 0.959375 0.08125 0.08125
3 0.615625 0.49609375 0.09375 0.0578125
3 0.921875 0.553125 0.09375 0.09375
3 0.4765625 0.03828125 0.084375 0.0765625
3 0.37890625 0.85625 0.0828125 0.06875
3 0.684375 0.071875 0.103125 0.0625
3 0.82421875 0.925 0.09375 0.09375
3 0.478125 0.84296875 0.0859375 0.0859375
3 0.24140625 0.9671875 0.0984375 0.065625
3 0.27890625 0.184375 0.1296875 0.078125