3 0.83515625 0.3515625 0.1 0.078125
3 0.9109375 0.4125 0.096875 0.06875
3 0.39296875 0.26796875 0.078125 0.078125
3 0.13125 0.2234375 0.08125 0.065625
3 0.31171875 0.30859375 0.096875 0.0765625
3 0.86640625 0.5546875 0.071875 0.071875
3 0.1203125 0.1546875 0.0828125 0.0828125
3 0.7140625 0.4109375 0.0875 0.0875
3 0.88671875 0.48203125 0.0875 0.065625
3 0.68671875 0.8890625 0.0859375 0.0859375
3 0.47265625 0.225 0.1015625 0.06875
3 0.3015625 0.13515625 0.096875 0.0703125
3 0.7421875 0.2328125 0.1 0.071875
3 0.33203125 0.209375 0.0828125 0.08125
3 0.2828125 0.61171875 0.1 0.0671875
3 0.090625 0.64921875 0.0875 0.0609375
3 0.16796875 0.93984375 0.0921875 0.0734375
3 0.22734375 0.2078125 0.0953125 0.071875
3 0.2578125 0.73046875 0.0890625 0.0875
3 0.17265625 0.69921875 0.0875 0.0875
3 0.571875 0.4890625 0.103125 0.075
3 0.14140625 0.32890625 0.0953125 0.0890625
3 0.6171875 0.54609375 0.09375 0.06875
3 0.815625 0.4359375 0.096875 0.065625
3 0.234375 0.28359375 0.090625 0.090625
3 0.903125 0.75859375 0.075 0.075
3 0.94375 0.32734375 0.1 0.0609375
3 0.1859375 0.61171875 0.078125 0.078125
3 0.2828125 0.43046875 0.09375 0.09375
3 0.20546875 0.1296875 0.0859375 0.065625
3 0.10390625 0.76171875 0.0921875 0.0703125
3 0.92421875 0.1265625 0.0859375 0.065625
3 0.8609375 0.82421875 0.084375 0.084375
3 0.38046875 0.346875 0.0859375 0.084375
3 0.084375 0.84140625 0.084375 0.084375
3 0.7734375 0.8515625 0.078125 0.078125
3 0.69296875 0.7734375 0.0921875 0.0625
3 0.7953125 0.2890625 0.075 0.075
3 0.94453125 0.640625 0.075 0.0765625
3 0.80625 0.5953125 0.1 0.065625
3 0.31796875 0.6796875 0.084375 0.065625
3 0.4921875 0.31640625 0.084375 0.084375
3 0.76328125 0.6875 0.1015625 0.065625
3 0.39609375 0.1484375 0.0859375 0.0859375
3 0.8859375 0.275 0.0703125 0.0703125
3 0.43203125 0.3984375 0.0859375 0.065625
3 0.64140625 0.94375 0.1046875 0.065625
3 0.3734375 0.44609375 0.0859375 0.0875
3 0.0515625 0.309375 0.0796875 0.0796875
3 0.16796875 0.8265625 0.078125 0.0765625
3 0.4453125 0.83828125 0.090625 0.0625
3 0.65390625 0.21328125 0.0796875 0.0609375
3 0.24140625 0.865625 0.0921875 0.065625
3 0.95 0.55625 0.084375 0.084375
3 0.73828125 0.0890625 0.0953125 0.065625
3 0.45390625 0.59140625 0.084375 0.084375
3 0.31796875 0.046875 0.0875 0.0859375
3 0.65078125 0.45703125 0.1015625 0.0859375
3 0.57578125 0.6296875 0.08125 0.0796875
3 0.84765625 0.6484375 0.0859375 0.0859375
3 0.109375 0.49140625 0.096875 0.0671875
3 0.378125 0.5625 0.06875 0.0625
3 0.7046875 0.50234375 0.1 0.0703125
3 0.3515625 0.75 0.0734375 0.0734375
3 0.3546875 0.8640625 0.084375 0.059375
3 0.903125 0.1890625 0.075 0.075
3 0.4890625 0.78046875 0.084375 0.0640625
3 0.05625 0.21484375 0.075 0.0765625
3 0.6203125 0.83125 0.084375 0.075
3 0.25078125 0.5328125 0.0890625 0.071875
3 0.11328125 0.575 0.071875 0.0734375
3 0.75703125 0.36875 0.0796875 0.0796875
3 0.603125 0.725 0.0796875 0.0796875
3 0.1890625 0.375 0.0875 0.071875
3 0.68828125 0.6359375 0.09375 0.0921875
3 0.4109375 0.040625 0.08125 0.08125
3 0.384375 0.50390625 0.0765625 0.075
3 0.078125 0.446875 0.1125 0.075
3 0.52265625 0.96640625 0.1046875 0.0671875
3 0.62109375 0.14375 0.075 0.0765625
3 0.315625 0.928125 0.0828125 0.0828125
3 0.17578125 0.075 0.09375 0.09375
3 0.521875 0.15703125 0.0859375 0.0859375
3 0.75859375 0.0328125 0.0984375 0.065625
3 0.72109375 0.815625 0.1296875 0.078125