3 0.16484375 0.3515625 0.1 0.078125
3 0.0890625 0.4125 0.096875 0.06875
3 0.60703125 0.26796875 0.0890625 0.06875
3 0.86875 0.2234375 0.08125 0.065625
3 0.68828125 0.30859375 0.0875 0.0875
3 0.13359375 0.5546875 0.0796875 0.0625
3 0.8796875 0.1546875 0.0828125 0.0828125
3 0.2859375 0.4109375 0.103125 0.071875
3 0.11328125 0.48203125 0.0875 0.065625
3 0.31328125 0.8890625 0.0859375 0.0859375
3 0.52734375 0.225 0.084375 0.0859375
3 0.6984375 0.13515625 0.0828125 0.0828125
3 0.2578125 0.2328125 0.0859375 0.0859375
3 0.66796875 0.209375 0.0984375 0.065625
3 0.7171875 0.61171875 0.1 0.0671875
3 0.909375 0.64921875 0.075 0.075
3 0.83203125 0.93984375 0.0921875 0.0734375
3 0.77265625 0.2078125 0.084375 0.084375
3 0.7421875 0.73046875 0.096875 0.0796875
3 0.82734375 0.69921875 0.0921875 0.0828125
3 0.428125 0.4890625 0.103125 0.075
3 0.85859375 0.32890625 0.0953125 0.0890625
3 0.3828125 0.54609375 0.09375 0.06875
3 0.184375 0.4359375 0.08125 0.08125
3 0.765625 0.28359375 0.090625 0.090625
3 0.096875 0.75859375 0.090625 0.0609375
3 0.05625 0.32734375 0.1 0.0609375
3 0.8140625 0.61171875 0.0875 0.06875
3 0.7171875 0.43046875 0.103125 0.0828125
3 0.79453125 0.1296875 0.0859375 0.065625
3 0.89609375 0.76171875 0.0921875 0.0703125
3 0.07578125 0.1265625 0.0765625 0.075
3 0.1390625 0.82421875 0.084375 0.084375
3 0.61953125 0.346875 0.0859375 0.084375
3 0.915625 0.84140625 0.084375 0.084375
3 0.2265625 0.8515625 0.090625 0.065625
3 0.30703125 0.7734375 0.0765625 0.078125
3 0.2046875 0.2890625 0.075 0.075
3 0.05546875 0.640625 0.075 0.0765625
3 0.19375 0.5953125 0.1 0.065625
3 0.68203125 0.6796875 0.075 0.075
3 0.5078125 0.31640625 0.096875 0.071875
3 0.23671875 0.6875 0.1015625 0.065625
3 0.60390625 0.1484375 0.0984375 0.071875
3 0.1140625 0.275 0.0703125 0.0703125
3 0.56796875 0.3984375 0.0859375 0.065625
3 0.35859375 0.94375 0.1046875 0.065625
3 0.6265625 0.44609375 0.0859375 0.0875
3 0.9484375 0.309375 0.08125 0.078125
3 0.83203125 0.8265625 0.0859375 0.06875
3 0.5546875 0.83828125 0.075 0.0765625
3 0.34609375 0.21328125 0.0703125 0.0703125
3 0.75859375 0.865625 0.078125 0.0796875
3 0.05 0.55625 0.0875 0.08125
3 0.26171875 0.0890625 0.08125 0.08125
3 0.54609375 0.59140625 0.0984375 0.0703125
3 0.68203125 0.046875 0.0875 0.0859375
3 0.34921875 0.45703125 0.1015625 0.0859375
3 0.42421875 0.6296875 0.08125 0.0796875
3 0.15234375 0.6484375 0.1 0.071875
3 0.890625 0.49140625 0.08125 0.0828125
3 0.621875 0.5625 0.065625 0.065625
3 0.2953125 0.50234375 0.084375 0.0859375
3 0.6484375 0.75 0.0734375 0.071875
3 0.6453125 0.8640625 0.071875 0.071875
3 0.096875 0.1890625 0.075 0.075
3 0.5109375 0.78046875 0.084375 0.0640625
3 0.94375 0.21484375 0.075 0.0765625
3 0.3796875 0.83125 0.084375 0.075
3 0.74921875 0.5328125 0.0890625 0.071875
3 0.88671875 0.575 0.071875 0.0734375
3 0.24296875 0.36875 0.0796875 0.078125
3 0.396875 0.725 0.090625 0.06875
3 0.8109375 0.375 0.0796875 0.0796875
3 0.31171875 0.6359375 0.1140625 0.071875
3 0.5890625 0.040625 0.08125 0.08125
3 0.615625 0.50390625 0.0765625 0.075
3 0.921875 0.446875 0.09375 0.09375
3 0.4765625 0.96171875 0.084375 0.0765625
3 0.37890625 0.14375 0.075 0.0765625
3 0.684375 0.928125 0.0828125 0.0828125
3 0.82421875 0.075 0.09375 0.09375
3 0.478125 0.15703125 0.0859375 0.0859375
3 0.240625 0.0375 0.08125 0.075
3 0.27890625 0.815625 0.103125 0.1046875