3 0.7203125 0.8453125 0.0859375 0.0859375
3 0.03359375 0.22578125 0.059375 0.0828125
3 0.48984375 0.10078125 0.071875 0.0921875
3 0.5765625 0.4390625 0.075 0.1125
3 0.70390625 0.5453125 0.096875 0.096875
3 0.21875 0.15 0.0796875 0.0796875
3 0.534375 0.5421875 0.0828125 0.0828125
3 0.51796875 0.809375 0.0875 0.0859375
3 0.7453125 0.34296875 0.075 0.103125
3 0.421875 0.90390625 0.08125 0.08125
3 0.76484375 0.8109375 0.0734375 0.109375
3 0.9546875 0.08046875 0.071875 0.1046875
3 0.0984375 0.1546875 0.075 0.096875
3 0.32734375 0.57734375 0.0890625 0.0890625
3 0.4296875 0.22578125 0.075 0.1125
3 0.6140625 0.31796875 0.071875 0.0953125
3 0.19921875 0.86015625 0.0875 0.0875
3 0.4203125 0.54921875 0.08125 0.08125
3 0.778125 0.4953125 0.084375 0.084375
3 0.871875 0.56796875 0.0875 0.0875
3 0.6828125 0.05234375 0.0875 0.0859375
3 0.1109375 0.45546875 0.0890625 0.0890625
3 0.634375 0.1484375 0.075 0.096875
3 0.9640625 0.4078125 0.071875 0.075
3 0.65390625 0.62421875 0.0765625 0.0921875
3 0.240625 0.7703125 0.071875 0.103125
3 0.84921875 0.82734375 0.084375 0.084375
3 0.25546875 0.93515625 0.084375 0.084375
3 0.49296875 0.41328125 0.0765625 0.1203125
3 0.13515625 0.728125 0.0765625 0.1
3 0.63828125 0.49296875 0.0734375 0.0984375
3 0.9140625 0.796875 0.078125 0.09375
3 0.8875 0.68046875 0.0625 0.0921875
3 0.2140625 0.24140625 0.0859375 0.0859375
3 0.2703125 0.72109375 0.09375 0.09375
3 0.409375 0.7859375 0.0875 0.0875
3 0.7671875 0.92890625 0.078125 0.0859375
3 0.359375 0.13515625 0.078125 0.1015625
3 0.79296875 0.396875 0.0921875 0.0921875
3 0.50234375 0.28359375 0.0796875 0.103125
3 0.16015625 0.5015625 0.08125 0.0828125
3 0.353125 0.70078125 0.0890625 0.0875
3 0.046875 0.3734375 0.08125 0.08125
3 0.346875 0.76328125 0.0625 0.1015625
3 0.93359375 0.73125 0.0765625 0.09375
3 0.71640625 0.9296875 0.0875 0.0859375
3 0.60234375 0.653125 0.0765625 0.11875
3 0.92734375 0.1828125 0.075 0.075
3 0.0640625 0.51953125 0.0796875 0.0796875
3 0.2890625 0.47421875 0.065625 0.0984375
3 0.25625 0.8421875 0.0890625 0.0890625
0 0.29296875 0.384375 0.08125 0.10625
0 0.6890625 0.2734375 0.084375 0.140625
3 0.14375 0.58671875 0.0625 0.0921875
3 0.725 0.2734375 0.0859375 0.0875
3 0.91328125 0.70078125 0.0890625 0.0890625
3 0.1140625 0.55234375 0.065625 0.1015625
3 0.26875 0.44765625 0.075 0.096875