3 0.8109375 0.41484375 0.0921875 0.090625
3 0.86875 0.9046875 0.075 0.109375
3 0.49140625 0.10703125 0.0859375 0.0859375
3 0.6171875 0.63515625 0.08125 0.0921875
3 0.78125 0.29375 0.1 0.1
3 0.3109375 0.14609375 0.096875 0.096875
3 0.53828125 0.2265625 0.096875 0.096875
3 0.1609375 0.8 0.071875 0.096875
3 0.2515625 0.5078125 0.078125 0.1125
3 0.83515625 0.05390625 0.09375 0.09375
3 0.4671875 0.60546875 0.065625 0.0953125
3 0.06875 0.93125 0.075 0.1
3 0.6921875 0.46171875 0.0796875 0.0796875
3 0.41171875 0.540625 0.09375 0.0921875
3 0.49296875 0.50703125 0.0765625 0.0921875
3 0.4015625 0.7265625 0.078125 0.1
3 0.7671875 0.1609375 0.059375 0.109375
3 0.2234375 0.721875 0.0890625 0.0890625
3 0.0671875 0.30703125 0.071875 0.0859375
3 0.39140625 0.92421875 0.0796875 0.1
3 0.27109375 0.790625 0.0796875 0.103125
3 0.48828125 0.79296875 0.096875 0.096875
3 0.36015625 0.8234375 0.0890625 0.0890625
3 0.346875 0.23984375 0.084375 0.1171875
3 0.11875 0.60390625 0.08125 0.08125
3 0.04296875 0.08203125 0.075 0.0984375
3 0.565625 0.90625 0.078125 0.0875
3 0.1734375 0.9203125 0.075 0.09375
3 0.5203125 0.35703125 0.071875 0.1015625
3 0.284375 0.87109375 0.075 0.0984375
3 0.621875 0.21875 0.09375 0.0921875
3 0.15859375 0.15546875 0.0796875 0.0796875
3 0.096875 0.85 0.090625 0.090625
3 0.44140625 0.20390625 0.0796875 0.1015625
3 0.171875 0.4421875 0.103125 0.103125
3 0.1078125 0.5125 0.078125 0.1
0 0.1296875 0.353125 0.1 0.11875
3 0.071875 0.73671875 0.0625 0.1109375
3 0.6140625 0.11796875 0.075 0.1046875
3 0.64921875 0.8890625 0.0703125 0.1
3 0.7984375 0.7828125 0.071875 0.103125
3 0.18828125 0.34609375 0.0765625 0.0828125
3 0.553125 0.13984375 0.06875 0.0921875
3 0.6203125 0.8609375 0.078125 0.078125
3 0.725 0.38671875 0.078125 0.0984375
3 0.9546875 0.09453125 0.084375 0.1140625
3 0.7578125 0.61015625 0.078125 0.078125
3 0.6625 0.3890625 0.1015625 0.1015625
3 0.775 0.696875 0.09375 0.115625
3 0.84921875 0.68515625 0.0734375 0.0953125
3 0.8296875 0.5609375 0.0828125 0.0828125