3 0.1890625 0.41484375 0.071875 0.1109375
3 0.13125 0.9046875 0.075 0.109375
3 0.50859375 0.10703125 0.0765625 0.0953125
3 0.3828125 0.63515625 0.0875 0.0875
3 0.21875 0.29375 0.0875 0.1125
3 0.6890625 0.14609375 0.096875 0.096875
3 0.46171875 0.2265625 0.0859375 0.109375
3 0.8390625 0.8 0.071875 0.096875
3 0.7484375 0.5078125 0.078125 0.1125
3 0.16484375 0.05390625 0.0828125 0.103125
3 0.5328125 0.60546875 0.08125 0.0796875
3 0.93125 0.93125 0.075 0.1
3 0.3078125 0.46171875 0.0796875 0.0796875
3 0.58828125 0.540625 0.0796875 0.10625
3 0.50703125 0.50703125 0.084375 0.084375
3 0.5984375 0.7265625 0.0890625 0.0890625
3 0.2328125 0.1609375 0.084375 0.084375
3 0.7765625 0.721875 0.0890625 0.0890625
3 0.9328125 0.30703125 0.078125 0.078125
3 0.60859375 0.92421875 0.0796875 0.1
3 0.72890625 0.790625 0.0921875 0.090625
3 0.51171875 0.79296875 0.0828125 0.109375
3 0.63984375 0.8234375 0.0765625 0.1
3 0.653125 0.23984375 0.1015625 0.1
3 0.88125 0.60390625 0.059375 0.103125
3 0.95703125 0.0828125 0.0859375 0.0875
3 0.434375 0.90625 0.0828125 0.0828125
3 0.8265625 0.9203125 0.084375 0.084375
3 0.4796875 0.35703125 0.071875 0.1015625
3 0.715625 0.87109375 0.075 0.0984375
3 0.378125 0.21875 0.075 0.109375
3 0.84140625 0.15546875 0.0765625 0.0828125
3 0.903125 0.85 0.08125 0.1
3 0.55859375 0.20390625 0.0796875 0.1015625
3 0.828125 0.4421875 0.090625 0.115625
3 0.8921875 0.5125 0.078125 0.1
0 0.8703125 0.353125 0.109375 0.109375
3 0.928125 0.73671875 0.0625 0.1109375
3 0.3859375 0.11796875 0.075 0.1046875
3 0.35078125 0.8890625 0.0703125 0.1
3 0.2015625 0.7828125 0.0875 0.0875
3 0.81171875 0.34609375 0.0796875 0.0796875
3 0.446875 0.13984375 0.06875 0.0921875
3 0.3796875 0.8609375 0.071875 0.084375
3 0.275 0.38671875 0.078125 0.0984375
3 0.04765625 0.0953125 0.0953125 0.1
3 0.2421875 0.61015625 0.078125 0.078125
3 0.3375 0.3890625 0.1015625 0.1015625
3 0.225 0.696875 0.09375 0.115625
3 0.15078125 0.68515625 0.0734375 0.0953125
3 0.1703125 0.5609375 0.0828125 0.0828125