3 0.09609375 0.621875 0.078125 0.065625
3 0.36484375 0.13046875 0.0921875 0.059375
3 0.1515625 0.51171875 0.096875 0.0671875
3 0.30703125 0.74921875 0.078125 0.078125
3 0.3171875 0.8515625 0.08125 0.08125
3 0.6453125 0.78125 0.090625 0.090625
3 0.675 0.18359375 0.09375 0.0703125
3 0.3765625 0.78203125 0.075 0.0671875
3 0.57421875 0.4 0.0796875 0.0625
3 0.5734375 0.82109375 0.090625 0.0578125
3 0.4484375 0.29296875 0.09375 0.0671875
3 0.328125 0.94453125 0.0765625 0.075
3 0.55390625 0.62421875 0.0953125 0.0671875
3 0.29453125 0.2125 0.06875 0.0703125
3 0.884375 0.25625 0.08125 0.08125
3 0.57578125 0.21484375 0.0796875 0.0796875
6 0.59609375 0.0671875 0.0953125 0.0953125
3 0.1453125 0.44453125 0.08125 0.0609375
3 0.6234375 0.13359375 0.071875 0.071875
3 0.80078125 0.4203125 0.084375 0.084375
3 0.4421875 0.40625 0.0765625 0.0765625
3 0.878125 0.7625 0.08125 0.05625
6 0.94765625 0.05859375 0.0890625 0.0890625
3 0.4375 0.0515625 0.0703125 0.0703125
3 0.36953125 0.7 0.0953125 0.0625
3 0.63984375 0.90546875 0.075 0.075
3 0.54296875 0.58046875 0.075 0.075
3 0.45078125 0.75 0.0671875 0.0671875
3 0.703125 0.734375 0.075 0.05625
3 0.5359375 0.47890625 0.096875 0.0546875
3 0.7703125 0.5359375 0.059375 0.059375
3 0.20859375 0.59296875 0.075 0.075
3 0.88125 0.12265625 0.06875 0.06875
3 0.85 0.32265625 0.090625 0.0625
3 0.35390625 0.38671875 0.0859375 0.0625
3 0.69375 0.10703125 0.0671875 0.0671875
3 0.22734375 0.3078125 0.06875 0.06875
3 0.9453125 0.940625 0.09375 0.05625
3 0.81796875 0.6859375 0.0796875 0.065625
3 0.2359375 0.8640625 0.0875 0.05625
3 0.50078125 0.86796875 0.0796875 0.0609375
3 0.8359375 0.19765625 0.08125 0.0828125
3 0.04375 0.4375 0.06875 0.06875
3 0.503125 0.35625 0.084375 0.084375
3 0.19140625 0.246875 0.0703125 0.0703125
3 0.10546875 0.2234375 0.0921875 0.05625
3 0.67265625 0.6734375 0.0734375 0.053125
3 0.8984375 0.8609375 0.084375 0.053125
6 0.42109375 0.88515625 0.121875 0.0796875
3 0.90078125 0.815625 0.0796875 0.059375
3 0.684375 0.640625 0.071875 0.071875
3 0.84765625 0.93984375 0.0796875 0.0578125
6 0.0828125 0.1890625 0.0953125 0.0953125
3 0.2921875 0.2765625 0.0671875 0.0671875
3 0.425 0.60703125 0.071875 0.071875
3 0.765625 0.671875 0.065625 0.065625
3 0.2265625 0.2578125 0.0578125 0.0578125
3 0.51796875 0.96640625 0.071875 0.0515625
3 0.6703125 0.596875 0.071875 0.05
3 0.53359375 0.93125 0.06875 0.0703125
3 0.9171875 0.7140625 0.078125 0.059375
3 0.728125 0.4671875 0.0640625 0.0640625
0 0.82109375 0.25703125 0.0890625 0.0890625
3 0.35078125 0.2875 0.0546875 0.0546875
3 0.54140625 0.2359375 0.0625 0.0609375
3 0.40703125 0.56796875 0.078125 0.078125
3 0.89609375 0.684375 0.059375 0.059375
3 0.71953125 0.5265625 0.0625 0.0640625
3 0.95546875 0.2625 0.0703125 0.05
3 0.8734375 0.02890625 0.06875 0.0578125
3 0.91875 0.4640625 0.06875 0.053125
3 0.65390625 0.975 0.0703125 0.05
3 0.09609375 0.96953125 0.0703125 0.0609375
3 0.6390625 0.5796875 0.078125 0.05625
3 0.8 0.534375 0.06875 0.06875