3 0.34609375 0.178125 0.0796875 0.08125
3 0.62578125 0.546875 0.084375 0.0859375
3 0.59765625 0.32734375 0.0796875 0.1015625
3 0.065625 0.72578125 0.0859375 0.0859375
3 0.15859375 0.37734375 0.0828125 0.0828125
3 0.8890625 0.7171875 0.08125 0.1
3 0.0890625 0.22578125 0.06875 0.096875
3 0.6390625 0.1765625 0.0875 0.0875
3 0.8515625 0.83828125 0.0921875 0.0921875
3 0.9109375 0.24921875 0.090625 0.090625
3 0.5140625 0.5109375 0.0921875 0.09375
3 0.15859375 0.18984375 0.0734375 0.0953125
3 0.453125 0.4359375 0.08125 0.103125
3 0.3765625 0.3828125 0.0875 0.0875
0 0.25703125 0.296875 0.0796875 0.115625
3 0.30390625 0.3921875 0.0765625 0.096875
3 0.29609375 0.50234375 0.0875 0.0875
3 0.5296875 0.2375 0.0953125 0.0953125
3 0.77109375 0.16015625 0.09375 0.09375
3 0.39453125 0.48984375 0.0703125 0.0921875
3 0.2140625 0.5609375 0.078125 0.090625
3 0.1 0.059375 0.0859375 0.084375
0 0.7703125 0.47265625 0.084375 0.1296875
3 0.10703125 0.93125 0.090625 0.0890625
3 0.41640625 0.7015625 0.0703125 0.096875
3 0.1984375 0.30234375 0.0765625 0.0765625
3 0.3265625 0.68828125 0.090625 0.090625
3 0.765625 0.0671875 0.075 0.109375
3 0.72109375 0.6296875 0.0734375 0.103125
3 0.525 0.05546875 0.078125 0.1
3 0.35 0.73515625 0.08125 0.0828125
3 0.69921875 0.090625 0.0875 0.0875
3 0.90078125 0.0859375 0.084375 0.084375
3 0.61953125 0.72109375 0.084375 0.084375
3 0.28046875 0.61796875 0.096875 0.0953125
3 0.8140625 0.640625 0.096875 0.09375
3 0.63515625 0.80703125 0.059375 0.0796875
3 0.83828125 0.03984375 0.0765625 0.0765625
3 0.09921875 0.371875 0.0734375 0.115625
3 0.7484375 0.55390625 0.075 0.0578125
3 0.7015625 0.43203125 0.05 0.0875
3 0.64296875 0.55234375 0.0859375 0.0859375
3 0.728125 0.6796875 0.075 0.075
3 0.740625 0.421875 0.05625 0.125