3 0.821875 0.34609375 0.090625 0.0703125
3 0.453125 0.62578125 0.096875 0.0734375
3 0.67265625 0.59765625 0.090625 0.090625
3 0.27421875 0.065625 0.0859375 0.0859375
3 0.62265625 0.15859375 0.0828125 0.0828125
3 0.2828125 0.8890625 0.1 0.08125
3 0.77421875 0.0890625 0.096875 0.06875
3 0.8234375 0.6390625 0.0875 0.0875
3 0.16171875 0.8515625 0.0921875 0.0921875
3 0.75078125 0.9109375 0.1015625 0.078125
3 0.4890625 0.5140625 0.09375 0.0921875
3 0.81015625 0.15859375 0.0953125 0.0734375
3 0.5640625 0.453125 0.0921875 0.0921875
3 0.6171875 0.3765625 0.10625 0.06875
0 0.703125 0.25703125 0.0984375 0.096875
3 0.6078125 0.30390625 0.0875 0.0875
3 0.49765625 0.29609375 0.0875 0.0875
3 0.7625 0.5296875 0.0953125 0.0953125
3 0.83984375 0.77109375 0.09375 0.09375
3 0.51015625 0.39453125 0.0921875 0.0703125
3 0.4390625 0.2140625 0.090625 0.078125
3 0.940625 0.1 0.1 0.06875
0 0.52734375 0.7703125 0.1078125 0.10625
3 0.06875 0.10703125 0.0890625 0.090625
3 0.2984375 0.41640625 0.096875 0.0703125
3 0.69765625 0.1984375 0.1 0.053125
3 0.31171875 0.3265625 0.090625 0.090625
3 0.9328125 0.765625 0.109375 0.075
3 0.3703125 0.72109375 0.103125 0.0734375
3 0.94453125 0.525 0.1 0.078125
3 0.26484375 0.35 0.0921875 0.071875
3 0.909375 0.69921875 0.0875 0.0875
3 0.9140625 0.90078125 0.084375 0.084375
3 0.27890625 0.61953125 0.1046875 0.0625
3 0.38203125 0.28046875 0.1140625 0.078125
3 0.359375 0.8140625 0.11875 0.071875
3 0.19296875 0.63515625 0.0796875 0.059375
3 0.96015625 0.83828125 0.0765625 0.0765625
3 0.628125 0.09921875 0.115625 0.0734375
3 0.44609375 0.7484375 0.0578125 0.075
3 0.56796875 0.7015625 0.0875 0.05
3 0.44765625 0.64296875 0.0859375 0.0859375
3 0.3203125 0.728125 0.09375 0.05625
3 0.578125 0.740625 0.090625 0.090625