3 0.6125 0.42109375 0.08125 0.0796875
3 0.53671875 0.1234375 0.0703125 0.09375
3 0.93359375 0.6546875 0.0828125 0.0828125
3 0.05859375 0.215625 0.06875 0.06875
3 0.51796875 0.88203125 0.0734375 0.0734375
3 0.5859375 0.83359375 0.0828125 0.08125
3 0.84609375 0.13984375 0.0734375 0.0921875
3 0.459375 0.37734375 0.06875 0.0671875
3 0.95546875 0.83671875 0.0734375 0.0953125
3 0.76015625 0.1203125 0.08125 0.0828125
3 0.57890625 0.2890625 0.0609375 0.084375
3 0.125 0.64609375 0.08125 0.096875
3 0.6421875 0.3125 0.0890625 0.0890625
3 0.7578125 0.3796875 0.0765625 0.0765625
3 0.665625 0.634375 0.0890625 0.0890625
3 0.415625 0.921875 0.0875 0.0875
3 0.94765625 0.31015625 0.059375 0.075
3 0.25625 0.57265625 0.0703125 0.0703125
3 0.28359375 0.8609375 0.0640625 0.0875
3 0.50546875 0.1921875 0.0703125 0.0875
3 0.29453125 0.05859375 0.0734375 0.0734375
3 0.50078125 0.721875 0.0828125 0.0828125
3 0.06796875 0.9296875 0.0859375 0.0859375
3 0.8453125 0.75390625 0.0859375 0.0859375
3 0.3140625 0.7515625 0.078125 0.096875
3 0.72578125 0.4859375 0.0875 0.0875
3 0.26953125 0.675 0.0796875 0.115625
3 0.33984375 0.3640625 0.071875 0.090625
3 0.321875 0.5140625 0.075 0.096875
3 0.90625 0.471875 0.0859375 0.0859375
3 0.5765625 0.203125 0.0796875 0.0796875
3 0.3234375 0.23046875 0.065625 0.1
3 0.74609375 0.7796875 0.0796875 0.08125
3 0.7859375 0.44921875 0.06875 0.1046875
3 0.90625 0.259375 0.071875 0.071875
3 0.38046875 0.26484375 0.0703125 0.0953125
3 0.534375 0.3484375 0.071875 0.0703125
3 0.94140625 0.14140625 0.0734375 0.0953125
3 0.07734375 0.059375 0.0765625 0.0765625
3 0.79375 0.803125 0.06875 0.096875
3 0.8671875 0.24140625 0.065625 0.0921875
3 0.640625 0.771875 0.0875 0.0875
3 0.24375 0.3015625 0.078125 0.0765625
3 0.91171875 0.0640625 0.0703125 0.103125
3 0.1421875 0.52578125 0.084375 0.078125
3 0.17109375 0.05703125 0.0671875 0.0921875
3 0.12421875 0.32421875 0.0703125 0.0765625
3 0.95 0.91640625 0.053125 0.0796875
3 0.17578125 0.153125 0.0703125 0.075
3 0.7890625 0.5390625 0.0640625 0.0640625
3 0.52109375 0.42421875 0.0703125 0.0890625
3 0.2046875 0.21875 0.0640625 0.0640625
3 0.0953125 0.140625 0.071875 0.071875
4 0.1265625 0.2734375 0.078125 0.078125
3 0.7046875 0.78359375 0.05625 0.0875
3 0.2734375 0.24609375 0.06875 0.0671875
3 0.05234375 0.56484375 0.0875 0.0875
3 0.79453125 0.903125 0.06875 0.06875
3 0.153125 0.09140625 0.075 0.0765625
3 0.1125 0.20703125 0.05625 0.0578125