3 0.325 0.62421875 0.078125 0.078125
3 0.16015625 0.8609375 0.078125 0.078125
3 0.3859375 0.7015625 0.071875 0.071875
3 0.16796875 0.33046875 0.0765625 0.0765625
3 0.2484375 0.3125 0.065625 0.0875
3 0.29453125 0.2328125 0.0671875 0.084375
3 0.2515625 0.6109375 0.065625 0.090625
3 0.35703125 0.7859375 0.0734375 0.090625
3 0.08125 0.5265625 0.0828125 0.0828125
3 0.51953125 0.61796875 0.084375 0.084375
3 0.0375 0.45703125 0.06875 0.0859375
3 0.81171875 0.5296875 0.0765625 0.10625
3 0.33828125 0.88984375 0.1015625 0.071875
3 0.6296875 0.82578125 0.0796875 0.08125
3 0.6140625 0.69765625 0.0875 0.1046875
3 0.621875 0.271875 0.06875 0.09375
3 0.63359375 0.61796875 0.090625 0.090625
3 0.43125 0.27109375 0.084375 0.1109375
1 0.22734375 0.74140625 0.1046875 0.1046875