3 0.94375 0.77265625 0.075 0.096875
3 0.24140625 0.49765625 0.0640625 0.0859375
3 0.93203125 0.51171875 0.059375 0.0828125
3 0.50546875 0.85390625 0.065625 0.090625
3 0.4875 0.084375 0.075 0.096875
3 0.490625 0.7484375 0.075 0.096875
3 0.51171875 0.39765625 0.071875 0.071875
3 0.73046875 0.7578125 0.0875 0.0875
3 0.45703125 0.9140625 0.0859375 0.0859375
3 0.6734375 0.7046875 0.078125 0.078125
3 0.525 0.253125 0.06875 0.0875
3 0.6265625 0.66640625 0.0765625 0.075
3 0.6265625 0.178125 0.065625 0.0875
3 0.125 0.84296875 0.075 0.096875
3 0.6703125 0.0734375 0.0671875 0.0671875
3 0.61015625 0.08984375 0.0765625 0.075
3 0.7703125 0.16328125 0.0921875 0.09375
2 0.32734375 0.7484375 0.0765625 0.0765625
3 0.62421875 0.37890625 0.0640625 0.0765625
3 0.6859375 0.484375 0.071875 0.0875
3 0.28359375 0.44609375 0.0625 0.0625
3 0.26953125 0.5828125 0.0796875 0.09375
3 0.8125 0.4765625 0.071875 0.096875
3 0.4421875 0.81328125 0.078125 0.1015625
3 0.73359375 0.228125 0.0734375 0.08125
2 0.8109375 0.66484375 0.0796875 0.0796875
3 0.68359375 0.175 0.075 0.075
3 0.415625 0.3921875 0.065625 0.09375
3 0.765625 0.83671875 0.071875 0.0875
3 0.67890625 0.28125 0.0859375 0.0859375
3 0.26875 0.8140625 0.075 0.075
3 0.5140625 0.66171875 0.071875 0.071875
3 0.56640625 0.528125 0.0625 0.0609375
3 0.5546875 0.0703125 0.071875 0.1
3 0.75078125 0.50390625 0.0703125 0.1015625
3 0.146875 0.4703125 0.075 0.103125
3 0.6890625 0.07578125 0.084375 0.084375
3 0.75234375 0.08828125 0.0703125 0.0796875
3 0.44609375 0.25234375 0.0671875 0.084375
3 0.634375 0.60234375 0.05625 0.0625
3 0.88359375 0.56328125 0.0640625 0.0859375
3 0.28359375 0.3796875 0.0625 0.078125
3 0.50859375 0.48515625 0.0484375 0.0859375
3 0.4703125 0.19765625 0.0625 0.0859375
3 0.08359375 0.546875 0.0828125 0.0828125
3 0.45703125 0.66171875 0.0640625 0.0984375
3 0.7359375 0.30546875 0.0671875 0.065625
3 0.86484375 0.6328125 0.0609375 0.0625
3 0.39375 0.7984375 0.06875 0.09375
3 0.39140625 0.28125 0.06875 0.0671875
3 0.85390625 0.16328125 0.0828125 0.0828125
3 0.32109375 0.6671875 0.0671875 0.090625
3 0.453125 0.43359375 0.075 0.0765625
3 0.3046875 0.31328125 0.08125 0.08125
3 0.78046875 0.2765625 0.0546875 0.078125
3 0.896875 0.696875 0.0703125 0.0703125
3 0.6828125 0.92890625 0.1 0.0984375
3 0.6265625 0.515625 0.071875 0.08125
3 0.8359375 0.55234375 0.08125 0.0828125
3 0.40625 0.6546875 0.0671875 0.0671875
3 0.3421875 0.23515625 0.05625 0.0765625
3 0.3984375 0.37578125 0.065625 0.0875
3 0.209375 0.59140625 0.065625 0.065625
3 0.68046875 0.3484375 0.065625 0.065625
3 0.2140625 0.7875 0.0875 0.0875
4 0.58125 0.45859375 0.0953125 0.096875
3 0.58515625 0.2453125 0.078125 0.078125
3 0.609375 0.94375 0.065625 0.1
3 0.60390625 0.27109375 0.0765625 0.0984375
3 0.77734375 0.378125 0.0671875 0.0671875
3 0.9296875 0.2 0.059375 0.084375
3 0.49921875 0.31484375 0.0671875 0.0890625
3 0.2109375 0.70546875 0.0828125 0.08125
3 0.73046875 0.4140625 0.0640625 0.09375
3 0.75390625 0.909375 0.0671875 0.084375
3 0.878125 0.23515625 0.0890625 0.0890625
3 0.4640625 0.5171875 0.0609375 0.0609375
3 0.4296875 0.546875 0.0578125 0.059375
3 0.3671875 0.58984375 0.065625 0.0671875
3 0.29375 0.68515625 0.0625 0.0921875
4 0.928125 0.6671875 0.103125 0.103125
4 0.0671875 0.50078125 0.109375 0.1640625