3 0.54921875 0.8609375 0.0765625 0.096875
3 0.41015625 0.0640625 0.0875 0.0890625
3 0.83515625 0.39140625 0.0796875 0.0796875
3 0.50859375 0.20546875 0.0734375 0.0953125
3 0.72421875 0.634375 0.0765625 0.096875
3 0.41015625 0.19453125 0.0734375 0.1015625
3 0.571875 0.1578125 0.06875 0.10625
3 0.8796875 0.31484375 0.0875 0.0890625
3 0.23125 0.6640625 0.06875 0.109375
3 0.77890625 0.83046875 0.090625 0.090625
3 0.22421875 0.39609375 0.0703125 0.0921875
3 0.7890625 0.9 0.090625 0.090625
3 0.8546875 0.17734375 0.0875 0.0875
3 0.9140625 0.703125 0.0859375 0.0859375
3 0.478125 0.89453125 0.075 0.1109375
3 0.7796875 0.70390625 0.071875 0.115625
3 0.528125 0.7640625 0.08125 0.08125
3 0.73046875 0.07734375 0.1 0.1015625
3 0.1359375 0.16640625 0.075 0.0984375
3 0.19609375 0.29453125 0.0703125 0.0921875
3 0.753125 0.26484375 0.09375 0.09375
3 0.68671875 0.41171875 0.071875 0.0953125
3 0.3546875 0.72265625 0.08125 0.1078125
3 0.40703125 0.9375 0.0828125 0.08125
3 0.05234375 0.22265625 0.0796875 0.0796875
3 0.47734375 0.60078125 0.0765625 0.0984375
3 0.85078125 0.6109375 0.09375 0.0953125
3 0.21875 0.91796875 0.0828125 0.08125
3 0.2984375 0.39453125 0.071875 0.1015625
3 0.68984375 0.746875 0.084375 0.0859375
3 0.58828125 0.6328125 0.0796875 0.103125
3 0.503125 0.465625 0.071875 0.090625
3 0.43828125 0.81328125 0.0828125 0.0828125
3 0.24296875 0.821875 0.0671875 0.103125
3 0.3453125 0.91796875 0.0859375 0.0859375
3 0.20546875 0.51875 0.0875 0.0875
3 0.2828125 0.709375 0.06875 0.1
3 0.67109375 0.55390625 0.0875 0.0875
3 0.1015625 0.66328125 0.0765625 0.0765625
3 0.1796875 0.20625 0.0796875 0.0796875
3 0.8453125 0.70390625 0.071875 0.1015625
3 0.64140625 0.1546875 0.08125 0.0828125
3 0.35703125 0.47734375 0.08125 0.1046875
3 0.6125 0.35234375 0.0921875 0.0921875
3 0.1203125 0.2546875 0.0859375 0.0859375
3 0.965625 0.9109375 0.06875 0.09375
3 0.64375 0.0703125 0.071875 0.096875
3 0.5328125 0.5640625 0.059375 0.1
3 0.08046875 0.453125 0.0875 0.0890625
3 0.80625 0.31796875 0.071875 0.1203125
3 0.09765625 0.909375 0.071875 0.1
3 0.57890625 0.48203125 0.078125 0.0921875
3 0.8828125 0.08203125 0.0890625 0.090625
3 0.45546875 0.38203125 0.0796875 0.0796875
3 0.634375 0.87734375 0.06875 0.1015625
3 0.3046875 0.065625 0.078125 0.096875
3 0.140625 0.42265625 0.1 0.0859375
3 0.84140625 0.50859375 0.0734375 0.0953125
3 0.49375 0.3734375 0.084375 0.084375
3 0.9328125 0.459375 0.084375 0.08125
6 0.46171875 0.7140625 0.115625 0.115625
3 0.56484375 0.4125 0.0890625 0.0890625
3 0.66015625 0.77890625 0.0890625 0.0875
3 0.1515625 0.9265625 0.071875 0.11875
3 0.296875 0.878125 0.0625 0.096875
3 0.6078125 0.94921875 0.0796875 0.0796875
1 0.3765625 0.2859375 0.0875 0.140625
3 0.3671875 0.865625 0.06875 0.10625
3 0.134375 0.57265625 0.078125 0.0984375
3 0.5734375 0.9375 0.0875 0.0875
3 0.35234375 0.82734375 0.0828125 0.0828125
3 0.13125 0.50234375 0.071875 0.0734375
3 0.28125 0.94765625 0.06875 0.0953125
3 0.6578125 0.87734375 0.08125 0.08125
3 0.15234375 0.5890625 0.075 0.090625