3 0.53515625 0.446875 0.0671875 0.090625
3 0.42265625 0.46953125 0.084375 0.084375
3 0.78671875 0.80625 0.065625 0.09375
3 0.6984375 0.14453125 0.071875 0.090625
3 0.0796875 0.22578125 0.071875 0.0953125
3 0.7546875 0.9234375 0.084375 0.084375
3 0.74140625 0.51015625 0.075 0.075
3 0.90234375 0.14765625 0.084375 0.0859375
3 0.33828125 0.80078125 0.084375 0.084375
3 0.1578125 0.553125 0.071875 0.0875
3 0.440625 0.6921875 0.075 0.08125
3 0.21875 0.11484375 0.06875 0.0890625
3 0.57109375 0.87578125 0.0875 0.0875
3 0.2578125 0.415625 0.0859375 0.0859375
3 0.8578125 0.66015625 0.090625 0.090625
3 0.65 0.78203125 0.071875 0.0953125
3 0.18359375 0.41640625 0.0703125 0.0953125
3 0.53515625 0.9515625 0.0578125 0.084375
3 0.2734375 0.83984375 0.071875 0.109375
3 0.45 0.85078125 0.0875 0.0875
3 0.928125 0.43203125 0.078125 0.0875
3 0.625 0.5125 0.0859375 0.0859375
3 0.9234375 0.31171875 0.071875 0.0890625
3 0.67890625 0.88828125 0.0796875 0.0984375
3 0.44375 0.2546875 0.06875 0.090625
3 0.846875 0.51953125 0.0625 0.084375
3 0.36328125 0.62265625 0.0765625 0.0890625
3 0.69921875 0.62421875 0.0734375 0.0953125
3 0.0828125 0.5578125 0.071875 0.096875
0 0.321875 0.49375 0.090625 0.090625
3 0.5734375 0.65234375 0.078125 0.0828125
3 0.49375 0.63359375 0.075 0.1109375
3 0.8734375 0.37578125 0.071875 0.0890625
3 0.5015625 0.16171875 0.084375 0.084375
3 0.63359375 0.6171875 0.0625 0.08125
3 0.30234375 0.3546875 0.084375 0.084375
3 0.3265625 0.4140625 0.065625 0.09375
3 0.215625 0.74375 0.05625 0.09375
3 0.7265625 0.75703125 0.084375 0.0859375
3 0.46796875 0.1171875 0.084375 0.0828125
3 0.2171875 0.4984375 0.084375 0.090625
3 0.0515625 0.734375 0.0890625 0.0890625
3 0.684375 0.68359375 0.078125 0.0859375
3 0.3578125 0.25078125 0.08125 0.08125
3 0.684375 0.275 0.06875 0.09375
3 0.6109375 0.72578125 0.075 0.0984375
3 0.14765625 0.06640625 0.0765625 0.1015625
3 0.28046875 0.26015625 0.090625 0.090625
3 0.8359375 0.4640625 0.078125 0.078125
3 0.88671875 0.275 0.06875 0.096875
3 0.31328125 0.13984375 0.0703125 0.0890625
3 0.08828125 0.64296875 0.0859375 0.0859375
3 0.14765625 0.64609375 0.0703125 0.084375
3 0.04140625 0.94375 0.0828125 0.084375
3 0.61171875 0.06015625 0.06875 0.0796875
3 0.12109375 0.3578125 0.0828125 0.0828125
3 0.50859375 0.20078125 0.0640625 0.0890625
3 0.825 0.6109375 0.0875 0.0875
3 0.03828125 0.85546875 0.065625 0.1015625
3 0.296875 0.84609375 0.0875 0.0875
3 0.35703125 0.165625 0.084375 0.0828125
3 0.590625 0.6890625 0.06875 0.096875
3 0.3265625 0.553125 0.065625 0.065625
3 0.70859375 0.2515625 0.0703125 0.1
3 0.86796875 0.5984375 0.084375 0.0859375
3 0.15859375 0.7109375 0.0640625 0.090625
3 0.10625 0.38203125 0.0859375 0.0859375
3 0.66875 0.79453125 0.084375 0.0859375
3 0.09453125 0.240625 0.065625 0.09375
3 0.38984375 0.271875 0.084375 0.084375