3 0.940625 0.92890625 0.075 0.1109375
3 0.290625 0.3328125 0.08125 0.11875
3 0.40390625 0.43359375 0.0640625 0.0984375
3 0.3140625 0.271875 0.075 0.103125
3 0.5875 0.21875 0.078125 0.096875
3 0.4640625 0.834375 0.084375 0.10625
3 0.80703125 0.07578125 0.090625 0.090625
3 0.84921875 0.4859375 0.08125 0.08125
3 0.2796875 0.43828125 0.0953125 0.09375
3 0.6125 0.8046875 0.071875 0.09375
3 0.03515625 0.42265625 0.0640625 0.1046875
3 0.4609375 0.23203125 0.0875 0.0875
3 0.24140625 0.7671875 0.0796875 0.1
3 0.2671875 0.60703125 0.0921875 0.090625
3 0.678125 0.2484375 0.0875 0.0875
3 0.70234375 0.52421875 0.0734375 0.1
3 0.31328125 0.73515625 0.0765625 0.1046875
3 0.390625 0.27109375 0.0875 0.0859375
3 0.68671875 0.1359375 0.0765625 0.096875
3 0.6765625 0.80546875 0.08125 0.08125
3 0.36875 0.85078125 0.0625 0.0890625
3 0.76875 0.41640625 0.0859375 0.084375
3 0.81875 0.628125 0.0828125 0.0828125
3 0.0671875 0.365625 0.078125 0.1
3 0.084375 0.603125 0.08125 0.08125
3 0.09921875 0.93125 0.0734375 0.1
3 0.80078125 0.878125 0.0703125 0.10625
3 0.70625 0.37734375 0.084375 0.084375
3 0.5734375 0.653125 0.08125 0.10625
3 0.54296875 0.47421875 0.090625 0.090625
3 0.1421875 0.1984375 0.084375 0.084375
5 0.090625 0.7078125 0.090625 0.090625
3 0.609375 0.13203125 0.08125 0.0828125
3 0.6234375 0.29140625 0.0953125 0.0953125
3 0.04609375 0.26328125 0.0890625 0.0890625
3 0.24609375 0.09140625 0.0859375 0.0859375
3 0.1640625 0.60234375 0.090625 0.090625
3 0.6046875 0.50234375 0.078125 0.1171875
3 0.4296875 0.52890625 0.078125 0.1140625
3 0.534375 0.871875 0.0921875 0.0921875
2 0.79453125 0.2296875 0.1046875 0.1046875
3 0.04375 0.915625 0.06875 0.1125
3 0.1328125 0.315625 0.08125 0.10625
3 0.86015625 0.1578125 0.090625 0.0890625
3 0.5390625 0.10703125 0.078125 0.096875
3 0.69375 0.61328125 0.08125 0.0796875
3 0.30625 0.12421875 0.078125 0.078125
3 0.0375 0.6765625 0.0625 0.1
3 0.74765625 0.6609375 0.08125 0.08125
3 0.70078125 0.2265625 0.0734375 0.1
3 0.95546875 0.78125 0.0890625 0.09375
3 0.090625 0.1453125 0.06875 0.096875
3 0.9390625 0.1875 0.0859375 0.0859375
3 0.6796875 0.4390625 0.071875 0.103125
3 0.9515625 0.3359375 0.059375 0.103125
3 0.86484375 0.2859375 0.0609375 0.134375
0 0.90078125 0.25078125 0.1203125 0.1203125
3 0.9390625 0.24765625 0.053125 0.090625