3 0.07109375 0.059375 0.1109375 0.075
3 0.6671875 0.709375 0.1 0.1
3 0.56640625 0.59609375 0.0984375 0.0640625
3 0.728125 0.6859375 0.0890625 0.0890625
3 0.78125 0.4125 0.096875 0.078125
3 0.165625 0.5359375 0.10625 0.084375
3 0.92421875 0.19296875 0.1015625 0.08125
3 0.5140625 0.15078125 0.08125 0.08125
3 0.56171875 0.7203125 0.1109375 0.078125
3 0.1953125 0.3875 0.09375 0.071875
3 0.57734375 0.96484375 0.1046875 0.0640625
3 0.76796875 0.5390625 0.0984375 0.078125
3 0.2328125 0.75859375 0.1 0.0796875
3 0.39296875 0.7328125 0.090625 0.0921875
3 0.7515625 0.321875 0.1 0.075
3 0.47578125 0.29765625 0.1 0.0734375
3 0.26484375 0.68671875 0.090625 0.090625
3 0.72890625 0.609375 0.0859375 0.0875
3 0.8640625 0.31328125 0.096875 0.0765625
3 0.19453125 0.3234375 0.08125 0.08125
3 0.14921875 0.63125 0.0890625 0.0625
3 0.58359375 0.23125 0.0984375 0.071875
3 0.371875 0.18125 0.0828125 0.0828125
3 0.634375 0.9328125 0.0890625 0.0890625
3 0.396875 0.915625 0.08125 0.08125
3 0.06875 0.90078125 0.1 0.0734375
3 0.121875 0.19921875 0.0875 0.0875
3 0.62265625 0.29375 0.0921875 0.078125
3 0.346875 0.4265625 0.10625 0.08125
3 0.52578125 0.45703125 0.1046875 0.078125
3 0.8015625 0.8578125 0.084375 0.084375
5 0.2921875 0.909375 0.10625 0.075
3 0.86796875 0.390625 0.0828125 0.08125
3 0.70859375 0.3765625 0.0953125 0.0953125
3 0.73671875 0.95390625 0.0890625 0.0890625
3 0.90859375 0.75390625 0.0859375 0.0859375
3 0.39765625 0.8359375 0.1015625 0.078125
3 0.49765625 0.3953125 0.1171875 0.078125
3 0.47109375 0.5703125 0.1140625 0.078125
3 0.128125 0.465625 0.103125 0.08125
2 0.7703125 0.20546875 0.1046875 0.1046875
3 0.084375 0.95625 0.1125 0.06875
3 0.684375 0.8671875 0.09375 0.09375
3 0.8421875 0.13984375 0.096875 0.0828125
3 0.89296875 0.4609375 0.096875 0.078125
3 0.38671875 0.30625 0.0796875 0.08125
3 0.87578125 0.69375 0.078125 0.078125
3 0.3234375 0.9625 0.1 0.0625
3 0.3390625 0.25234375 0.084375 0.0796875
3 0.7734375 0.29921875 0.0875 0.0875
3 0.21875 0.04453125 0.09375 0.0890625
3 0.8546875 0.909375 0.096875 0.06875
3 0.8125 0.0609375 0.0859375 0.0859375
3 0.5609375 0.3203125 0.0875 0.0875
3 0.6640625 0.0484375 0.103125 0.059375
3 0.7140625 0.13515625 0.134375 0.0609375
0 0.74921875 0.09921875 0.1203125 0.1203125
3 0.75234375 0.0609375 0.071875 0.071875