3 0.940625 0.07109375 0.075 0.1109375
3 0.290625 0.6671875 0.1 0.1
3 0.40390625 0.56640625 0.08125 0.08125
3 0.3140625 0.728125 0.0890625 0.0890625
3 0.5875 0.78125 0.078125 0.096875
3 0.4640625 0.165625 0.0953125 0.0953125
3 0.80703125 0.92421875 0.08125 0.1015625
3 0.84921875 0.5140625 0.06875 0.09375
3 0.2796875 0.56171875 0.078125 0.1109375
3 0.6125 0.1953125 0.0828125 0.0828125
3 0.03828125 0.5765625 0.0765625 0.084375
3 0.4609375 0.76796875 0.078125 0.0984375
3 0.24140625 0.2328125 0.0796875 0.1
3 0.2671875 0.39296875 0.0921875 0.090625
3 0.678125 0.7515625 0.0875 0.0875
3 0.70234375 0.47578125 0.0875 0.0875
3 0.31328125 0.26484375 0.0765625 0.1046875
3 0.390625 0.72890625 0.0875 0.0859375
3 0.68671875 0.8640625 0.0765625 0.096875
3 0.6765625 0.19453125 0.071875 0.0921875
3 0.36875 0.14921875 0.0625 0.0890625
3 0.76875 0.58359375 0.071875 0.0984375
3 0.81875 0.371875 0.0828125 0.0828125
3 0.0671875 0.634375 0.090625 0.0890625
3 0.084375 0.396875 0.0625 0.1
3 0.09921875 0.06875 0.0875 0.0859375
3 0.80078125 0.121875 0.0890625 0.0875
3 0.70625 0.62265625 0.078125 0.0921875
3 0.5734375 0.346875 0.08125 0.10625
3 0.54296875 0.52578125 0.078125 0.1046875
3 0.1421875 0.8015625 0.084375 0.084375
5 0.090625 0.2921875 0.090625 0.090625
3 0.609375 0.86796875 0.0828125 0.0828125
3 0.6234375 0.70859375 0.078125 0.1140625
3 0.04609375 0.73671875 0.0890625 0.0890625
3 0.24609375 0.90859375 0.0734375 0.0984375
3 0.1640625 0.39765625 0.090625 0.090625
3 0.6046875 0.49765625 0.096875 0.0984375
3 0.4296875 0.47109375 0.0953125 0.096875
3 0.534375 0.128125 0.08125 0.103125
2 0.79453125 0.7703125 0.0953125 0.115625
3 0.04375 0.084375 0.06875 0.1125
3 0.1328125 0.684375 0.08125 0.10625
3 0.86015625 0.8421875 0.0828125 0.096875
3 0.5390625 0.89296875 0.0875 0.0875
3 0.69375 0.38671875 0.08125 0.0796875
3 0.30625 0.87578125 0.06875 0.0875
3 0.0375 0.3234375 0.0625 0.1
3 0.74765625 0.3390625 0.0796875 0.084375
3 0.70078125 0.7734375 0.0875 0.0875
3 0.95546875 0.21875 0.0890625 0.09375
3 0.090625 0.8546875 0.06875 0.096875
3 0.9390625 0.8125 0.071875 0.1
3 0.6796875 0.5609375 0.0875 0.0875
3 0.9515625 0.6640625 0.08125 0.08125
3 0.86484375 0.7140625 0.0609375 0.134375
0 0.90078125 0.74921875 0.0765625 0.1640625
3 0.9390625 0.75234375 0.053125 0.090625