3 0.76640625 0.58984375 0.0890625 0.0890625
3 0.6359375 0.55390625 0.096875 0.0671875
3 0.540625 0.42265625 0.0859375 0.0875
3 0.9046875 0.08671875 0.09375 0.0703125
3 0.0515625 0.48125 0.1 0.075
3 0.45078125 0.4796875 0.0765625 0.078125
3 0.51640625 0.1921875 0.1015625 0.071875
3 0.65390625 0.19296875 0.1078125 0.078125
3 0.82578125 0.55078125 0.0953125 0.0796875
3 0.5234375 0.74375 0.090625 0.090625
3 0.92109375 0.90390625 0.0984375 0.0984375
3 0.84609375 0.828125 0.0875 0.0890625
3 0.39921875 0.13125 0.0828125 0.0828125
3 0.26171875 0.3328125 0.0828125 0.0828125
3 0.29921875 0.546875 0.1046875 0.078125
3 0.246875 0.71640625 0.08125 0.06875
3 0.865625 0.2890625 0.09375 0.071875
3 0.54140625 0.34765625 0.0921875 0.0703125
3 0.19765625 0.05 0.0953125 0.06875
3 0.53515625 0.6640625 0.0890625 0.0890625
3 0.36015625 0.24375 0.0984375 0.075
3 0.1484375 0.73515625 0.084375 0.0703125
3 0.86640625 0.1703125 0.0875 0.0859375
3 0.42421875 0.3953125 0.0984375 0.071875
3 0.77421875 0.41484375 0.0984375 0.0765625
3 0.2015625 0.5640625 0.0875 0.0875
3 0.68359375 0.7796875 0.1015625 0.071875
3 0.065625 0.67890625 0.090625 0.0921875
3 0.7203125 0.65234375 0.08125 0.0828125
3 0.1234375 0.96015625 0.078125 0.0796875
3 0.4453125 0.28671875 0.090625 0.090625
3 0.0609375 0.58125 0.0921875 0.09375
3 0.64453125 0.409375 0.1046875 0.0875
0 0.515625 0.090625 0.11875 0.090625
3 0.4921875 0.5875 0.115625 0.06875
3 0.14921875 0.8875 0.090625 0.090625
3 0.521875 0.55078125 0.084375 0.084375
3 0.659375 0.61640625 0.09375 0.09375
3 0.62265625 0.37578125 0.096875 0.0671875
3 0.44921875 0.32265625 0.1015625 0.0640625
3 0.13984375 0.86953125 0.1046875 0.0734375
3 0.07734375 0.5421875 0.1 0.065625