2 0.0578125 0.17109375 0.0921875 0.0921875
2 0.5640625 0.5265625 0.084375 0.084375
2 0.8203125 0.2078125 0.084375 0.084375
2 0.68359375 0.53359375 0.0828125 0.0828125
2 0.57421875 0.465625 0.0859375 0.0625
2 0.053125 0.81796875 0.090625 0.0703125
2 0.25546875 0.496875 0.0875 0.0875
2 0.44140625 0.41484375 0.084375 0.084375
2 0.41796875 0.3203125 0.0859375 0.0859375
2 0.8640625 0.90546875 0.08125 0.0796875
2 0.2484375 0.615625 0.084375 0.0859375
2 0.68515625 0.125 0.09375 0.075
2 0.46015625 0.87734375 0.0984375 0.06875
2 0.33125 0.5953125 0.084375 0.084375
2 0.9109375 0.234375 0.103125 0.075
2 0.553125 0.096875 0.109375 0.0625
2 0.9515625 0.55625 0.09375 0.075
2 0.7765625 0.91640625 0.08125 0.075
2 0.22265625 0.3453125 0.090625 0.090625
2 0.5171875 0.596875 0.084375 0.06875
2 0.70390625 0.8984375 0.0828125 0.0828125
2 0.1015625 0.7328125 0.0828125 0.0828125
2 0.38125 0.55703125 0.090625 0.0796875
2 0.2484375 0.953125 0.090625 0.090625
2 0.6625 0.065625 0.0765625 0.0765625
2 0.51796875 0.29296875 0.084375 0.084375
2 0.49296875 0.47265625 0.090625 0.090625
2 0.565625 0.846875 0.090625 0.08125
2 0.4125 0.83671875 0.096875 0.059375
2 0.81953125 0.728125 0.0828125 0.0828125
2 0.28203125 0.24921875 0.084375 0.084375
2 0.4875 0.2171875 0.0890625 0.0890625
2 0.540625 0.39765625 0.09375 0.0734375
2 0.315625 0.046875 0.090625 0.090625
2 0.2921875 0.09140625 0.090625 0.0703125
2 0.1234375 0.94140625 0.09375 0.0921875
2 0.15390625 0.48046875 0.0984375 0.0765625
2 0.45859375 0.04765625 0.0671875 0.0796875
2 0.1984375 0.865625 0.0953125 0.0953125
2 0.4421875 0.12734375 0.075 0.0765625
2 0.28984375 0.1546875 0.0734375 0.078125
2 0.90625 0.75 0.1 0.08125
2 0.86796875 0.50078125 0.090625 0.0890625
2 0.94453125 0.17109375 0.0890625 0.0890625
3 0.67421875 0.1953125 0.09375 0.09375
3 0.39609375 0.253125 0.0984375 0.1
3 0.5984375 0.915625 0.103125 0.09375
3 0.37890625 0.10546875 0.09375 0.0921875
3 0.34140625 0.36640625 0.1046875 0.1046875