2 0.17109375 0.9421875 0.0921875 0.0921875
2 0.5265625 0.4359375 0.071875 0.096875
2 0.2078125 0.1796875 0.084375 0.084375
2 0.53359375 0.31640625 0.0828125 0.0828125
2 0.465625 0.42578125 0.0625 0.0859375
2 0.81796875 0.946875 0.0703125 0.090625
2 0.496875 0.74453125 0.0875 0.0875
2 0.41484375 0.55859375 0.0734375 0.09375
2 0.3203125 0.58203125 0.071875 0.1
2 0.90546875 0.1359375 0.0796875 0.08125
2 0.615625 0.7515625 0.075 0.096875
2 0.125 0.31484375 0.075 0.09375
2 0.87734375 0.53984375 0.084375 0.084375
2 0.5953125 0.66875 0.084375 0.084375
2 0.234375 0.0890625 0.075 0.103125
2 0.096875 0.446875 0.0859375 0.0859375
2 0.55625 0.0484375 0.075 0.09375
2 0.91640625 0.2234375 0.075 0.08125
2 0.3453125 0.77734375 0.078125 0.103125
2 0.596875 0.4828125 0.075 0.075
2 0.8984375 0.29609375 0.084375 0.08125
2 0.7328125 0.8984375 0.08125 0.084375
2 0.55703125 0.61875 0.0796875 0.090625
2 0.953125 0.7515625 0.090625 0.090625
2 0.065625 0.3375 0.053125 0.1
2 0.29296875 0.48203125 0.0765625 0.0921875
2 0.47265625 0.50703125 0.090625 0.090625
2 0.846875 0.434375 0.08125 0.090625
2 0.83671875 0.5875 0.059375 0.096875
2 0.728125 0.18046875 0.0828125 0.0828125
2 0.24921875 0.71796875 0.0828125 0.0859375
2 0.2171875 0.5125 0.084375 0.09375
2 0.39765625 0.459375 0.0828125 0.0828125
2 0.046875 0.684375 0.090625 0.090625
2 0.09140625 0.7078125 0.08125 0.08125
2 0.94140625 0.8765625 0.0921875 0.09375
2 0.48046875 0.84609375 0.0765625 0.0984375
2 0.04765625 0.54140625 0.0734375 0.0734375
2 0.865625 0.8015625 0.09375 0.096875
2 0.12734375 0.5578125 0.075 0.078125
2 0.1546875 0.71015625 0.078125 0.0734375
2 0.75 0.09375 0.08125 0.1
2 0.50078125 0.13203125 0.090625 0.090625
2 0.17109375 0.05546875 0.0796875 0.0984375
3 0.1953125 0.32578125 0.09375 0.09375
3 0.253125 0.60390625 0.075 0.1234375
3 0.915625 0.4015625 0.09375 0.103125
3 0.10546875 0.62109375 0.0796875 0.10625
3 0.36640625 0.65859375 0.1046875 0.1046875