3 0.6 0.2890625 0.075 0.096875
3 0.62578125 0.64140625 0.0703125 0.0984375
3 0.6890625 0.89140625 0.065625 0.0890625
3 0.81015625 0.47421875 0.084375 0.084375
3 0.64921875 0.49765625 0.0859375 0.0859375
3 0.73203125 0.84140625 0.0671875 0.0890625
3 0.303125 0.37734375 0.053125 0.0765625
3 0.56484375 0.07265625 0.0734375 0.090625
3 0.1171875 0.1046875 0.065625 0.078125
3 0.790625 0.2328125 0.071875 0.09375
3 0.715625 0.50234375 0.065625 0.0890625
3 0.28359375 0.20546875 0.0734375 0.0828125
3 0.4390625 0.440625 0.065625 0.084375
3 0.70625 0.0625 0.084375 0.084375
3 0.41328125 0.24296875 0.065625 0.0984375
3 0.49921875 0.87109375 0.0734375 0.0734375
3 0.1609375 0.39921875 0.059375 0.084375
3 0.66640625 0.59140625 0.071875 0.0859375
3 0.86328125 0.51953125 0.0734375 0.0921875
3 0.371875 0.471875 0.065625 0.084375
3 0.51015625 0.571875 0.0703125 0.096875
3 0.34375 0.540625 0.078125 0.0875
3 0.1875 0.775 0.0859375 0.0859375
3 0.64296875 0.80703125 0.078125 0.078125
3 0.4984375 0.04765625 0.0734375 0.075
3 0.0578125 0.4328125 0.071875 0.071875
3 0.33359375 0.73046875 0.0828125 0.0828125
3 0.1890625 0.3515625 0.078125 0.078125
3 0.1921875 0.15546875 0.078125 0.0765625
3 0.53203125 0.153125 0.0765625 0.078125
3 0.615625 0.88359375 0.0625 0.0859375
3 0.16171875 0.6109375 0.0671875 0.084375
3 0.52734375 0.32421875 0.0703125 0.0859375
3 0.16875 0.29296875 0.06875 0.0953125
3 0.11953125 0.66484375 0.0640625 0.0796875
3 0.1421875 0.525 0.06875 0.06875
3 0.90625 0.359375 0.08125 0.090625
3 0.553125 0.4859375 0.06875 0.084375
3 0.0390625 0.76640625 0.0671875 0.1015625
3 0.76953125 0.13515625 0.096875 0.096875
3 0.475 0.51015625 0.071875 0.0734375
3 0.10625 0.40859375 0.06875 0.06875
3 0.55078125 0.4484375 0.08125 0.08125
3 0.4671875 0.809375 0.0984375 0.0984375
3 0.8703125 0.4203125 0.0765625 0.0765625
4 0.08125 0.66171875 0.06875 0.1109375
3 0.115625 0.75546875 0.0859375 0.084375