3 0.7109375 0.6 0.096875 0.075
3 0.35859375 0.62578125 0.084375 0.084375
3 0.10859375 0.6890625 0.078125 0.0765625
3 0.52578125 0.81015625 0.084375 0.084375
3 0.50234375 0.64921875 0.0953125 0.0765625
3 0.15859375 0.73203125 0.0890625 0.0671875
3 0.62265625 0.303125 0.0765625 0.053125
3 0.92734375 0.56484375 0.090625 0.0734375
3 0.8953125 0.1171875 0.078125 0.065625
3 0.7671875 0.790625 0.0828125 0.0828125
3 0.49765625 0.715625 0.0890625 0.065625
3 0.79453125 0.28359375 0.078125 0.078125
3 0.559375 0.4390625 0.075 0.075
3 0.9375 0.70625 0.090625 0.078125
3 0.75703125 0.41328125 0.08125 0.08125
3 0.12890625 0.49921875 0.0734375 0.0734375
3 0.60078125 0.1609375 0.084375 0.059375
3 0.40859375 0.66640625 0.0796875 0.078125
3 0.48046875 0.86328125 0.0921875 0.0734375
3 0.528125 0.371875 0.075 0.075
3 0.428125 0.51015625 0.096875 0.0703125
3 0.459375 0.34375 0.0828125 0.0828125
3 0.225 0.1875 0.0859375 0.0859375
3 0.19296875 0.64296875 0.078125 0.078125
3 0.95234375 0.4984375 0.0859375 0.0625
3 0.5671875 0.0578125 0.071875 0.071875
3 0.26953125 0.33359375 0.0828125 0.0828125
3 0.6484375 0.1890625 0.078125 0.078125
3 0.84453125 0.1921875 0.0765625 0.078125
3 0.846875 0.53203125 0.0765625 0.0765625
3 0.11640625 0.615625 0.0859375 0.0625
3 0.3890625 0.16171875 0.075 0.075
3 0.67578125 0.52734375 0.078125 0.078125
3 0.70703125 0.16875 0.08125 0.0828125
3 0.33515625 0.11953125 0.0796875 0.0640625
3 0.475 0.1421875 0.071875 0.065625
3 0.640625 0.90625 0.0859375 0.0875
3 0.5140625 0.553125 0.084375 0.06875
3 0.23359375 0.0390625 0.1015625 0.065625
3 0.86484375 0.76953125 0.1140625 0.0796875
3 0.48984375 0.475 0.0734375 0.071875
3 0.59140625 0.10625 0.06875 0.06875
3 0.5515625 0.55078125 0.084375 0.0765625
3 0.190625 0.4671875 0.0984375 0.0984375
3 0.5796875 0.8703125 0.078125 0.0765625
4 0.33828125 0.08125 0.1109375 0.06875
3 0.24453125 0.115625 0.0796875 0.090625