3 0.87421875 0.10546875 0.0875 0.0875
3 0.85546875 0.25625 0.0921875 0.0625
3 0.28046875 0.403125 0.0734375 0.0734375
3 0.51796875 0.5640625 0.0828125 0.05625
3 0.58671875 0.3234375 0.071875 0.0734375
3 0.94296875 0.28359375 0.0890625 0.0703125
3 0.8546875 0.0375 0.071875 0.0625
3 0.3625 0.703125 0.090625 0.06875
3 0.3984375 0.93515625 0.0796875 0.08125
3 0.6265625 0.9484375 0.084375 0.059375
3 0.16875 0.446875 0.075 0.075
3 0.52890625 0.26171875 0.0875 0.0640625
3 0.24765625 0.625 0.103125 0.0625
3 0.5640625 0.63359375 0.0703125 0.06875
3 0.13359375 0.38125 0.0734375 0.065625
3 0.1171875 0.70078125 0.078125 0.0546875
3 0.61796875 0.58203125 0.0671875 0.0671875
3 0.52421875 0.1046875 0.065625 0.065625
3 0.8890625 0.184375 0.0765625 0.0765625
3 0.89296875 0.8375 0.0953125 0.06875
3 0.234375 0.0671875 0.071875 0.071875
3 0.684375 0.8375 0.078125 0.0765625
3 0.7421875 0.71640625 0.0734375 0.075
3 0.93203125 0.73984375 0.0796875 0.0578125
3 0.5140625 0.7125 0.0640625 0.0640625
3 0.25859375 0.453125 0.071875 0.071875
3 0.1796875 0.80859375 0.1 0.0609375
3 0.6234375 0.07109375 0.084375 0.06875
3 0.6265625 0.89609375 0.0859375 0.084375
3 0.14140625 0.240625 0.0921875 0.065625
3 0.0765625 0.54765625 0.075 0.075
3 0.2234375 0.69609375 0.06875 0.0640625
3 0.28046875 0.528125 0.071875 0.071875
3 0.88046875 0.67578125 0.065625 0.065625
3 0.51953125 0.17421875 0.071875 0.071875
3 0.4046875 0.40859375 0.0734375 0.0734375
3 0.33984375 0.2265625 0.0796875 0.078125
3 0.709375 0.32578125 0.0625 0.0640625
3 0.4828125 0.3453125 0.075 0.059375
3 0.28046875 0.803125 0.0828125 0.0625
3 0.14375 0.91328125 0.0875 0.0671875
3 0.4109375 0.86171875 0.084375 0.0609375
3 0.83203125 0.5609375 0.0828125 0.059375
3 0.134375 0.0703125 0.075 0.075
3 0.58359375 0.83359375 0.0859375 0.0578125
3 0.76015625 0.05546875 0.0984375 0.0734375
3 0.89140625 0.4328125 0.096875 0.065625
3 0.253125 0.15 0.071875 0.084375
3 0.8859375 0.38125 0.075 0.075
3 0.853125 0.93984375 0.084375 0.084375
3 0.78671875 0.8046875 0.0796875 0.059375
3 0.8359375 0.73359375 0.065625 0.065625
3 0.05 0.9375 0.071875 0.071875
3 0.8328125 0.4421875 0.10625 0.065625
3 0.6765625 0.35 0.09375 0.06875
3 0.0546875 0.653125 0.08125 0.071875
3 0.2078125 0.759375 0.078125 0.059375
3 0.1796875 0.19140625 0.075 0.075
3 0.465625 0.1546875 0.0703125 0.0703125
3 0.74609375 0.575 0.0828125 0.059375
3 0.653125 0.146875 0.1 0.06875
3 0.3171875 0.67890625 0.078125 0.078125
3 0.62109375 0.259375 0.075 0.0734375
3 0.3171875 0.86640625 0.084375 0.0609375
3 0.27578125 0.7421875 0.1046875 0.065625
3 0.25546875 0.26171875 0.065625 0.065625
3 0.35859375 0.51015625 0.071875 0.071875
3 0.428125 0.7609375 0.0875 0.084375
3 0.31484375 0.08203125 0.06875 0.06875
3 0.89140625 0.6015625 0.0796875 0.071875
3 0.940625 0.9046875 0.075 0.053125
3 0.340625 0.59296875 0.071875 0.071875
3 0.13984375 0.8328125 0.078125 0.078125
3 0.5171875 0.890625 0.06875 0.06875
3 0.42421875 0.2203125 0.0640625 0.0640625
3 0.6953125 0.765625 0.078125 0.0625
3 0.1421875 0.66015625 0.090625 0.0640625
3 0.04609375 0.3671875 0.0640625 0.0640625
3 0.4375 0.471875 0.084375 0.05625
3 0.828125 0.334375 0.084375 0.0859375
3 0.69296875 0.203125 0.0609375 0.059375
3 0.78671875 0.62578125 0.06875 0.06875
3 0.059375 0.4390625 0.0734375 0.0734375
3 0.77109375 0.909375 0.084375 0.06875
3 0.64765625 0.753125 0.0796875 0.0625
3 0.190625 0.5640625 0.090625 0.078125
3 0.69453125 0.03515625 0.0796875 0.0703125
3 0.52109375 0.51171875 0.06875 0.06875
3 0.765625 0.209375 0.0703125 0.0703125
3 0.66484375 0.4375 0.0703125 0.071875
3 0.41796875 0.2875 0.0796875 0.05
3 0.5671875 0.37890625 0.0703125 0.071875
3 0.596875 0.7625 0.078125 0.078125
3 0.7140625 0.6546875 0.078125 0.059375
3 0.47890625 0.7453125 0.075 0.0765625
3 0.49375 0.81171875 0.0609375 0.0609375
3 0.434375 0.65078125 0.0703125 0.06875
3 0.503125 0.45078125 0.075 0.075
3 0.09375 0.78203125 0.084375 0.0671875
3 0.7578125 0.121875 0.090625 0.065625
3 0.33046875 0.2953125 0.0859375 0.065625
3 0.2921875 0.95859375 0.084375 0.0625
3 0.7796875 0.49765625 0.09375 0.0671875
3 0.64375 0.46953125 0.078125 0.05625
3 0.36953125 0.8109375 0.059375 0.059375
3 0.7578125 0.2796875 0.096875 0.059375
3 0.39453125 0.44921875 0.071875 0.071875
3 0.1265625 0.140625 0.0703125 0.0703125
3 0.64375 0.6984375 0.084375 0.059375
6 0.24453125 0.3125 0.121875 0.1
3 0.0984375 0.1484375 0.084375 0.059375
3 0.921875 0.690625 0.0765625 0.0765625
3 0.94296875 0.57578125 0.0765625 0.0578125
3 0.959375 0.65859375 0.06875 0.0671875
3 0.4046875 0.953125 0.0703125 0.0703125
3 0.26015625 0.859375 0.075 0.075
3 0.04609375 0.8140625 0.06875 0.06875
3 0.50703125 0.575 0.0875 0.05625
3 0.1625 0.590625 0.08125 0.065625
3 0.284375 0.92734375 0.06875 0.0703125
3 0.0484375 0.896875 0.0671875 0.0671875
3 0.6140625 0.05 0.075 0.05625
3 0.921875 0.59296875 0.08125 0.059375
3 0.93125 0.92421875 0.0765625 0.0765625
3 0.93984375 0.96953125 0.0609375 0.0609375
3 0.7296875 0.9671875 0.06875 0.065625
3 0.79140625 0.87734375 0.06875 0.06875
3 0.725 0.93515625 0.090625 0.0515625
3 0.771875 0.86640625 0.0875 0.0578125
3 0.71640625 0.8453125 0.0671875 0.0671875
3 0.49140625 0.8984375 0.071875 0.071875
3 0.4828125 0.97109375 0.065625 0.0546875
3 0.36796875 0.7765625 0.0734375 0.075
3 0.43515625 0.81875 0.0609375 0.0625
3 0.40234375 0.8046875 0.078125 0.075
3 0.5828125 0.8 0.084375 0.065625
3 0.753125 0.7890625 0.090625 0.071875
3 0.82109375 0.753125 0.0734375 0.0734375
3 0.80234375 0.73359375 0.084375 0.0609375
3 0.87578125 0.853125 0.0921875 0.071875
3 0.7515625 0.940625 0.071875 0.071875
3 0.50078125 0.865625 0.0671875 0.06875
3 0.26328125 0.89375 0.075 0.075
3 0.12578125 0.74765625 0.08125 0.0796875
3 0.0921875 0.64140625 0.078125 0.078125
3 0.16953125 0.565625 0.0796875 0.05
3 0.3109375 0.6078125 0.078125 0.078125
3 0.37578125 0.5703125 0.078125 0.0765625
3 0.3796875 0.5375 0.084375 0.053125
3 0.3125 0.40625 0.075 0.071875
3 0.43828125 0.62578125 0.0765625 0.0671875
3 0.4703125 0.6375 0.075 0.05
3 0.51796875 0.4828125 0.0796875 0.0796875
3 0.52890625 0.4203125 0.0625 0.0625
3 0.940625 0.115625 0.059375 0.065625
3 0.94609375 0.33984375 0.065625 0.065625
3 0.725 0.4890625 0.0609375 0.0609375
3 0.50390625 0.08671875 0.06875 0.06875
3 0.3609375 0.03359375 0.090625 0.0609375
3 0.36484375 0.065625 0.078125 0.05625
3 0.37109375 0.1015625 0.071875 0.0734375
3 0.20234375 0.0640625 0.078125 0.059375
3 0.0984375 0.1703125 0.0734375 0.0734375
3 0.08515625 0.0296875 0.0640625 0.059375
3 0.0390625 0.06875 0.065625 0.065625
3 0.06171875 0.29921875 0.0640625 0.0640625
3 0.3609375 0.171875 0.0640625 0.0640625
3 0.49765625 0.32890625 0.0828125 0.06875
3 0.434375 0.15625 0.08125 0.053125
3 0.36953125 0.14296875 0.065625 0.065625
3 0.309375 0.153125 0.096875 0.05
3 0.52890625 0.20859375 0.0734375 0.0734375
3 0.37890625 0.20234375 0.084375 0.0578125
3 0.321875 0.31640625 0.06875 0.06875
3 0.2203125 0.19296875 0.078125 0.06875
3 0.21953125 0.2265625 0.0765625 0.078125
3 0.13984375 0.30546875 0.0859375 0.0625
3 0.16484375 0.2859375 0.0734375 0.0625
3 0.1 0.30078125 0.0640625 0.0625
3 0.15859375 0.346875 0.0859375 0.059375
3 0.1828125 0.36640625 0.090625 0.0546875
3 0.21015625 0.375 0.0703125 0.06875
3 0.4578125 0.34140625 0.078125 0.078125
3 0.41328125 0.3421875 0.065625 0.065625
3 0.12421875 0.88828125 0.0671875 0.065625
3 0.77890625 0.31875 0.0609375 0.0609375
3 0.7421875 0.1 0.0609375 0.0609375
3 0.34140625 0.34921875 0.0765625 0.0515625
3 0.56328125 0.40390625 0.065625 0.065625
3 0.58203125 0.62265625 0.0703125 0.0796875
3 0.82578125 0.5453125 0.075 0.075
3 0.07265625 0.5734375 0.071875 0.0734375