3 0.89453125 0.87421875 0.0875 0.0875
3 0.74375 0.85546875 0.078125 0.0765625
3 0.596875 0.28046875 0.0734375 0.0734375
3 0.4359375 0.51796875 0.05625 0.0828125
3 0.6765625 0.58671875 0.0734375 0.071875
3 0.71640625 0.94296875 0.0703125 0.0890625
3 0.9625 0.8546875 0.0671875 0.0671875
3 0.296875 0.3625 0.06875 0.090625
3 0.06484375 0.3984375 0.08125 0.0796875
3 0.0515625 0.6265625 0.059375 0.084375
3 0.553125 0.16875 0.075 0.075
3 0.73828125 0.52890625 0.0765625 0.075
3 0.375 0.24765625 0.0828125 0.0828125
3 0.36640625 0.5640625 0.06875 0.0703125
3 0.61875 0.13359375 0.06875 0.06875
3 0.29921875 0.1171875 0.0546875 0.078125
3 0.41796875 0.61796875 0.0671875 0.0671875
3 0.8953125 0.52421875 0.05625 0.0765625
3 0.815625 0.8890625 0.0625 0.090625
3 0.1625 0.89296875 0.06875 0.0953125
3 0.9328125 0.234375 0.0625 0.08125
3 0.1625 0.684375 0.0765625 0.0765625
3 0.28359375 0.7421875 0.0578125 0.090625
3 0.26015625 0.93203125 0.0578125 0.0796875
3 0.2875 0.5140625 0.0640625 0.0640625
3 0.546875 0.25859375 0.071875 0.071875
3 0.19140625 0.1796875 0.0609375 0.1
3 0.92890625 0.6234375 0.0765625 0.0765625
3 0.10390625 0.6265625 0.0546875 0.115625
3 0.759375 0.14140625 0.078125 0.078125
3 0.45234375 0.0765625 0.0640625 0.084375
3 0.30390625 0.2234375 0.0671875 0.065625
3 0.471875 0.28046875 0.071875 0.071875
3 0.32421875 0.88046875 0.0578125 0.0734375
3 0.82578125 0.51953125 0.059375 0.0828125
3 0.59140625 0.4046875 0.0609375 0.0875
3 0.7734375 0.33984375 0.06875 0.0890625
3 0.67421875 0.709375 0.0640625 0.0625
3 0.6546875 0.4828125 0.059375 0.075
3 0.196875 0.28046875 0.0625 0.0828125
3 0.08671875 0.14375 0.0671875 0.0875
3 0.13828125 0.4109375 0.0609375 0.084375
3 0.4390625 0.83203125 0.059375 0.0828125
3 0.9296875 0.134375 0.075 0.075
3 0.16640625 0.58359375 0.071875 0.071875
3 0.94453125 0.76015625 0.0734375 0.0984375
3 0.5671875 0.89140625 0.065625 0.096875
3 0.85 0.253125 0.078125 0.078125
3 0.61875 0.8859375 0.075 0.075
3 0.06015625 0.853125 0.084375 0.084375
3 0.1953125 0.78671875 0.059375 0.0796875
3 0.26640625 0.8359375 0.065625 0.065625
3 0.0625 0.05 0.071875 0.071875
3 0.5578125 0.8328125 0.065625 0.10625
3 0.65 0.6765625 0.08125 0.08125
3 0.346875 0.0546875 0.0765625 0.0765625
3 0.240625 0.2078125 0.06875 0.06875
3 0.80859375 0.1796875 0.075 0.075
3 0.8453125 0.465625 0.0703125 0.0703125
3 0.425 0.74609375 0.059375 0.0828125
3 0.853125 0.653125 0.084375 0.084375
3 0.32109375 0.3171875 0.0640625 0.090625
3 0.740625 0.62109375 0.06875 0.0796875
3 0.13359375 0.3171875 0.071875 0.0734375
3 0.2578125 0.27578125 0.084375 0.0859375
3 0.73828125 0.25546875 0.065625 0.065625
3 0.48984375 0.35859375 0.0671875 0.0765625
3 0.2390625 0.428125 0.071875 0.1
3 0.91796875 0.31484375 0.06875 0.0671875
3 0.3984375 0.89140625 0.075 0.075
3 0.0953125 0.940625 0.053125 0.075
3 0.40703125 0.340625 0.0640625 0.08125
3 0.1671875 0.13984375 0.075 0.0828125
3 0.109375 0.5171875 0.053125 0.084375
3 0.7796875 0.42421875 0.0640625 0.0640625
3 0.234375 0.6953125 0.0703125 0.0703125
3 0.33984375 0.1421875 0.0640625 0.090625
3 0.6328125 0.04609375 0.0640625 0.0640625
3 0.528125 0.4375 0.0703125 0.0703125
3 0.665625 0.828125 0.0859375 0.0859375
3 0.796875 0.69296875 0.053125 0.0671875
3 0.37421875 0.78671875 0.06875 0.06875
3 0.5609375 0.059375 0.0734375 0.0734375
3 0.090625 0.77109375 0.0765625 0.0765625
3 0.246875 0.64765625 0.0625 0.0796875
3 0.4359375 0.190625 0.084375 0.084375
3 0.96484375 0.69453125 0.0703125 0.0796875
3 0.48828125 0.52109375 0.06875 0.06875
3 0.790625 0.765625 0.05625 0.084375
3 0.5625 0.66484375 0.071875 0.0703125
3 0.7125 0.41796875 0.065625 0.065625
3 0.62109375 0.5671875 0.0515625 0.090625
3 0.2375 0.596875 0.06875 0.0875
3 0.3453125 0.7140625 0.06875 0.06875
3 0.2546875 0.47890625 0.0765625 0.075
3 0.18828125 0.49375 0.0609375 0.0609375
3 0.34921875 0.434375 0.06875 0.0703125
3 0.54921875 0.503125 0.075 0.075
3 0.21796875 0.09375 0.0671875 0.084375
3 0.878125 0.7578125 0.065625 0.090625
3 0.7046875 0.33046875 0.075 0.0765625
3 0.04140625 0.2921875 0.0625 0.084375
3 0.50234375 0.7796875 0.0671875 0.09375
3 0.53046875 0.64375 0.0671875 0.0671875
3 0.1890625 0.36953125 0.053125 0.0671875
3 0.7203125 0.7578125 0.078125 0.078125
3 0.55078125 0.39453125 0.059375 0.0859375
3 0.859375 0.1265625 0.05625 0.084375
3 0.3015625 0.64375 0.071875 0.071875
6 0.6875 0.24453125 0.1 0.121875
3 0.8515625 0.0984375 0.071875 0.071875
3 0.309375 0.921875 0.0765625 0.0765625
3 0.42421875 0.94296875 0.0578125 0.0765625
3 0.34140625 0.959375 0.0578125 0.078125
3 0.046875 0.4046875 0.0703125 0.0703125
3 0.140625 0.26015625 0.0625 0.0859375
3 0.1859375 0.04609375 0.06875 0.06875
3 0.425 0.50703125 0.05625 0.0875
3 0.409375 0.1625 0.065625 0.08125
3 0.07265625 0.284375 0.06875 0.06875
3 0.103125 0.0484375 0.0625 0.071875
3 0.95 0.6140625 0.05625 0.075
3 0.40703125 0.921875 0.0703125 0.0703125
3 0.07578125 0.93125 0.06875 0.084375
3 0.03046875 0.93984375 0.0609375 0.0609375
3 0.03125 0.73046875 0.059375 0.0765625
3 0.12265625 0.79140625 0.06875 0.06875
3 0.06484375 0.725 0.071875 0.0703125
3 0.13359375 0.771875 0.0578125 0.0875
3 0.1546875 0.71640625 0.046875 0.0875
3 0.1015625 0.49140625 0.059375 0.0828125
3 0.02890625 0.4828125 0.0546875 0.065625
3 0.2234375 0.36796875 0.065625 0.0828125
3 0.18125 0.43515625 0.0625 0.0609375
3 0.1953125 0.40234375 0.075 0.078125
3 0.2 0.5828125 0.075 0.075
3 0.2109375 0.753125 0.071875 0.090625
3 0.246875 0.82109375 0.0734375 0.0734375
3 0.26640625 0.80234375 0.0734375 0.071875
3 0.146875 0.87578125 0.08125 0.08125
3 0.059375 0.7515625 0.053125 0.090625
3 0.134375 0.50078125 0.0671875 0.0671875
3 0.10625 0.26328125 0.075 0.075
3 0.25234375 0.12578125 0.0765625 0.084375
3 0.35859375 0.0921875 0.078125 0.078125
3 0.434375 0.16953125 0.065625 0.0640625
3 0.3921875 0.3109375 0.078125 0.078125
3 0.4296875 0.37578125 0.0765625 0.078125
3 0.4625 0.3796875 0.053125 0.084375
3 0.59375 0.3125 0.0734375 0.0734375
3 0.37421875 0.43828125 0.071875 0.071875
3 0.3625 0.4703125 0.0625 0.0625
3 0.5171875 0.51796875 0.06875 0.090625
3 0.5796875 0.52890625 0.046875 0.0765625
3 0.884375 0.940625 0.065625 0.059375
3 0.66015625 0.94609375 0.0546875 0.075
3 0.5109375 0.725 0.059375 0.0625
3 0.91328125 0.50390625 0.0609375 0.0765625
3 0.96640625 0.3609375 0.0609375 0.090625
3 0.934375 0.36484375 0.05625 0.078125
3 0.8984375 0.37109375 0.0625 0.0828125
3 0.9359375 0.20234375 0.059375 0.078125
3 0.8296875 0.0984375 0.065625 0.08125
3 0.971875 0.0859375 0.05625 0.075
3 0.93125 0.0390625 0.05625 0.075
3 0.70078125 0.06171875 0.0578125 0.0703125
3 0.828125 0.3609375 0.0640625 0.0640625
3 0.67109375 0.49765625 0.06875 0.0828125
3 0.84375 0.434375 0.0671875 0.0671875
3 0.85703125 0.36953125 0.0578125 0.0734375
3 0.846875 0.309375 0.0734375 0.0734375
3 0.79140625 0.52890625 0.0703125 0.0765625
3 0.79765625 0.37890625 0.071875 0.071875
3 0.68359375 0.321875 0.06875 0.06875
3 0.80703125 0.2203125 0.06875 0.078125
3 0.7734375 0.21953125 0.065625 0.0890625
3 0.69453125 0.13984375 0.0625 0.0859375
3 0.7140625 0.16484375 0.06875 0.06875
3 0.69921875 0.1 0.0609375 0.065625
3 0.653125 0.15859375 0.0734375 0.071875
3 0.63359375 0.1828125 0.0546875 0.090625
3 0.625 0.21015625 0.0625 0.0765625
3 0.65859375 0.4578125 0.065625 0.090625
3 0.6578125 0.41328125 0.065625 0.065625
3 0.11171875 0.12421875 0.065625 0.0671875
3 0.68125 0.77890625 0.0609375 0.0609375
3 0.9 0.7421875 0.0609375 0.0609375
3 0.65078125 0.34140625 0.0515625 0.0765625
3 0.59609375 0.56328125 0.0546875 0.0765625
3 0.37734375 0.58203125 0.0796875 0.0703125
3 0.4546875 0.82578125 0.065625 0.0859375
3 0.4265625 0.07265625 0.059375 0.0859375