3 0.7390625 0.7859375 0.0875 0.059375
3 0.7375 0.1265625 0.084375 0.0625
3 0.16640625 0.4234375 0.078125 0.0796875
3 0.5328125 0.065625 0.0796875 0.0796875
3 0.43984375 0.53046875 0.0921875 0.0796875
3 0.08984375 0.76796875 0.0796875 0.0796875
3 0.72734375 0.6125 0.0984375 0.06875
3 0.1078125 0.5296875 0.071875 0.053125
3 0.7390625 0.9203125 0.0828125 0.0828125
3 0.21953125 0.37421875 0.0921875 0.0671875
3 0.76171875 0.67890625 0.0984375 0.0578125
3 0.4203125 0.8796875 0.0625 0.053125
3 0.32578125 0.6453125 0.078125 0.078125
3 0.40390625 0.34140625 0.0859375 0.0953125
3 0.7953125 0.0890625 0.0875 0.0875
3 0.54765625 0.36328125 0.08125 0.08125
3 0.3 0.76796875 0.0625 0.0625
3 0.53203125 0.425 0.0765625 0.084375
3 0.428125 0.04765625 0.096875 0.0640625
3 0.42109375 0.78671875 0.0890625 0.0875
3 0.5328125 0.64296875 0.0875 0.0875
3 0.3609375 0.778125 0.065625 0.071875
3 0.15859375 0.62109375 0.0953125 0.096875
3 0.25078125 0.67265625 0.0828125 0.0828125
3 0.2609375 0.54765625 0.090625 0.0703125
1 0.31171875 0.53046875 0.1 0.0984375
1 0.428125 0.14375 0.1 0.1
3 0.26953125 0.8078125 0.0984375 0.065625