3 0.7296875 0.73984375 0.05625 0.0796875
3 0.1453125 0.64765625 0.078125 0.078125
3 0.24921875 0.459375 0.06875 0.096875
3 0.31484375 0.425 0.0734375 0.090625
3 0.0796875 0.59453125 0.059375 0.0796875
3 0.6625 0.19921875 0.08125 0.08125
3 0.63203125 0.2828125 0.0734375 0.0734375
3 0.34921875 0.1625 0.0640625 0.09375
3 0.0625 0.71640625 0.0625 0.0859375
4 0.39375 0.83828125 0.0890625 0.090625
3 0.05234375 0.7984375 0.0765625 0.090625
3 0.1 0.8828125 0.065625 0.0875
3 0.584375 0.07421875 0.08125 0.08125
3 0.5296875 0.71796875 0.071875 0.0859375
3 0.63359375 0.11953125 0.0703125 0.0890625
3 0.2359375 0.9390625 0.078125 0.078125
3 0.47890625 0.4828125 0.075 0.0734375
3 0.940625 0.559375 0.06875 0.09375
3 0.86484375 0.9515625 0.0703125 0.090625
3 0.48359375 0.76796875 0.0703125 0.0703125
3 0.3984375 0.32734375 0.075 0.075
3 0.125 0.81484375 0.078125 0.078125
3 0.31484375 0.05625 0.071875 0.071875
3 0.9015625 0.0890625 0.065625 0.0875
3 0.5046875 0.40078125 0.053125 0.0765625
3 0.065625 0.40390625 0.075 0.0734375
3 0.40625 0.68828125 0.06875 0.1046875
3 0.53671875 0.6203125 0.065625 0.0671875
3 0.06015625 0.14453125 0.0453125 0.1
3 0.65859375 0.9484375 0.0578125 0.08125
3 0.58984375 0.94375 0.0796875 0.0796875
3 0.3390625 0.73828125 0.078125 0.078125
3 0.7921875 0.08046875 0.0625 0.0765625
3 0.4796875 0.28203125 0.0734375 0.0734375
3 0.815625 0.21328125 0.0625 0.0703125
3 0.8453125 0.359375 0.0671875 0.0671875
3 0.41328125 0.53515625 0.0625 0.0734375
3 0.2265625 0.246875 0.0765625 0.0765625
3 0.83828125 0.4609375 0.075 0.075
3 0.66328125 0.64453125 0.0578125 0.090625
3 0.91015625 0.8859375 0.0578125 0.090625
6 0.41796875 0.196875 0.075 0.121875
3 0.5328125 0.79453125 0.053125 0.0859375
3 0.42421875 0.4171875 0.0609375 0.071875
3 0.7671875 0.5828125 0.053125 0.078125
3 0.425 0.9109375 0.0578125 0.0578125
3 0.8046875 0.30390625 0.0671875 0.065625
3 0.29296875 0.18203125 0.0625 0.0625
3 0.7546875 0.3171875 0.0609375 0.0609375
3 0.2125 0.5671875 0.06875 0.084375
3 0.2703125 0.25859375 0.053125 0.0734375
3 0.7546875 0.9296875 0.0640625 0.0640625
3 0.86171875 0.084375 0.0625 0.071875
3 0.090625 0.375 0.0625 0.084375
3 0.175 0.21328125 0.059375 0.0921875
3 0.034375 0.25234375 0.0625 0.0625
3 0.63515625 0.559375 0.06875 0.06875
3 0.45546875 0.365625 0.0546875 0.06875
3 0.79765625 0.51640625 0.0515625 0.0671875
3 0.15703125 0.56171875 0.0640625 0.0640625
6 0.35546875 0.65703125 0.0921875 0.1140625
3 0.1421875 0.12109375 0.065625 0.0703125
3 0.140625 0.0453125 0.059375 0.078125
3 0.284375 0.35546875 0.0625 0.0625
3 0.1703125 0.3640625 0.059375 0.065625
3 0.3875 0.46953125 0.05625 0.0765625
3 0.12265625 0.2078125 0.06875 0.0703125
3 0.8734375 0.5515625 0.0625 0.0625
3 0.878125 0.6421875 0.0625 0.0625
3 0.84765625 0.68828125 0.0609375 0.071875
3 0.86171875 0.746875 0.0625 0.0625
3 0.95859375 0.71171875 0.0546875 0.0546875
3 0.94609375 0.65859375 0.05625 0.05625
3 0.1734375 0.278125 0.0625 0.090625
3 0.084375 0.24296875 0.05625 0.0625
3 0.1359375 0.31015625 0.071875 0.071875
3 0.115625 0.29296875 0.0703125 0.0703125
3 0.95546875 0.37109375 0.06875 0.06875
3 0.9609375 0.46015625 0.046875 0.0640625
3 0.48125 0.21640625 0.071875 0.075