3 0.07734375 0.06875 0.0734375 0.0734375
3 0.23359375 0.1546875 0.075 0.075
3 0.471875 0.40390625 0.0796875 0.08125
3 0.703125 0.5859375 0.0875 0.065625
3 0.7875 0.4109375 0.09375 0.078125
3 0.79765625 0.0453125 0.0828125 0.059375
3 0.74140625 0.0984375 0.0890625 0.071875
3 0.5984375 0.7828125 0.0703125 0.0703125
3 0.32890625 0.21875 0.096875 0.075
3 0.13359375 0.6859375 0.0796875 0.059375
3 0.3265625 0.1375 0.090625 0.06875
3 0.63984375 0.896875 0.0640625 0.0640625
3 0.6765625 0.71640625 0.065625 0.0578125
3 0.24921875 0.57265625 0.084375 0.084375
3 0.8921875 0.91171875 0.084375 0.0828125
3 0.25859375 0.25625 0.0890625 0.05625
3 0.67109375 0.82109375 0.0765625 0.0671875
3 0.765625 0.70859375 0.0875 0.0609375
3 0.3546875 0.5015625 0.0765625 0.0765625
3 0.76640625 0.8046875 0.0703125 0.0703125
3 0.1515625 0.1421875 0.06875 0.053125
3 0.26015625 0.75390625 0.078125 0.078125
3 0.8421875 0.31796875 0.084375 0.0703125
3 0.828125 0.853125 0.09375 0.06875
3 0.91328125 0.6390625 0.0890625 0.078125
3 0.37109375 0.29453125 0.090625 0.065625
3 0.6609375 0.15625 0.084375 0.06875
3 0.21328125 0.44375 0.06875 0.0671875
3 0.5796875 0.9375 0.084375 0.075
3 0.31640625 0.42578125 0.078125 0.078125
3 0.43515625 0.340625 0.071875 0.0734375
3 0.5109375 0.6734375 0.090625 0.065625
3 0.09921875 0.246875 0.0921875 0.08125
3 0.046875 0.48203125 0.084375 0.0625
3 0.36328125 0.63125 0.0984375 0.075
3 0.89453125 0.0546875 0.0796875 0.05625
3 0.70859375 0.3859375 0.075 0.0765625
3 0.609375 0.109375 0.0703125 0.0703125
3 0.16328125 0.36171875 0.075 0.075
3 0.68046875 0.21484375 0.0859375 0.0625
3 0.1078125 0.33203125 0.084375 0.05
3 0.76875 0.65390625 0.05625 0.05625
3 0.48359375 0.28671875 0.078125 0.078125
3 0.57421875 0.06875 0.075 0.046875
3 0.41953125 0.75078125 0.084375 0.0609375
3 0.59453125 0.69921875 0.078125 0.078125
3 0.62265625 0.4421875 0.0828125 0.084375
3 0.5390625 0.621875 0.0734375 0.0734375
3 0.56796875 0.42265625 0.0703125 0.071875
3 0.71328125 0.7625 0.0640625 0.0625
3 0.91015625 0.840625 0.071875 0.071875
3 0.63359375 0.04375 0.0765625 0.078125
3 0.72890625 0.453125 0.078125 0.0765625
3 0.85390625 0.7390625 0.0859375 0.05625
6 0.8953125 0.78515625 0.121875 0.08125
3 0.66171875 0.28203125 0.071875 0.071875
3 0.86953125 0.7171875 0.0890625 0.059375
3 0.6890625 0.04375 0.0640625 0.0640625
3 0.13046875 0.45078125 0.0734375 0.0546875
3 0.3546875 0.5609375 0.084375 0.065625
3 0.35625 0.71640625 0.078125 0.078125
6 0.57578125 0.31484375 0.1140625 0.0734375
6 0.07421875 0.14765625 0.1078125 0.1078125
3 0.890625 0.2703125 0.075 0.075
3 0.9546875 0.24296875 0.078125 0.0609375
3 0.9296875 0.37109375 0.08125 0.0765625
3 0.5875 0.66484375 0.0734375 0.075
3 0.67734375 0.54453125 0.0859375 0.0578125
3 0.684375 0.5171875 0.078125 0.06875
3 0.60703125 0.24609375 0.090625 0.0703125
3 0.96171875 0.08203125 0.0734375 0.0546875
3 0.0828125 0.43984375 0.06875 0.06875
3 0.2453125 0.44375 0.0703125 0.0703125
3 0.15234375 0.4015625 0.0671875 0.06875