3 0.92265625 0.06875 0.0734375 0.0734375
3 0.76640625 0.1546875 0.0859375 0.0625
3 0.528125 0.40390625 0.09375 0.0671875
3 0.296875 0.5859375 0.0875 0.065625
3 0.2125 0.4109375 0.0875 0.084375
3 0.20234375 0.0453125 0.0828125 0.059375
3 0.25859375 0.0984375 0.08125 0.08125
3 0.4015625 0.7828125 0.0703125 0.0703125
3 0.67109375 0.21875 0.0859375 0.0859375
3 0.86640625 0.6859375 0.0796875 0.059375
3 0.6734375 0.1375 0.0796875 0.0796875
3 0.36015625 0.896875 0.0640625 0.0640625
3 0.3234375 0.71640625 0.0625 0.0625
3 0.75078125 0.57265625 0.084375 0.084375
3 0.1078125 0.91171875 0.084375 0.0828125
3 0.74140625 0.25625 0.071875 0.071875
3 0.32890625 0.82109375 0.0765625 0.0671875
3 0.234375 0.70859375 0.0875 0.0609375
3 0.6453125 0.5015625 0.0765625 0.0765625
3 0.23359375 0.8046875 0.0859375 0.05625
3 0.8484375 0.1421875 0.0609375 0.0609375
3 0.73984375 0.75390625 0.078125 0.078125
3 0.1578125 0.31796875 0.078125 0.078125
3 0.171875 0.853125 0.08125 0.08125
3 0.08671875 0.6390625 0.0890625 0.078125
3 0.62890625 0.29453125 0.078125 0.078125
3 0.3390625 0.15625 0.0765625 0.0765625
3 0.78671875 0.44375 0.0765625 0.059375
3 0.4203125 0.9375 0.084375 0.075
3 0.68359375 0.42578125 0.0921875 0.0640625
3 0.56484375 0.340625 0.0828125 0.0625
3 0.4890625 0.6734375 0.078125 0.078125
3 0.90078125 0.246875 0.0921875 0.08125
3 0.953125 0.48203125 0.0734375 0.0734375
3 0.63671875 0.63125 0.0984375 0.075
3 0.10546875 0.0546875 0.06875 0.06875
3 0.29140625 0.3859375 0.075 0.0765625
3 0.390625 0.109375 0.0703125 0.0703125
3 0.83671875 0.36171875 0.0796875 0.06875
3 0.31953125 0.21484375 0.0734375 0.075
3 0.8921875 0.33203125 0.084375 0.05
3 0.23125 0.65390625 0.05625 0.05625
3 0.51640625 0.28671875 0.078125 0.078125
3 0.42578125 0.06875 0.0609375 0.0609375
3 0.58046875 0.75078125 0.084375 0.0609375
3 0.40546875 0.69921875 0.078125 0.078125
3 0.37734375 0.4421875 0.0828125 0.084375
3 0.4609375 0.621875 0.090625 0.05625
3 0.43203125 0.42265625 0.0859375 0.05625
3 0.28671875 0.7625 0.0640625 0.0625
3 0.08984375 0.840625 0.071875 0.071875
3 0.36640625 0.04375 0.0859375 0.06875
3 0.27109375 0.453125 0.078125 0.0765625
3 0.14609375 0.7390625 0.0859375 0.05625
6 0.1046875 0.78515625 0.121875 0.08125
3 0.33828125 0.28203125 0.0828125 0.0609375
3 0.13046875 0.7171875 0.0734375 0.075
3 0.3109375 0.04375 0.065625 0.065625
3 0.86953125 0.45078125 0.0640625 0.0640625
3 0.6453125 0.5609375 0.084375 0.065625
3 0.64375 0.71640625 0.078125 0.078125
6 0.42421875 0.31484375 0.09375 0.09375
6 0.92578125 0.14765625 0.1015625 0.1140625
3 0.109375 0.2703125 0.078125 0.071875
3 0.0453125 0.24296875 0.06875 0.06875
3 0.0703125 0.37109375 0.08125 0.0765625
3 0.4125 0.66484375 0.08125 0.0671875
3 0.32265625 0.54453125 0.0859375 0.0578125
3 0.315625 0.5171875 0.078125 0.06875
3 0.39296875 0.24609375 0.08125 0.0796875
3 0.03828125 0.08203125 0.0640625 0.0640625
3 0.9171875 0.43984375 0.078125 0.0609375
3 0.7546875 0.44375 0.0703125 0.0703125
3 0.84765625 0.4015625 0.0921875 0.04375