3 0.565625 0.6078125 0.1 0.071875
3 0.678125 0.4640625 0.084375 0.065625
3 0.86171875 0.60546875 0.0828125 0.0828125
3 0.87421875 0.7515625 0.0859375 0.084375
3 0.47265625 0.72578125 0.0875 0.0875
3 0.09765625 0.73359375 0.09375 0.09375
3 0.61171875 0.36875 0.1015625 0.06875
3 0.38828125 0.8875 0.0859375 0.0859375
3 0.75546875 0.79765625 0.09375 0.0921875
3 0.3625 0.09296875 0.090625 0.0921875
3 0.52890625 0.13359375 0.0890625 0.0671875
3 0.496875 0.2046875 0.0875 0.065625
3 0.49609375 0.95234375 0.0890625 0.0609375
3 0.8546875 0.13125 0.096875 0.075
3 0.36328125 0.259375 0.075 0.075
3 0.60234375 0.52734375 0.084375 0.084375
3 0.753125 0.91171875 0.0875 0.0671875
3 0.59453125 0.2140625 0.0703125 0.06875
3 0.715625 0.33046875 0.0765625 0.078125
3 0.25234375 0.103125 0.0765625 0.065625
3 0.76640625 0.63359375 0.078125 0.078125
3 0.18828125 0.88046875 0.0875 0.0875
3 0.08671875 0.58359375 0.0859375 0.0703125
3 0.24609375 0.6625 0.0828125 0.0828125
3 0.871875 0.38125 0.1 0.078125
3 0.41015625 0.353125 0.078125 0.0765625
3 0.1609375 0.79453125 0.0703125 0.071875
3 0.28984375 0.88984375 0.0703125 0.0703125
3 0.18515625 0.6 0.0984375 0.071875
3 0.31171875 0.4578125 0.096875 0.096875
3 0.690625 0.68359375 0.1 0.0765625
3 0.83125 0.96015625 0.1 0.0765625
3 0.6578125 0.27734375 0.096875 0.096875
3 0.88125 0.2796875 0.0859375 0.0859375
3 0.57890625 0.06171875 0.0828125 0.0828125
3 0.2953125 0.96328125 0.10625 0.0734375
3 0.77578125 0.2828125 0.0796875 0.08125
0 0.43828125 0.6171875 0.1046875 0.103125