2 0.7296875 0.42421875 0.084375 0.0671875
2 0.1796875 0.94375 0.078125 0.0625
2 0.92421875 0.3984375 0.0953125 0.065625
2 0.33125 0.44609375 0.084375 0.084375
2 0.45078125 0.628125 0.0859375 0.06875
2 0.621875 0.83671875 0.0765625 0.078125
2 0.815625 0.7046875 0.084375 0.084375
2 0.9203125 0.73984375 0.0875 0.0875
2 0.584375 0.665625 0.090625 0.071875
2 0.43828125 0.921875 0.08125 0.065625
2 0.28359375 0.72578125 0.0765625 0.059375
2 0.7484375 0.1703125 0.0859375 0.0859375
2 0.85390625 0.9171875 0.0828125 0.0828125
2 0.29140625 0.8484375 0.078125 0.0796875
2 0.37578125 0.8765625 0.084375 0.0828125
2 0.42734375 0.38046875 0.0828125 0.0671875
2 0.43828125 0.29140625 0.08125 0.08125
2 0.8421875 0.43671875 0.078125 0.0671875
2 0.16875 0.29296875 0.065625 0.065625
2 0.065625 0.84140625 0.0765625 0.0765625
2 0.0765625 0.396875 0.08125 0.08125
2 0.89296875 0.0453125 0.075 0.0765625
2 0.86015625 0.628125 0.065625 0.065625
2 0.65234375 0.74296875 0.0734375 0.0734375
2 0.1484375 0.478125 0.0828125 0.0828125
2 0.52734375 0.746875 0.0828125 0.05625
2 0.35 0.38203125 0.096875 0.0671875
2 0.7234375 0.13203125 0.090625 0.0734375
2 0.49375 0.3453125 0.1 0.078125
2 0.903125 0.53515625 0.1 0.0640625
2 0.26796875 0.52109375 0.0796875 0.05625
2 0.078125 0.29296875 0.0796875 0.0796875
2 0.4765625 0.8046875 0.078125 0.05625
2 0.228125 0.75703125 0.06875 0.0515625
2 0.50078125 0.8953125 0.0890625 0.08125
2 0.25859375 0.58828125 0.0734375 0.0453125
2 0.584375 0.11640625 0.09375 0.0609375
2 0.7921875 0.9625 0.078125 0.075
2 0.51796875 0.84375 0.065625 0.0640625
3 0.79609375 0.55703125 0.071875 0.071875
2 0.3265625 0.33671875 0.071875 0.0546875
2 0.221875 0.54609375 0.071875 0.0484375
2 0.46171875 0.059375 0.0765625 0.075
2 0.403125 0.03046875 0.065625 0.0609375
2 0.73671875 0.9515625 0.0640625 0.04375
2 0.0453125 0.89921875 0.053125 0.053125
2 0.5375 0.1171875 0.075 0.075
2 0.05078125 0.45234375 0.0875 0.0859375
3 0.2515625 0.1765625 0.10625 0.08125
2 0.4921875 0.08203125 0.071875 0.071875