3 0.53671875 0.4484375 0.0953125 0.075
3 0.43203125 0.575 0.0828125 0.0828125
3 0.77578125 0.08203125 0.1015625 0.0765625
3 0.8046875 0.553125 0.090625 0.090625
3 0.4234375 0.421875 0.10625 0.08125
3 0.66484375 0.6484375 0.0953125 0.075
3 0.078125 0.56640625 0.11875 0.0796875
3 0.84453125 0.6921875 0.090625 0.090625
3 0.24609375 0.07734375 0.084375 0.084375
3 0.934375 0.7890625 0.109375 0.0875
3 0.553125 0.915625 0.0796875 0.0796875
3 0.190625 0.5875 0.0875 0.075
3 0.88515625 0.60625 0.0921875 0.08125
3 0.4390625 0.9375 0.0859375 0.0859375
3 0.04765625 0.1625 0.084375 0.0859375
3 0.80234375 0.3671875 0.1046875 0.071875
3 0.56328125 0.11875 0.09375 0.0953125
3 0.90078125 0.29453125 0.084375 0.084375
3 0.78984375 0.1640625 0.08125 0.0796875
3 0.04921875 0.76484375 0.0921875 0.0703125
3 0.2484375 0.43671875 0.0953125 0.0953125
3 0.10859375 0.6609375 0.0921875 0.071875
3 0.39453125 0.49609375 0.1 0.0765625
3 0.1796875 0.49609375 0.0953125 0.09375
3 0.37109375 0.628125 0.0953125 0.06875
3 0.32578125 0.03046875 0.0796875 0.0578125
3 0.91796875 0.1 0.0953125 0.071875
3 0.1609375 0.06171875 0.0875 0.0875
3 0.6234375 0.18203125 0.09375 0.09375
3 0.18515625 0.85625 0.09375 0.09375
3 0.04765625 0.0859375 0.075 0.075