3 0.4484375 0.46328125 0.075 0.0953125
3 0.575 0.56796875 0.0828125 0.0828125
3 0.08203125 0.22421875 0.0890625 0.0890625
3 0.553125 0.1953125 0.090625 0.090625
3 0.421875 0.5765625 0.08125 0.10625
3 0.6484375 0.33515625 0.084375 0.084375
3 0.56640625 0.921875 0.0796875 0.11875
3 0.6921875 0.15546875 0.090625 0.090625
3 0.07734375 0.75390625 0.084375 0.084375
3 0.7890625 0.065625 0.0984375 0.0984375
3 0.915625 0.446875 0.071875 0.0875
3 0.5875 0.809375 0.075 0.0875
3 0.60625 0.11484375 0.0828125 0.0921875
3 0.9375 0.5609375 0.0859375 0.0859375
3 0.1625 0.95234375 0.0859375 0.084375
3 0.3671875 0.19765625 0.0875 0.0875
3 0.11875 0.43671875 0.0953125 0.09375
3 0.29453125 0.09921875 0.0703125 0.0984375
3 0.1640625 0.21015625 0.0796875 0.08125
3 0.76484375 0.95078125 0.0703125 0.0921875
3 0.43671875 0.7515625 0.084375 0.10625
3 0.6609375 0.89140625 0.08125 0.08125
3 0.49609375 0.60546875 0.0890625 0.0875
3 0.49609375 0.8203125 0.0796875 0.109375
3 0.628125 0.62890625 0.08125 0.08125
3 0.03046875 0.67421875 0.0578125 0.0796875
3 0.1 0.08203125 0.071875 0.0953125
3 0.06171875 0.8390625 0.0875 0.0875
3 0.18203125 0.3765625 0.0921875 0.09375
3 0.85625 0.81484375 0.06875 0.1171875
3 0.0859375 0.95234375 0.075 0.075