2 0.1609375 0.5234375 0.06875 0.0875
2 0.10234375 0.253125 0.0734375 0.078125
2 0.328125 0.29765625 0.059375 0.096875
2 0.79609375 0.51796875 0.071875 0.0890625
2 0.3328125 0.18125 0.075 0.0875
2 0.5921875 0.77890625 0.071875 0.0984375
2 0.0625 0.09609375 0.0890625 0.0890625
2 0.32265625 0.515625 0.071875 0.096875
2 0.71484375 0.71640625 0.0796875 0.1015625
2 0.8546875 0.19765625 0.078125 0.0796875
2 0.39921875 0.38828125 0.0765625 0.0921875
2 0.84140625 0.56484375 0.0859375 0.0859375
2 0.65625 0.43984375 0.06875 0.1078125
2 0.80703125 0.2765625 0.0625 0.0875
2 0.91328125 0.0984375 0.0765625 0.1
2 0.53125 0.2375 0.075 0.103125
2 0.7625 0.43359375 0.0875 0.0875
2 0.0984375 0.6015625 0.0875 0.0875
2 0.5359375 0.65625 0.075 0.10625
2 0.93359375 0.36015625 0.0703125 0.0640625
2 0.04765625 0.81953125 0.0875 0.0875
2 0.9265625 0.228125 0.071875 0.1
2 0.70234375 0.0703125 0.090625 0.090625
2 0.16328125 0.76796875 0.08125 0.0796875
2 0.40546875 0.3078125 0.0875 0.0875
2 0.34921875 0.059375 0.09375 0.09375
2 0.10234375 0.86953125 0.0734375 0.096875
2 0.35859375 0.4453125 0.0703125 0.128125
2 0.70703125 0.509375 0.096875 0.096875
2 0.81328125 0.384375 0.0875 0.0859375
2 0.96640625 0.44375 0.0671875 0.1
2 0.084375 0.94921875 0.084375 0.084375
2 0.17890625 0.7125 0.0921875 0.065625
2 0.96484375 0.63125 0.0703125 0.075
3 0.14609375 0.83515625 0.0671875 0.0859375
3 0.3609375 0.6984375 0.06875 0.1
3 0.26875 0.0484375 0.084375 0.09375