2 0.4765625 0.1609375 0.078125 0.078125
2 0.746875 0.10234375 0.075 0.075
2 0.70234375 0.328125 0.078125 0.078125
2 0.48203125 0.79609375 0.08125 0.08125
2 0.81875 0.3328125 0.0875 0.075
2 0.22109375 0.5921875 0.084375 0.084375
2 0.90390625 0.0625 0.096875 0.08125
2 0.484375 0.32265625 0.096875 0.071875
2 0.28359375 0.71484375 0.090625 0.090625
2 0.80234375 0.8546875 0.0859375 0.071875
2 0.61171875 0.39921875 0.0921875 0.0765625
2 0.43515625 0.84140625 0.0859375 0.0859375
2 0.56015625 0.65625 0.0875 0.0890625
2 0.7234375 0.80703125 0.0875 0.0625
2 0.9015625 0.91328125 0.1 0.0765625
2 0.7625 0.53125 0.103125 0.075
2 0.56640625 0.7625 0.1 0.075
2 0.3984375 0.0984375 0.078125 0.096875
2 0.34375 0.5359375 0.090625 0.090625
2 0.63984375 0.93359375 0.0640625 0.0703125
2 0.18046875 0.04765625 0.096875 0.0765625
2 0.771875 0.9265625 0.0859375 0.0859375
2 0.9296875 0.70234375 0.103125 0.078125
2 0.23203125 0.16328125 0.0796875 0.08125
2 0.6921875 0.40546875 0.09375 0.0828125
2 0.940625 0.34921875 0.09375 0.09375
2 0.13046875 0.10234375 0.096875 0.0734375
2 0.5546875 0.35859375 0.1 0.0984375
2 0.490625 0.70703125 0.096875 0.096875
2 0.615625 0.81328125 0.0859375 0.0875
2 0.55703125 0.9625 0.0828125 0.075
2 0.05078125 0.084375 0.084375 0.084375
2 0.2875 0.17890625 0.065625 0.0921875
2 0.36796875 0.96640625 0.0859375 0.065625
3 0.16484375 0.14609375 0.0765625 0.0765625
3 0.3015625 0.3609375 0.084375 0.084375
3 0.9515625 0.26875 0.09375 0.084375