3 0.30234375 0.784375 0.090625 0.06875
3 0.27265625 0.5734375 0.0859375 0.065625
3 0.05234375 0.0859375 0.0890625 0.065625
3 0.31953125 0.34140625 0.1078125 0.071875
3 0.0796875 0.63125 0.0875 0.06875
3 0.40390625 0.12265625 0.103125 0.0734375
3 0.4671875 0.175 0.075 0.075
3 0.740625 0.70546875 0.075 0.075
3 0.68359375 0.65234375 0.0875 0.0859375
3 0.91328125 0.196875 0.0875 0.071875
3 0.1203125 0.24453125 0.0875 0.0734375
3 0.6546875 0.0640625 0.084375 0.071875
3 0.134375 0.1203125 0.0859375 0.0859375
3 0.55078125 0.06328125 0.0953125 0.0609375
3 0.34765625 0.0703125 0.08125 0.08125
3 0.81640625 0.09765625 0.0734375 0.0734375
3 0.071875 0.1859375 0.084375 0.0625
3 0.67890625 0.49140625 0.0875 0.0625
3 0.1984375 0.23359375 0.0796875 0.078125
3 0.44140625 0.49453125 0.0890625 0.0671875
3 0.63828125 0.22421875 0.0890625 0.0625
3 0.240625 0.4265625 0.090625 0.065625
3 0.4421875 0.69609375 0.0875 0.0625
3 0.09296875 0.70625 0.1015625 0.0625
3 0.3625 0.5390625 0.075 0.06875
3 0.38046875 0.3984375 0.0796875 0.078125
3 0.340625 0.21875 0.084375 0.075
3 0.10859375 0.95625 0.084375 0.0625
3 0.2171875 0.309375 0.0796875 0.0796875
3 0.24140625 0.5046875 0.0828125 0.0828125
3 0.640625 0.2984375 0.096875 0.065625
3 0.25390625 0.853125 0.0765625 0.078125
3 0.3171875 0.1359375 0.090625 0.071875
3 0.0640625 0.7734375 0.0875 0.0875
3 0.5515625 0.1953125 0.096875 0.090625
3 0.87109375 0.625 0.075 0.065625
3 0.725 0.80234375 0.08125 0.0671875
3 0.42109375 0.31875 0.0765625 0.05625
3 0.1828125 0.0671875 0.096875 0.053125
3 0.43984375 0.8625 0.084375 0.0828125
3 0.8796875 0.696875 0.08125 0.065625
3 0.78828125 0.6484375 0.0765625 0.059375
3 0.6203125 0.13359375 0.078125 0.0640625
3 0.7484375 0.06953125 0.0796875 0.0796875
3 0.30234375 0.915625 0.08125 0.08125
3 0.30859375 0.46953125 0.0921875 0.06875
3 0.278125 0.2640625 0.084375 0.084375
3 0.2578125 0.071875 0.096875 0.08125
3 0.34453125 0.6515625 0.103125 0.06875
3 0.62421875 0.603125 0.0828125 0.0625
3 0.33671875 0.8484375 0.06875 0.06875
3 0.47578125 0.3890625 0.0921875 0.075
3 0.14296875 0.33046875 0.0859375 0.0859375
3 0.053125 0.29453125 0.075 0.0734375
3 0.36640625 0.5828125 0.0765625 0.075
3 0.90546875 0.0859375 0.0890625 0.065625
3 0.6625 0.75 0.0859375 0.0859375
3 0.828125 0.18125 0.0671875 0.0671875
3 0.7609375 0.228125 0.0875 0.0625
3 0.44921875 0.7828125 0.078125 0.078125
3 0.94453125 0.1203125 0.1 0.071875
3 0.38671875 0.796875 0.065625 0.065625
3 0.7265625 0.2640625 0.096875 0.06875
3 0.80546875 0.2953125 0.065625 0.065625
3 0.55859375 0.8734375 0.075 0.0734375
3 0.81328125 0.8015625 0.078125 0.078125
3 0.415625 0.9546875 0.0703125 0.0703125
3 0.53203125 0.72109375 0.0765625 0.078125
3 0.84296875 0.74296875 0.075 0.075
3 0.13828125 0.49921875 0.0890625 0.0734375
3 0.9078125 0.3046875 0.071875 0.059375
3 0.17109375 0.42890625 0.08125 0.08125
3 0.8734375 0.43515625 0.084375 0.0703125
3 0.43671875 0.2421875 0.075 0.0765625
3 0.2671875 0.70625 0.06875 0.06875
3 0.90546875 0.54765625 0.090625 0.0921875
3 0.1796875 0.8421875 0.06875 0.06875
3 0.7453125 0.5921875 0.084375 0.084375
3 0.16484375 0.784375 0.075 0.0734375
3 0.5359375 0.784375 0.08125 0.06875
3 0.1640625 0.634375 0.071875 0.071875
3 0.45859375 0.5640625 0.06875 0.06875
3 0.5453125 0.584375 0.06875 0.05625
3 0.6390625 0.80625 0.0703125 0.0703125
3 0.7046875 0.15625 0.103125 0.06875
3 0.54453125 0.9171875 0.0734375 0.075
3 0.91796875 0.846875 0.078125 0.071875
3 0.84296875 0.3453125 0.0796875 0.059375
3 0.95703125 0.67734375 0.0640625 0.0703125
3 0.34765625 0.93828125 0.084375 0.0703125
3 0.7640625 0.51328125 0.071875 0.071875
3 0.4234375 0.63671875 0.065625 0.0546875
3 0.5671875 0.38515625 0.084375 0.0609375
3 0.7953125 0.446875 0.071875 0.071875
3 0.52890625 0.5 0.0765625 0.06875
3 0.921875 0.88359375 0.0765625 0.078125
3 0.8234375 0.37421875 0.0765625 0.075
3 0.81484375 0.96484375 0.0859375 0.0703125
3 0.8453125 0.48828125 0.084375 0.0734375
3 0.03828125 0.5203125 0.0765625 0.071875
3 0.90390625 0.97109375 0.0796875 0.0578125
3 0.56796875 0.81015625 0.0734375 0.0734375
3 0.0578125 0.90859375 0.075 0.075
3 0.7453125 0.4234375 0.071875 0.046875
3 0.67890625 0.37890625 0.0953125 0.0609375
3 0.696875 0.9203125 0.075 0.05625
3 0.79296875 0.8890625 0.084375 0.0859375
3 0.06171875 0.87109375 0.096875 0.053125