3 0.784375 0.69765625 0.08125 0.0796875
3 0.5734375 0.72734375 0.075 0.075
3 0.0859375 0.94765625 0.078125 0.078125
3 0.34140625 0.68046875 0.071875 0.1078125
3 0.63125 0.9203125 0.078125 0.078125
3 0.12265625 0.59609375 0.0875 0.0875
3 0.175 0.5328125 0.0625 0.0875
3 0.70546875 0.259375 0.0609375 0.0875
3 0.65234375 0.31640625 0.0859375 0.0875
3 0.196875 0.08671875 0.071875 0.0875
3 0.24453125 0.8796875 0.08125 0.08125
3 0.0640625 0.3453125 0.071875 0.084375
3 0.1203125 0.865625 0.071875 0.1
3 0.06328125 0.44921875 0.078125 0.078125
3 0.0703125 0.65234375 0.08125 0.08125
3 0.09765625 0.18359375 0.0703125 0.0765625
3 0.1859375 0.928125 0.0625 0.084375
3 0.49140625 0.32109375 0.075 0.075
3 0.23359375 0.8015625 0.078125 0.0796875
3 0.49453125 0.55859375 0.0671875 0.0890625
3 0.22421875 0.36171875 0.0625 0.0890625
3 0.4265625 0.759375 0.078125 0.078125
3 0.69609375 0.5578125 0.075 0.075
3 0.70625 0.90703125 0.08125 0.0828125
3 0.5390625 0.6375 0.06875 0.075
3 0.3984375 0.61953125 0.078125 0.0796875
3 0.21875 0.659375 0.078125 0.0796875
3 0.95625 0.89140625 0.0625 0.084375
3 0.309375 0.7828125 0.075 0.084375
3 0.5046875 0.75859375 0.065625 0.0984375
3 0.2984375 0.359375 0.08125 0.08125
3 0.853125 0.74609375 0.06875 0.084375
3 0.1359375 0.6828125 0.08125 0.08125
3 0.7734375 0.9359375 0.065625 0.109375
3 0.1953125 0.4484375 0.090625 0.096875
3 0.625 0.12890625 0.0703125 0.0703125
3 0.80234375 0.275 0.075 0.075
3 0.31875 0.57890625 0.05625 0.0765625
3 0.0671875 0.8171875 0.053125 0.096875
3 0.8625 0.56015625 0.06875 0.0984375
3 0.696875 0.1203125 0.065625 0.08125
3 0.6484375 0.21171875 0.06875 0.0671875
3 0.13359375 0.3796875 0.0640625 0.078125
3 0.06953125 0.2515625 0.0734375 0.084375
3 0.915625 0.69765625 0.0625 0.0984375
3 0.46953125 0.69140625 0.08125 0.0796875
3 0.2640625 0.721875 0.084375 0.084375
3 0.071875 0.7421875 0.0890625 0.0890625
3 0.6515625 0.65546875 0.06875 0.103125
3 0.603125 0.37578125 0.0625 0.0828125
3 0.8484375 0.66328125 0.0625 0.0734375
3 0.3890625 0.52421875 0.075 0.0921875
3 0.33046875 0.85703125 0.0828125 0.0890625
3 0.29453125 0.946875 0.0578125 0.090625
3 0.5828125 0.63359375 0.075 0.0765625
3 0.0859375 0.09453125 0.0765625 0.0765625
3 0.75 0.3375 0.0859375 0.0859375
3 0.18125 0.171875 0.0671875 0.0671875
3 0.228125 0.2390625 0.0625 0.0875
3 0.7828125 0.55078125 0.078125 0.078125
3 0.1203125 0.05546875 0.0859375 0.0859375
3 0.796875 0.61328125 0.059375 0.071875
3 0.2640625 0.2734375 0.0828125 0.0828125
3 0.2953125 0.19453125 0.065625 0.065625
3 0.8734375 0.44140625 0.059375 0.0890625
3 0.8015625 0.18671875 0.059375 0.0984375
3 0.9546875 0.584375 0.0703125 0.0703125
3 0.72109375 0.46796875 0.078125 0.0765625
3 0.74296875 0.15703125 0.0578125 0.090625
3 0.49921875 0.86171875 0.08125 0.08125
3 0.3046875 0.0921875 0.065625 0.065625
3 0.42890625 0.82890625 0.08125 0.08125
3 0.43515625 0.1265625 0.0703125 0.084375
3 0.2421875 0.56328125 0.071875 0.0796875
3 0.70625 0.7328125 0.06875 0.06875
3 0.54765625 0.09453125 0.0796875 0.103125
3 0.8421875 0.8203125 0.0625 0.075
3 0.5921875 0.2546875 0.06875 0.1
3 0.784375 0.83515625 0.0734375 0.075
3 0.784375 0.4640625 0.075 0.075
3 0.634375 0.8359375 0.071875 0.071875
3 0.5640625 0.54140625 0.06875 0.06875
3 0.584375 0.4546875 0.0625 0.0625
3 0.80625 0.3609375 0.0703125 0.0703125
3 0.15625 0.2953125 0.06875 0.103125
3 0.9171875 0.45546875 0.0625 0.0859375
3 0.846875 0.08203125 0.075 0.075
3 0.3453125 0.15703125 0.059375 0.0796875
3 0.67734375 0.04296875 0.0703125 0.0640625
3 0.93828125 0.65234375 0.078125 0.078125
3 0.51328125 0.2359375 0.071875 0.071875
3 0.63671875 0.5765625 0.0546875 0.065625
3 0.38515625 0.4328125 0.0734375 0.071875
3 0.446875 0.2046875 0.071875 0.071875
3 0.5 0.47109375 0.071875 0.0734375
3 0.88359375 0.078125 0.078125 0.0765625
3 0.37421875 0.1765625 0.075 0.0765625
3 0.96484375 0.18515625 0.0703125 0.0859375
3 0.48828125 0.1546875 0.0734375 0.084375
3 0.5203125 0.96171875 0.071875 0.0765625
3 0.96875 0.096875 0.0625 0.06875
3 0.81015625 0.43203125 0.0546875 0.0921875
3 0.90859375 0.9421875 0.075 0.075
3 0.4234375 0.2546875 0.059375 0.059375
3 0.37890625 0.32109375 0.0609375 0.0953125
3 0.9203125 0.303125 0.065625 0.065625
3 0.8890625 0.20703125 0.065625 0.1046875
3 0.87109375 0.93828125 0.075 0.075