3 0.215625 0.69765625 0.0796875 0.0796875
3 0.4265625 0.72734375 0.075 0.075
3 0.9140625 0.94765625 0.065625 0.0890625
3 0.65859375 0.68046875 0.071875 0.1078125
3 0.36875 0.9203125 0.078125 0.078125
3 0.87734375 0.59609375 0.0734375 0.103125
3 0.825 0.5328125 0.075 0.075
3 0.29453125 0.259375 0.075 0.075
3 0.34765625 0.31640625 0.0703125 0.103125
3 0.803125 0.08671875 0.071875 0.0875
3 0.75546875 0.8796875 0.0734375 0.0875
3 0.9359375 0.3453125 0.078125 0.078125
3 0.8796875 0.865625 0.071875 0.1
3 0.93671875 0.44921875 0.078125 0.078125
3 0.9296875 0.65234375 0.075 0.0859375
3 0.90234375 0.18359375 0.0734375 0.0734375
3 0.8140625 0.928125 0.0625 0.084375
3 0.50859375 0.32109375 0.075 0.075
3 0.76640625 0.8015625 0.0734375 0.084375
3 0.50546875 0.55859375 0.078125 0.078125
3 0.77578125 0.36171875 0.0625 0.0890625
3 0.5734375 0.759375 0.078125 0.078125
3 0.30390625 0.5578125 0.075 0.075
3 0.29375 0.90703125 0.08125 0.0828125
3 0.4609375 0.6375 0.06875 0.075
3 0.6015625 0.61953125 0.071875 0.0859375
3 0.78125 0.659375 0.075 0.084375
3 0.04375 0.89140625 0.0625 0.084375
3 0.690625 0.7828125 0.0796875 0.0796875
3 0.4953125 0.75859375 0.065625 0.0984375
3 0.7015625 0.359375 0.08125 0.08125
3 0.146875 0.74609375 0.06875 0.084375
3 0.8640625 0.6828125 0.08125 0.08125
3 0.2265625 0.9359375 0.065625 0.109375
3 0.8046875 0.4484375 0.090625 0.096875
3 0.375 0.12890625 0.065625 0.075
3 0.19765625 0.275 0.0671875 0.08125
3 0.68125 0.57890625 0.065625 0.065625
3 0.9328125 0.8171875 0.075 0.075
3 0.1375 0.56015625 0.06875 0.0984375
3 0.303125 0.1203125 0.065625 0.08125
3 0.3515625 0.21171875 0.06875 0.0671875
3 0.86640625 0.3796875 0.0640625 0.0796875
3 0.93046875 0.2515625 0.0734375 0.084375
3 0.084375 0.69765625 0.08125 0.08125
3 0.53046875 0.69140625 0.08125 0.0796875
3 0.7359375 0.721875 0.084375 0.084375
3 0.928125 0.7421875 0.0875 0.0890625
3 0.3484375 0.65546875 0.0859375 0.0859375
3 0.396875 0.37578125 0.0625 0.0828125
3 0.1515625 0.66328125 0.0625 0.0734375
3 0.6109375 0.52421875 0.075 0.0921875
3 0.66953125 0.85703125 0.0828125 0.0890625
3 0.70546875 0.946875 0.0578125 0.090625
3 0.4171875 0.63359375 0.075 0.0765625
3 0.9140625 0.09453125 0.0765625 0.0765625
3 0.25 0.3375 0.075 0.096875
3 0.81875 0.171875 0.05625 0.078125
3 0.771875 0.2390625 0.075 0.075
3 0.2171875 0.55078125 0.078125 0.078125
3 0.8796875 0.05546875 0.071875 0.1
3 0.203125 0.61328125 0.059375 0.071875
3 0.7359375 0.2734375 0.06875 0.096875
3 0.7046875 0.19453125 0.065625 0.065625
3 0.1265625 0.44140625 0.059375 0.0890625
3 0.1984375 0.18671875 0.059375 0.0984375
3 0.0453125 0.584375 0.065625 0.075
3 0.27890625 0.46796875 0.0625 0.0921875
3 0.25703125 0.15703125 0.075 0.075
3 0.50078125 0.86171875 0.0734375 0.0890625
3 0.6953125 0.0921875 0.059375 0.071875
3 0.57109375 0.82890625 0.08125 0.08125
3 0.56484375 0.1265625 0.0703125 0.084375
3 0.7578125 0.56328125 0.071875 0.0796875
3 0.29375 0.7328125 0.0625 0.075
3 0.45234375 0.09453125 0.0796875 0.103125
3 0.1578125 0.8203125 0.06875 0.06875
3 0.4078125 0.2546875 0.084375 0.084375
3 0.215625 0.83515625 0.0734375 0.075
3 0.215625 0.4640625 0.06875 0.08125
3 0.365625 0.8359375 0.071875 0.071875
3 0.4359375 0.54140625 0.059375 0.0796875
3 0.415625 0.4546875 0.0625 0.0625
3 0.19375 0.3609375 0.0703125 0.0703125
3 0.84375 0.2953125 0.084375 0.0859375
3 0.0828125 0.45546875 0.0625 0.0859375
3 0.153125 0.08203125 0.071875 0.078125
3 0.6546875 0.15703125 0.0609375 0.0796875
3 0.32265625 0.04296875 0.0671875 0.0671875
3 0.06171875 0.65234375 0.078125 0.078125
3 0.48671875 0.2359375 0.071875 0.071875
3 0.36328125 0.5765625 0.0546875 0.065625
3 0.61484375 0.4328125 0.0609375 0.084375
3 0.553125 0.2046875 0.071875 0.071875
3 0.5 0.47109375 0.071875 0.0734375
3 0.11640625 0.078125 0.078125 0.0765625
3 0.62578125 0.1765625 0.0578125 0.09375
3 0.03671875 0.1859375 0.0734375 0.078125
3 0.51171875 0.1546875 0.0796875 0.078125
3 0.4796875 0.96171875 0.071875 0.0765625
3 0.03125 0.096875 0.0625 0.06875
3 0.18984375 0.43203125 0.0546875 0.0921875
3 0.09140625 0.9421875 0.065625 0.084375
3 0.5765625 0.2546875 0.046875 0.071875
3 0.62109375 0.32109375 0.078125 0.078125
3 0.0796875 0.303125 0.05625 0.075
3 0.1109375 0.20703125 0.0859375 0.084375
3 0.12890625 0.93828125 0.075 0.075