3 0.4421875 0.94453125 0.0875 0.0671875
3 0.25546875 0.4140625 0.1078125 0.071875
3 0.30078125 0.9328125 0.0890625 0.065625
3 0.4453125 0.1046875 0.090625 0.071875
3 0.1015625 0.19375 0.084375 0.084375
3 0.5359375 0.14609375 0.084375 0.0671875
3 0.1203125 0.29765625 0.103125 0.071875
3 0.9234375 0.25234375 0.090625 0.0671875
3 0.19296875 0.82109375 0.0890625 0.0703125
3 0.39296875 0.334375 0.0890625 0.0625
3 0.3375 0.1890625 0.084375 0.059375
3 0.2828125 0.2671875 0.0703125 0.0703125
3 0.6734375 0.44375 0.090625 0.06875
3 0.74609375 0.575 0.084375 0.084375
3 0.421875 0.25546875 0.08125 0.08125
3 0.6125 0.06015625 0.08125 0.08125
3 0.9328125 0.68359375 0.096875 0.0734375
3 0.1390625 0.88125 0.084375 0.065625
3 0.10703125 0.5421875 0.0984375 0.071875
3 0.759375 0.49453125 0.08125 0.0609375
3 0.39765625 0.81171875 0.0828125 0.0828125
3 0.878125 0.5203125 0.103125 0.078125
3 0.5296875 0.56640625 0.096875 0.096875
3 0.66640625 0.19453125 0.0984375 0.0765625
3 0.8875 0.43828125 0.0875 0.0640625
3 0.778125 0.2328125 0.090625 0.065625
3 0.89140625 0.0859375 0.0859375 0.065625
3 0.053125 0.753125 0.0875 0.0875
3 0.82578125 0.9625 0.0875 0.06875
3 0.51484375 0.41953125 0.0859375 0.0546875
3 0.40703125 0.6453125 0.0859375 0.0859375
3 0.14765625 0.6203125 0.0859375 0.0859375
3 0.85859375 0.61640625 0.0515625 0.0671875
3 0.08671875 0.428125 0.0828125 0.065625
3 0.64296875 0.3125 0.0921875 0.090625
3 0.69921875 0.959375 0.0734375 0.075
3 0.609375 0.96015625 0.084375 0.0796875
3 0.1265625 0.6921875 0.1 0.071875
3 0.8578125 0.36640625 0.0875 0.0859375
3 0.19296875 0.7140625 0.0859375 0.06875
3 0.146875 0.03046875 0.0875 0.0609375
3 0.42109375 0.6125 0.0984375 0.06875
3 0.94609375 0.8921875 0.103125 0.084375
6 0.4 0.52734375 0.1125 0.0859375
3 0.065625 0.0796875 0.1125 0.0375