3 0.8765625 0.52421875 0.09375 0.0640625
3 0.8609375 0.8765625 0.0828125 0.0828125
3 0.3953125 0.453125 0.0890625 0.0890625
3 0.7703125 0.48984375 0.096875 0.0765625
3 0.690625 0.10859375 0.09375 0.0671875
3 0.09140625 0.81953125 0.096875 0.0828125
3 0.065625 0.04296875 0.0734375 0.075
3 0.30546875 0.96171875 0.0828125 0.0765625
3 0.94609375 0.925 0.0828125 0.084375
3 0.91640625 0.740625 0.0890625 0.090625
3 0.55859375 0.12734375 0.0875 0.0875
3 0.56328125 0.2125 0.0875 0.0859375
3 0.92734375 0.30625 0.1015625 0.075
3 0.0921875 0.496875 0.0953125 0.0953125
3 0.29765625 0.48125 0.078125 0.0796875
3 0.10234375 0.284375 0.0921875 0.071875
3 0.353125 0.615625 0.103125 0.075
3 0.23828125 0.74765625 0.1078125 0.0765625
3 0.55390625 0.521875 0.0890625 0.0875
3 0.28203125 0.24765625 0.084375 0.084375
3 0.2859375 0.8984375 0.0828125 0.0828125
3 0.19765625 0.5640625 0.0921875 0.065625
3 0.696875 0.25546875 0.096875 0.0703125
3 0.38828125 0.30859375 0.1 0.0734375
3 0.56796875 0.8796875 0.075 0.075
3 0.7046875 0.684375 0.0890625 0.0890625
3 0.26953125 0.42578125 0.1109375 0.0734375
3 0.91171875 0.440625 0.0859375 0.071875
3 0.8171875 0.796875 0.109375 0.08125
3 0.1703125 0.41796875 0.096875 0.0828125
3 0.86640625 0.11953125 0.0875 0.0875
3 0.540625 0.2921875 0.10625 0.0875
3 0.08046875 0.74609375 0.0890625 0.0625
3 0.05859375 0.1484375 0.0890625 0.090625
3 0.7578125 0.21484375 0.090625 0.084375
3 0.6296875 0.8078125 0.09375 0.09375
3 0.73984375 0.85390625 0.1046875 0.075
3 0.90546875 0.19375 0.0734375 0.0734375
3 0.65859375 0.67109375 0.0890625 0.0890625
3 0.65390625 0.18046875 0.0953125 0.071875
3 0.1078125 0.90078125 0.103125 0.0484375
3 0.71015625 0.5609375 0.0828125 0.0828125
3 0.38203125 0.1390625 0.1109375 0.046875
3 0.3625 0.1796875 0.065625 0.065625
1 0.42421875 0.115625 0.1171875 0.1171875