3 0.58203125 0.8390625 0.0640625 0.084375
3 0.05 0.84765625 0.0765625 0.075
3 0.4515625 0.29140625 0.065625 0.0921875
3 0.1765625 0.86015625 0.0796875 0.078125
3 0.31796875 0.29296875 0.08125 0.08125
3 0.74140625 0.53203125 0.06875 0.0859375
3 0.81953125 0.11171875 0.0828125 0.0890625
3 0.78671875 0.4421875 0.0859375 0.0859375
3 0.77578125 0.68828125 0.0671875 0.0921875
3 0.86484375 0.3546875 0.0609375 0.078125
3 0.32734375 0.91796875 0.0765625 0.0859375
3 0.7125 0.41953125 0.0625 0.0828125
3 0.59453125 0.5859375 0.0703125 0.0875
3 0.18671875 0.15703125 0.0671875 0.0890625
3 0.41640625 0.09296875 0.0703125 0.0859375
3 0.24140625 0.1109375 0.065625 0.065625
3 0.65234375 0.21640625 0.06875 0.06875
3 0.76875 0.909375 0.06875 0.0875
3 0.14921875 0.2234375 0.0578125 0.075
3 0.17109375 0.46328125 0.0578125 0.0796875
3 0.71875 0.2984375 0.0796875 0.0796875
3 0.50078125 0.134375 0.0703125 0.0875
3 0.86171875 0.58359375 0.071875 0.071875
3 0.8296875 0.19765625 0.06875 0.0890625
3 0.77734375 0.7765625 0.08125 0.08125
3 0.3140625 0.74453125 0.075 0.075
3 0.31484375 0.04765625 0.0796875 0.0796875
3 0.534375 0.53984375 0.0765625 0.0765625
3 0.59375 0.08125 0.0625 0.071875
3 0.625 0.66796875 0.06875 0.096875
3 0.0875 0.42578125 0.075 0.075
3 0.54375 0.70625 0.06875 0.09375
3 0.38046875 0.52734375 0.05625 0.05625
3 0.5703125 0.92421875 0.059375 0.0734375
3 0.45078125 0.55390625 0.0671875 0.0765625
3 0.38515625 0.76640625 0.0734375 0.0734375
3 0.41640625 0.9609375 0.0546875 0.071875
3 0.121875 0.5203125 0.0703125 0.0703125
6 0.09765625 0.7546875 0.0859375 0.096875
3 0.09921875 0.1671875 0.06875 0.0703125
3 0.459375 0.40390625 0.05625 0.0828125
3 0.26015625 0.615625 0.0625 0.0875
3 0.7140625 0.94609375 0.053125 0.0703125
3 0.56875 0.3328125 0.0765625 0.0765625
3 0.48984375 0.46796875 0.0765625 0.0765625
3 0.24140625 0.3078125 0.08125 0.08125
3 0.540625 0.6265625 0.0703125 0.0703125
3 0.17109375 0.59609375 0.053125 0.0734375
3 0.13984375 0.3453125 0.075 0.075
3 0.1453125 0.10078125 0.06875 0.084375
3 0.503125 0.32734375 0.065625 0.065625
3 0.7984375 0.27578125 0.06875 0.06875
3 0.92734375 0.3296875 0.08125 0.08125
3 0.20234375 0.75078125 0.0640625 0.0703125
3 0.51171875 0.4078125 0.065625 0.065625
3 0.8046875 0.83671875 0.06875 0.0671875
3 0.48359375 0.76796875 0.0609375 0.0609375
3 0.42578125 0.6671875 0.0703125 0.0703125
3 0.9015625 0.5140625 0.0640625 0.0640625
3 0.46171875 0.83515625 0.06875 0.06875
3 0.95703125 0.39140625 0.06875 0.06875
6 0.9328125 0.73828125 0.078125 0.1171875
3 0.94375 0.28515625 0.05625 0.0640625
3 0.0390625 0.2296875 0.078125 0.1
3 0.634375 0.95625 0.0609375 0.0609375
3 0.56796875 0.375 0.071875 0.0734375
3 0.54375 0.25234375 0.0671875 0.065625
3 0.88359375 0.171875 0.06875 0.06875
3 0.35078125 0.584375 0.06875 0.06875
3 0.19609375 0.38984375 0.0546875 0.065625
3 0.87734375 0.4546875 0.059375 0.059375
3 0.2265625 0.61640625 0.059375 0.071875
6 0.9359375 0.190625 0.071875 0.109375
3 0.603125 0.4109375 0.075 0.09375
3 0.49375 0.21953125 0.075 0.0734375
3 0.884375 0.23125 0.084375 0.084375
3 0.3921875 0.4625 0.075 0.075
3 0.92265625 0.87890625 0.0578125 0.071875
3 0.29453125 0.5578125 0.059375 0.0609375
3 0.1875 0.6765625 0.053125 0.078125
3 0.378125 0.33359375 0.0625 0.0625
3 0.6046875 0.48984375 0.059375 0.059375
3 0.6859375 0.1515625 0.0609375 0.0609375
3 0.96171875 0.80546875 0.065625 0.065625
3 0.7359375 0.81171875 0.05625 0.05625
3 0.5171875 0.06015625 0.05 0.05
3 0.64765625 0.0859375 0.0765625 0.0765625
3 0.653125 0.4359375 0.05 0.103125
3 0.478125 0.68828125 0.059375 0.075
3 0.459375 0.6640625 0.0625 0.078125
3 0.1265625 0.7265625 0.0625 0.0625
3 0.88359375 0.9234375 0.0453125 0.084375
3 0.22265625 0.22421875 0.06875 0.06875
3 0.07734375 0.3171875 0.0640625 0.109375