3 0.4578125 0.1703125 0.078125 0.090625
3 0.67265625 0.859375 0.0765625 0.09375
3 0.61953125 0.115625 0.0859375 0.096875
3 0.5015625 0.471875 0.090625 0.090625
3 0.659375 0.2703125 0.08125 0.103125
3 0.79140625 0.0796875 0.096875 0.096875
3 0.0875 0.21171875 0.0875 0.0875
3 0.55390625 0.909375 0.0765625 0.096875
3 0.584375 0.7046875 0.075 0.103125
3 0.253125 0.140625 0.0984375 0.0984375
3 0.76875 0.22734375 0.0875 0.0875
3 0.59296875 0.38203125 0.084375 0.084375
3 0.26328125 0.53046875 0.0828125 0.1015625
3 0.86640625 0.06875 0.065625 0.1125
3 0.640625 0.74609375 0.0796875 0.0796875
3 0.40859375 0.553125 0.09375 0.0921875
3 0.4734375 0.75703125 0.084375 0.1015625
3 0.15625 0.42578125 0.0921875 0.0921875
3 0.90390625 0.52890625 0.0796875 0.1046875
3 0.7984375 0.34921875 0.0890625 0.0875
3 0.090625 0.84453125 0.075 0.1078125
3 0.5421875 0.30078125 0.084375 0.1078125
3 0.675 0.62265625 0.1 0.090625
3 0.9171875 0.6125 0.084375 0.096875
3 0.9484375 0.9515625 0.078125 0.096875
3 0.7671875 0.77421875 0.090625 0.090625
3 0.753125 0.55703125 0.090625 0.1046875
3 0.834375 0.51015625 0.08125 0.0890625
3 0.45625 0.26953125 0.0875 0.096875
3 0.2578125 0.671875 0.0890625 0.0890625
3 0.88671875 0.19609375 0.0828125 0.1140625
3 0.8703125 0.39296875 0.090625 0.1078125
3 0.09609375 0.3765625 0.0671875 0.103125
3 0.86015625 0.80625 0.0765625 0.075
3 0.95703125 0.14921875 0.078125 0.103125
3 0.61171875 0.8765625 0.0953125 0.09375
3 0.96484375 0.8265625 0.06875 0.096875