3 0.75234375 0.65625 0.084375 0.084375
3 0.196875 0.75234375 0.096875 0.096875
3 0.88984375 0.2796875 0.0953125 0.059375
3 0.4046875 0.4328125 0.090625 0.071875
3 0.49609375 0.5703125 0.1015625 0.071875
3 0.35390625 0.3875 0.0984375 0.059375
3 0.51796875 0.72578125 0.0875 0.071875
5 0.5578125 0.61875 0.09375 0.09375
3 0.271875 0.10625 0.1 0.06875
3 0.840625 0.5921875 0.071875 0.071875
3 0.65859375 0.7140625 0.0890625 0.065625
3 0.36171875 0.1609375 0.08125 0.08125
3 0.71328125 0.46171875 0.078125 0.078125
3 0.4671875 0.8484375 0.1 0.0625
3 0.6984375 0.14375 0.08125 0.0625
3 0.89921875 0.06796875 0.0890625 0.0671875
3 0.2578125 0.9 0.0796875 0.0796875
3 0.49375 0.075 0.0875 0.0625
3 0.675 0.8765625 0.084375 0.084375
3 0.1859375 0.903125 0.0875 0.06875
3 0.35390625 0.77734375 0.1015625 0.0609375
3 0.43828125 0.134375 0.084375 0.084375
3 0.56953125 0.4140625 0.078125 0.078125
3 0.38203125 0.8453125 0.071875 0.0734375
3 0.58828125 0.08359375 0.0828125 0.0828125
3 0.6375 0.196875 0.075 0.075
3 0.79765625 0.49375 0.0703125 0.071875
3 0.34140625 0.72109375 0.0921875 0.0515625
3 0.7953125 0.8453125 0.090625 0.075
0 0.07890625 0.65625 0.0953125 0.0953125
3 0.36484375 0.940625 0.08125 0.0796875
3 0.759375 0.7953125 0.090625 0.065625
3 0.7734375 0.27265625 0.1 0.0671875
3 0.546875 0.28984375 0.09375 0.08125
3 0.9 0.13671875 0.0703125 0.0703125
3 0.38984375 0.603125 0.078125 0.078125
3 0.1796875 0.08203125 0.0875 0.0875
3 0.83984375 0.528125 0.0796875 0.065625
3 0.42265625 0.915625 0.078125 0.078125
3 0.0671875 0.4796875 0.10625 0.071875
3 0.11640625 0.43125 0.1109375 0.06875
3 0.20390625 0.5453125 0.0859375 0.084375
3 0.9421875 0.69453125 0.084375 0.059375
3 0.25234375 0.62890625 0.078125 0.078125
3 0.603125 0.7546875 0.0875 0.08125
3 0.33046875 0.0359375 0.0796875 0.071875
3 0.77265625 0.4453125 0.084375 0.05