3 0.24765625 0.65625 0.1015625 0.06875
3 0.803125 0.75234375 0.115625 0.0796875
3 0.11015625 0.2796875 0.0765625 0.0765625
3 0.5953125 0.4328125 0.090625 0.071875
3 0.50390625 0.5703125 0.0859375 0.0875
3 0.64609375 0.3875 0.0796875 0.0796875
3 0.48203125 0.72578125 0.0875 0.071875
5 0.4421875 0.61875 0.10625 0.08125
3 0.728125 0.10625 0.084375 0.084375
3 0.159375 0.5921875 0.078125 0.065625
3 0.34140625 0.7140625 0.0890625 0.065625
3 0.63828125 0.1609375 0.08125 0.08125
3 0.28671875 0.46171875 0.0890625 0.06875
3 0.5328125 0.8484375 0.08125 0.08125
3 0.3015625 0.14375 0.071875 0.071875
3 0.10078125 0.06796875 0.078125 0.078125
3 0.7421875 0.9 0.0796875 0.0796875
3 0.50625 0.075 0.0875 0.0625
3 0.325 0.8765625 0.084375 0.084375
3 0.8140625 0.903125 0.078125 0.078125
3 0.64609375 0.77734375 0.1015625 0.0609375
3 0.56171875 0.134375 0.0953125 0.071875
3 0.43046875 0.4140625 0.078125 0.078125
3 0.61796875 0.8453125 0.0796875 0.065625
3 0.41171875 0.08359375 0.0828125 0.0828125
3 0.3625 0.196875 0.0875 0.0625
3 0.20234375 0.49375 0.0859375 0.05625
3 0.65859375 0.72109375 0.0921875 0.0515625
3 0.2046875 0.8453125 0.090625 0.075
0 0.92109375 0.65625 0.0953125 0.0953125
3 0.63515625 0.940625 0.08125 0.0796875
3 0.240625 0.7953125 0.078125 0.078125
3 0.2265625 0.27265625 0.1 0.0671875
3 0.453125 0.28984375 0.09375 0.08125
3 0.1 0.13671875 0.0703125 0.0703125
3 0.61015625 0.603125 0.0921875 0.0625
3 0.8203125 0.08203125 0.115625 0.0609375
3 0.16015625 0.528125 0.0734375 0.071875
3 0.57734375 0.915625 0.0984375 0.05625
3 0.9328125 0.4796875 0.10625 0.071875
3 0.88359375 0.43125 0.1109375 0.06875
3 0.79609375 0.5453125 0.0921875 0.078125
3 0.0578125 0.69453125 0.084375 0.059375
3 0.74765625 0.62890625 0.078125 0.078125
3 0.396875 0.7546875 0.084375 0.084375
3 0.66953125 0.0359375 0.0796875 0.071875
3 0.22734375 0.4453125 0.084375 0.05