3 0.18828125 0.1578125 0.0734375 0.071875
3 0.4296875 0.621875 0.071875 0.071875
3 0.25078125 0.11015625 0.0609375 0.0828125
3 0.57421875 0.46328125 0.071875 0.103125
3 0.33125 0.1703125 0.078125 0.0796875
3 0.33046875 0.778125 0.075 0.075
3 0.43359375 0.125 0.0703125 0.09375
3 0.190625 0.92109375 0.075 0.075
3 0.815625 0.2140625 0.075 0.075
3 0.44921875 0.37890625 0.090625 0.090625
3 0.6984375 0.31015625 0.071875 0.0984375
3 0.10390625 0.2078125 0.0796875 0.0796875
3 0.09296875 0.80859375 0.071875 0.071875
3 0.36015625 0.1046875 0.075 0.075
3 0.1125 0.51015625 0.071875 0.096875
3 0.33671875 0.603125 0.0609375 0.084375
3 0.634375 0.12421875 0.0828125 0.084375
3 0.7953125 0.09609375 0.08125 0.0796875
3 0.825 0.81171875 0.078125 0.078125
3 0.7640625 0.73359375 0.071875 0.0953125
3 0.54375 0.090625 0.06875 0.1
3 0.87734375 0.58203125 0.0671875 0.0921875
3 0.85390625 0.44609375 0.090625 0.090625
3 0.475 0.50625 0.0625 0.08125
3 0.040625 0.51640625 0.078125 0.0796875
3 0.43671875 0.2375 0.065625 0.084375
3 0.15 0.66171875 0.0625 0.0828125
3 0.7421875 0.50546875 0.0875 0.0875
3 0.6625 0.83125 0.0875 0.0875
3 0.35 0.2953125 0.05625 0.09375
3 0.8859375 0.25078125 0.065625 0.1015625
3 0.0375 0.8984375 0.075 0.078125
3 0.53203125 0.60078125 0.059375 0.0921875
3 0.36796875 0.8640625 0.065625 0.1
3 0.7890625 0.65703125 0.0765625 0.078125
3 0.48125 0.8546875 0.08125 0.08125
3 0.85390625 0.68828125 0.0703125 0.0703125
3 0.05 0.25390625 0.0734375 0.075
3 0.69375 0.46328125 0.0765625 0.0765625
3 0.53359375 0.396875 0.071875 0.071875
3 0.86171875 0.0625 0.08125 0.0796875
3 0.4375 0.9265625 0.065625 0.084375
3 0.90859375 0.10546875 0.078125 0.0984375
3 0.30625 0.828125 0.084375 0.084375
3 0.09453125 0.70078125 0.078125 0.078125
3 0.1 0.621875 0.06875 0.0875
3 0.8546875 0.940625 0.0625 0.0625
6 0.74296875 0.20234375 0.0984375 0.0984375
3 0.40859375 0.31484375 0.0703125 0.06875
3 0.1546875 0.74296875 0.0796875 0.08125
3 0.8921875 0.76328125 0.071875 0.0734375
3 0.17734375 0.0609375 0.0578125 0.075