3 0.28359375 0.34453125 0.0875 0.0875
3 0.35234375 0.93203125 0.078125 0.078125
3 0.7109375 0.57109375 0.071875 0.071875
3 0.09375 0.44296875 0.078125 0.0953125
3 0.8828125 0.2953125 0.071875 0.090625
3 0.38984375 0.2046875 0.065625 0.084375
3 0.24296875 0.48671875 0.0703125 0.0921875
3 0.90703125 0.51484375 0.0640625 0.0875
3 0.08046875 0.896875 0.075 0.075
3 0.115625 0.834375 0.078125 0.078125
3 0.565625 0.5640625 0.075 0.103125
3 0.94375 0.8609375 0.06875 0.0875
3 0.5375 0.109375 0.090625 0.090625
3 0.33359375 0.440625 0.0734375 0.1
3 0.63359375 0.53359375 0.0640625 0.0984375
3 0.503125 0.46640625 0.078125 0.0921875
3 0.6109375 0.75234375 0.071875 0.0921875
3 0.8609375 0.70625 0.0921875 0.0921875
3 0.59296875 0.40078125 0.0734375 0.0734375
3 0.5625 0.24921875 0.078125 0.078125
3 0.35703125 0.74453125 0.0796875 0.103125
3 0.17265625 0.38671875 0.0703125 0.0921875
3 0.6828125 0.70546875 0.08125 0.0828125
3 0.94453125 0.10546875 0.084375 0.084375
3 0.71171875 0.79765625 0.084375 0.084375
3 0.1671875 0.2875 0.0765625 0.0765625
3 0.2328125 0.7265625 0.084375 0.084375
3 0.115625 0.04921875 0.0828125 0.0828125
3 0.05 0.79765625 0.075 0.096875
3 0.13671875 0.61953125 0.0671875 0.0828125
3 0.21328125 0.93828125 0.0703125 0.0984375
3 0.3828125 0.28203125 0.065625 0.0796875
3 0.3765625 0.178125 0.06875 0.084375
3 0.03671875 0.725 0.0640625 0.075
3 0.803125 0.090625 0.071875 0.071875
3 0.57109375 0.934375 0.0875 0.0875
3 0.78984375 0.434375 0.0734375 0.1
3 0.83515625 0.62421875 0.0796875 0.0984375
3 0.3421875 0.30078125 0.078125 0.1046875
3 0.940625 0.29921875 0.0875 0.1078125
3 0.046875 0.50078125 0.05625 0.0890625
3 0.4453125 0.14296875 0.084375 0.084375
3 0.19609375 0.71015625 0.071875 0.1015625
3 0.20625 0.8640625 0.090625 0.090625
3 0.64296875 0.43515625 0.084375 0.084375
3 0.65546875 0.6109375 0.0734375 0.078125
3 0.55 0.70390625 0.065625 0.065625
3 0.62578125 0.6828125 0.071875 0.071875
3 0.4984375 0.184375 0.078125 0.078125
3 0.53828125 0.63984375 0.0953125 0.0953125
3 0.665625 0.8609375 0.05625 0.078125
3 0.44375 0.24140625 0.09375 0.09375
3 0.70703125 0.4765625 0.078125 0.115625
3 0.57890625 0.490625 0.06875 0.06875
3 0.84921875 0.8015625 0.0859375 0.0859375
3 0.73671875 0.37421875 0.084375 0.084375
3 0.0546875 0.6640625 0.075 0.090625
4 0.609375 0.84609375 0.084375 0.096875
3 0.78671875 0.87109375 0.0796875 0.0796875
3 0.165625 0.42109375 0.08125 0.08125
6 0.3625 0.08515625 0.10625 0.1015625
3 0.728125 0.8828125 0.0625 0.078125
3 0.809375 0.9453125 0.06875 0.075
3 0.565625 0.828125 0.078125 0.09375
6 0.859375 0.1921875 0.0953125 0.0953125
6 0.44375 0.49140625 0.08125 0.1046875
6 0.1375 0.13671875 0.084375 0.1203125
6 0.26484375 0.09296875 0.0953125 0.0953125
6 0.8453125 0.3625 0.1171875 0.1171875
4 0.4890625 0.9015625 0.115625 0.115625
6 0.7796875 0.79765625 0.096875 0.096875
6 0.13046875 0.703125 0.0828125 0.1125
3 0.721875 0.41328125 0.084375 0.084375
3 0.80546875 0.5046875 0.0671875 0.06875
3 0.8140625 0.77265625 0.0734375 0.071875
3 0.6828125 0.7609375 0.0625 0.084375
3 0.421875 0.43984375 0.0734375 0.0734375
3 0.50390625 0.61953125 0.0796875 0.0890625
3 0.9703125 0.696875 0.053125 0.08125
3 0.86015625 0.12421875 0.0703125 0.0703125
3 0.18515625 0.1140625 0.06875 0.0671875
3 0.87265625 0.15234375 0.0765625 0.075