3 0.71640625 0.65546875 0.0734375 0.1015625
3 0.64765625 0.06796875 0.078125 0.078125
3 0.2890625 0.42890625 0.071875 0.071875
3 0.90625 0.55703125 0.078125 0.0953125
3 0.1171875 0.7046875 0.08125 0.08125
3 0.61015625 0.7953125 0.065625 0.084375
3 0.75703125 0.51328125 0.08125 0.08125
3 0.09296875 0.48515625 0.0640625 0.0875
3 0.91953125 0.103125 0.075 0.075
3 0.884375 0.165625 0.078125 0.078125
3 0.434375 0.4359375 0.0890625 0.0890625
3 0.05625 0.1390625 0.06875 0.0875
3 0.4625 0.890625 0.08125 0.1
3 0.66640625 0.559375 0.0859375 0.0875
3 0.36640625 0.46640625 0.0640625 0.0984375
3 0.496875 0.53359375 0.078125 0.0921875
3 0.3890625 0.24765625 0.0828125 0.08125
3 0.1390625 0.29375 0.08125 0.103125
3 0.40703125 0.59921875 0.0734375 0.0734375
3 0.4375 0.75078125 0.078125 0.078125
3 0.64296875 0.25546875 0.0921875 0.090625
3 0.82734375 0.61328125 0.08125 0.08125
3 0.3171875 0.29453125 0.071875 0.0921875
3 0.05546875 0.89453125 0.0765625 0.0921875
3 0.28828125 0.20234375 0.084375 0.084375
3 0.8328125 0.7125 0.06875 0.084375
3 0.7671875 0.2734375 0.084375 0.084375
3 0.884375 0.95078125 0.075 0.0921875
3 0.95 0.20234375 0.075 0.096875
3 0.86328125 0.38046875 0.075 0.075
3 0.78671875 0.06171875 0.084375 0.084375
3 0.6171875 0.71796875 0.071875 0.071875
3 0.6234375 0.821875 0.0765625 0.0765625
3 0.96328125 0.275 0.06875 0.06875
3 0.196875 0.909375 0.0625 0.08125
3 0.42890625 0.065625 0.0875 0.0875
3 0.21015625 0.565625 0.0875 0.0875
3 0.16484375 0.37578125 0.0796875 0.0984375
3 0.6578125 0.69921875 0.078125 0.1046875
3 0.059375 0.70078125 0.0984375 0.0984375
3 0.953125 0.49921875 0.05625 0.0890625
3 0.5546875 0.85703125 0.0859375 0.084375
3 0.80390625 0.28984375 0.0875 0.0875
3 0.79375 0.1359375 0.078125 0.103125
3 0.35703125 0.56484375 0.084375 0.084375
3 0.34453125 0.3890625 0.0734375 0.078125
3 0.45 0.29609375 0.0625 0.0703125
3 0.37421875 0.3171875 0.0671875 0.078125
3 0.5015625 0.815625 0.065625 0.090625
3 0.46171875 0.36015625 0.0796875 0.1109375
3 0.334375 0.1390625 0.05625 0.078125
3 0.55625 0.75859375 0.078125 0.1109375
3 0.29296875 0.5234375 0.078125 0.115625
3 0.42109375 0.509375 0.0640625 0.075
3 0.15078125 0.1984375 0.0734375 0.096875
3 0.26328125 0.62578125 0.0671875 0.1015625
3 0.9453125 0.3359375 0.075 0.090625
4 0.390625 0.15390625 0.084375 0.096875
3 0.21328125 0.12890625 0.0703125 0.0890625
3 0.834375 0.57890625 0.08125 0.08125
6 0.6375 0.91484375 0.10625 0.1015625
3 0.271875 0.1171875 0.0703125 0.0703125
3 0.190625 0.0546875 0.071875 0.071875
3 0.434375 0.171875 0.0859375 0.0859375
6 0.140625 0.8078125 0.09375 0.096875
6 0.55625 0.50859375 0.09375 0.0921875
6 0.8625 0.86328125 0.103125 0.103125
6 0.73515625 0.90703125 0.0953125 0.0953125
6 0.1546875 0.6375 0.1171875 0.1171875
4 0.5109375 0.0984375 0.1171875 0.115625
6 0.2203125 0.20234375 0.06875 0.1234375
6 0.86953125 0.296875 0.0828125 0.1125
3 0.278125 0.58671875 0.084375 0.084375
3 0.19453125 0.4953125 0.0671875 0.06875
3 0.1859375 0.22734375 0.059375 0.0859375
3 0.3171875 0.2390625 0.0625 0.084375
3 0.578125 0.56015625 0.0734375 0.0734375
3 0.49609375 0.38046875 0.0796875 0.0890625
3 0.03203125 0.30234375 0.0640625 0.0671875
3 0.13984375 0.87578125 0.0703125 0.0703125
3 0.81484375 0.8859375 0.0484375 0.0875
3 0.12734375 0.84765625 0.0765625 0.075