3 0.71640625 0.34453125 0.0734375 0.1015625
3 0.64765625 0.93203125 0.078125 0.078125
3 0.2890625 0.57109375 0.065625 0.0796875
3 0.90625 0.44296875 0.078125 0.0953125
3 0.1171875 0.2953125 0.08125 0.08125
3 0.61015625 0.2046875 0.065625 0.084375
3 0.75703125 0.48671875 0.08125 0.08125
3 0.09296875 0.51484375 0.0640625 0.0875
3 0.91953125 0.896875 0.075 0.075
3 0.884375 0.834375 0.078125 0.078125
3 0.434375 0.5640625 0.075 0.103125
3 0.05625 0.8609375 0.06875 0.0875
3 0.4625 0.109375 0.08125 0.1
3 0.66640625 0.440625 0.0859375 0.0875
3 0.36640625 0.53359375 0.0640625 0.0984375
3 0.496875 0.46640625 0.084375 0.0859375
3 0.3890625 0.75234375 0.071875 0.0921875
3 0.1390625 0.70625 0.08125 0.103125
3 0.40703125 0.40078125 0.0734375 0.0734375
3 0.4375 0.24921875 0.06875 0.0875
3 0.64296875 0.74453125 0.0796875 0.103125
3 0.82734375 0.38671875 0.08125 0.08125
3 0.3171875 0.70546875 0.071875 0.0921875
3 0.05546875 0.10546875 0.0765625 0.0921875
3 0.28828125 0.79765625 0.084375 0.084375
3 0.8328125 0.2875 0.06875 0.084375
3 0.7671875 0.7265625 0.084375 0.084375
3 0.884375 0.04921875 0.075 0.0921875
3 0.95 0.79765625 0.075 0.096875
3 0.86328125 0.61953125 0.075 0.075
3 0.78671875 0.93828125 0.0703125 0.0984375
3 0.6171875 0.28203125 0.065625 0.0796875
3 0.6234375 0.178125 0.0765625 0.0765625
3 0.96328125 0.725 0.06875 0.06875
3 0.196875 0.090625 0.0625 0.08125
3 0.42890625 0.934375 0.0671875 0.10625
3 0.21015625 0.434375 0.0734375 0.1
3 0.16484375 0.62421875 0.0890625 0.0890625
3 0.6578125 0.30078125 0.090625 0.0921875
3 0.059375 0.29921875 0.0875 0.1078125
3 0.953125 0.50078125 0.071875 0.071875
3 0.5546875 0.14296875 0.0859375 0.084375
3 0.80390625 0.71015625 0.0875 0.0875
3 0.79375 0.8640625 0.078125 0.103125
3 0.35703125 0.43515625 0.084375 0.084375
3 0.34453125 0.6109375 0.0734375 0.078125
3 0.45 0.70390625 0.065625 0.065625
3 0.37421875 0.6828125 0.0671875 0.078125
3 0.5015625 0.184375 0.065625 0.090625
3 0.46171875 0.63984375 0.0796875 0.1109375
3 0.334375 0.8609375 0.06875 0.0671875
3 0.55625 0.24140625 0.09375 0.09375
3 0.29296875 0.4765625 0.096875 0.096875
3 0.42109375 0.490625 0.06875 0.06875
3 0.15078125 0.8015625 0.0734375 0.096875
3 0.26328125 0.37421875 0.084375 0.084375
3 0.9453125 0.6640625 0.075 0.090625
4 0.390625 0.84609375 0.084375 0.096875
3 0.21328125 0.87109375 0.0796875 0.0796875
3 0.834375 0.42109375 0.075 0.0875
6 0.6375 0.08515625 0.1046875 0.1046875
3 0.271875 0.8828125 0.0625 0.078125
3 0.190625 0.9453125 0.071875 0.071875
3 0.434375 0.828125 0.0859375 0.0859375
6 0.140625 0.1921875 0.0953125 0.0953125
6 0.55625 0.49140625 0.08125 0.1046875
6 0.8625 0.13671875 0.084375 0.1203125
6 0.73515625 0.09296875 0.0953125 0.0953125
6 0.1546875 0.3625 0.1171875 0.1171875
4 0.5109375 0.9015625 0.103125 0.128125
6 0.2203125 0.79765625 0.06875 0.1234375
6 0.86953125 0.703125 0.0828125 0.1125
3 0.278125 0.41328125 0.084375 0.084375
3 0.19453125 0.5046875 0.06875 0.0671875
3 0.1859375 0.77265625 0.0734375 0.071875
3 0.3171875 0.7609375 0.0625 0.084375
3 0.578125 0.43984375 0.0734375 0.0734375
3 0.49609375 0.61953125 0.0796875 0.0890625
3 0.03203125 0.69765625 0.0640625 0.0671875
3 0.13984375 0.12421875 0.0640625 0.0765625
3 0.81484375 0.1140625 0.0484375 0.0875
3 0.12734375 0.15234375 0.0640625 0.0875