3 0.55859375 0.115625 0.0765625 0.075
3 0.93515625 0.6203125 0.0609375 0.084375
3 0.06796875 0.203125 0.075 0.075
3 0.13125 0.69453125 0.065625 0.0875
3 0.7515625 0.16796875 0.065625 0.0859375
3 0.4546875 0.31953125 0.0625 0.0859375
3 0.896875 0.425 0.08125 0.0828125
3 0.146875 0.7734375 0.078125 0.078125
3 0.225 0.24765625 0.078125 0.078125
3 0.16796875 0.29140625 0.0578125 0.0921875
3 0.73203125 0.56796875 0.0703125 0.0875
3 0.59921875 0.83515625 0.078125 0.078125
3 0.440625 0.84296875 0.0703125 0.0890625
3 0.828125 0.33671875 0.0625 0.1015625
3 0.43046875 0.121875 0.0515625 0.0875
3 0.85234375 0.2328125 0.0796875 0.084375
3 0.82109375 0.69609375 0.0671875 0.0890625
0 0.6796875 0.19453125 0.096875 0.096875
3 0.86328125 0.10703125 0.0484375 0.1234375
3 0.76171875 0.49453125 0.0875 0.0875
3 0.53359375 0.934375 0.084375 0.084375
3 0.16640625 0.44296875 0.078125 0.078125
0 0.34375 0.70703125 0.08125 0.1046875
3 0.221875 0.640625 0.0640625 0.090625
3 0.4203125 0.9453125 0.071875 0.090625
3 0.56484375 0.6953125 0.0609375 0.084375
3 0.87265625 0.84375 0.0609375 0.10625
3 0.2578125 0.69140625 0.0796875 0.08125
3 0.48359375 0.64375 0.0546875 0.078125
3 0.62734375 0.259375 0.06875 0.06875
3 0.95625 0.796875 0.06875 0.10625
3 0.66640625 0.840625 0.0578125 0.096875
3 0.815625 0.84765625 0.0625 0.0765625
3 0.52578125 0.590625 0.0703125 0.071875
3 0.1640625 0.13984375 0.0625 0.1046875
3 0.22734375 0.7890625 0.0796875 0.078125
3 0.575 0.52109375 0.05625 0.090625
3 0.484375 0.1203125 0.0625 0.096875
3 0.87734375 0.28984375 0.0671875 0.0859375
3 0.846875 0.78671875 0.0828125 0.0828125
3 0.09609375 0.471875 0.0546875 0.078125
6 0.82890625 0.13828125 0.0890625 0.1015625
3 0.63125 0.52109375 0.065625 0.0984375
3 0.546875 0.3984375 0.08125 0.08125
3 0.565625 0.63046875 0.075 0.078125
4 0.9078125 0.12421875 0.0859375 0.0859375
3 0.65859375 0.4578125 0.0609375 0.096875
3 0.70546875 0.36015625 0.08125 0.08125
3 0.621875 0.45390625 0.075 0.075