3 0.55859375 0.884375 0.075 0.075
3 0.93515625 0.3796875 0.0609375 0.084375
3 0.06796875 0.796875 0.0625 0.0875
3 0.13125 0.30546875 0.0765625 0.0765625
3 0.7515625 0.83203125 0.075 0.075
3 0.4546875 0.68046875 0.0625 0.0859375
3 0.896875 0.575 0.06875 0.09375
3 0.146875 0.2265625 0.078125 0.078125
3 0.225 0.75234375 0.078125 0.078125
3 0.16796875 0.70859375 0.0578125 0.0921875
3 0.73203125 0.43203125 0.0703125 0.0875
3 0.59921875 0.16484375 0.078125 0.078125
3 0.440625 0.15703125 0.0796875 0.078125
3 0.828125 0.66328125 0.0625 0.1015625
3 0.43046875 0.878125 0.0703125 0.06875
3 0.85234375 0.7671875 0.0796875 0.084375
3 0.82109375 0.30390625 0.0671875 0.0890625
0 0.6796875 0.80546875 0.071875 0.1203125
3 0.86328125 0.89296875 0.0484375 0.1234375
3 0.76171875 0.50546875 0.0875 0.0875
3 0.53359375 0.065625 0.0703125 0.096875
3 0.16640625 0.55703125 0.0671875 0.0890625
0 0.34375 0.29296875 0.08125 0.1046875
3 0.221875 0.359375 0.0765625 0.0765625
3 0.4203125 0.0546875 0.071875 0.090625
3 0.56484375 0.3046875 0.0609375 0.084375
3 0.87265625 0.15625 0.0609375 0.10625
3 0.2578125 0.30859375 0.071875 0.0890625
3 0.48359375 0.35625 0.0671875 0.065625
3 0.62734375 0.740625 0.06875 0.06875
3 0.95625 0.203125 0.0875 0.0875
3 0.66640625 0.159375 0.0578125 0.096875
3 0.815625 0.15234375 0.0625 0.0765625
3 0.52578125 0.409375 0.0609375 0.08125
3 0.1640625 0.86015625 0.0625 0.1046875
3 0.22734375 0.2109375 0.078125 0.078125
3 0.575 0.47890625 0.05625 0.090625
3 0.484375 0.8796875 0.0625 0.096875
3 0.87734375 0.71015625 0.0671875 0.0859375
3 0.846875 0.21328125 0.0828125 0.0828125
3 0.09609375 0.528125 0.065625 0.0671875
6 0.82890625 0.86171875 0.0890625 0.1015625
3 0.63125 0.47890625 0.065625 0.0984375
3 0.546875 0.6015625 0.059375 0.103125
3 0.565625 0.36953125 0.075 0.078125
4 0.9078125 0.87578125 0.059375 0.1140625
3 0.65859375 0.5421875 0.0609375 0.096875
3 0.70546875 0.63984375 0.08125 0.08125
3 0.621875 0.54609375 0.059375 0.090625