3 0.834375 0.51484375 0.08125 0.0875
3 0.86640625 0.18359375 0.0734375 0.1015625
3 0.1296875 0.08359375 0.09375 0.09375
3 0.5828125 0.52890625 0.084375 0.084375
3 0.84375 0.4375 0.084375 0.0859375
1 0.78203125 0.16484375 0.0609375 0.090625
3 0.40234375 0.64453125 0.0890625 0.0890625
3 0.09765625 0.91796875 0.0859375 0.1078125
3 0.9265625 0.0625 0.084375 0.090625
3 0.66953125 0.6046875 0.0859375 0.1
3 0.8421875 0.67109375 0.084375 0.103125
3 0.65859375 0.27421875 0.0625 0.0890625
3 0.7921875 0.34453125 0.0828125 0.0828125
3 0.21328125 0.7734375 0.078125 0.109375
3 0.62578125 0.05390625 0.0765625 0.0953125
3 0.63984375 0.4734375 0.0828125 0.096875
3 0.8765625 0.6078125 0.078125 0.09375
3 0.28671875 0.2625 0.0921875 0.0921875
3 0.76484375 0.04375 0.0796875 0.0875
3 0.553125 0.3203125 0.0625 0.121875
3 0.384375 0.56640625 0.09375 0.0828125
3 0.9578125 0.7390625 0.059375 0.084375
3 0.746875 0.85078125 0.084375 0.0890625
3 0.32734375 0.7984375 0.0890625 0.090625
3 0.665625 0.74296875 0.1 0.1