3 0.51484375 0.165625 0.084375 0.084375
3 0.18359375 0.13359375 0.0875 0.0875
3 0.08359375 0.8703125 0.09375 0.09375
3 0.52890625 0.4171875 0.084375 0.084375
3 0.4375 0.15625 0.090625 0.08125
1 0.16484375 0.21796875 0.075 0.0765625
3 0.64453125 0.59765625 0.0890625 0.0890625
3 0.91796875 0.90234375 0.096875 0.096875
3 0.0625 0.0734375 0.090625 0.084375
3 0.6046875 0.33046875 0.0921875 0.09375
3 0.67109375 0.1578125 0.103125 0.084375
3 0.27421875 0.34140625 0.0765625 0.075
3 0.34453125 0.2078125 0.096875 0.06875
3 0.7734375 0.78671875 0.109375 0.078125
3 0.05390625 0.37421875 0.0953125 0.0765625
3 0.4734375 0.36015625 0.090625 0.0890625
3 0.6078125 0.1234375 0.0859375 0.0859375
3 0.2625 0.71328125 0.09375 0.0921875
3 0.04375 0.23515625 0.0828125 0.084375
3 0.3203125 0.446875 0.121875 0.0625
3 0.56640625 0.615625 0.0890625 0.0890625
3 0.7390625 0.0421875 0.084375 0.059375
3 0.85078125 0.253125 0.0875 0.0875
3 0.7984375 0.67265625 0.090625 0.0890625
3 0.74296875 0.334375 0.1 0.1