3 0.428125 0.128125 0.075 0.075
3 0.8375 0.7140625 0.075 0.09375
3 0.21328125 0.79609375 0.084375 0.084375
3 0.1078125 0.8796875 0.071875 0.090625
3 0.72421875 0.67890625 0.0828125 0.0828125
3 0.70625 0.56484375 0.059375 0.0953125
3 0.65234375 0.77421875 0.0890625 0.0890625
3 0.68359375 0.3640625 0.0734375 0.075
3 0.5234375 0.80859375 0.053125 0.096875
3 0.5890625 0.83203125 0.078125 0.078125
3 0.6171875 0.94921875 0.078125 0.0828125
3 0.64140625 0.62734375 0.0828125 0.0890625
3 0.33203125 0.78203125 0.0671875 0.0796875
3 0.35859375 0.4859375 0.0828125 0.084375
3 0.078125 0.5390625 0.075 0.075
3 0.8015625 0.2125 0.090625 0.075
3 0.39765625 0.7421875 0.0703125 0.084375
3 0.046875 0.6203125 0.075 0.0625
3 0.14765625 0.52109375 0.078125 0.078125
3 0.47421875 0.88203125 0.09375 0.0765625
3 0.09140625 0.79921875 0.0796875 0.0671875
3 0.4984375 0.471875 0.0796875 0.0796875
3 0.57890625 0.23515625 0.08125 0.08125
3 0.27421875 0.2234375 0.0796875 0.09375
3 0.2484375 0.1265625 0.078125 0.1
3 0.60390625 0.56328125 0.0671875 0.0875
3 0.1375 0.390625 0.08125 0.08125
3 0.690625 0.24375 0.06875 0.096875
3 0.45546875 0.803125 0.0890625 0.0890625
3 0.2234375 0.7109375 0.078125 0.096875
3 0.16328125 0.20390625 0.0671875 0.103125
3 0.80234375 0.0921875 0.075 0.075
3 0.334375 0.084375 0.08125 0.08125
3 0.05 0.1890625 0.075 0.0875
3 0.565625 0.903125 0.090625 0.08125
3 0.87734375 0.76953125 0.084375 0.084375
3 0.778125 0.51171875 0.075 0.075
3 0.49609375 0.67578125 0.0859375 0.0859375
3 0.39140625 0.05390625 0.0546875 0.1078125
3 0.45546875 0.4296875 0.0796875 0.084375
3 0.503125 0.2796875 0.084375 0.084375
3 0.89296875 0.6703125 0.0890625 0.08125
3 0.7984375 0.30625 0.09375 0.0875
3 0.92265625 0.5921875 0.0734375 0.090625
3 0.0953125 0.04453125 0.0890625 0.0890625
3 0.8359375 0.87734375 0.0875 0.0875
3 0.17890625 0.2984375 0.0703125 0.10625
3 0.703125 0.478125 0.0828125 0.0828125
3 0.196875 0.17109375 0.1015625 0.103125
3 0.8140625 0.58203125 0.08125 0.0921875
3 0.61328125 0.70703125 0.084375 0.084375
3 0.059375 0.390625 0.0828125 0.0828125
3 0.89609375 0.36796875 0.0828125 0.1078125
3 0.1625 0.6015625 0.090625 0.084375
3 0.30546875 0.3265625 0.084375 0.0875
3 0.5515625 0.42265625 0.0890625 0.0890625