3 0.65859375 0.12578125 0.0875 0.0875
3 0.95234375 0.38046875 0.084375 0.084375
3 0.51640625 0.7546875 0.0765625 0.1
3 0.625 0.1859375 0.078125 0.1
3 0.04375 0.47265625 0.0875 0.103125
3 0.63203125 0.69921875 0.0984375 0.0984375
3 0.246875 0.32578125 0.08125 0.0921875
3 0.1359375 0.3546875 0.084375 0.084375
3 0.2796875 0.1765625 0.078125 0.115625
3 0.26171875 0.8109375 0.0875 0.0859375
3 0.10703125 0.9203125 0.0765625 0.075
3 0.121875 0.6515625 0.05625 0.09375
3 0.2828125 0.71484375 0.084375 0.0984375
3 0.48125 0.42109375 0.078125 0.0890625
3 0.25390625 0.22890625 0.0875 0.0875
3 0.725 0.80390625 0.08125 0.1109375
3 0.94296875 0.12890625 0.0765625 0.1046875
3 0.7 0.40234375 0.0953125 0.096875
3 0.1265625 0.83359375 0.078125 0.1015625
3 0.8234375 0.10625 0.084375 0.109375
3 0.328125 0.49609375 0.0859375 0.0875
3 0.43671875 0.27109375 0.0828125 0.1140625
3 0.1796875 0.421875 0.071875 0.071875
3 0.44765625 0.09140625 0.1015625 0.1
3 0.565625 0.24453125 0.08125 0.090625
3 0.58984375 0.54609375 0.0875 0.0875
6 0.1796875 0.52265625 0.084375 0.1171875
3 0.146875 0.24453125 0.075 0.0921875
3 0.7484375 0.08359375 0.075 0.1015625
3 0.4875 0.578125 0.0875 0.0875
3 0.2015625 0.13046875 0.0875 0.0875
3 0.77734375 0.63828125 0.0765625 0.0875
3 0.0859375 0.23203125 0.08125 0.1140625
3 0.396875 0.7515625 0.090625 0.0921875
3 0.7015625 0.24375 0.0875 0.0875
3 0.434375 0.51796875 0.0890625 0.090625
3 0.759375 0.31953125 0.075 0.0984375
3 0.8578125 0.62109375 0.1 0.1
3 0.47734375 0.64765625 0.084375 0.084375
3 0.06171875 0.3734375 0.0796875 0.1
3 0.57421875 0.2984375 0.090625 0.090625
3 0.87265625 0.76015625 0.084375 0.084375
3 0.375 0.62421875 0.084375 0.084375
3 0.1734375 0.92890625 0.08125 0.08125
3 0.075 0.69609375 0.065625 0.1171875
3 0.50625 0.4953125 0.0796875 0.0796875
3 0.2296875 0.48984375 0.08125 0.0828125
3 0.32109375 0.61796875 0.08125 0.08125
3 0.49375 0.33984375 0.09375 0.09375
3 0.6921875 0.346875 0.08125 0.08125
3 0.18515625 0.603125 0.08125 0.0875