3 0.29375 0.71328125 0.065625 0.0921875
3 0.58125 0.31484375 0.0875 0.0875
3 0.77890625 0.9515625 0.0796875 0.08125
3 0.228125 0.3375 0.0875 0.096875
3 0.059375 0.05703125 0.0875 0.0875
3 0.65625 0.91796875 0.0859375 0.0859375
3 0.46015625 0.14453125 0.090625 0.090625
3 0.62265625 0.8640625 0.0765625 0.090625
3 0.5375 0.25625 0.075 0.1125
3 0.27578125 0.0734375 0.0734375 0.09375
3 0.3515625 0.23125 0.0890625 0.0890625
3 0.53828125 0.07265625 0.0734375 0.0953125
3 0.93828125 0.63125 0.0703125 0.096875
3 0.91015625 0.53515625 0.0890625 0.0890625
3 0.7453125 0.80703125 0.078125 0.078125
3 0.51796875 0.8109375 0.084375 0.0859375
3 0.91484375 0.30234375 0.0796875 0.0921875
3 0.08046875 0.58203125 0.0859375 0.0953125
3 0.246875 0.2296875 0.084375 0.084375
3 0.95546875 0.35859375 0.08125 0.08125
3 0.10546875 0.25234375 0.1015625 0.103125
3 0.85078125 0.06015625 0.0671875 0.0921875
3 0.18828125 0.8640625 0.090625 0.090625
3 0.5453125 0.94609375 0.0875 0.0890625
3 0.4953125 0.2109375 0.078125 0.078125
3 0.08203125 0.946875 0.0796875 0.10625
3 0.490625 0.559375 0.0828125 0.08125
3 0.7515625 0.3171875 0.071875 0.10625
3 0.66484375 0.41015625 0.075 0.0953125
3 0.609375 0.68359375 0.06875 0.0828125
3 0.9453125 0.94765625 0.06875 0.090625
3 0.915625 0.11328125 0.0890625 0.0875
3 0.4703125 0.8171875 0.071875 0.090625
3 0.5078125 0.684375 0.0890625 0.0890625
3 0.32109375 0.3265625 0.0703125 0.071875
3 0.2953125 0.17265625 0.059375 0.0890625
3 0.534375 0.6109375 0.0859375 0.0859375
3 0.92421875 0.21015625 0.09375 0.09375
3 0.19375 0.65703125 0.075 0.0921875
3 0.36328125 0.5734375 0.0765625 0.096875
3 0.375 0.865625 0.0875 0.0875
3 0.95859375 0.725 0.0828125 0.084375
3 0.68046875 0.79140625 0.0609375 0.0796875
3 0.4171875 0.2640625 0.0875 0.0875
3 0.52578125 0.4984375 0.0828125 0.1
6 0.30234375 0.5671875 0.0921875 0.128125
3 0.353125 0.87421875 0.06875 0.0890625
3 0.7921875 0.58203125 0.0796875 0.0796875
3 0.603125 0.76640625 0.08125 0.0890625
3 0.715625 0.728125 0.06875 0.078125
3 0.96015625 0.93359375 0.0765625 0.1015625
3 0.7671875 0.60703125 0.06875 0.0703125
3 0.346875 0.1421875 0.071875 0.071875