3 0.4703125 0.93046875 0.103125 0.0828125
3 0.178125 0.5796875 0.084375 0.084375
3 0.40234375 0.6375 0.0984375 0.08125
3 0.75234375 0.08046875 0.0984375 0.0765625
3 0.22578125 0.08828125 0.09375 0.09375
3 0.70390625 0.1609375 0.0890625 0.0890625
3 0.7359375 0.9328125 0.09375 0.09375
3 0.8734375 0.52578125 0.090625 0.090625
3 0.67265625 0.34453125 0.090625 0.090625
3 0.621875 0.0609375 0.1 0.08125
3 0.071875 0.15859375 0.090625 0.0734375
3 0.20078125 0.3203125 0.0828125 0.0828125
3 0.3609375 0.7125 0.096875 0.075
3 0.253125 0.840625 0.1 0.08125
3 0.93671875 0.415625 0.0984375 0.096875
3 0.05546875 0.4203125 0.0921875 0.09375
3 0.1640625 0.13125 0.0875 0.0875
3 0.6078125 0.1203125 0.096875 0.078125
3 0.46328125 0.3859375 0.0859375 0.075
3 0.5140625 0.15390625 0.09375 0.0921875
3 0.3015625 0.68359375 0.0890625 0.0875
3 0.16015625 0.73515625 0.090625 0.0703125
3 0.29375 0.46484375 0.0890625 0.0875
3 0.5359375 0.6375 0.0875 0.0875
3 0.2890625 0.27265625 0.103125 0.0765625
3 0.6 0.428125 0.096875 0.096875
3 0.06484375 0.8859375 0.0828125 0.0828125
3 0.5484375 0.32265625 0.090625 0.090625
3 0.91875 0.2421875 0.10625 0.075
3 0.396875 0.41796875 0.103125 0.0765625
3 0.73828125 0.246875 0.0953125 0.08125
3 0.1328125 0.3828125 0.096875 0.08125
3 0.215625 0.64140625 0.0875 0.0890625
3 0.3078125 0.328125 0.0828125 0.0828125
6 0.6265625 0.53359375 0.128125 0.0984375
3 0.2546875 0.925 0.0828125 0.0828125
3 0.4578125 0.71640625 0.078125 0.0765625
3 0.33203125 0.2015625 0.09375 0.0921875
3 0.93828125 0.9421875 0.1078125 0.065625
3 0.16953125 0.496875 0.0859375 0.084375
5 0.40390625 0.253125 0.0875 0.0875
3 0.090625 0.50703125 0.08125 0.08125
3 0.83203125 0.04140625 0.0890625 0.0828125
3 0.08515625 0.36796875 0.1046875 0.0859375