3 0.4703125 0.06953125 0.103125 0.0828125
3 0.178125 0.4203125 0.084375 0.084375
3 0.40234375 0.3625 0.0984375 0.08125
3 0.75234375 0.91953125 0.0984375 0.0765625
3 0.22578125 0.91171875 0.1140625 0.0734375
3 0.70390625 0.8390625 0.0890625 0.0890625
3 0.7359375 0.0671875 0.09375 0.09375
3 0.8734375 0.47421875 0.103125 0.0796875
3 0.67265625 0.65546875 0.1109375 0.0703125
3 0.621875 0.9390625 0.090625 0.090625
3 0.071875 0.84140625 0.08125 0.0828125
3 0.20078125 0.6796875 0.0921875 0.071875
3 0.3609375 0.2875 0.0859375 0.0859375
3 0.253125 0.159375 0.1 0.08125
3 0.93671875 0.584375 0.1140625 0.08125
3 0.05546875 0.5796875 0.0921875 0.09375
3 0.1640625 0.86875 0.0875 0.0875
3 0.6078125 0.8796875 0.096875 0.078125
3 0.46328125 0.6140625 0.0859375 0.075
3 0.5140625 0.84609375 0.09375 0.0921875
3 0.3015625 0.31640625 0.0890625 0.0875
3 0.16015625 0.26484375 0.090625 0.0703125
3 0.29375 0.53515625 0.0890625 0.0875
3 0.5359375 0.3625 0.0875 0.0875
3 0.2890625 0.72734375 0.090625 0.090625
3 0.6 0.571875 0.11875 0.075
3 0.06484375 0.1140625 0.0921875 0.071875
3 0.5484375 0.67734375 0.1 0.08125
3 0.91875 0.7578125 0.10625 0.075
3 0.396875 0.58203125 0.090625 0.0890625
3 0.73828125 0.753125 0.0890625 0.0875
3 0.1328125 0.6171875 0.0890625 0.0890625
3 0.215625 0.35859375 0.0875 0.0890625
3 0.3078125 0.671875 0.096875 0.06875
6 0.6265625 0.46640625 0.1125 0.1125
3 0.2546875 0.075 0.0828125 0.0828125
3 0.4578125 0.28359375 0.078125 0.0765625
3 0.33203125 0.7984375 0.1109375 0.075
3 0.93828125 0.0578125 0.0875 0.0875
3 0.16953125 0.503125 0.0859375 0.084375
5 0.40390625 0.746875 0.109375 0.065625
3 0.090625 0.49296875 0.090625 0.0703125
3 0.83125 0.96171875 0.103125 0.075
3 0.08515625 0.63203125 0.0953125 0.0953125