3 0.5296875 0.93046875 0.103125 0.0828125
3 0.821875 0.5796875 0.084375 0.084375
3 0.59765625 0.6375 0.0890625 0.0890625
3 0.24765625 0.08046875 0.0984375 0.0765625
3 0.77421875 0.08828125 0.1140625 0.0734375
3 0.29609375 0.1609375 0.1 0.078125
3 0.2640625 0.9328125 0.09375 0.09375
3 0.1265625 0.52578125 0.103125 0.0796875
3 0.32734375 0.34453125 0.090625 0.090625
3 0.378125 0.0609375 0.1 0.08125
3 0.928125 0.15859375 0.08125 0.0828125
3 0.79921875 0.3203125 0.0921875 0.071875
3 0.6390625 0.7125 0.096875 0.075
3 0.746875 0.840625 0.090625 0.090625
3 0.06328125 0.415625 0.1140625 0.08125
3 0.94453125 0.4203125 0.0921875 0.09375
3 0.8359375 0.13125 0.1 0.075
3 0.3921875 0.1203125 0.0875 0.0875
3 0.53671875 0.3859375 0.08125 0.08125
3 0.4859375 0.15390625 0.09375 0.0921875
3 0.6984375 0.68359375 0.096875 0.0796875
3 0.83984375 0.73515625 0.090625 0.0703125
3 0.70625 0.46484375 0.0890625 0.0875
3 0.4640625 0.6375 0.0875 0.0875
3 0.7109375 0.27265625 0.090625 0.090625
3 0.4 0.428125 0.11875 0.075
3 0.93515625 0.8859375 0.0828125 0.0828125
3 0.4515625 0.32265625 0.1 0.08125
3 0.08125 0.2421875 0.10625 0.075
3 0.603125 0.41796875 0.090625 0.0890625
3 0.26171875 0.246875 0.0890625 0.0875
3 0.8671875 0.3828125 0.0890625 0.0890625
3 0.784375 0.64140625 0.0875 0.0890625
3 0.6921875 0.328125 0.0828125 0.0828125
6 0.3734375 0.53359375 0.1125 0.1125
3 0.7453125 0.925 0.0828125 0.0828125
3 0.5421875 0.71640625 0.084375 0.0703125
3 0.66796875 0.2015625 0.1109375 0.075
3 0.06171875 0.9421875 0.0875 0.0875
3 0.83046875 0.496875 0.0953125 0.075
5 0.59609375 0.253125 0.109375 0.065625
3 0.909375 0.50703125 0.090625 0.0703125
3 0.16796875 0.04140625 0.0890625 0.0828125
3 0.91484375 0.36796875 0.0953125 0.0953125