3 0.4703125 0.7828125 0.0625 0.0875
3 0.86875 0.1640625 0.0703125 0.0703125
3 0.253125 0.909375 0.0703125 0.0703125
3 0.41875 0.1734375 0.075 0.0734375
3 0.3703125 0.246875 0.075 0.075
3 0.18359375 0.25390625 0.0703125 0.0703125
3 0.05 0.5171875 0.0625 0.084375
3 0.26953125 0.60625 0.0859375 0.0859375
3 0.80234375 0.19921875 0.071875 0.071875
4 0.35625 0.0765625 0.075 0.109375
3 0.11875 0.17734375 0.0734375 0.0734375
3 0.0609375 0.2203125 0.0703125 0.0703125
3 0.82421875 0.58671875 0.08125 0.08125
3 0.7171875 0.56484375 0.075 0.0734375
3 0.56171875 0.39140625 0.071875 0.071875
3 0.16953125 0.3625 0.071875 0.071875
3 0.7390625 0.88515625 0.075 0.075
3 0.60546875 0.6765625 0.065625 0.065625
3 0.88125 0.46796875 0.0671875 0.0671875
3 0.190625 0.515625 0.06875 0.0875
3 0.68125 0.9234375 0.071875 0.071875
3 0.2015625 0.6359375 0.065625 0.078125
3 0.7953125 0.915625 0.0703125 0.06875
3 0.865625 0.734375 0.0640625 0.0640625
3 0.93203125 0.48984375 0.071875 0.0734375
3 0.2109375 0.35390625 0.071875 0.0734375
4 0.7375 0.23828125 0.0890625 0.0890625
3 0.23125 0.79296875 0.065625 0.0859375
3 0.56953125 0.61328125 0.0546875 0.0765625
3 0.35 0.4484375 0.06875 0.084375
4 0.190625 0.86484375 0.08125 0.08125
3 0.19375 0.0640625 0.06875 0.084375
3 0.55390625 0.2546875 0.08125 0.08125
3 0.53203125 0.56640625 0.078125 0.078125
3 0.67265625 0.6703125 0.0609375 0.08125
3 0.9625 0.825 0.0625 0.084375
3 0.85390625 0.2578125 0.0640625 0.084375
3 0.803125 0.7109375 0.0625 0.090625
3 0.34296875 0.59765625 0.065625 0.0859375
3 0.90390625 0.875 0.0734375 0.0734375
3 0.90625 0.38515625 0.059375 0.0828125
3 0.73359375 0.37265625 0.0609375 0.0734375
3 0.6859375 0.76015625 0.05625 0.0859375
3 0.2359375 0.6984375 0.071875 0.084375
3 0.68984375 0.171875 0.0703125 0.090625
3 0.76640625 0.3171875 0.0578125 0.08125
3 0.50390625 0.40390625 0.0734375 0.0734375
3 0.4765625 0.44375 0.065625 0.084375
3 0.709375 0.6546875 0.06875 0.090625
3 0.06484375 0.37109375 0.0796875 0.0796875
3 0.9625 0.3484375 0.065625 0.065625
3 0.93046875 0.75859375 0.084375 0.084375
3 0.3609375 0.73203125 0.0625 0.0984375
3 0.0390625 0.95546875 0.06875 0.0890625
3 0.96875 0.5453125 0.0625 0.090625
3 0.92890625 0.04921875 0.078125 0.078125