3 0.34453125 0.9015625 0.084375 0.0625
3 0.11484375 0.33125 0.090625 0.0890625
3 0.47734375 0.81328125 0.0796875 0.0640625
3 0.18984375 0.240625 0.0859375 0.06875
3 0.5359375 0.4265625 0.078125 0.065625
3 0.86953125 0.15625 0.08125 0.08125
3 0.60078125 0.6890625 0.0734375 0.0734375
3 0.47109375 0.6828125 0.096875 0.065625
3 0.44296875 0.3828125 0.0828125 0.08125
3 0.21328125 0.48125 0.1203125 0.065625
3 0.63828125 0.34921875 0.08125 0.08125
3 0.70078125 0.63515625 0.084375 0.0703125
3 0.72578125 0.746875 0.0765625 0.075
3 0.73046875 0.359375 0.0953125 0.071875
3 0.128125 0.15546875 0.08125 0.0796875
3 0.859375 0.7234375 0.0875 0.071875
3 0.8515625 0.44375 0.1 0.075
3 0.89453125 0.0734375 0.0953125 0.078125
3 0.1046875 0.63515625 0.1 0.0734375
3 0.18203125 0.41328125 0.071875 0.071875
3 0.29453125 0.6625 0.0890625 0.06875
3 0.44921875 0.44375 0.0796875 0.05625
3 0.57421875 0.23984375 0.0921875 0.0703125
3 0.18125 0.09765625 0.0859375 0.084375
3 0.265625 0.1640625 0.0890625 0.0890625
3 0.9265625 0.525 0.071875 0.071875
3 0.884375 0.8875 0.075 0.075
3 0.32421875 0.29296875 0.0828125 0.084375
3 0.8046875 0.846875 0.0703125 0.0703125
3 0.709375 0.48125 0.096875 0.06875
3 0.53828125 0.33046875 0.0875 0.06875
3 0.096875 0.70859375 0.084375 0.0828125
3 0.0703125 0.515625 0.078125 0.078125
3 0.4140625 0.51171875 0.090625 0.0734375
3 0.0578125 0.5890625 0.071875 0.075
0 0.678125 0.25546875 0.0921875 0.090625
3 0.34296875 0.51015625 0.0703125 0.0546875
3 0.48046875 0.0421875 0.0796875 0.065625
3 0.3953125 0.27109375 0.109375 0.0703125
3 0.803125 0.9375 0.065625 0.065625
3 0.165625 0.6734375 0.06875 0.065625
3 0.2625 0.21953125 0.075 0.0734375
3 0.86171875 0.29375 0.0703125 0.0875
3 0.815625 0.95859375 0.084375 0.0765625
3 0.82109375 0.2796875 0.0796875 0.0796875
3 0.346875 0.575 0.075 0.08125
3 0.60625 0.73515625 0.0578125 0.05625