3 0.9015625 0.65546875 0.0734375 0.0734375
3 0.33125 0.88515625 0.0890625 0.090625
3 0.81328125 0.52265625 0.071875 0.071875
3 0.240625 0.81015625 0.078125 0.078125
3 0.4265625 0.4640625 0.065625 0.078125
3 0.15625 0.13046875 0.08125 0.0828125
3 0.6890625 0.39921875 0.0734375 0.0734375
3 0.6828125 0.52890625 0.065625 0.096875
3 0.3828125 0.55703125 0.06875 0.0953125
3 0.48125 0.78671875 0.09375 0.09375
3 0.34921875 0.36171875 0.0703125 0.0921875
3 0.63515625 0.29921875 0.0703125 0.084375
3 0.746875 0.27421875 0.06875 0.0828125
3 0.359375 0.26953125 0.084375 0.0828125
3 0.15546875 0.871875 0.0796875 0.08125
3 0.7234375 0.140625 0.071875 0.0875
3 0.44375 0.1484375 0.0875 0.0875
3 0.0734375 0.10546875 0.0875 0.0859375
3 0.63515625 0.8953125 0.0734375 0.1
3 0.41328125 0.81796875 0.0640625 0.078125
3 0.6625 0.70546875 0.06875 0.0890625
3 0.44375 0.55078125 0.05625 0.0796875
3 0.23984375 0.42578125 0.0703125 0.0921875
3 0.09765625 0.81875 0.0734375 0.096875
3 0.1640625 0.734375 0.071875 0.10625
3 0.525 0.0734375 0.071875 0.071875
3 0.8875 0.115625 0.075 0.075
3 0.29296875 0.67578125 0.071875 0.0953125
3 0.846875 0.1953125 0.05625 0.084375
3 0.48125 0.290625 0.06875 0.096875
3 0.33046875 0.46171875 0.06875 0.0875
3 0.70859375 0.903125 0.0828125 0.084375
3 0.515625 0.9296875 0.06875 0.0875
3 0.51171875 0.5859375 0.0828125 0.08125
3 0.5890625 0.9421875 0.0734375 0.0734375
0 0.25546875 0.321875 0.0890625 0.09375
3 0.51015625 0.65703125 0.0625 0.0625
3 0.0421875 0.51953125 0.0734375 0.071875
3 0.27109375 0.6046875 0.0703125 0.109375
3 0.9375 0.196875 0.065625 0.065625
3 0.6734375 0.834375 0.0671875 0.06875
3 0.21953125 0.7375 0.0734375 0.075
3 0.29375 0.13828125 0.078125 0.078125
3 0.95859375 0.184375 0.08125 0.08125
3 0.2796875 0.17890625 0.0875 0.071875
3 0.575 0.653125 0.078125 0.078125
3 0.73515625 0.39375 0.05625 0.0578125