3 0.73046875 0.92734375 0.0796875 0.0796875
3 0.178125 0.88671875 0.096875 0.0640625
3 0.23203125 0.409375 0.1015625 0.071875
3 0.415625 0.55703125 0.084375 0.084375
3 0.52578125 0.528125 0.0828125 0.0828125
3 0.36484375 0.3484375 0.0828125 0.071875
3 0.62890625 0.528125 0.0953125 0.06875
3 0.76171875 0.2390625 0.0890625 0.065625
3 0.5359375 0.7375 0.0734375 0.0734375
3 0.9109375 0.7953125 0.0859375 0.0859375
3 0.31171875 0.259375 0.090625 0.090625
3 0.4484375 0.9359375 0.096875 0.071875
3 0.075 0.084375 0.0875 0.08125
3 0.61484375 0.0828125 0.1078125 0.078125
3 0.396875 0.83125 0.1 0.075
3 0.7515625 0.3328125 0.09375 0.09375
3 0.446875 0.75625 0.09375 0.06875
3 0.784375 0.69296875 0.09375 0.09375
3 0.684375 0.12109375 0.10625 0.0921875
3 0.121875 0.03984375 0.084375 0.0796875
3 0.6546875 0.37421875 0.096875 0.096875
3 0.5828125 0.684375 0.109375 0.08125
3 0.04921875 0.61484375 0.0984375 0.0796875
3 0.35546875 0.0421875 0.1078125 0.078125
3 0.87265625 0.1703125 0.1125 0.090625
5 0.20625 0.7671875 0.1125 0.096875