3 0.6078125 0.7765625 0.103125 0.078125
3 0.79453125 0.75 0.0953125 0.075
3 0.8265625 0.0765625 0.090625 0.090625
3 0.596875 0.70234375 0.0890625 0.0890625
3 0.6953125 0.6828125 0.1 0.084375
3 0.54140625 0.21171875 0.08125 0.08125
3 0.71875 0.11875 0.09375 0.071875
3 0.86015625 0.8265625 0.1015625 0.075
3 0.5171875 0.73203125 0.0875 0.0875
3 0.390625 0.41015625 0.084375 0.084375
3 0.63046875 0.425 0.090625 0.0890625
3 0.528125 0.5296875 0.096875 0.06875
3 0.4265625 0.128125 0.090625 0.075
3 0.2484375 0.31640625 0.103125 0.0765625
3 0.38671875 0.8734375 0.09375 0.09375
3 0.72265625 0.81796875 0.0875 0.0890625
3 0.73046875 0.5171875 0.1 0.078125
3 0.92265625 0.359375 0.0734375 0.075
3 0.93359375 0.7234375 0.1109375 0.078125
3 0.41171875 0.96171875 0.0984375 0.0734375
3 0.52890625 0.3859375 0.090625 0.065625
3 0.43984375 0.6671875 0.0875 0.0890625
3 0.86328125 0.44140625 0.0875 0.0875
3 0.90078125 0.94921875 0.0984375 0.0671875
3 0.3609375 0.1875 0.0828125 0.08125
3 0.81484375 0.96484375 0.0953125 0.06875
0 0.675 0.5796875 0.115625 0.075
3 0.059375 0.64453125 0.078125 0.0828125
3 0.3671875 0.11171875 0.103125 0.06875
3 0.22265625 0.73125 0.0859375 0.0859375
3 0.53984375 0.47734375 0.1140625 0.078125
3 0.7859375 0.65859375 0.0875 0.0875
3 0.12421875 0.15234375 0.065625 0.0671875
3 0.4359375 0.6296875 0.090625 0.090625
3 0.50234375 0.11171875 0.1015625 0.06875
3 0.590625 0.634375 0.08125 0.08125
3 0.4296875 0.26484375 0.0890625 0.090625
3 0.45078125 0.31171875 0.078125 0.078125
3 0.65859375 0.64140625 0.0953125 0.0765625
3 0.509375 0.30625 0.09375 0.075