2 0.4359375 0.5890625 0.071875 0.090625
2 0.4234375 0.30546875 0.06875 0.0921875
2 0.11640625 0.478125 0.0828125 0.0828125
2 0.62109375 0.15234375 0.078125 0.078125
2 0.4921875 0.625 0.065625 0.103125
2 0.53671875 0.24765625 0.0796875 0.0796875
2 0.5328125 0.32265625 0.065625 0.0828125
2 0.1859375 0.35625 0.0796875 0.0796875
2 0.1296875 0.7296875 0.0625 0.0875
2 0.63125 0.24140625 0.0734375 0.0734375
2 0.425 0.88671875 0.06875 0.0953125
2 0.08515625 0.06875 0.084375 0.084375
2 0.32109375 0.63359375 0.075 0.075
2 0.62578125 0.3125 0.08125 0.0796875
2 0.5453125 0.68046875 0.06875 0.0890625
2 0.534375 0.54140625 0.0875 0.0875
2 0.43671875 0.80859375 0.08125 0.08125
2 0.93359375 0.50078125 0.078125 0.078125
2 0.79375 0.09453125 0.084375 0.084375
2 0.384375 0.4375 0.084375 0.084375
2 0.67265625 0.60078125 0.0765625 0.0765625
2 0.6265625 0.83359375 0.065625 0.0890625
2 0.81015625 0.36015625 0.0875 0.0875
2 0.67109375 0.76171875 0.0609375 0.09375
2 0.1984375 0.19453125 0.0796875 0.0796875
2 0.759375 0.90234375 0.0890625 0.0875
2 0.059375 0.6953125 0.08125 0.103125
2 0.39375 0.059375 0.06875 0.090625
2 0.7390625 0.61015625 0.078125 0.096875
2 0.74609375 0.303125 0.0703125 0.09375
2 0.25390625 0.61328125 0.0875 0.0890625
2 0.61875 0.71484375 0.071875 0.071875
2 0.78671875 0.22265625 0.0703125 0.09375
2 0.35546875 0.50703125 0.0625 0.084375
2 0.2953125 0.23046875 0.053125 0.078125
2 0.165625 0.21484375 0.084375 0.084375
2 0.08359375 0.81640625 0.090625 0.090625
2 0.83359375 0.52265625 0.090625 0.090625
2 0.6046875 0.5875 0.0921875 0.0921875
2 0.696875 0.53046875 0.05625 0.0765625
2 0.32421875 0.56328125 0.078125 0.078125
2 0.16484375 0.9453125 0.0890625 0.0890625
2 0.59375 0.93046875 0.09375 0.09375
2 0.371875 0.1234375 0.053125 0.06875
2 0.64921875 0.49609375 0.075 0.0765625
2 0.76796875 0.50859375 0.053125 0.0921875
2 0.396875 0.96171875 0.078125 0.0734375
2 0.5859375 0.509375 0.065625 0.08125
3 0.70703125 0.45078125 0.0703125 0.0796875