3 0.7109375 0.696875 0.071875 0.071875
3 0.26875 0.60703125 0.071875 0.0734375
3 0.7515625 0.21875 0.0734375 0.0734375
3 0.5953125 0.7234375 0.059375 0.078125
3 0.5015625 0.12421875 0.05625 0.0859375
3 0.9234375 0.23515625 0.0734375 0.0734375
3 0.4703125 0.684375 0.071875 0.071875
3 0.753125 0.76484375 0.0625 0.0796875
3 0.58515625 0.5953125 0.0703125 0.0703125
3 0.95 0.07890625 0.08125 0.08125
3 0.14296875 0.58359375 0.071875 0.0734375
3 0.38359375 0.8109375 0.071875 0.071875
3 0.165625 0.65234375 0.065625 0.0859375
3 0.759375 0.91875 0.078125 0.0765625
3 0.5171875 0.5015625 0.0703125 0.0703125
3 0.07578125 0.43359375 0.0734375 0.0828125
3 0.075 0.79609375 0.0625 0.0828125
3 0.3296875 0.9640625 0.06875 0.06875
3 0.88828125 0.07265625 0.0578125 0.0875
3 0.375 0.60859375 0.059375 0.0828125
3 0.0546875 0.0546875 0.0703125 0.0703125
3 0.37109375 0.203125 0.078125 0.0796875
3 0.35625 0.471875 0.0625 0.08125
3 0.22265625 0.10546875 0.0703125 0.096875
3 0.31328125 0.1359375 0.0765625 0.0765625
4 0.53125 0.71328125 0.06875 0.1109375
3 0.6671875 0.47578125 0.06875 0.06875
3 0.09375 0.1015625 0.06875 0.090625
3 0.928125 0.38984375 0.0828125 0.0828125
3 0.434375 0.9078125 0.08125 0.08125
3 0.43046875 0.2375 0.0765625 0.0765625
3 0.83828125 0.62265625 0.0703125 0.071875
3 0.9046875 0.896875 0.065625 0.0875
3 0.103125 0.25859375 0.0859375 0.0859375
3 0.5890625 0.1578125 0.059375 0.075
3 0.0546875 0.18828125 0.08125 0.08125
3 0.13359375 0.2515625 0.0625 0.09375
3 0.796875 0.2421875 0.071875 0.071875
3 0.11640625 0.16953125 0.0609375 0.0796875
3 0.35859375 0.05546875 0.084375 0.084375
3 0.56484375 0.1328125 0.0578125 0.1
4 0.446875 0.16796875 0.075 0.0921875
3 0.9375 0.9359375 0.08125 0.08125