3 0.43828125 0.10859375 0.078125 0.078125
3 0.42265625 0.72734375 0.0578125 0.0890625
3 0.45234375 0.328125 0.0640625 0.08125
3 0.24453125 0.89921875 0.0609375 0.0796875
3 0.11171875 0.6203125 0.0671875 0.090625
3 0.94375 0.12421875 0.0734375 0.0734375
3 0.13828125 0.50390625 0.0640625 0.075
3 0.2640625 0.459375 0.065625 0.08125
3 0.821875 0.30234375 0.075 0.0734375
3 0.040625 0.18359375 0.06875 0.0875
3 0.109375 0.7828125 0.0765625 0.0765625
3 0.84609375 0.16171875 0.0609375 0.0765625
3 0.75625 0.396875 0.065625 0.10625
3 0.309375 0.65859375 0.06875 0.0828125
3 0.21640625 0.06875 0.0765625 0.06875
3 0.92265625 0.6265625 0.078125 0.078125
3 0.8234375 0.07109375 0.08125 0.0796875
3 0.8953125 0.709375 0.065625 0.1125
3 0.2453125 0.12734375 0.084375 0.084375
3 0.575 0.71015625 0.075 0.1046875
3 0.9734375 0.603125 0.053125 0.071875
3 0.28359375 0.73828125 0.084375 0.084375
3 0.5921875 0.840625 0.08125 0.1
3 0.18984375 0.553125 0.0875 0.0875
5 0.2140625 0.65234375 0.10625 0.115625
0 0.49375 0.721875 0.078125 0.115625
0 0.65 0.6140625 0.0875 0.121875