3 0.77421875 0.8703125 0.0734375 0.0734375
3 0.25859375 0.421875 0.0765625 0.078125
3 0.8984375 0.0421875 0.078125 0.078125
3 0.12578125 0.8015625 0.0921875 0.065625
3 0.18359375 0.7203125 0.0734375 0.0734375
3 0.17734375 0.6609375 0.1 0.1015625
3 0.90390625 0.95703125 0.08125 0.08125
3 0.5 0.103125 0.09375 0.075
3 0.84296875 0.36015625 0.0984375 0.0578125
3 0.403125 0.38671875 0.0890625 0.0890625
3 0.75703125 0.7859375 0.0828125 0.084375
3 0.3328125 0.06953125 0.08125 0.08125
3 0.25234375 0.346875 0.0875 0.0890625
3 0.49140625 0.3328125 0.1015625 0.071875
3 0.3421875 0.7328125 0.078125 0.078125
3 0.49921875 0.415625 0.08125 0.08125
3 0.58046875 0.15625 0.0859375 0.0625
4 0.2859375 0.68125 0.109375 0.075
3 0.54140625 0.2796875 0.078125 0.078125
3 0.6203125 0.46640625 0.090625 0.0578125
3 0.6921875 0.9296875 0.090625 0.065625
3 0.16015625 0.3328125 0.075 0.075
3 0.10078125 0.2828125 0.0828125 0.0828125
3 0.58359375 0.4109375 0.0921875 0.065625
3 0.196875 0.240625 0.096875 0.08125
3 0.63515625 0.8953125 0.0890625 0.084375
3 0.859375 0.23828125 0.0859375 0.0859375
3 0.61015625 0.34296875 0.0890625 0.0671875
3 0.30859375 0.603125 0.078125 0.078125
3 0.7171875 0.0875 0.096875 0.065625
3 0.2296875 0.7796875 0.096875 0.053125
3 0.803125 0.48671875 0.0828125 0.084375
3 0.26953125 0.85546875 0.0875 0.0875
3 0.67421875 0.25 0.103125 0.0625
3 0.65078125 0.0484375 0.0953125 0.06875
3 0.303125 0.90625 0.0796875 0.0796875
3 0.903125 0.30859375 0.0859375 0.0859375
3 0.79296875 0.615625 0.078125 0.078125
3 0.8109375 0.9625 0.078125 0.075
3 0.2609375 0.0375 0.078125 0.065625
3 0.4015625 0.90859375 0.0875 0.0875
3 0.73359375 0.27421875 0.1234375 0.0609375