3 0.48125 0.5359375 0.071875 0.10625
3 0.21484375 0.88828125 0.0921875 0.0921875
3 0.8484375 0.5 0.08125 0.103125
3 0.5671875 0.578125 0.0984375 0.0984375
3 0.671875 0.4265625 0.0953125 0.0953125
3 0.5546875 0.07421875 0.08125 0.0921875
6 0.61484375 0.7140625 0.0953125 0.125
3 0.7890625 0.16328125 0.084375 0.1125
3 0.48671875 0.159375 0.084375 0.084375
3 0.1734375 0.21171875 0.0984375 0.0984375
3 0.690625 0.17421875 0.0984375 0.0984375
3 0.78125 0.6609375 0.08125 0.103125
3 0.7390625 0.271875 0.0984375 0.0984375
3 0.86953125 0.07109375 0.0921875 0.0921875
3 0.3265625 0.5640625 0.08125 0.121875
3 0.175 0.57578125 0.08125 0.1015625
3 0.20546875 0.31796875 0.0859375 0.0984375
3 0.4765625 0.24453125 0.0890625 0.0875
3 0.1734375 0.103125 0.078125 0.109375
3 0.740625 0.76484375 0.103125 0.103125
3 0.37734375 0.79609375 0.0875 0.0875
3 0.59765625 0.37421875 0.09375 0.0953125
3 0.61328125 0.19609375 0.0984375 0.0984375
3 0.3328125 0.196875 0.1 0.1
3 0.7625 0.38125 0.071875 0.071875
3 0.20078125 0.71640625 0.090625 0.090625
3 0.26953125 0.4921875 0.096875 0.0953125
3 0.20234375 0.6375 0.0953125 0.09375
3 0.45546875 0.65625 0.0796875 0.08125
3 0.803125 0.7328125 0.090625 0.09375
3 0.03671875 0.87265625 0.0734375 0.0796875
3 0.2296875 0.240625 0.0875 0.0875