3 0.48125 0.4640625 0.071875 0.10625
3 0.21484375 0.11171875 0.0921875 0.0921875
3 0.8484375 0.5 0.0921875 0.0921875
3 0.5671875 0.421875 0.0984375 0.0984375
3 0.671875 0.5734375 0.075 0.115625
3 0.5546875 0.92578125 0.0875 0.0875
6 0.61484375 0.2859375 0.0953125 0.125
3 0.7890625 0.83671875 0.084375 0.1125
3 0.48671875 0.840625 0.071875 0.096875
3 0.1734375 0.78828125 0.084375 0.1125
3 0.690625 0.82578125 0.08125 0.115625
3 0.78125 0.3390625 0.08125 0.103125
3 0.7390625 0.728125 0.0984375 0.0984375
3 0.86953125 0.92890625 0.0921875 0.0921875
3 0.3265625 0.4359375 0.08125 0.121875
3 0.175 0.42421875 0.090625 0.090625
3 0.20546875 0.68203125 0.0921875 0.0921875
3 0.4765625 0.75546875 0.071875 0.1046875
3 0.1734375 0.896875 0.09375 0.09375
3 0.740625 0.23515625 0.103125 0.103125
3 0.37734375 0.20390625 0.0796875 0.0953125
3 0.59765625 0.62578125 0.09375 0.0953125
3 0.61328125 0.80390625 0.0765625 0.1203125
3 0.3328125 0.803125 0.109375 0.0875
3 0.7625 0.61875 0.0625 0.08125
3 0.20078125 0.28359375 0.090625 0.090625
3 0.26953125 0.5078125 0.096875 0.0953125
3 0.20234375 0.3625 0.0921875 0.096875
3 0.45546875 0.34375 0.0640625 0.096875
3 0.803125 0.2671875 0.0921875 0.0921875
3 0.03671875 0.12734375 0.0734375 0.0796875
3 0.2296875 0.759375 0.084375 0.090625