3 0.7328125 0.8015625 0.103125 0.078125
3 0.7171875 0.61953125 0.1125 0.0765625
3 0.821875 0.8078125 0.0859375 0.0859375
3 0.8515625 0.68359375 0.071875 0.071875
3 0.2125 0.115625 0.10625 0.08125
3 0.42734375 0.59140625 0.090625 0.090625
3 0.68828125 0.740625 0.0953125 0.075
3 0.8171875 0.9234375 0.10625 0.078125
3 0.4515625 0.45 0.090625 0.06875
3 0.25234375 0.078125 0.0890625 0.065625
3 0.0859375 0.078125 0.0828125 0.084375
3 0.77421875 0.11796875 0.0734375 0.0734375
3 0.38125 0.371875 0.0875 0.0875
3 0.44765625 0.325 0.1046875 0.075
3 0.54765625 0.4515625 0.090625 0.090625
3 0.27109375 0.24765625 0.1046875 0.0734375
3 0.2640625 0.53671875 0.090625 0.090625
3 0.509375 0.375 0.084375 0.084375
3 0.953125 0.715625 0.08125 0.065625
3 0.48515625 0.653125 0.1046875 0.071875
6 0.8953125 0.62734375 0.10625 0.0859375
3 0.271875 0.4609375 0.090625 0.090625
3 0.41171875 0.5109375 0.090625 0.090625
3 0.3734375 0.78203125 0.0890625 0.090625
3 0.31015625 0.83203125 0.0875 0.0875
3 0.20703125 0.309375 0.103125 0.075
3 0.90234375 0.3484375 0.078125 0.059375
3 0.5203125 0.2203125 0.090625 0.065625
3 0.1796875 0.66875 0.0921875 0.0921875
3 0.91328125 0.2578125 0.0671875 0.065625
3 0.71640625 0.47890625 0.096875 0.0703125
6 0.85390625 0.2796875 0.096875 0.096875
6 0.11953125 0.83046875 0.1078125 0.0734375
6 0.5609375 0.76875 0.115625 0.09375
3 0.50625 0.09609375 0.078125 0.0578125
3 0.515625 0.15625 0.075 0.075
3 0.61015625 0.06484375 0.06875 0.0671875
3 0.18359375 0.0453125 0.0703125 0.0703125
3 0.30390625 0.0484375 0.071875 0.0734375
3 0.115625 0.09296875 0.0828125 0.08125
3 0.03984375 0.1375 0.0625 0.0625
3 0.04453125 0.71875 0.0765625 0.075
3 0.1015625 0.9109375 0.0859375 0.0859375
3 0.1046875 0.95 0.084375 0.071875
3 0.4953125 0.7296875 0.0875 0.0875
3 0.4734375 0.5484375 0.078125 0.065625
3 0.61875 0.93828125 0.0875 0.0765625
3 0.2171875 0.421875 0.078125 0.078125
3 0.6390625 0.4515625 0.0875 0.053125
3 0.8234375 0.5484375 0.075 0.075
3 0.8984375 0.5234375 0.0703125 0.071875
3 0.7796875 0.5296875 0.078125 0.078125
3 0.8109375 0.57421875 0.078125 0.078125
3 0.88984375 0.22578125 0.0859375 0.0703125
3 0.815625 0.06015625 0.0875 0.0734375
3 0.85703125 0.09765625 0.0671875 0.0640625
3 0.946875 0.109375 0.071875 0.06875
3 0.89140625 0.05625 0.0734375 0.0734375
3 0.5859375 0.821875 0.0765625 0.0765625
3 0.6546875 0.8453125 0.075 0.075
3 0.48515625 0.83984375 0.0734375 0.0734375
3 0.95859375 0.48359375 0.0765625 0.0484375
3 0.93203125 0.446875 0.075 0.075
3 0.1796875 0.4515625 0.0640625 0.0640625
3 0.1671875 0.7953125 0.084375 0.05625
3 0.6765625 0.91640625 0.078125 0.0734375