3 0.91328125 0.271875 0.075 0.075
3 0.52890625 0.4109375 0.0765625 0.078125
3 0.09140625 0.8578125 0.1109375 0.071875
3 0.540625 0.346875 0.08125 0.065625
3 0.44765625 0.5375 0.096875 0.06875
3 0.29921875 0.62421875 0.09375 0.09375
3 0.7734375 0.22421875 0.0875 0.0703125
3 0.53359375 0.5796875 0.0828125 0.0828125
3 0.11328125 0.3171875 0.08125 0.08125
3 0.85546875 0.43125 0.0828125 0.0828125
3 0.64765625 0.7109375 0.078125 0.078125
3 0.3546875 0.446875 0.103125 0.0625
3 0.5015625 0.9203125 0.075 0.075
3 0.75546875 0.91796875 0.0859375 0.0859375
3 0.38203125 0.26484375 0.103125 0.0609375
3 0.71640625 0.15 0.0859375 0.0859375
3 0.859375 0.8015625 0.09375 0.0625
3 0.4953125 0.83828125 0.096875 0.0640625
3 0.24765625 0.89296875 0.0734375 0.075
3 0.37734375 0.8984375 0.1140625 0.053125
3 0.83828125 0.56875 0.0828125 0.0828125
3 0.1921875 0.43046875 0.0765625 0.078125
3 0.603125 0.1546875 0.08125 0.0875
3 0.5625 0.94609375 0.0765625 0.0765625
6 0.81015625 0.73671875 0.0921875 0.0921875
3 0.534375 0.515625 0.103125 0.05625
3 0.89609375 0.8859375 0.1015625 0.065625
3 0.18828125 0.0453125 0.0765625 0.065625
3 0.67578125 0.378125 0.084375 0.084375
3 0.9078125 0.8484375 0.096875 0.065625
3 0.58984375 0.18515625 0.0921875 0.0640625
3 0.07265625 0.9046875 0.075 0.075
3 0.12734375 0.6953125 0.075 0.0765625
3 0.26640625 0.459375 0.0890625 0.075
3 0.2234375 0.2203125 0.075 0.075
3 0.190625 0.68515625 0.078125 0.078125
3 0.609375 0.86953125 0.0625 0.0796875
6 0.6703125 0.8796875 0.090625 0.10625
3 0.7625 0.7984375 0.065625 0.065625
3 0.15625 0.1453125 0.0640625 0.0640625
3 0.36796875 0.9078125 0.0765625 0.1125
3 0.23671875 0.15546875 0.084375 0.065625
3 0.10390625 0.1390625 0.0640625 0.046875