3 0.87109375 0.6859375 0.075 0.0734375
3 0.8171875 0.5953125 0.08125 0.059375
3 0.73359375 0.896875 0.084375 0.06875
3 0.8984375 0.55078125 0.0796875 0.078125
3 0.390625 0.1109375 0.08125 0.08125
3 0.56484375 0.0578125 0.0859375 0.065625
3 0.6375 0.8734375 0.08125 0.08125
3 0.24296875 0.4640625 0.0828125 0.059375
3 0.38359375 0.49921875 0.0828125 0.0640625
3 0.1859375 0.3015625 0.078125 0.078125
3 0.12890625 0.0390625 0.090625 0.065625
3 0.796875 0.95390625 0.09375 0.0671875
3 0.47734375 0.940625 0.0703125 0.06875
3 0.61484375 0.44375 0.0859375 0.0625
3 0.76640625 0.6421875 0.0765625 0.075
3 0.803125 0.83828125 0.08125 0.0625
3 0.1515625 0.38125 0.0765625 0.0765625
3 0.08125 0.10234375 0.0828125 0.0828125
3 0.38046875 0.28203125 0.084375 0.06875
3 0.0640625 0.7453125 0.078125 0.065625
3 0.2015625 0.0875 0.08125 0.0625
3 0.11796875 0.515625 0.071875 0.0703125
3 0.134375 0.82421875 0.071875 0.071875
3 0.27421875 0.1703125 0.078125 0.078125
3 0.74609375 0.553125 0.0765625 0.0625
3 0.625 0.5265625 0.078125 0.078125
3 0.87734375 0.7640625 0.0796875 0.065625
3 0.65390625 0.23984375 0.078125 0.078125
3 0.5484375 0.378125 0.0765625 0.078125
3 0.2640625 0.340625 0.084375 0.0625
3 0.70078125 0.40625 0.0796875 0.0796875
3 0.6609375 0.95 0.090625 0.0625
3 0.12890625 0.44765625 0.075 0.075
3 0.340625 0.21953125 0.0875 0.0875
3 0.49609375 0.5234375 0.0765625 0.0765625
3 0.56171875 0.95859375 0.0890625 0.0671875
3 0.1015625 0.640625 0.0828125 0.0828125
3 0.37421875 0.3625 0.078125 0.06875
3 0.24921875 0.825 0.08125 0.0828125
3 0.34296875 0.58515625 0.0734375 0.0734375
3 0.378125 0.96015625 0.084375 0.0796875
3 0.3296875 0.0484375 0.084375 0.084375
3 0.69609375 0.29453125 0.078125 0.078125
3 0.26953125 0.40546875 0.078125 0.0796875
3 0.3515625 0.8890625 0.078125 0.065625
3 0.72890625 0.4890625 0.0875 0.078125
3 0.2890625 0.6375 0.09375 0.0625
3 0.8265625 0.5140625 0.075 0.075
3 0.50390625 0.45 0.0875 0.06875
3 0.05 0.3171875 0.0875 0.071875
3 0.46953125 0.0875 0.0734375 0.071875
3 0.9546875 0.6984375 0.0875 0.0625
3 0.07578125 0.2046875 0.0765625 0.0765625
3 0.0484375 0.396875 0.0796875 0.0796875
3 0.20390625 0.5203125 0.08125 0.08125
3 0.8984375 0.6140625 0.0765625 0.078125
3 0.67890625 0.3484375 0.071875 0.071875
6 0.29765625 0.53359375 0.0828125 0.0578125
3 0.46015625 0.31953125 0.071875 0.071875
3 0.0359375 0.81328125 0.071875 0.0515625
3 0.6625 0.034375 0.078125 0.06875