3 0.3140625 0.87109375 0.065625 0.0828125
3 0.4046875 0.8171875 0.0703125 0.0703125
3 0.103125 0.73359375 0.0765625 0.0765625
3 0.44921875 0.8984375 0.0671875 0.090625
3 0.8890625 0.390625 0.08125 0.08125
3 0.9421875 0.56484375 0.065625 0.0859375
3 0.1265625 0.6375 0.071875 0.090625
3 0.5359375 0.24296875 0.071875 0.071875
3 0.50078125 0.38359375 0.0734375 0.0734375
3 0.6984375 0.1859375 0.071875 0.084375
3 0.9609375 0.12890625 0.078125 0.078125
3 0.04609375 0.796875 0.0671875 0.09375
3 0.059375 0.47734375 0.06875 0.0703125
3 0.55625 0.61484375 0.0625 0.0859375
3 0.3578125 0.76640625 0.075 0.0765625
3 0.16171875 0.803125 0.071875 0.071875
3 0.61875 0.1515625 0.06875 0.084375
3 0.89765625 0.08125 0.0828125 0.0828125
3 0.71796875 0.38046875 0.06875 0.084375
3 0.2546875 0.0640625 0.071875 0.071875
3 0.9125 0.2015625 0.071875 0.071875
3 0.484375 0.11796875 0.0625 0.0796875
3 0.17578125 0.134375 0.0640625 0.078125
3 0.8296875 0.27421875 0.071875 0.084375
3 0.446875 0.74609375 0.0703125 0.0703125
3 0.4734375 0.625 0.078125 0.078125
3 0.2359375 0.87734375 0.0734375 0.071875
3 0.76015625 0.65390625 0.0671875 0.090625
3 0.621875 0.5484375 0.0765625 0.0765625
3 0.659375 0.2640625 0.0625 0.084375
3 0.59375 0.70078125 0.0625 0.096875
3 0.05 0.6609375 0.0625 0.090625
3 0.55234375 0.12890625 0.0578125 0.0921875
3 0.78046875 0.340625 0.0875 0.0875
3 0.4765625 0.49609375 0.065625 0.0890625
3 0.04140625 0.56171875 0.0671875 0.0890625
3 0.359375 0.1015625 0.0828125 0.0828125
3 0.6375 0.37421875 0.0734375 0.0734375
3 0.175 0.24921875 0.0828125 0.0828125
3 0.41484375 0.34296875 0.0734375 0.0734375
3 0.03671875 0.37890625 0.071875 0.0953125
3 0.9515625 0.3296875 0.084375 0.084375
3 0.70546875 0.69609375 0.078125 0.078125
3 0.59453125 0.26953125 0.0546875 0.103125
3 0.1109375 0.3515625 0.065625 0.078125
3 0.5109375 0.72890625 0.078125 0.0875
3 0.3625 0.2890625 0.078125 0.078125
3 0.4859375 0.8265625 0.071875 0.078125
3 0.55 0.50390625 0.078125 0.078125
3 0.6828125 0.05 0.0796875 0.0796875
3 0.9125 0.46953125 0.071875 0.0734375
3 0.3015625 0.9546875 0.075 0.075
3 0.7953125 0.07578125 0.0765625 0.0765625
3 0.603125 0.0484375 0.0796875 0.0796875
3 0.4796875 0.20390625 0.08125 0.08125
3 0.3859375 0.8984375 0.0671875 0.0875
3 0.6515625 0.67890625 0.071875 0.071875
6 0.46640625 0.29765625 0.0703125 0.0703125
3 0.68046875 0.46015625 0.071875 0.071875
3 0.18671875 0.0359375 0.0515625 0.071875
3 0.96875 0.66328125 0.0625 0.0921875