3 0.51953125 0.71953125 0.090625 0.090625
3 0.64296875 0.80625 0.0890625 0.090625
3 0.2984375 0.6828125 0.1125 0.090625
3 0.31796875 0.503125 0.0953125 0.08125
3 0.44921875 0.503125 0.0890625 0.0875
3 0.59296875 0.53828125 0.0890625 0.0890625
3 0.63203125 0.61875 0.075 0.0765625
3 0.6953125 0.653125 0.0890625 0.0890625
3 0.27109375 0.9375 0.0828125 0.08125
3 0.1296875 0.92421875 0.096875 0.08125
3 0.08203125 0.69921875 0.0921875 0.090625
3 0.1328125 0.85625 0.090625 0.06875
3 0.45546875 0.2078125 0.096875 0.084375
3 0.25078125 0.15390625 0.084375 0.084375
3 0.3578125 0.16640625 0.090625 0.0765625
3 0.3359375 0.23359375 0.096875 0.0671875
3 0.1953125 0.2671875 0.0796875 0.0796875
3 0.1390625 0.33046875 0.0828125 0.084375
3 0.86171875 0.86953125 0.0875 0.0875
3 0.7484375 0.7578125 0.096875 0.078125
0 0.87578125 0.4640625 0.109375 0.1078125
3 0.634375 0.409375 0.084375 0.075
3 0.7578125 0.346875 0.071875 0.0875
3 0.81328125 0.353125 0.0734375 0.06875
3 0.90390625 0.32109375 0.0953125 0.078125
3 0.94453125 0.234375 0.0765625 0.078125
3 0.7265625 0.4046875 0.084375 0.078125
3 0.81796875 0.42265625 0.071875 0.071875
3 0.60078125 0.9625 0.0859375 0.075
3 0.396875 0.33828125 0.1 0.0765625
3 0.22578125 0.39375 0.0703125 0.084375
3 0.28515625 0.3734375 0.0796875 0.065625
3 0.334375 0.3 0.10625 0.0625
3 0.30703125 0.33984375 0.0828125 0.0828125
3 0.0953125 0.0609375 0.078125 0.078125
3 0.490625 0.8609375 0.0859375 0.0859375
3 0.4984375 0.88359375 0.09375 0.09375
3 0.053125 0.87734375 0.084375 0.084375