3 0.1859375 0.46796875 0.071875 0.0921875
3 0.68984375 0.315625 0.0765625 0.078125
3 0.65703125 0.6890625 0.071875 0.1
3 0.89609375 0.1484375 0.078125 0.0796875
3 0.925 0.6546875 0.075 0.075
3 0.47421875 0.6796875 0.090625 0.090625
3 0.34296875 0.43203125 0.0734375 0.1015625
3 0.71953125 0.4140625 0.0859375 0.0859375
3 0.8203125 0.33828125 0.065625 0.0921875
3 0.0484375 0.1359375 0.075 0.09375
3 0.2984375 0.746875 0.06875 0.096875
3 0.659375 0.23203125 0.06875 0.0953125
3 0.31953125 0.8796875 0.084375 0.084375
3 0.59140625 0.41640625 0.071875 0.096875
3 0.20078125 0.09609375 0.0765625 0.0984375
3 0.6984375 0.7890625 0.078125 0.090625
3 0.40546875 0.28046875 0.0765625 0.0765625
3 0.7421875 0.53515625 0.071875 0.1109375
3 0.2546875 0.60390625 0.084375 0.0890625
3 0.3609375 0.8140625 0.071875 0.090625
3 0.2171875 0.34140625 0.06875 0.1015625
3 0.87109375 0.45390625 0.06875 0.103125
3 0.74765625 0.20234375 0.0828125 0.0828125
3 0.4265625 0.21171875 0.08125 0.08125
3 0.23359375 0.2796875 0.0859375 0.090625
1 0.8625 0.73046875 0.1046875 0.10625
0 0.78671875 0.2578125 0.0828125 0.096875