3 0.53203125 0.8140625 0.0921875 0.071875
3 0.684375 0.31015625 0.084375 0.0703125
3 0.3109375 0.34296875 0.0859375 0.0859375
3 0.8515625 0.10390625 0.0875 0.0703125
3 0.3453125 0.075 0.075 0.075
3 0.3203125 0.52578125 0.090625 0.090625
3 0.56796875 0.65703125 0.1015625 0.0734375
3 0.5859375 0.28046875 0.09375 0.0796875
3 0.66171875 0.1796875 0.078125 0.078125
3 0.8640625 0.9515625 0.084375 0.084375
3 0.253125 0.7015625 0.0828125 0.0828125
3 0.76796875 0.340625 0.0953125 0.06875
3 0.1203125 0.68046875 0.084375 0.084375
3 0.58359375 0.40859375 0.084375 0.084375
3 0.90390625 0.79921875 0.0984375 0.0765625
3 0.2109375 0.3015625 0.084375 0.084375
3 0.71953125 0.59453125 0.0859375 0.0671875
3 0.46484375 0.2578125 0.090625 0.0921875
3 0.39609375 0.7453125 0.0890625 0.084375
3 0.1859375 0.6390625 0.08125 0.08125
3 0.65859375 0.7828125 0.1015625 0.06875
3 0.54609375 0.12890625 0.103125 0.06875
3 0.79765625 0.25234375 0.0859375 0.0796875
3 0.78828125 0.5734375 0.0828125 0.078125
3 0.7203125 0.76640625 0.090625 0.0859375
1 0.26953125 0.1375 0.1296875 0.08125
0 0.7421875 0.21328125 0.090625 0.090625