3 0.8078125 0.18515625 0.1 0.0734375
3 0.65703125 0.92734375 0.0765625 0.05625
3 0.12265625 0.62265625 0.071875 0.071875
3 0.1734375 0.6890625 0.078125 0.059375
3 0.56328125 0.775 0.0859375 0.06875
3 0.35703125 0.06875 0.0859375 0.059375
3 0.371875 0.83125 0.0875 0.0625
3 0.728125 0.6984375 0.084375 0.084375
3 0.6765625 0.3265625 0.090625 0.071875
3 0.05234375 0.89296875 0.075 0.075
3 0.90234375 0.78125 0.0734375 0.0625
3 0.71796875 0.8734375 0.078125 0.05625
3 0.45078125 0.35625 0.06875 0.06875
0 0.30390625 0.359375 0.1171875 0.075
3 0.82265625 0.78125 0.0796875 0.0796875
3 0.77109375 0.34453125 0.0828125 0.0609375
3 0.928125 0.5546875 0.0734375 0.0734375
3 0.3390625 0.9625 0.071875 0.0625
3 0.50625 0.68203125 0.06875 0.06875
3 0.74921875 0.51171875 0.0828125 0.0609375
3 0.3859375 0.53515625 0.090625 0.071875
3 0.5859375 0.053125 0.0765625 0.075
3 0.1 0.79921875 0.1 0.0671875
3 0.4484375 0.1796875 0.071875 0.071875
3 0.8953125 0.1765625 0.071875 0.0734375
3 0.3234375 0.4296875 0.065625 0.065625
3 0.72421875 0.41875 0.078125 0.078125
3 0.2390625 0.6984375 0.075 0.059375
3 0.1328125 0.29453125 0.0765625 0.0765625
3 0.715625 0.559375 0.090625 0.0625
3 0.2203125 0.5125 0.078125 0.0625
3 0.85234375 0.2453125 0.078125 0.078125
3 0.84140625 0.39296875 0.05625 0.05625
3 0.67421875 0.79140625 0.0765625 0.0640625
3 0.4453125 0.79453125 0.065625 0.0640625
3 0.2453125 0.58125 0.075 0.059375
6 0.27421875 0.63671875 0.090625 0.090625
3 0.48046875 0.853125 0.0734375 0.075
3 0.44765625 0.3125 0.0984375 0.053125
3 0.24921875 0.73125 0.0890625 0.06875
3 0.15546875 0.74140625 0.0859375 0.0875
3 0.45625 0.475 0.06875 0.06875
3 0.1171875 0.4453125 0.078125 0.059375
3 0.26328125 0.83203125 0.0859375 0.0546875
3 0.51953125 0.575 0.065625 0.0640625
3 0.8171875 0.2765625 0.0765625 0.0765625
3 0.5890625 0.94609375 0.0625 0.0625
3 0.1734375 0.83125 0.084375 0.05
3 0.084375 0.046875 0.0875 0.05
3 0.6421875 0.6484375 0.059375 0.053125
3 0.709375 0.05234375 0.0875 0.0609375
3 0.05234375 0.33515625 0.0921875 0.0609375
3 0.2765625 0.06953125 0.075 0.0734375
3 0.8921875 0.33359375 0.071875 0.0578125
3 0.36015625 0.48203125 0.0859375 0.0546875
3 0.04921875 0.2734375 0.0625 0.0625
3 0.553125 0.23046875 0.0640625 0.0625
3 0.92421875 0.09375 0.0734375 0.053125
3 0.0921875 0.23515625 0.065625 0.0640625
6 0.18828125 0.09765625 0.090625 0.090625
3 0.1171875 0.35625 0.06875 0.065625
3 0.91484375 0.6109375 0.06875 0.0703125
3 0.42265625 0.615625 0.0625 0.0625
3 0.3734375 0.3984375 0.0625 0.0625
3 0.05859375 0.090625 0.06875 0.06875
3 0.1265625 0.91328125 0.065625 0.0515625
3 0.25703125 0.9390625 0.059375 0.059375
3 0.165625 0.2609375 0.078125 0.065625
3 0.790625 0.33984375 0.084375 0.0578125
3 0.7390625 0.8171875 0.075 0.059375
3 0.3484375 0.64453125 0.078125 0.0640625
3 0.64765625 0.565625 0.0640625 0.05625
0 0.45078125 0.896875 0.103125 0.1015625
3 0.84140625 0.58984375 0.0640625 0.0640625
3 0.46796875 0.5296875 0.071875 0.0734375
3 0.43359375 0.0328125 0.0703125 0.065625
3 0.87578125 0.12734375 0.0625 0.0625
3 0.2796875 0.27578125 0.0578125 0.059375
3 0.08984375 0.17734375 0.059375 0.059375
3 0.40703125 0.13515625 0.1046875 0.0515625
6 0.11328125 0.15 0.09375 0.0921875
3 0.64296875 0.1796875 0.1546875 0.040625
3 0.48671875 0.08203125 0.06875 0.06875
3 0.5640625 0.903125 0.0640625 0.0640625
3 0.65703125 0.9765625 0.0875 0.046875
3 0.95546875 0.8328125 0.071875 0.0734375
3 0.7796875 0.734375 0.05625 0.05625
3 0.80859375 0.53984375 0.0703125 0.0703125
3 0.6921875 0.57265625 0.0640625 0.0625
3 0.7640625 0.409375 0.084375 0.0625
3 0.41015625 0.6609375 0.0703125 0.053125
3 0.38203125 0.6984375 0.071875 0.046875
3 0.26796875 0.53359375 0.0609375 0.0609375
3 0.1375 0.8671875 0.059375 0.059375
3 0.3328125 0.896875 0.0625 0.05625
3 0.48515625 0.228125 0.0625 0.0625
3 0.18359375 0.365625 0.0703125 0.05625
3 0.059375 0.43828125 0.075 0.0640625
3 0.09921875 0.7453125 0.0734375 0.065625
3 0.4875 0.27890625 0.08125 0.0484375
3 0.52734375 0.271875 0.0859375 0.05
3 0.246875 0.8859375 0.078125 0.053125
3 0.1390625 0.08984375 0.071875 0.0546875