3 0.81484375 0.8078125 0.0875 0.0875
3 0.07265625 0.65703125 0.065625 0.065625
3 0.37734375 0.12265625 0.071875 0.071875
3 0.3109375 0.1734375 0.06875 0.06875
3 0.225 0.56328125 0.06875 0.0859375
3 0.93125 0.35703125 0.059375 0.0859375
3 0.16875 0.371875 0.075 0.075
3 0.3015625 0.728125 0.071875 0.09375
3 0.6734375 0.6765625 0.08125 0.08125
3 0.10703125 0.05234375 0.075 0.075
3 0.21875 0.90234375 0.0625 0.0734375
3 0.1265625 0.71796875 0.0671875 0.0671875
3 0.64375 0.45078125 0.06875 0.06875
0 0.640625 0.30390625 0.096875 0.0953125
3 0.21875 0.82265625 0.0796875 0.0796875
3 0.65546875 0.77109375 0.0609375 0.0828125
3 0.4453125 0.928125 0.0625 0.084375
3 0.0375 0.3390625 0.0671875 0.0671875
3 0.31796875 0.50625 0.0609375 0.075
3 0.48828125 0.74921875 0.071875 0.071875
3 0.46484375 0.3859375 0.08125 0.08125
3 0.946875 0.5859375 0.06875 0.084375
3 0.20078125 0.1 0.0671875 0.1
3 0.8203125 0.4484375 0.059375 0.084375
3 0.8234375 0.8953125 0.0625 0.084375
3 0.5703125 0.3234375 0.059375 0.071875
3 0.58125 0.72421875 0.06875 0.0875
3 0.3015625 0.2390625 0.059375 0.075
3 0.70546875 0.1328125 0.0625 0.090625
3 0.440625 0.715625 0.0625 0.090625
3 0.4875 0.2203125 0.0703125 0.0703125
3 0.7546875 0.85234375 0.078125 0.078125
3 0.60703125 0.84140625 0.05625 0.05625
3 0.20859375 0.67421875 0.0640625 0.0765625
3 0.20546875 0.4453125 0.0640625 0.065625
3 0.41875 0.2453125 0.0671875 0.0671875
6 0.36328125 0.27421875 0.090625 0.090625
3 0.146875 0.48046875 0.05 0.0984375
3 0.6875 0.44765625 0.053125 0.0984375
3 0.26875 0.24921875 0.0796875 0.0796875
3 0.25859375 0.15546875 0.0875 0.0859375
3 0.525 0.45625 0.059375 0.078125
3 0.5546875 0.1171875 0.06875 0.06875
3 0.16796875 0.26328125 0.0703125 0.0703125
3 0.425 0.51953125 0.05625 0.0734375
3 0.7234375 0.8171875 0.06875 0.084375
3 0.05390625 0.5890625 0.0515625 0.071875
3 0.16875 0.1734375 0.0671875 0.0671875
3 0.953125 0.084375 0.06875 0.06875
3 0.3515625 0.6421875 0.053125 0.059375
3 0.94765625 0.709375 0.0609375 0.0875
3 0.66484375 0.05234375 0.0609375 0.0921875
3 0.93046875 0.2765625 0.0734375 0.075
3 0.66640625 0.8921875 0.0578125 0.071875
3 0.51796875 0.36015625 0.0546875 0.0859375
3 0.7265625 0.04921875 0.0625 0.0625
3 0.76953125 0.553125 0.0625 0.0640625
3 0.90625 0.92421875 0.0625 0.0625
3 0.76484375 0.0921875 0.0640625 0.065625
6 0.90234375 0.18828125 0.084375 0.0953125
3 0.64375 0.1171875 0.0625 0.071875
3 0.3890625 0.91484375 0.0703125 0.06875
3 0.384375 0.42265625 0.05625 0.0703125
3 0.6015625 0.3734375 0.0625 0.0625
3 0.909375 0.05859375 0.06875 0.06875
3 0.08671875 0.1265625 0.0578125 0.059375
3 0.0609375 0.25703125 0.05 0.0671875
3 0.7390625 0.165625 0.071875 0.071875
3 0.66015625 0.790625 0.0578125 0.084375
3 0.1828125 0.7390625 0.0671875 0.0671875
3 0.35546875 0.3484375 0.0640625 0.078125
3 0.434375 0.64765625 0.05625 0.0640625
0 0.103125 0.45078125 0.071875 0.1328125
3 0.41015625 0.84140625 0.0640625 0.0640625
3 0.4703125 0.46796875 0.059375 0.0859375
3 0.9703125 0.4328125 0.05625 0.0875
3 0.87265625 0.87578125 0.0625 0.0625
3 0.72421875 0.2796875 0.059375 0.0578125
3 0.82265625 0.08984375 0.059375 0.059375
3 0.86484375 0.40703125 0.078125 0.078125
6 0.85 0.11328125 0.075 0.1109375
3 0.8203125 0.64296875 0.096875 0.096875
3 0.91796875 0.48671875 0.0609375 0.0765625
3 0.096875 0.5640625 0.05 0.078125
3 0.0234375 0.65703125 0.046875 0.0875
3 0.1671875 0.95546875 0.059375 0.0859375
3 0.265625 0.7796875 0.046875 0.065625
3 0.46015625 0.80859375 0.0703125 0.0703125
3 0.42734375 0.6921875 0.0734375 0.053125
3 0.590625 0.7640625 0.075 0.075
3 0.3390625 0.41015625 0.053125 0.0703125
3 0.3015625 0.38203125 0.059375 0.059375
3 0.46640625 0.26796875 0.0515625 0.0703125
3 0.1328125 0.1375 0.05 0.06875
3 0.103125 0.3328125 0.05625 0.0625
3 0.771875 0.48515625 0.0625 0.0625
3 0.634375 0.18359375 0.0625 0.0625
3 0.56171875 0.059375 0.0640625 0.075
3 0.2546875 0.09921875 0.065625 0.0734375
3 0.72109375 0.4875 0.0484375 0.08125
3 0.728125 0.52734375 0.05 0.0859375
3 0.1140625 0.246875 0.065625 0.065625
3 0.91015625 0.1390625 0.0625 0.0625