3 0.428125 0.8234375 0.06875 0.06875
3 0.703125 0.8609375 0.0703125 0.0703125
3 0.9359375 0.58125 0.0734375 0.0734375
3 0.34296875 0.18046875 0.0890625 0.06875
3 0.55546875 0.76875 0.0890625 0.06875
3 0.21015625 0.4390625 0.075 0.0765625
3 0.9453125 0.8046875 0.06875 0.06875
3 0.08359375 0.1109375 0.0828125 0.0625
3 0.3453125 0.71328125 0.08125 0.08125
3 0.75234375 0.234375 0.0953125 0.06875
3 0.88125 0.54453125 0.084375 0.084375
2 0.3390625 0.30546875 0.0859375 0.0859375
3 0.12734375 0.7796875 0.0953125 0.071875
3 0.51796875 0.353125 0.0859375 0.0625
3 0.21328125 0.18984375 0.084375 0.0640625
3 0.2203125 0.61328125 0.0734375 0.0734375
3 0.65859375 0.73984375 0.0765625 0.0609375
3 0.11953125 0.7140625 0.075 0.075
3 0.09609375 0.0453125 0.0921875 0.071875
3 0.90859375 0.921875 0.0796875 0.078125
3 0.44453125 0.703125 0.0859375 0.084375
3 0.7984375 0.86328125 0.0828125 0.0828125
3 0.94609375 0.375 0.0921875 0.065625
3 0.3546875 0.58515625 0.075 0.0609375
3 0.15859375 0.51171875 0.0765625 0.078125
3 0.68828125 0.9578125 0.0796875 0.059375
3 0.290625 0.4375 0.0671875 0.0671875
3 0.096875 0.4734375 0.078125 0.059375
6 0.70546875 0.4359375 0.0984375 0.1
6 0.5828125 0.87578125 0.109375 0.0796875
3 0.57421875 0.6640625 0.0765625 0.06875
3 0.5421875 0.0703125 0.071875 0.071875
3 0.62578125 0.91875 0.0703125 0.071875
3 0.1671875 0.13671875 0.075 0.075
3 0.865625 0.4140625 0.09375 0.065625
6 0.5265625 0.278125 0.1125 0.078125
3 0.24609375 0.2875 0.065625 0.0671875
3 0.1703125 0.3296875 0.059375 0.059375
3 0.10234375 0.25546875 0.065625 0.065625
3 0.23359375 0.08984375 0.0703125 0.0703125
3 0.91328125 0.20625 0.0765625 0.0765625
3 0.63515625 0.83125 0.0859375 0.0625
0 0.8953125 0.3203125 0.0953125 0.0953125
3 0.2140625 0.25390625 0.0828125 0.0828125
3 0.8578125 0.79375 0.075 0.05625
3 0.696875 0.79375 0.0703125 0.071875
3 0.90390625 0.11953125 0.0859375 0.0671875
3 0.0453125 0.87421875 0.078125 0.0703125
3 0.3890625 0.08515625 0.071875 0.0484375
3 0.22578125 0.3765625 0.06875 0.06875
3 0.3140625 0.38125 0.0625 0.05
3 0.865625 0.8796875 0.071875 0.071875
1 0.5203125 0.559375 0.1 0.1
3 0.11796875 0.30703125 0.0796875 0.065625
3 0.27265625 0.34453125 0.0734375 0.0484375
3 0.64453125 0.66640625 0.0625 0.0546875
3 0.715625 0.08046875 0.071875 0.071875
3 0.4515625 0.39453125 0.065625 0.065625
0 0.809375 0.36640625 0.1125 0.0921875
3 0.79296875 0.96328125 0.0734375 0.0671875
3 0.24453125 0.13828125 0.078125 0.078125
6 0.3703125 0.4234375 0.0875 0.0875
3 0.62734375 0.62265625 0.1015625 0.0546875
3 0.70390625 0.53671875 0.0671875 0.0671875
3 0.7453125 0.059375 0.075 0.05
3 0.37265625 0.0359375 0.059375 0.059375
2 0.62265625 0.52421875 0.1296875 0.1453125
3 0.43984375 0.0296875 0.0609375 0.046875
3 0.4828125 0.31171875 0.0625 0.0453125