3 0.9234375 0.10234375 0.0796875 0.078125
3 0.209375 0.4421875 0.0921875 0.0921875
3 0.16484375 0.53125 0.0890625 0.0875
3 0.8921875 0.715625 0.0921875 0.0921875
3 0.06015625 0.69296875 0.096875 0.096875
3 0.38359375 0.6734375 0.0765625 0.075
3 0.46640625 0.5390625 0.096875 0.078125
2 0.28671875 0.1078125 0.0953125 0.065625
3 0.90078125 0.2125 0.078125 0.0765625
3 0.4828125 0.62734375 0.090625 0.0921875
3 0.290625 0.696875 0.1 0.06875
3 0.8390625 0.0484375 0.096875 0.096875
3 0.47109375 0.06328125 0.0890625 0.0890625
3 0.3765625 0.759375 0.09375 0.071875
3 0.12265625 0.2671875 0.1046875 0.078125
3 0.3765625 0.540625 0.0890625 0.0890625
3 0.6328125 0.159375 0.090625 0.090625
3 0.90546875 0.8546875 0.0859375 0.071875
3 0.71640625 0.13125 0.084375 0.084375
3 0.790625 0.7609375 0.084375 0.071875
3 0.6640625 0.6546875 0.06875 0.06875
3 0.28359375 0.91328125 0.0953125 0.0703125
3 0.8765625 0.27890625 0.078125 0.078125
3 0.378125 0.61328125 0.08125 0.0828125
3 0.51640625 0.1265625 0.1015625 0.078125
3 0.27734375 0.571875 0.071875 0.0703125
3 0.3140625 0.37578125 0.090625 0.071875
3 0.36328125 0.9328125 0.0859375 0.084375
3 0.80859375 0.6578125 0.090625 0.06875
3 0.253125 0.76171875 0.09375 0.0734375
3 0.096875 0.43671875 0.1 0.0765625
3 0.31328125 0.81171875 0.075 0.075
3 0.1921875 0.82265625 0.071875 0.0703125
3 0.6875 0.8109375 0.103125 0.065625
3 0.30234375 0.64765625 0.1015625 0.0734375
3 0.2859375 0.5109375 0.06875 0.06875
3 0.51640625 0.95859375 0.0984375 0.06875
6 0.63828125 0.59765625 0.1109375 0.0734375
3 0.421875 0.759375 0.0859375 0.0859375
3 0.3953125 0.115625 0.10625 0.075
3 0.06953125 0.13828125 0.0984375 0.0734375
3 0.53125 0.6140625 0.090625 0.078125
1 0.72578125 0.7234375 0.08125 0.08125
3 0.47890625 0.38203125 0.1078125 0.0703125
6 0.1125 0.33046875 0.115625 0.115625
6 0.8328125 0.3515625 0.178125 0.084375
6 0.80390625 0.94140625 0.0875 0.0875
6 0.61640625 0.76484375 0.121875 0.0765625
6 0.571875 0.3625 0.1078125 0.1078125
6 0.74140625 0.6328125 0.0921875 0.084375
3 0.26171875 0.3265625 0.0890625 0.071875
3 0.80546875 0.215625 0.0828125 0.08125
3 0.8109375 0.17421875 0.08125 0.08125
3 0.3671875 0.04765625 0.103125 0.0796875
3 0.63828125 0.540625 0.0828125 0.0828125
3 0.321875 0.8390625 0.08125 0.059375
3 0.209375 0.94453125 0.084375 0.0859375
3 0.83515625 0.8859375 0.06875 0.0703125
3 0.60703125 0.85546875 0.0890625 0.0890625
3 0.6578125 0.72578125 0.08125 0.0640625
3 0.7125 0.5765625 0.0703125 0.0703125
3 0.584375 0.51796875 0.0796875 0.078125
3 0.77734375 0.1359375 0.0765625 0.0765625
3 0.771875 0.796875 0.084375 0.075
3 0.7671875 0.85625 0.071875 0.071875
3 0.734375 0.9171875 0.0796875 0.0796875
3 0.659375 0.87265625 0.0859375 0.0859375
3 0.128125 0.0953125 0.08125 0.08125
3 0.21015625 0.0734375 0.071875 0.0734375
3 0.19140625 0.37265625 0.06875 0.06875
3 0.35546875 0.49140625 0.084375 0.0703125