3 0.5703125 0.41328125 0.065625 0.0859375
3 0.55390625 0.29453125 0.0703125 0.0859375
3 0.9375 0.6671875 0.06875 0.084375
3 0.69453125 0.2875 0.0703125 0.0875
3 0.7234375 0.19765625 0.06875 0.06875
3 0.3109375 0.21171875 0.0796875 0.0796875
3 0.5125 0.396875 0.0734375 0.0734375
3 0.7234375 0.071875 0.0921875 0.0921875
3 0.8375 0.8796875 0.084375 0.084375
3 0.64375 0.234375 0.065625 0.0875
3 0.70546875 0.63671875 0.0734375 0.0921875
3 0.5140625 0.065625 0.071875 0.0875
3 0.65859375 0.871875 0.084375 0.0859375
3 0.0546875 0.74765625 0.078125 0.090625
3 0.63515625 0.434375 0.0859375 0.0859375
3 0.4296875 0.3921875 0.0921875 0.0921875
3 0.659375 0.78359375 0.084375 0.084375
3 0.396875 0.61328125 0.075 0.075
3 0.96015625 0.54375 0.0796875 0.084375
3 0.95 0.86953125 0.065625 0.0828125
3 0.5890625 0.8359375 0.08125 0.08125
3 0.49453125 0.8484375 0.0765625 0.075
3 0.38515625 0.14140625 0.09375 0.0921875
3 0.77265625 0.67890625 0.0703125 0.090625
3 0.78984375 0.9484375 0.06875 0.090625
3 0.18203125 0.3453125 0.078125 0.078125
6 0.5953125 0.75390625 0.084375 0.084375
3 0.9015625 0.87109375 0.059375 0.0953125
3 0.85625 0.77421875 0.0625 0.0953125
3 0.04296875 0.35078125 0.0859375 0.0890625
3 0.09921875 0.234375 0.0734375 0.090625
3 0.44921875 0.54453125 0.0546875 0.0828125
3 0.74765625 0.753125 0.0671875 0.08125
3 0.096875 0.3984375 0.075 0.096875
3 0.23203125 0.30234375 0.090625 0.090625
3 0.81640625 0.78984375 0.078125 0.078125
3 0.91875 0.79921875 0.075 0.075
3 0.74375 0.83359375 0.059375 0.0734375
3 0.72578125 0.50546875 0.078125 0.078125
6 0.6046875 0.646875 0.103125 0.115625
6 0.5640625 0.13203125 0.103125 0.103125
3 0.13046875 0.29921875 0.071875 0.0703125
3 0.49921875 0.49765625 0.0765625 0.0859375
3 0.55 0.6859375 0.0703125 0.0703125
3 0.3640625 0.3609375 0.0859375 0.0859375
3 0.7015625 0.4484375 0.059375 0.096875
3 0.73203125 0.86875 0.0765625 0.075
3 0.62421875 0.95703125 0.0828125 0.0859375
6 0.11484375 0.540625 0.11875 0.11875
3 0.73984375 0.94140625 0.084375 0.084375
3 0.72734375 0.78671875 0.0609375 0.0828125
3 0.49765625 0.69453125 0.071875 0.071875
3 0.5 0.65078125 0.071875 0.071875
3 0.28984375 0.596875 0.0703125 0.078125
3 0.2625 0.46484375 0.0796875 0.0796875
3 0.2515625 0.4015625 0.084375 0.0875
3 0.3125 0.35703125 0.05625 0.0953125
3 0.76640625 0.28828125 0.0640625 0.0796875
3 0.7921875 0.2796875 0.0890625 0.0890625