3 0.51015625 0.17109375 0.1 0.0828125
3 0.16796875 0.61484375 0.0921875 0.0734375
3 0.2546875 0.0984375 0.09375 0.075
3 0.2078125 0.9328125 0.121875 0.075
3 0.915625 0.5328125 0.103125 0.071875
3 0.6921875 0.4328125 0.0828125 0.0828125
3 0.746875 0.56953125 0.090625 0.090625
3 0.3453125 0.2765625 0.109375 0.084375
3 0.8296875 0.77578125 0.090625 0.090625
3 0.94609375 0.4671875 0.0859375 0.0859375
3 0.54609375 0.525 0.1046875 0.075
3 0.584375 0.375 0.090625 0.090625
3 0.18828125 0.74140625 0.0875 0.0875
3 0.1859375 0.8546875 0.0859375 0.0859375
3 0.815625 0.42890625 0.0921875 0.0921875
3 0.79375 0.21875 0.0890625 0.0890625
3 0.30390625 0.77265625 0.0875 0.0875
3 0.565625 0.92578125 0.084375 0.0828125
3 0.79296875 0.88125 0.1078125 0.075
3 0.60078125 0.8328125 0.0890625 0.0875
3 0.60703125 0.475 0.0921875 0.090625
5 0.16953125 0.55078125 0.1140625 0.0609375
3 0.5890625 0.7546875 0.090625 0.090625
3 0.14765625 0.1140625 0.1203125 0.071875
3 0.4703125 0.9328125 0.090625 0.090625
3 0.1015625 0.8 0.08125 0.08125
3 0.1046875 0.3359375 0.084375 0.084375
3 0.90546875 0.2125 0.084375 0.084375
3 0.090625 0.59375 0.0890625 0.0890625
3 0.05 0.8609375 0.1 0.075