3 0.48984375 0.82890625 0.090625 0.090625
3 0.83203125 0.38515625 0.0828125 0.0828125
3 0.7453125 0.9015625 0.09375 0.075
3 0.7921875 0.0671875 0.121875 0.075
3 0.084375 0.4671875 0.103125 0.071875
3 0.3078125 0.5671875 0.0875 0.078125
3 0.253125 0.43046875 0.090625 0.090625
3 0.6546875 0.7234375 0.109375 0.084375
3 0.1703125 0.22421875 0.1 0.0796875
3 0.05390625 0.5328125 0.0859375 0.0859375
3 0.45390625 0.475 0.090625 0.090625
3 0.415625 0.625 0.090625 0.090625
3 0.81171875 0.25859375 0.1 0.0765625
3 0.8140625 0.1453125 0.103125 0.06875
3 0.184375 0.57109375 0.109375 0.0765625
3 0.20625 0.78125 0.0890625 0.0890625
3 0.69609375 0.22734375 0.0875 0.0875
3 0.434375 0.07421875 0.084375 0.0828125
3 0.20703125 0.11875 0.1078125 0.075
3 0.39921875 0.1671875 0.0890625 0.0875
3 0.39296875 0.525 0.0921875 0.090625
5 0.83046875 0.44921875 0.1140625 0.0609375
3 0.4109375 0.2453125 0.103125 0.078125
3 0.85234375 0.8859375 0.096875 0.096875
3 0.5296875 0.0671875 0.090625 0.090625
3 0.8984375 0.2 0.09375 0.06875
3 0.8953125 0.6640625 0.084375 0.084375
3 0.09453125 0.7875 0.084375 0.084375
3 0.909375 0.40625 0.0890625 0.0890625
3 0.95 0.1390625 0.1 0.075