3 0.41484375 0.2921875 0.1078125 0.078125
3 0.059375 0.77265625 0.103125 0.0796875
3 0.17109375 0.12109375 0.1015625 0.08125
3 0.95078125 0.675 0.096875 0.08125
3 0.58125 0.74296875 0.090625 0.0828125
3 0.5046875 0.3234375 0.084375 0.078125
3 0.93828125 0.06328125 0.1046875 0.078125
3 0.9203125 0.29609375 0.096875 0.078125
3 0.946875 0.53125 0.0875 0.0875
6 0.440625 0.4578125 0.109375 0.109375
3 0.48359375 0.76640625 0.096875 0.0703125
3 0.8359375 0.31640625 0.084375 0.0703125
3 0.209375 0.88984375 0.1125 0.0796875
3 0.45546875 0.828125 0.0859375 0.084375
3 0.76484375 0.55859375 0.103125 0.0796875
3 0.259375 0.39765625 0.109375 0.0796875
3 0.8796875 0.15546875 0.11875 0.071875
3 0.16953125 0.4703125 0.0875 0.0875
3 0.471875 0.934375 0.090625 0.090625
3 0.2328125 0.80625 0.0953125 0.0953125
3 0.62109375 0.34296875 0.084375 0.084375
3 0.16171875 0.39375 0.08125 0.0828125
3 0.2328125 0.315625 0.0921875 0.0921875
3 0.85703125 0.6125 0.0828125 0.075
3 0.534375 0.465625 0.084375 0.096875
3 0.1875 0.75859375 0.125 0.0703125
3 0.615625 0.5828125 0.0765625 0.0765625
3 0.93046875 0.83984375 0.096875 0.096875