3 0.2921875 0.41484375 0.078125 0.1078125
3 0.77265625 0.059375 0.090625 0.090625
3 0.12109375 0.17109375 0.090625 0.090625
3 0.675 0.95078125 0.0890625 0.0890625
3 0.74296875 0.58125 0.0875 0.0875
3 0.3234375 0.5046875 0.08125 0.08125
3 0.06328125 0.93828125 0.078125 0.1046875
3 0.29609375 0.9203125 0.078125 0.096875
3 0.53125 0.946875 0.075 0.1
6 0.4578125 0.440625 0.103125 0.115625
3 0.76640625 0.48359375 0.0703125 0.096875
3 0.31640625 0.8359375 0.0703125 0.084375
3 0.88984375 0.209375 0.0796875 0.1125
3 0.828125 0.45546875 0.065625 0.1046875
3 0.55859375 0.76484375 0.0796875 0.103125
3 0.39765625 0.259375 0.09375 0.09375
3 0.15546875 0.8796875 0.071875 0.11875
3 0.4703125 0.16953125 0.06875 0.1046875
3 0.934375 0.471875 0.090625 0.090625
3 0.80625 0.2328125 0.096875 0.09375
3 0.34296875 0.62109375 0.0765625 0.0921875
3 0.39375 0.16171875 0.08125 0.0828125
3 0.315625 0.2328125 0.075 0.109375
3 0.6125 0.85703125 0.075 0.0828125
3 0.465625 0.534375 0.090625 0.090625
3 0.75859375 0.1875 0.0703125 0.125
3 0.5828125 0.615625 0.0765625 0.0765625
3 0.83984375 0.93046875 0.0921875 0.1015625