3 0.8390625 0.0921875 0.0734375 0.0734375
3 0.559375 0.534375 0.06875 0.0875
3 0.465625 0.475 0.0625 0.096875
3 0.90859375 0.7765625 0.084375 0.0859375
3 0.634375 0.1453125 0.0703125 0.08125
3 0.8375 0.64453125 0.0625 0.0921875
3 0.303125 0.72265625 0.0765625 0.0953125
3 0.21953125 0.9234375 0.08125 0.08125
3 0.7203125 0.42265625 0.084375 0.0828125
3 0.06875 0.634375 0.078125 0.078125
3 0.49921875 0.10546875 0.0671875 0.0828125
3 0.0515625 0.11484375 0.0796875 0.078125
3 0.1765625 0.32265625 0.065625 0.0890625
3 0.8140625 0.21328125 0.071875 0.090625
3 0.9296875 0.6203125 0.071875 0.10625
3 0.6859375 0.06484375 0.08125 0.08125
3 0.0640625 0.9203125 0.071875 0.103125
3 0.42734375 0.2609375 0.08125 0.08125
3 0.32421875 0.1515625 0.084375 0.084375
3 0.29375 0.9375 0.0859375 0.0859375
3 0.553125 0.05625 0.0625 0.09375
3 0.46875 0.31640625 0.0765625 0.0765625
3 0.2921875 0.63671875 0.06875 0.0921875
3 0.6796875 0.8421875 0.0828125 0.0828125
3 0.928125 0.525 0.06875 0.08125
3 0.578125 0.878125 0.0875 0.078125
3 0.84140625 0.3828125 0.078125 0.0765625
3 0.68984375 0.77890625 0.0703125 0.078125
3 0.87109375 0.51171875 0.075 0.075
3 0.5078125 0.28984375 0.0875 0.0875
3 0.75625 0.25234375 0.075 0.0953125
3 0.2375 0.60703125 0.084375 0.0859375
3 0.709375 0.3015625 0.0828125 0.0828125
3 0.653125 0.73046875 0.075 0.0921875
3 0.58125 0.20546875 0.075 0.1
3 0.67734375 0.38046875 0.075 0.075
3 0.65078125 0.2796875 0.078125 0.078125
3 0.88828125 0.44609375 0.090625 0.0765625
3 0.73828125 0.3359375 0.071875 0.0734375
3 0.96640625 0.27109375 0.0671875 0.0890625