3 0.0796875 0.80625 0.078125 0.0625
3 0.878125 0.34609375 0.0796875 0.078125
3 0.296875 0.184375 0.075 0.0625
3 0.0734375 0.06875 0.09375 0.06875
3 0.8953125 0.4046875 0.115625 0.065625
3 0.82109375 0.646875 0.090625 0.0921875
3 0.70078125 0.2171875 0.0875 0.078125
3 0.521875 0.69609375 0.09375 0.0640625
3 0.46171875 0.77421875 0.1046875 0.0765625
3 0.52890625 0.290625 0.0796875 0.078125
3 0.09453125 0.1328125 0.1046875 0.059375
3 0.82109375 0.25859375 0.084375 0.084375
3 0.621875 0.2671875 0.090625 0.084375
3 0.6390625 0.87265625 0.084375 0.0859375
3 0.2125 0.55 0.078125 0.078125
3 0.77109375 0.225 0.0828125 0.0828125
3 0.19765625 0.703125 0.0765625 0.059375
3 0.5828125 0.8125 0.0734375 0.0734375
3 0.14296875 0.6203125 0.0984375 0.065625
3 0.9234375 0.2640625 0.078125 0.078125
3 0.9 0.05859375 0.1125 0.0609375
3 0.81015625 0.11875 0.08125 0.08125
3 0.16015625 0.840625 0.0828125 0.084375
3 0.3140625 0.6421875 0.075 0.075
3 0.128125 0.396875 0.0671875 0.0671875
3 0.9140625 0.53984375 0.08125 0.0796875
3 0.48203125 0.090625 0.06875 0.06875
3 0.44296875 0.20625 0.0859375 0.08125
3 0.5453125 0.85703125 0.0875 0.0875
3 0.8890625 0.17578125 0.08125 0.0828125
3 0.5515625 0.378125 0.084375 0.0875
3 0.234375 0.625 0.075 0.075
3 0.846875 0.57734375 0.096875 0.075
3 0.51015625 0.05078125 0.078125 0.078125
3 0.8015625 0.721875 0.109375 0.08125
3 0.83203125 0.4484375 0.1171875 0.078125
3 0.05703125 0.184375 0.078125 0.078125
3 0.72578125 0.30234375 0.1171875 0.0796875
3 0.79765625 0.5875 0.1171875 0.0625
3 0.53671875 0.12109375 0.1125 0.0515625
3 0.56328125 0.0609375 0.071875 0.071875
3 0.68046875 0.95234375 0.0890625 0.0890625
3 0.76640625 0.53203125 0.1171875 0.0640625
3 0.43359375 0.11796875 0.065625 0.1015625
3 0.35546875 0.11484375 0.090625 0.0734375
3 0.64453125 0.66875 0.1046875 0.065625
3 0.96171875 0.0640625 0.0703125 0.0703125
3 0.31015625 0.55546875 0.0765625 0.0765625
3 0.25390625 0.4296875 0.0859375 0.0859375
3 0.303125 0.46875 0.0890625 0.0890625
3 0.17265625 0.10625 0.0890625 0.0890625
3 0.18359375 0.39921875 0.084375 0.084375
3 0.3578125 0.67265625 0.103125 0.0703125
3 0.18984375 0.3265625 0.09375 0.09375
3 0.13828125 0.16875 0.071875 0.071875
3 0.95234375 0.3640625 0.0890625 0.0875
3 0.09453125 0.69921875 0.1109375 0.0671875
3 0.471875 0.4375 0.0828125 0.0828125
3 0.88359375 0.1140625 0.078125 0.078125
3 0.715625 0.575 0.0734375 0.0734375
3 0.521875 0.240625 0.0921875 0.0921875
3 0.36328125 0.528125 0.0953125 0.0953125
3 0.24765625 0.509375 0.1109375 0.0875
3 0.43515625 0.4984375 0.0890625 0.0890625
3 0.196875 0.27421875 0.09375 0.09375
3 0.3203125 0.2734375 0.0625 0.090625
3 0.2625 0.2609375 0.06875 0.103125
3 0.415625 0.6890625 0.0875 0.06875
3 0.53515625 0.16953125 0.0796875 0.0796875
3 0.36640625 0.2578125 0.075 0.090625
3 0.16015625 0.2078125 0.08125 0.08125
3 0.178125 0.2421875 0.0828125 0.0828125
3 0.50234375 0.18671875 0.0859375 0.0828125
3 0.74375 0.459375 0.084375 0.084375
3 0.39453125 0.5984375 0.071875 0.09375
3 0.33046875 0.578125 0.1203125 0.05625