3 0.9203125 0.19375 0.078125 0.0625
3 0.121875 0.65390625 0.0875 0.0703125
3 0.703125 0.815625 0.075 0.0625
3 0.9265625 0.93125 0.09375 0.06875
3 0.1046875 0.5953125 0.115625 0.065625
3 0.17890625 0.353125 0.1171875 0.065625
3 0.29921875 0.7828125 0.0875 0.078125
3 0.478125 0.30390625 0.0796875 0.078125
3 0.53828125 0.22578125 0.090625 0.090625
3 0.47109375 0.709375 0.078125 0.078125
3 0.90546875 0.8671875 0.08125 0.08125
3 0.17890625 0.74140625 0.084375 0.084375
3 0.378125 0.7328125 0.090625 0.084375
3 0.3609375 0.12734375 0.084375 0.0859375
3 0.7875 0.45 0.08125 0.075
3 0.22890625 0.775 0.0828125 0.0828125
3 0.80234375 0.296875 0.0671875 0.06875
3 0.4171875 0.1875 0.0734375 0.0734375
3 0.85703125 0.3796875 0.08125 0.0828125
3 0.0765625 0.7359375 0.078125 0.078125
3 0.1 0.94140625 0.0859375 0.0875
3 0.18984375 0.88125 0.08125 0.08125
3 0.83984375 0.159375 0.0953125 0.071875
3 0.6859375 0.3578125 0.084375 0.065625
3 0.871875 0.603125 0.0671875 0.0671875
3 0.0859375 0.46015625 0.08125 0.0796875
3 0.51796875 0.909375 0.06875 0.06875
3 0.55703125 0.79375 0.0859375 0.08125
3 0.4546875 0.14296875 0.096875 0.0765625
3 0.1109375 0.82421875 0.096875 0.06875
3 0.4484375 0.621875 0.084375 0.0875
3 0.765625 0.375 0.08125 0.06875
3 0.153125 0.42265625 0.0859375 0.0859375
3 0.48984375 0.94921875 0.0859375 0.0703125
3 0.1984375 0.278125 0.0953125 0.0953125
3 0.16796875 0.5515625 0.096875 0.0984375
3 0.94296875 0.815625 0.078125 0.078125
3 0.27421875 0.69765625 0.1171875 0.0796875
3 0.20234375 0.4125 0.1171875 0.0625
3 0.46328125 0.87890625 0.08125 0.0828125
3 0.43671875 0.9390625 0.0703125 0.071875
3 0.31953125 0.04765625 0.1015625 0.0765625
3 0.23359375 0.46796875 0.1171875 0.0640625
3 0.56640625 0.88203125 0.084375 0.084375
3 0.64453125 0.88515625 0.08125 0.08125
3 0.35546875 0.33125 0.0859375 0.084375
3 0.03828125 0.9359375 0.0703125 0.071875
3 0.68984375 0.44453125 0.0765625 0.0765625
3 0.74609375 0.5703125 0.0859375 0.0859375
3 0.696875 0.53125 0.11875 0.059375
3 0.82734375 0.89375 0.0875 0.090625
3 0.81640625 0.60078125 0.0953125 0.075
3 0.6421875 0.32734375 0.103125 0.0703125
3 0.81015625 0.6734375 0.09375 0.09375
3 0.86171875 0.83125 0.0859375 0.05625
3 0.04765625 0.6359375 0.0890625 0.0875
3 0.90546875 0.30078125 0.1109375 0.0671875
3 0.528125 0.5625 0.0828125 0.0828125
3 0.11640625 0.8859375 0.078125 0.078125
3 0.284375 0.425 0.06875 0.078125
3 0.478125 0.759375 0.0921875 0.0921875
3 0.63671875 0.471875 0.0953125 0.0953125
3 0.75234375 0.490625 0.1 0.0984375
3 0.56484375 0.5015625 0.1046875 0.075
3 0.803125 0.72578125 0.09375 0.09375
3 0.6796875 0.7265625 0.0765625 0.0765625
3 0.7375 0.7390625 0.0859375 0.0859375
3 0.584375 0.3109375 0.0875 0.06875
3 0.46484375 0.83046875 0.0921875 0.0671875
3 0.63359375 0.7421875 0.0828125 0.0828125
3 0.83984375 0.7921875 0.1109375 0.053125
3 0.821875 0.7578125 0.09375 0.071875
3 0.49765625 0.81328125 0.0859375 0.0828125
3 0.25625 0.540625 0.09375 0.075
3 0.60546875 0.4015625 0.0828125 0.0828125
3 0.66953125 0.421875 0.0875 0.0875