3 0.8578125 0.653125 0.059375 0.08125
3 0.459375 0.565625 0.0734375 0.0734375
3 0.1703125 0.66875 0.059375 0.08125
3 0.6296875 0.2640625 0.0765625 0.0765625
3 0.4484375 0.77890625 0.075 0.075
3 0.0390625 0.4015625 0.075 0.075
3 0.5640625 0.5265625 0.0625 0.090625
3 0.0421875 0.73046875 0.0765625 0.075
4 0.2453125 0.6421875 0.071875 0.090625
3 0.29921875 0.75625 0.0703125 0.090625
3 0.371875 0.74921875 0.06875 0.06875
3 0.209375 0.58671875 0.065625 0.0671875
4 0.25546875 0.08046875 0.0765625 0.1046875
3 0.509375 0.79921875 0.078125 0.078125
3 0.19140625 0.50078125 0.078125 0.078125
3 0.1140625 0.3328125 0.084375 0.084375
3 0.54765625 0.871875 0.08125 0.0796875
3 0.73046875 0.9265625 0.0609375 0.08125
3 0.534375 0.43359375 0.06875 0.090625
3 0.79765625 0.91875 0.0734375 0.096875
3 0.36640625 0.47421875 0.08125 0.08125
3 0.78515625 0.090625 0.06875 0.09375
3 0.475 0.2921875 0.075 0.075
3 0.115625 0.8453125 0.071875 0.071875
3 0.0890625 0.9015625 0.0703125 0.0703125
3 0.565625 0.190625 0.06875 0.06875
4 0.6515625 0.45390625 0.090625 0.090625
3 0.403125 0.1546875 0.0625 0.090625
3 0.4109375 0.303125 0.084375 0.084375
3 0.09609375 0.43671875 0.0609375 0.1
3 0.66875 0.3734375 0.06875 0.084375
3 0.159375 0.559375 0.0921875 0.0921875
3 0.2609375 0.93984375 0.0703125 0.0703125
3 0.7140625 0.065625 0.0828125 0.0828125
3 0.08984375 0.653125 0.084375 0.084375
3 0.959375 0.759375 0.06875 0.0875
3 0.8375 0.50390625 0.06875 0.0953125
3 0.9078125 0.471875 0.084375 0.084375
3 0.40390625 0.36484375 0.0796875 0.0796875
3 0.76328125 0.16015625 0.0671875 0.0859375
3 0.87265625 0.21015625 0.0703125 0.0921875
3 0.103125 0.77265625 0.059375 0.0765625
3 0.475 0.4671875 0.075 0.075
3 0.353125 0.1046875 0.084375 0.0828125
3 0.53671875 0.31015625 0.059375 0.1046875
3 0.64375 0.9546875 0.0796875 0.0796875
3 0.96796875 0.84609375 0.0640625 0.0703125