3 0.346875 0.1421875 0.08125 0.059375
3 0.434375 0.540625 0.0734375 0.0734375
3 0.33125 0.8296875 0.0703125 0.0703125
3 0.7359375 0.3703125 0.0875 0.065625
3 0.22109375 0.5515625 0.090625 0.059375
3 0.5984375 0.9609375 0.075 0.075
3 0.4734375 0.4359375 0.0765625 0.0765625
3 0.26953125 0.9578125 0.075 0.075
4 0.3578125 0.7546875 0.090625 0.071875
3 0.24375 0.70078125 0.08125 0.0796875
3 0.25078125 0.628125 0.06875 0.06875
3 0.41328125 0.790625 0.0671875 0.065625
4 0.91953125 0.74453125 0.1046875 0.0765625
3 0.20078125 0.490625 0.078125 0.078125
3 0.49921875 0.80859375 0.090625 0.0640625
3 0.6671875 0.8859375 0.096875 0.071875
3 0.128125 0.45234375 0.09375 0.0671875
3 0.0734375 0.26953125 0.0703125 0.0703125
3 0.56640625 0.465625 0.0796875 0.0796875
3 0.08125 0.20234375 0.0859375 0.084375
3 0.52578125 0.63359375 0.08125 0.08125
3 0.909375 0.21484375 0.08125 0.08125
3 0.7078125 0.525 0.075 0.075
3 0.1546875 0.884375 0.08125 0.0625
3 0.0984375 0.9109375 0.0703125 0.0703125
3 0.809375 0.434375 0.075 0.0625
4 0.54609375 0.3484375 0.1015625 0.08125
3 0.8453125 0.596875 0.090625 0.0625
3 0.696875 0.5890625 0.096875 0.071875
3 0.56328125 0.90390625 0.08125 0.08125
3 0.6265625 0.33125 0.084375 0.06875
3 0.440625 0.840625 0.109375 0.075
3 0.06015625 0.7390625 0.0828125 0.059375
3 0.934375 0.2859375 0.09375 0.071875
3 0.346875 0.91015625 0.09375 0.0734375
3 0.240625 0.040625 0.0875 0.06875
3 0.49609375 0.1625 0.0953125 0.06875
3 0.528125 0.0921875 0.084375 0.084375
3 0.63515625 0.59609375 0.0921875 0.0671875
3 0.83984375 0.23671875 0.0859375 0.0671875
3 0.78984375 0.12734375 0.0921875 0.0703125
3 0.22734375 0.896875 0.06875 0.06875
3 0.5328125 0.525 0.075 0.075
3 0.8953125 0.646875 0.096875 0.06875
3 0.68984375 0.46328125 0.0828125 0.08125
3 0.0453125 0.35625 0.090625 0.06875
3 0.15390625 0.03203125 0.0703125 0.0640625