3 0.68515625 0.921875 0.071875 0.0734375
3 0.084375 0.1484375 0.075 0.075
3 0.246875 0.1109375 0.071875 0.071875
3 0.11875 0.4359375 0.06875 0.096875
3 0.6375 0.8515625 0.065625 0.090625
3 0.3078125 0.1578125 0.08125 0.08125
3 0.18671875 0.74296875 0.075 0.075
3 0.48515625 0.503125 0.078125 0.0796875
3 0.30625 0.05078125 0.06875 0.0921875
3 0.175 0.13984375 0.08125 0.08125
3 0.6609375 0.08203125 0.0765625 0.078125
3 0.278125 0.94453125 0.05625 0.0796875
3 0.94140625 0.6109375 0.0875 0.0875
3 0.475 0.0953125 0.065625 0.078125
3 0.1328125 0.3328125 0.071875 0.090625
3 0.775 0.40078125 0.059375 0.084375
3 0.69375 0.784375 0.078125 0.078125
3 0.184375 0.62265625 0.0625 0.1015625
3 0.81484375 0.80234375 0.0609375 0.0890625
3 0.278125 0.8453125 0.06875 0.090625
3 0.7 0.3921875 0.065625 0.0875
3 0.13359375 0.93203125 0.078125 0.078125
3 0.2734375 0.24453125 0.05625 0.0875
3 0.5625 0.184375 0.0625 0.08125
3 0.78203125 0.29140625 0.071875 0.1046875
3 0.6125 0.45703125 0.0625 0.0796875
3 0.76640625 0.06484375 0.078125 0.078125
3 0.09765625 0.04609375 0.0765625 0.0765625
3 0.540625 0.446875 0.0625 0.084375
3 0.734375 0.240625 0.075 0.1
3 0.36171875 0.89765625 0.0640625 0.0890625
3 0.3625 0.371875 0.075 0.075
3 0.57734375 0.0828125 0.0734375 0.0875
3 0.40859375 0.4359375 0.078125 0.078125
3 0.8859375 0.434375 0.0703125 0.0703125
3 0.48125 0.6109375 0.0796875 0.0796875
3 0.33671875 0.47421875 0.071875 0.071875
3 0.58203125 0.6390625 0.0640625 0.090625
3 0.65234375 0.53125 0.0671875 0.09375
3 0.77578125 0.15234375 0.0640625 0.0765625
3 0.6265625 0.140625 0.065625 0.08125
3 0.26796875 0.75546875 0.0734375 0.084375
3 0.8453125 0.65859375 0.078125 0.1078125
3 0.04375 0.4265625 0.0734375 0.0734375
3 0.08828125 0.690625 0.0640625 0.08125
3 0.7453125 0.82421875 0.0765625 0.0765625
3 0.6234375 0.3390625 0.0625 0.084375
3 0.809375 0.54453125 0.075 0.075
3 0.95390625 0.18046875 0.0640625 0.0765625
3 0.5640625 0.36015625 0.059375 0.0828125
3 0.06328125 0.33671875 0.08125 0.0828125
3 0.15 0.2015625 0.053125 0.090625
3 0.0453125 0.94609375 0.0625 0.0796875
3 0.70859375 0.68984375 0.071875 0.071875
3 0.375 0.215625 0.08125 0.08125
3 0.64296875 0.715625 0.071875 0.071875
3 0.54140625 0.5703125 0.071875 0.071875
3 0.246875 0.684375 0.0625 0.090625
3 0.2921875 0.66484375 0.071875 0.0703125
3 0.2859375 0.3703125 0.06875 0.075
3 0.88515625 0.84921875 0.0859375 0.0859375
3 0.1140625 0.5546875 0.059375 0.09375
3 0.246875 0.403125 0.06875 0.09375
3 0.76796875 0.64375 0.0609375 0.09375
3 0.4078125 0.509375 0.065625 0.08125
3 0.1921875 0.8796875 0.059375 0.071875
3 0.465625 0.81640625 0.0734375 0.0734375
3 0.871875 0.35390625 0.0609375 0.0609375
3 0.78359375 0.58671875 0.0609375 0.0859375
3 0.86875 0.0578125 0.06875 0.06875
3 0.88984375 0.74296875 0.090625 0.090625
3 0.87578125 0.52890625 0.0796875 0.084375
3 0.88125 0.28515625 0.0828125 0.0828125
3 0.4734375 0.2453125 0.071875 0.1
3 0.4234375 0.3421875 0.053125 0.078125
3 0.0796875 0.5265625 0.0796875 0.0796875
3 0.0875 0.8203125 0.075 0.075
3 0.921875 0.8734375 0.08125 0.08125
3 0.19140625 0.0390625 0.075 0.075
6 0.82109375 0.33984375 0.06875 0.06875
3 0.72578125 0.515625 0.0578125 0.090625
3 0.0625 0.80234375 0.0703125 0.0703125
3 0.165625 0.85703125 0.0625 0.0796875
3 0.90546875 0.06796875 0.0671875 0.0671875
3 0.9125 0.26328125 0.075 0.0703125
3 0.62265625 0.70234375 0.0671875 0.0734375
3 0.43984375 0.23984375 0.0546875 0.0828125
3 0.4515625 0.3171875 0.06875 0.06875
3 0.3140625 0.6484375 0.046875 0.078125
3 0.44296875 0.79375 0.059375 0.075
3 0.7578125 0.490625 0.0609375 0.0609375