3 0.659375 0.94453125 0.05 0.0734375
3 0.071875 0.45 0.05625 0.08125
3 0.79921875 0.18828125 0.0734375 0.0734375
3 0.65859375 0.60390625 0.0640625 0.0875
3 0.8890625 0.28203125 0.071875 0.1046875
3 0.72109375 0.2890625 0.0734375 0.1
3 0.259375 0.6421875 0.0921875 0.0921875
3 0.5546875 0.3765625 0.071875 0.08125
3 0.19140625 0.95078125 0.0765625 0.075
3 0.46953125 0.86953125 0.0671875 0.0859375
3 0.6640625 0.459375 0.08125 0.08125
3 0.43984375 0.7625 0.0828125 0.084375
3 0.1734375 0.86484375 0.0859375 0.0875
3 0.8234375 0.61015625 0.0625 0.0828125
3 0.71640625 0.73359375 0.06875 0.0890625
3 0.65390625 0.2703125 0.090625 0.0890625
3 0.4265625 0.5671875 0.065625 0.08125
3 0.51953125 0.94140625 0.0703125 0.0890625
3 0.05 0.91953125 0.0765625 0.078125
3 0.44375 0.3875 0.084375 0.084375
3 0.76796875 0.81640625 0.078125 0.078125
4 0.4625 0.2 0.0828125 0.0828125
3 0.52421875 0.83359375 0.0703125 0.1
3 0.4875 0.63046875 0.0765625 0.078125
3 0.2 0.18984375 0.0859375 0.0875
3 0.96015625 0.83359375 0.0796875 0.0828125
3 0.721875 0.8484375 0.0859375 0.0859375
3 0.7359375 0.54453125 0.059375 0.0828125
3 0.325 0.79453125 0.065625 0.0828125
3 0.1171875 0.32265625 0.084375 0.0921875
3 0.4328125 0.475 0.071875 0.071875
3 0.603125 0.525 0.06875 0.090625
3 0.87421875 0.6421875 0.0765625 0.0765625
3 0.725 0.05546875 0.06875 0.0890625
3 0.428125 0.48515625 0.05625 0.0796875
3 0.3640625 0.590625 0.071875 0.08125
3 0.2171875 0.53203125 0.078125 0.0921875
3 0.14765625 0.75625 0.08125 0.08125
3 0.9546875 0.33125 0.0765625 0.0765625
3 0.18359375 0.06953125 0.0671875 0.0921875
3 0.496875 0.7515625 0.075 0.075
3 0.59609375 0.43125 0.0875 0.0890625
3 0.94296875 0.18125 0.065625 0.078125
3 0.71953125 0.47421875 0.0578125 0.0734375
6 0.5328125 0.246875 0.096875 0.096875
3 0.5828125 0.8875 0.0609375 0.0609375
3 0.375 0.51484375 0.06875 0.0703125
3 0.91875 0.5734375 0.0625 0.096875
3 0.16953125 0.16015625 0.0546875 0.0890625
3 0.771875 0.06640625 0.0765625 0.096875
3 0.54140625 0.04375 0.0609375 0.0875
3 0.44453125 0.046875 0.08125 0.08125
3 0.12578125 0.5875 0.0609375 0.071875
3 0.1 0.53046875 0.071875 0.071875