3 0.3890625 0.55 0.084375 0.0625
3 0.74453125 0.2546875 0.084375 0.06875
3 0.184375 0.203125 0.075 0.075
3 0.58671875 0.434375 0.084375 0.0625
3 0.61171875 0.07265625 0.096875 0.0671875
3 0.82421875 0.87265625 0.0796875 0.0578125
3 0.2171875 0.1484375 0.08125 0.05625
3 0.71953125 0.040625 0.0796875 0.0796875
3 0.2796875 0.28046875 0.08125 0.0546875
3 0.85078125 0.10078125 0.0859375 0.0578125
3 0.30546875 0.53203125 0.0765625 0.0484375
3 0.0859375 0.48671875 0.0828125 0.08125
3 0.8046875 0.1953125 0.06875 0.06875
2 0.53359375 0.59921875 0.090625 0.0703125
3 0.88203125 0.48984375 0.071875 0.071875
3 0.115625 0.3734375 0.08125 0.059375
3 0.44296875 0.6 0.075 0.0765625
3 0.6921875 0.75859375 0.084375 0.0640625
3 0.2984375 0.1890625 0.075 0.075
3 0.5375 0.6859375 0.075 0.075
3 0.8890625 0.5625 0.075 0.075
3 0.4625 0.34296875 0.0875 0.0703125
3 0.1234375 0.43046875 0.075 0.0734375
3 0.7734375 0.75546875 0.084375 0.0640625
3 0.065625 0.32265625 0.08125 0.0796875
3 0.8484375 0.2625 0.06875 0.059375
3 0.6578125 0.31171875 0.090625 0.0640625
3 0.53984375 0.159375 0.075 0.075
3 0.08203125 0.93203125 0.0953125 0.0734375
3 0.71171875 0.1546875 0.0828125 0.0828125
3 0.259375 0.09609375 0.078125 0.078125
3 0.47734375 0.409375 0.0859375 0.05625
3 0.7640625 0.5875 0.078125 0.078125
3 0.9484375 0.63984375 0.0796875 0.08125
3 0.76171875 0.525 0.0640625 0.0640625
3 0.54609375 0.334375 0.0796875 0.0625
3 0.89453125 0.95 0.0796875 0.06875
3 0.91953125 0.28046875 0.0765625 0.0765625
3 0.178125 0.48828125 0.071875 0.071875
3 0.9453125 0.2109375 0.075 0.075
3 0.61796875 0.5046875 0.0796875 0.0796875
3 0.83125 0.61875 0.078125 0.078125
3 0.41484375 0.6296875 0.0953125 0.065625
3 0.60234375 0.740625 0.0890625 0.06875
3 0.20390625 0.44609375 0.078125 0.078125
3 0.40625 0.075 0.0734375 0.0734375
3 0.7703125 0.43203125 0.0625 0.0625
3 0.37734375 0.40859375 0.0765625 0.0546875
3 0.40390625 0.7265625 0.06875 0.0703125
3 0.94609375 0.88671875 0.0765625 0.0703125
3 0.51171875 0.9015625 0.0796875 0.059375
3 0.27734375 0.9296875 0.0796875 0.0625
3 0.134375 0.2921875 0.0703125 0.0703125
3 0.47578125 0.09609375 0.071875 0.071875
3 0.6890625 0.4703125 0.078125 0.078125
3 0.67109375 0.9421875 0.0796875 0.065625
3 0.74765625 0.68984375 0.0953125 0.0671875
3 0.6734375 0.7984375 0.075 0.075
3 0.2984375 0.4015625 0.0734375 0.0734375
3 0.24765625 0.87421875 0.1046875 0.0734375
3 0.45859375 0.45234375 0.0734375 0.0734375
3 0.41875 0.1171875 0.075 0.065625
3 0.121875 0.04765625 0.09375 0.0703125
3 0.42265625 0.23515625 0.0765625 0.0546875
3 0.19375 0.59921875 0.0859375 0.0859375
3 0.57734375 0.8125 0.0890625 0.06875
3 0.1921875 0.5796875 0.0734375 0.0734375
3 0.84296875 0.671875 0.078125 0.0765625
3 0.453125 0.18203125 0.075 0.075
3 0.715625 0.390625 0.06875 0.06875
3 0.1984375 0.375 0.090625 0.084375
3 0.553125 0.25703125 0.075 0.0734375
3 0.71484375 0.9140625 0.071875 0.0703125
3 0.6328125 0.1859375 0.0640625 0.0640625
3 0.178125 0.27578125 0.1 0.06875
3 0.59375 0.22890625 0.084375 0.0671875
6 0.7359375 0.8609375 0.103125 0.103125
6 0.828125 0.515625 0.075 0.084375
3 0.12421875 0.25 0.0796875 0.08125
6 0.3828125 0.8515625 0.096875 0.096875
3 0.5171875 0.77421875 0.0671875 0.065625
3 0.509375 0.23203125 0.075 0.075
3 0.16484375 0.88125 0.0703125 0.059375
3 0.209375 0.2953125 0.0703125 0.0703125
3 0.61953125 0.37265625 0.0875 0.0875
3 0.42421875 0.28828125 0.071875 0.071875
3 0.47265625 0.7359375 0.0921875 0.06875
3 0.4984375 0.2953125 0.0625 0.0625
3 0.365625 0.19765625 0.0640625 0.0640625
0 0.55078125 0.83828125 0.0890625 0.0828125
6 0.66796875 0.6828125 0.1328125 0.1
3 0.38125 0.484375 0.0875 0.071875
3 0.23046875 0.39453125 0.0734375 0.0578125
3 0.48515625 0.834375 0.0703125 0.0703125
3 0.68828125 0.20703125 0.071875 0.071875
3 0.66015625 0.38125 0.0734375 0.071875
3 0.153125 0.9328125 0.0671875 0.0671875
3 0.33203125 0.88984375 0.071875 0.0703125
3 0.44765625 0.87421875 0.0734375 0.0734375
3 0.3078125 0.3875 0.075 0.075
3 0.4078125 0.46015625 0.0828125 0.08125