3 0.178125 0.22578125 0.096875 0.0703125
3 0.1171875 0.525 0.0828125 0.0828125
3 0.70390625 0.5171875 0.078125 0.078125
3 0.68984375 0.12421875 0.09375 0.09375
3 0.6578125 0.5953125 0.09375 0.09375
3 0.51796875 0.9328125 0.0734375 0.0734375
3 0.8828125 0.44375 0.096875 0.06875
3 0.7703125 0.77421875 0.078125 0.078125
3 0.54296875 0.6390625 0.0921875 0.071875
3 0.84140625 0.125 0.0796875 0.059375
3 0.77421875 0.26796875 0.06875 0.06875
3 0.16171875 0.0453125 0.0828125 0.0828125
3 0.63046875 0.21953125 0.0921875 0.0609375
3 0.54765625 0.49609375 0.0984375 0.0640625
3 0.36953125 0.04453125 0.075 0.075
3 0.37734375 0.84140625 0.0765625 0.0640625
3 0.78828125 0.89921875 0.0796875 0.0796875
3 0.4125 0.6984375 0.103125 0.059375
3 0.12265625 0.8828125 0.0984375 0.1
3 0.68984375 0.92265625 0.090625 0.0921875
3 0.1640625 0.39765625 0.084375 0.0625
3 0.8734375 0.75859375 0.084375 0.0625
3 0.8859375 0.60234375 0.0875 0.0546875
3 0.04609375 0.2484375 0.0875 0.065625
3 0.2703125 0.715625 0.0890625 0.0890625
3 0.1046875 0.17421875 0.0875 0.0875
3 0.85625 0.32265625 0.090625 0.090625
3 0.48359375 0.8375 0.0828125 0.084375
3 0.928125 0.2203125 0.10625 0.071875
3 0.4609375 0.75390625 0.146875 0.0640625
3 0.40703125 0.425 0.08125 0.0796875
3 0.44609375 0.45 0.0875 0.0875
3 0.38046875 0.590625 0.1078125 0.06875
3 0.60078125 0.96640625 0.0734375 0.0671875
3 0.63984375 0.034375 0.0765625 0.06875
3 0.44609375 0.528125 0.096875 0.096875
3 0.37578125 0.53984375 0.0640625 0.0640625
5 0.578125 0.4109375 0.096875 0.096875