3 0.42421875 0.7296875 0.071875 0.090625
3 0.58359375 0.17578125 0.0640625 0.1015625
3 0.3234375 0.50546875 0.084375 0.084375
3 0.396875 0.5171875 0.0765625 0.0765625
3 0.59765625 0.8078125 0.078125 0.078125
3 0.49609375 0.29140625 0.0671875 0.0890625
3 0.184375 0.75546875 0.071875 0.0828125
3 0.3734375 0.20859375 0.065625 0.0875
3 0.209375 0.21015625 0.0625 0.0890625
3 0.84765625 0.2984375 0.0703125 0.090625
3 0.78984375 0.08046875 0.075 0.075
3 0.31875 0.1 0.06875 0.096875
3 0.67578125 0.9265625 0.071875 0.090625
3 0.7515625 0.9390625 0.084375 0.084375
3 0.565625 0.328125 0.0625 0.1
3 0.153125 0.88515625 0.0796875 0.0796875
3 0.71640625 0.509375 0.08125 0.08125
3 0.5078125 0.71171875 0.06875 0.071875
3 0.2328125 0.57578125 0.065625 0.0890625
3 0.1046875 0.75078125 0.0765625 0.078125
3 0.05078125 0.69921875 0.0703125 0.0921875
3 0.52890625 0.46953125 0.0640625 0.0890625
3 0.30546875 0.60703125 0.0796875 0.0796875
3 0.10390625 0.0921875 0.0703125 0.0703125
3 0.55703125 0.56328125 0.065625 0.0890625
3 0.425 0.27734375 0.071875 0.0734375
3 0.76484375 0.5765625 0.0734375 0.071875
3 0.421875 0.8328125 0.071875 0.090625
3 0.2 0.31875 0.0828125 0.0828125
3 0.8828125 0.87109375 0.071875 0.0953125
3 0.5171875 0.2078125 0.065625 0.08125
3 0.6234375 0.271875 0.0796875 0.0796875
3 0.66640625 0.76328125 0.0640625 0.0828125
3 0.91171875 0.21953125 0.0734375 0.1
3 0.3375 0.75625 0.071875 0.071875
3 0.2734375 0.29140625 0.0859375 0.0859375
3 0.63671875 0.4984375 0.0546875 0.0875
3 0.571875 0.94140625 0.059375 0.0921875
3 0.16484375 0.11796875 0.078125 0.078125
3 0.84921875 0.471875 0.078125 0.0796875
3 0.9515625 0.53515625 0.084375 0.084375
3 0.415625 0.38203125 0.078125 0.0796875
3 0.22109375 0.84609375 0.0578125 0.109375
3 0.26015625 0.70390625 0.071875 0.090625
3 0.9140625 0.434375 0.078125 0.078125
3 0.253125 0.065625 0.059375 0.075
3 0.625 0.39765625 0.0625 0.0890625
3 0.51953125 0.87109375 0.075 0.075
3 0.45546875 0.4953125 0.075 0.075
3 0.3875 0.0671875 0.0828125 0.0828125
3 0.36171875 0.41328125 0.08125 0.08125
3 0.6 0.6984375 0.075 0.0875
3 0.78046875 0.39609375 0.0734375 0.0890625
3 0.81171875 0.20625 0.0765625 0.0765625
3 0.31875 0.25 0.0796875 0.0796875
3 0.284375 0.42734375 0.075 0.075
3 0.903125 0.74921875 0.0671875 0.0671875
3 0.96640625 0.9484375 0.0546875 0.084375
3 0.265625 0.17421875 0.075 0.075
3 0.28984375 0.85078125 0.071875 0.0921875
3 0.94375 0.82421875 0.0734375 0.075
3 0.8640625 0.121875 0.06875 0.1
3 0.06484375 0.55625 0.0609375 0.0875
3 0.71484375 0.21484375 0.0578125 0.0890625
3 0.075 0.9171875 0.06875 0.084375
3 0.19765625 0.64296875 0.0796875 0.078125
3 0.575 0.65546875 0.0703125 0.0703125
3 0.965625 0.090625 0.06875 0.0875
3 0.4734375 0.13671875 0.08125 0.08125
3 0.7 0.65078125 0.0703125 0.06875
3 0.8015625 0.49140625 0.071875 0.071875
3 0.3734375 0.9296875 0.075 0.075
3 0.7171875 0.053125 0.0859375 0.0859375
3 0.665625 0.2921875 0.0625 0.090625
3 0.134375 0.4421875 0.090625 0.090625
3 0.64921875 0.12578125 0.0671875 0.0875
3 0.7484375 0.30078125 0.06875 0.0640625
3 0.6203125 0.09765625 0.065625 0.0890625
3 0.56875 0.065625 0.06875 0.090625
3 0.24375 0.42734375 0.06875 0.0921875
3 0.52421875 0.775 0.06875 0.0875
3 0.47109375 0.628125 0.0734375 0.071875
3 0.05546875 0.3078125 0.0609375 0.08125
3 0.7546875 0.71171875 0.071875 0.071875
3 0.371875 0.66875 0.071875 0.071875
3 0.4828125 0.57265625 0.065625 0.0890625
3 0.134375 0.58984375 0.075 0.075
3 0.89296875 0.646875 0.0875 0.0890625
3 0.50078125 0.9546875 0.078125 0.078125
3 0.8125 0.909375 0.0703125 0.0703125
3 0.840625 0.56953125 0.0859375 0.0875
3 0.428125 0.15078125 0.0703125 0.071875
3 0.2359375 0.12734375 0.0796875 0.0796875
3 0.43828125 0.0953125 0.0734375 0.09375
3 0.8875 0.096875 0.06875 0.06875
3 0.30390625 0.95703125 0.0734375 0.0734375
3 0.1296875 0.6390625 0.065625 0.065625
3 0.02578125 0.28203125 0.0515625 0.0953125
3 0.6703125 0.66953125 0.0734375 0.0734375
3 0.946875 0.93203125 0.059375 0.0890625
3 0.6234375 0.5296875 0.075 0.075
3 0.6828125 0.2078125 0.06875 0.071875
3 0.878125 0.7578125 0.0625 0.08125
3 0.76953125 0.26953125 0.0515625 0.0765625