3 0.57578125 0.7296875 0.08125 0.08125
3 0.41640625 0.17578125 0.0828125 0.0828125
3 0.6765625 0.50546875 0.071875 0.096875
3 0.603125 0.5171875 0.0765625 0.0765625
3 0.40234375 0.8078125 0.059375 0.096875
3 0.50390625 0.29140625 0.0671875 0.0890625
3 0.815625 0.75546875 0.071875 0.0828125
3 0.6265625 0.20859375 0.065625 0.0875
3 0.790625 0.21015625 0.0765625 0.0765625
3 0.15234375 0.2984375 0.0703125 0.090625
3 0.21015625 0.08046875 0.0640625 0.0859375
3 0.68125 0.1 0.06875 0.096875
3 0.32421875 0.9265625 0.071875 0.090625
3 0.2484375 0.9390625 0.084375 0.084375
3 0.434375 0.328125 0.0625 0.1
3 0.846875 0.88515625 0.0625 0.096875
3 0.28359375 0.509375 0.0734375 0.0875
3 0.4921875 0.71171875 0.06875 0.071875
3 0.7671875 0.57578125 0.078125 0.078125
3 0.8953125 0.75078125 0.065625 0.0890625
3 0.94921875 0.69921875 0.08125 0.08125
3 0.47109375 0.46953125 0.0640625 0.0890625
3 0.69453125 0.60703125 0.0796875 0.0796875
3 0.89609375 0.0921875 0.0703125 0.0703125
3 0.44296875 0.56328125 0.065625 0.0890625
3 0.575 0.27734375 0.0625 0.0828125
3 0.23515625 0.5765625 0.0734375 0.071875
3 0.578125 0.8328125 0.071875 0.090625
3 0.8 0.31875 0.0828125 0.0828125
3 0.1171875 0.87109375 0.084375 0.084375
3 0.4828125 0.2078125 0.065625 0.08125
3 0.3765625 0.271875 0.0625 0.096875
3 0.33359375 0.76328125 0.0640625 0.0828125
3 0.08828125 0.21953125 0.0734375 0.1
3 0.6625 0.75625 0.071875 0.071875
3 0.7265625 0.29140625 0.0859375 0.0859375
3 0.36328125 0.4984375 0.0546875 0.0875
3 0.428125 0.94140625 0.059375 0.0921875
3 0.83515625 0.11796875 0.078125 0.078125
3 0.15078125 0.471875 0.078125 0.0796875
3 0.0484375 0.53515625 0.084375 0.084375
3 0.584375 0.38203125 0.078125 0.0796875
3 0.77890625 0.84609375 0.0828125 0.084375
3 0.73984375 0.70390625 0.08125 0.08125
3 0.0859375 0.434375 0.065625 0.090625
3 0.746875 0.065625 0.0671875 0.065625
3 0.375 0.39765625 0.075 0.0765625
3 0.48046875 0.87109375 0.075 0.075
3 0.54453125 0.4953125 0.06875 0.08125
3 0.6125 0.0671875 0.075 0.090625
3 0.63828125 0.41328125 0.08125 0.08125
3 0.4 0.6984375 0.075 0.0875
3 0.21953125 0.39609375 0.08125 0.08125
3 0.18828125 0.20625 0.0765625 0.0765625
3 0.68125 0.25 0.06875 0.090625
3 0.715625 0.42734375 0.06875 0.0828125
3 0.096875 0.74921875 0.059375 0.0734375
3 0.034375 0.94921875 0.06875 0.0703125
3 0.734375 0.17421875 0.065625 0.0859375
3 0.71015625 0.85078125 0.071875 0.0921875
3 0.05625 0.82421875 0.0734375 0.0734375
3 0.1359375 0.121875 0.084375 0.084375
3 0.93515625 0.55625 0.0609375 0.0875
3 0.28515625 0.21484375 0.0578125 0.0890625
3 0.925 0.9171875 0.0765625 0.0765625
3 0.80234375 0.64296875 0.0671875 0.090625
3 0.425 0.65546875 0.06875 0.071875
3 0.03671875 0.09140625 0.0734375 0.0796875
3 0.5265625 0.13671875 0.08125 0.08125
3 0.3 0.65078125 0.0703125 0.06875
3 0.1984375 0.49140625 0.071875 0.071875
3 0.6265625 0.9296875 0.065625 0.084375
3 0.2828125 0.053125 0.071875 0.1
3 0.334375 0.2921875 0.0625 0.090625
3 0.865625 0.4421875 0.075 0.10625
3 0.35078125 0.12578125 0.0765625 0.078125
3 0.2515625 0.30078125 0.0671875 0.065625
3 0.3796875 0.09765625 0.0765625 0.078125
3 0.43125 0.065625 0.0796875 0.0796875
3 0.75625 0.42734375 0.06875 0.0921875
3 0.47578125 0.775 0.06875 0.0875
3 0.52890625 0.628125 0.0703125 0.075
3 0.94453125 0.3078125 0.071875 0.0703125
3 0.2453125 0.71171875 0.0734375 0.071875
3 0.628125 0.66875 0.071875 0.071875
3 0.5171875 0.57265625 0.078125 0.0765625
3 0.865625 0.58984375 0.06875 0.0828125
3 0.10703125 0.646875 0.0890625 0.0890625
3 0.49921875 0.9546875 0.0671875 0.0875
3 0.1875 0.909375 0.05625 0.084375
3 0.159375 0.56953125 0.0859375 0.0875
3 0.571875 0.15078125 0.0625 0.0796875
3 0.7640625 0.12734375 0.06875 0.0890625
3 0.56171875 0.0953125 0.084375 0.084375
3 0.1125 0.096875 0.0625 0.075
3 0.69609375 0.95703125 0.0734375 0.0734375
3 0.8703125 0.6390625 0.065625 0.065625
3 0.96875 0.28203125 0.0625 0.0734375
3 0.3296875 0.66953125 0.0734375 0.0734375
3 0.053125 0.93203125 0.059375 0.0890625
3 0.3765625 0.5296875 0.059375 0.090625
3 0.3171875 0.2078125 0.06875 0.071875
3 0.121875 0.7578125 0.071875 0.071875
3 0.23046875 0.26953125 0.0515625 0.0765625