3 0.1109375 0.96015625 0.065625 0.065625
3 0.178125 0.784375 0.09375 0.05625
3 0.25859375 0.46875 0.075 0.075
3 0.26015625 0.8703125 0.0671875 0.065625
3 0.0828125 0.7421875 0.0875 0.0625
3 0.14921875 0.87421875 0.0765625 0.0609375
3 0.140625 0.46640625 0.0765625 0.075
3 0.27734375 0.29453125 0.0765625 0.0765625
3 0.31484375 0.37734375 0.0703125 0.06875
3 0.33203125 0.65 0.0703125 0.065625
3 0.178125 0.5890625 0.09375 0.071875
3 0.59140625 0.4328125 0.0796875 0.0796875
3 0.06953125 0.5296875 0.0703125 0.06875
3 0.54765625 0.5265625 0.090625 0.065625
3 0.3359375 0.7203125 0.06875 0.06875
3 0.59609375 0.14609375 0.084375 0.0703125
3 0.403125 0.22734375 0.09375 0.0546875
3 0.79921875 0.07578125 0.090625 0.090625
3 0.37578125 0.28359375 0.090625 0.0640625
3 0.81484375 0.928125 0.08125 0.08125
3 0.18671875 0.1328125 0.075 0.075
3 0.51015625 0.10390625 0.075 0.075
3 0.75703125 0.040625 0.0796875 0.0625
3 0.86171875 0.53828125 0.0921875 0.0703125
3 0.71640625 0.3328125 0.0546875 0.0625
3 0.53046875 0.69375 0.084375 0.06875
3 0.15078125 0.30625 0.071875 0.0703125
3 0.23359375 0.67578125 0.084375 0.084375
3 0.5203125 0.209375 0.0625 0.0625
3 0.0578125 0.853125 0.090625 0.06875
3 0.321875 0.24375 0.08125 0.059375
3 0.43359375 0.96640625 0.0734375 0.0671875
3 0.0984375 0.27109375 0.0734375 0.0734375
3 0.66953125 0.86953125 0.075 0.075
3 0.8796875 0.6375 0.1 0.078125
3 0.45859375 0.72421875 0.0671875 0.0671875
3 0.21484375 0.31015625 0.065625 0.065625
3 0.0875 0.03203125 0.06875 0.0640625
6 0.24296875 0.5390625 0.1046875 0.0875
3 0.4953125 0.58046875 0.071875 0.0640625
6 0.73515625 0.90625 0.09375 0.09375
3 0.16640625 0.08515625 0.0875 0.0875
3 0.1671875 0.2125 0.0796875 0.0796875
3 0.38046875 0.59296875 0.0796875 0.0734375
3 0.30703125 0.96640625 0.0703125 0.0671875
3 0.35859375 0.17890625 0.0765625 0.0765625
3 0.29765625 0.13125 0.0984375 0.096875
3 0.390625 0.11640625 0.0625 0.0609375
3 0.32734375 0.521875 0.065625 0.0671875
3 0.896875 0.090625 0.084375 0.065625
3 0.89921875 0.89765625 0.075 0.075
3 0.66015625 0.06875 0.071875 0.071875
3 0.5796875 0.0703125 0.078125 0.059375
3 0.44140625 0.909375 0.075 0.075
3 0.809375 0.69375 0.071875 0.0625
3 0.58984375 0.64375 0.065625 0.065625
3 0.3359375 0.790625 0.078125 0.06875
3 0.91328125 0.3421875 0.0859375 0.084375
3 0.94609375 0.453125 0.0984375 0.059375
3 0.7015625 0.4328125 0.1125 0.0625
3 0.321875 0.8265625 0.0765625 0.0765625
6 0.45546875 0.18125 0.096875 0.096875
3 0.88671875 0.40234375 0.0953125 0.06875
3 0.3875 0.865625 0.075 0.0625
3 0.79765625 0.4015625 0.0859375 0.065625
3 0.434375 0.5984375 0.084375 0.059375
3 0.12734375 0.1421875 0.071875 0.071875
6 0.790625 0.35 0.0984375 0.0984375
3 0.3640625 0.93359375 0.06875 0.06875
6 0.40390625 0.5015625 0.1265625 0.071875
3 0.3109375 0.58125 0.071875 0.059375
3 0.9515625 0.48046875 0.090625 0.0640625
3 0.26953125 0.59609375 0.06875 0.06875
3 0.15859375 0.23203125 0.0921875 0.0671875