2 0.2109375 0.5 0.1 0.06875
2 0.20625 0.06484375 0.084375 0.084375
2 0.07109375 0.1390625 0.0796875 0.078125
2 0.94296875 0.43203125 0.08125 0.08125
2 0.115625 0.503125 0.084375 0.084375
2 0.4421875 0.27734375 0.09375 0.075
2 0.5359375 0.7234375 0.096875 0.071875
2 0.309375 0.46875 0.0890625 0.0890625
2 0.7453125 0.86875 0.090625 0.071875
2 0.14921875 0.94453125 0.0828125 0.0828125
2 0.878125 0.9078125 0.1 0.075
2 0.39453125 0.153125 0.0828125 0.0828125
2 0.36328125 0.66796875 0.0875 0.0875
2 0.62421875 0.33671875 0.084375 0.0828125
2 0.53359375 0.6546875 0.1015625 0.071875
2 0.9078125 0.553125 0.084375 0.065625
2 0.5515625 0.58984375 0.08125 0.08125
2 0.8265625 0.51953125 0.0828125 0.084375
2 0.7296875 0.66640625 0.0875 0.0875
2 0.2484375 0.5703125 0.096875 0.078125
2 0.15625 0.58828125 0.075 0.075
2 0.92734375 0.79765625 0.1078125 0.0734375
2 0.58671875 0.24609375 0.0984375 0.0765625
2 0.71484375 0.3234375 0.0984375 0.075
2 0.6734375 0.46328125 0.1 0.0734375
2 0.31875 0.10390625 0.08125 0.08125
2 0.403125 0.546875 0.0859375 0.0859375
2 0.2515625 0.8078125 0.096875 0.075
2 0.7625 0.621875 0.078125 0.078125
2 0.78671875 0.77578125 0.1046875 0.06875
2 0.94453125 0.58984375 0.075 0.075
2 0.48828125 0.88671875 0.0796875 0.0796875
2 0.48515625 0.953125 0.090625 0.0890625
2 0.50859375 0.5203125 0.090625 0.090625
2 0.834375 0.6015625 0.078125 0.078125
2 0.56796875 0.953125 0.103125 0.084375
2 0.66015625 0.04375 0.0921875 0.0875
2 0.2875 0.35078125 0.09375 0.09375
2 0.81171875 0.7171875 0.0984375 0.096875
2 0.228125 0.13125 0.0859375 0.0859375
2 0.21875 0.378125 0.0671875 0.0671875
2 0.32734375 0.30703125 0.0609375 0.0609375
2 0.9578125 0.88671875 0.071875 0.053125
3 0.0703125 0.5890625 0.084375 0.084375
3 0.8640625 0.6640625 0.125 0.08125
3 0.909375 0.72890625 0.0828125 0.0828125
3 0.3015625 0.246875 0.09375 0.09375