3 0.0796875 0.6171875 0.0875 0.065625
3 0.38203125 0.7140625 0.0953125 0.071875
3 0.60390625 0.4546875 0.0921875 0.065625
3 0.90390625 0.121875 0.0859375 0.065625
3 0.359375 0.5171875 0.071875 0.071875
3 0.303125 0.38203125 0.096875 0.0734375
3 0.33984375 0.8140625 0.0859375 0.078125
3 0.45234375 0.63671875 0.090625 0.090625
3 0.33515625 0.30078125 0.1 0.071875
3 0.321875 0.93671875 0.0875 0.0640625
3 0.81015625 0.10078125 0.0890625 0.0640625
3 0.6515625 0.34296875 0.10625 0.0703125
3 0.12734375 0.728125 0.0875 0.0875
3 0.9234375 0.2546875 0.075 0.0625
3 0.42421875 0.2421875 0.078125 0.059375
3 0.7125 0.2796875 0.078125 0.078125
3 0.1984375 0.5390625 0.075 0.075
3 0.8265625 0.79453125 0.096875 0.0671875
3 0.77421875 0.7078125 0.08125 0.08125
3 0.49296875 0.13125 0.0828125 0.078125
3 0.61796875 0.7890625 0.0875 0.0890625
3 0.4671875 0.47265625 0.071875 0.071875
3 0.59921875 0.278125 0.0890625 0.090625
3 0.1265625 0.9234375 0.06875 0.06875
3 0.2796875 0.2421875 0.084375 0.071875
3 0.80625 0.265625 0.078125 0.0625
3 0.60234375 0.0921875 0.090625 0.0890625
3 0.190625 0.8109375 0.0796875 0.0796875
3 0.84921875 0.6328125 0.0859375 0.0859375
3 0.23359375 0.703125 0.0796875 0.065625
3 0.5328125 0.4 0.0875 0.0875
3 0.60390625 0.1421875 0.1015625 0.078125
3 0.084375 0.08828125 0.1 0.0734375
3 0.76953125 0.21875 0.0953125 0.075
3 0.928125 0.784375 0.0671875 0.0671875
3 0.04609375 0.80546875 0.075 0.0734375
3 0.946875 0.83359375 0.090625 0.059375
3 0.415625 0.39453125 0.0890625 0.0890625
3 0.71640625 0.08046875 0.0875 0.0875
3 0.20859375 0.86796875 0.0828125 0.0609375
3 0.2859375 0.55703125 0.090625 0.08125
3 0.93046875 0.9671875 0.0734375 0.065625
3 0.79296875 0.5578125 0.1015625 0.078125
3 0.08671875 0.5 0.0890625 0.0875
3 0.39140625 0.1125 0.096875 0.096875
3 0.9390625 0.69921875 0.09375 0.09375
3 0.959375 0.184375 0.08125 0.059375
3 0.36484375 0.171875 0.1328125 0.075
3 0.459375 0.34921875 0.09375 0.0921875
3 0.90390625 0.40625 0.0875 0.0875
3 0.85234375 0.4734375 0.09375 0.0953125
3 0.790625 0.453125 0.0875 0.0875
3 0.86953125 0.5515625 0.090625 0.090625
3 0.13984375 0.85078125 0.0890625 0.0734375
3 0.878125 0.72734375 0.0828125 0.08125
3 0.80703125 0.346875 0.0609375 0.065625
3 0.6015625 0.8734375 0.078125 0.078125
3 0.95078125 0.50546875 0.084375 0.084375
3 0.146875 0.3546875 0.08125 0.08125
6 0.3015625 0.6484375 0.103125 0.078125
6 0.6609375 0.5171875 0.109375 0.084375
3 0.52421875 0.840625 0.1078125 0.0875
3 0.1859375 0.3640625 0.0703125 0.0703125
3 0.6765625 0.73671875 0.1109375 0.109375