3 0.6171875 0.9203125 0.0765625 0.0765625
3 0.7140625 0.61796875 0.071875 0.0953125
3 0.4546875 0.39609375 0.0796875 0.078125
3 0.121875 0.09609375 0.065625 0.0859375
3 0.5171875 0.640625 0.065625 0.078125
3 0.38203125 0.696875 0.0734375 0.096875
3 0.8140625 0.66015625 0.0828125 0.08125
3 0.63671875 0.54765625 0.090625 0.090625
3 0.30078125 0.66484375 0.0859375 0.0859375
3 0.93671875 0.678125 0.0640625 0.0875
3 0.10078125 0.18984375 0.0765625 0.0765625
3 0.34296875 0.3484375 0.0875 0.0890625
3 0.728125 0.87265625 0.0875 0.0875
3 0.2546875 0.0765625 0.0625 0.075
3 0.2421875 0.57578125 0.059375 0.078125
3 0.2796875 0.2875 0.06875 0.0875
3 0.5390625 0.8015625 0.075 0.075
3 0.79453125 0.1734375 0.0671875 0.096875
3 0.7078125 0.22578125 0.06875 0.0921875
3 0.13125 0.50703125 0.08125 0.08125
3 0.7890625 0.38203125 0.0890625 0.0875
3 0.47265625 0.5328125 0.071875 0.071875
3 0.278125 0.40078125 0.090625 0.0890625
3 0.9234375 0.8734375 0.059375 0.078125
3 0.2421875 0.7203125 0.071875 0.084375
3 0.265625 0.19375 0.0625 0.078125
3 0.0921875 0.39765625 0.0890625 0.090625
3 0.8109375 0.809375 0.0796875 0.0796875
3 0.6328125 0.15078125 0.071875 0.1
3 0.703125 0.76640625 0.065625 0.0796875
3 0.4 0.4671875 0.0875 0.0875
3 0.1421875 0.39609375 0.078125 0.1015625
3 0.08828125 0.915625 0.0875 0.0875
3 0.21875 0.23046875 0.075 0.0953125
3 0.784375 0.071875 0.0671875 0.0671875
3 0.80546875 0.95390625 0.0625 0.0859375
3 0.83359375 0.053125 0.059375 0.090625
3 0.39453125 0.584375 0.0734375 0.10625
3 0.08046875 0.28359375 0.0765625 0.0984375
3 0.86796875 0.79140625 0.0609375 0.0828125
3 0.55703125 0.7140625 0.08125 0.090625
3 0.9703125 0.0703125 0.059375 0.090625
3 0.5578125 0.20703125 0.0890625 0.0890625
3 0.5 0.91328125 0.0875 0.0890625
3 0.1125 0.60859375 0.096875 0.096875
3 0.69921875 0.0609375 0.09375 0.09375
3 0.184375 0.040625 0.0703125 0.0703125
3 0.171875 0.63515625 0.075 0.1328125
3 0.34921875 0.540625 0.0859375 0.1
3 0.40625 0.09609375 0.075 0.1
3 0.4734375 0.14765625 0.071875 0.1171875
3 0.453125 0.209375 0.09375 0.08125
3 0.5515625 0.13046875 0.090625 0.090625
3 0.85078125 0.86015625 0.08125 0.08125
3 0.72734375 0.121875 0.08125 0.0828125
3 0.346875 0.19296875 0.0640625 0.0625
3 0.8734375 0.3984375 0.065625 0.090625
3 0.50546875 0.04921875 0.071875 0.0953125
3 0.3546875 0.853125 0.071875 0.090625
6 0.6484375 0.6984375 0.090625 0.090625
6 0.5171875 0.3390625 0.084375 0.109375
3 0.840625 0.47578125 0.0984375 0.096875
3 0.3640625 0.8140625 0.0703125 0.0703125
3 0.73671875 0.3234375 0.0984375 0.121875