3 0.5546875 0.11328125 0.065625 0.0953125
3 0.0984375 0.09609375 0.084375 0.084375
3 0.61484375 0.125 0.0625 0.09375
3 0.8609375 0.196875 0.075 0.075
3 0.1578125 0.23671875 0.0875 0.0875
3 0.903125 0.5546875 0.075 0.090625
3 0.1359375 0.609375 0.0875 0.0875
3 0.925 0.16796875 0.06875 0.103125
3 0.59140625 0.8875 0.078125 0.1
3 0.4671875 0.47578125 0.078125 0.078125
3 0.07578125 0.66484375 0.071875 0.0953125
3 0.5703125 0.55546875 0.084375 0.0859375
3 0.33125 0.56328125 0.0796875 0.078125
3 0.52109375 0.83671875 0.0859375 0.1171875
3 0.6546875 0.53515625 0.08125 0.0953125
3 0.3625 0.12890625 0.0625 0.1140625
3 0.6796875 0.94140625 0.078125 0.1015625
3 0.5 0.06875 0.0828125 0.0828125
3 0.953125 0.63203125 0.0859375 0.0859375
3 0.2078125 0.1921875 0.0921875 0.0921875
3 0.3265625 0.65546875 0.090625 0.090625
3 0.403125 0.5171875 0.0875 0.096875
3 0.8578125 0.8203125 0.084375 0.1125
3 0.3328125 0.30234375 0.075 0.0796875
3 0.27265625 0.846875 0.0703125 0.1
3 0.8171875 0.059375 0.0875 0.0875
3 0.746875 0.36328125 0.0765625 0.078125
3 0.49375 0.16484375 0.08125 0.096875
3 0.9015625 0.8828125 0.0921875 0.0921875
3 0.609375 0.41640625 0.0875 0.1015625
3 0.65234375 0.2171875 0.0765625 0.096875
3 0.84375 0.71328125 0.10625 0.10625
3 0.4890625 0.71328125 0.0859375 0.0859375