3 0.4453125 0.88671875 0.08125 0.0796875
3 0.9015625 0.90390625 0.06875 0.1015625
3 0.38515625 0.875 0.0625 0.09375
3 0.1390625 0.803125 0.075 0.075
3 0.8421875 0.76328125 0.0875 0.0875
3 0.096875 0.4453125 0.075 0.090625
3 0.8640625 0.390625 0.0875 0.0875
3 0.075 0.83203125 0.06875 0.103125
3 0.40859375 0.1125 0.078125 0.1
3 0.5328125 0.52421875 0.071875 0.0859375
3 0.92421875 0.33515625 0.071875 0.0953125
3 0.4296875 0.44453125 0.084375 0.0859375
3 0.66875 0.43671875 0.0796875 0.078125
3 0.47890625 0.16328125 0.1015625 0.1015625
3 0.3453125 0.46484375 0.0890625 0.0875
3 0.6375 0.87109375 0.0625 0.1140625
3 0.3203125 0.05859375 0.078125 0.1015625
3 0.5 0.93125 0.075 0.090625
3 0.046875 0.36796875 0.0859375 0.0859375
3 0.7921875 0.8078125 0.071875 0.1125
3 0.6734375 0.34453125 0.090625 0.090625
3 0.596875 0.4828125 0.0921875 0.0921875
3 0.1421875 0.1796875 0.0984375 0.0984375
3 0.6671875 0.69765625 0.0765625 0.078125
3 0.72734375 0.153125 0.0703125 0.1
3 0.1828125 0.940625 0.071875 0.103125
3 0.253125 0.63671875 0.06875 0.0859375
3 0.50625 0.83515625 0.0890625 0.0890625
3 0.0984375 0.1171875 0.06875 0.115625
3 0.390625 0.58359375 0.0875 0.1015625
3 0.34765625 0.7828125 0.0765625 0.096875
3 0.15625 0.28671875 0.10625 0.10625
3 0.5109375 0.28671875 0.0859375 0.0859375