3 0.52109375 0.0546875 0.0578125 0.078125
3 0.09296875 0.81328125 0.065625 0.065625
3 0.25859375 0.265625 0.0609375 0.075
4 0.8875 0.084375 0.08125 0.10625
3 0.4109375 0.43671875 0.0671875 0.0671875
3 0.76328125 0.79765625 0.071875 0.071875
3 0.05703125 0.27421875 0.071875 0.0703125
3 0.75625 0.15625 0.084375 0.084375
3 0.27890625 0.45703125 0.065625 0.065625
3 0.275 0.765625 0.0765625 0.0765625
3 0.68984375 0.0796875 0.0890625 0.0890625
3 0.46640625 0.9265625 0.075 0.075
3 0.1578125 0.80546875 0.08125 0.08125
3 0.25546875 0.1234375 0.0703125 0.084375
3 0.7984375 0.5390625 0.071875 0.096875
3 0.34375 0.76640625 0.0734375 0.0734375
3 0.07578125 0.91796875 0.0734375 0.0984375
3 0.75859375 0.42265625 0.0546875 0.0796875
3 0.73359375 0.346875 0.0734375 0.0734375
3 0.63984375 0.8109375 0.059375 0.059375
3 0.7453125 0.60703125 0.059375 0.0828125
3 0.87421875 0.70859375 0.0609375 0.0828125
3 0.3703125 0.32578125 0.053125 0.0859375
3 0.48984375 0.434375 0.0765625 0.0765625
3 0.6765625 0.6453125 0.065625 0.084375
3 0.8078125 0.72890625 0.0625 0.0890625
3 0.05234375 0.646875 0.0640625 0.084375
3 0.80625 0.0421875 0.0625 0.075
3 0.4875 0.66640625 0.071875 0.0984375
3 0.94609375 0.91328125 0.0671875 0.0671875
3 0.84375 0.83359375 0.06875 0.0890625
3 0.86171875 0.2890625 0.0703125 0.0734375
3 0.6984375 0.23828125 0.059375 0.0859375
3 0.5984375 0.66328125 0.075 0.075
3 0.909375 0.6109375 0.06875 0.090625
3 0.09765625 0.146875 0.084375 0.084375
3 0.15078125 0.3203125 0.0828125 0.0828125
3 0.32578125 0.72734375 0.0640625 0.0953125
3 0.56484375 0.3109375 0.0625 0.0875
3 0.6375 0.5546875 0.06875 0.084375
3 0.3546875 0.253125 0.075 0.078125
3 0.10625 0.39921875 0.08125 0.0828125
3 0.47734375 0.521875 0.071875 0.09375
4 0.3421875 0.915625 0.071875 0.103125
3 0.5546875 0.48671875 0.065625 0.0828125
3 0.20859375 0.4421875 0.0828125 0.0828125
3 0.1625 0.72109375 0.0625 0.0796875
3 0.371875 0.184375 0.0734375 0.0734375
3 0.115625 0.58984375 0.0671875 0.0671875
3 0.8921875 0.36015625 0.075 0.0765625
3 0.903125 0.78046875 0.075 0.0765625
3 0.365625 0.490625 0.075 0.075
3 0.50703125 0.8515625 0.0625 0.084375
3 0.4328125 0.30078125 0.08125 0.08125
3 0.94453125 0.390625 0.0609375 0.084375
3 0.7078125 0.43984375 0.059375 0.084375
3 0.1296875 0.66953125 0.071875 0.0859375
3 0.5921875 0.7671875 0.065625 0.078125
3 0.478125 0.30859375 0.071875 0.0703125
3 0.7515625 0.86484375 0.0734375 0.071875
3 0.19296875 0.56328125 0.0640625 0.0953125
3 0.51796875 0.36640625 0.05625 0.0828125
3 0.525 0.70546875 0.084375 0.084375
3 0.5546875 0.59453125 0.059375 0.0828125
3 0.1390625 0.5390625 0.0796875 0.0796875
3 0.5875 0.8671875 0.0625 0.0625
3 0.52421875 0.5640625 0.0765625 0.0765625
3 0.43515625 0.3421875 0.0734375 0.0734375
3 0.66171875 0.28828125 0.0703125 0.0828125
3 0.61484375 0.48359375 0.0703125 0.0703125
3 0.55546875 0.3359375 0.0640625 0.090625
3 0.6640625 0.48671875 0.05625 0.0890625
3 0.1640625 0.48046875 0.08125 0.0828125
3 0.8875 0.8578125 0.078125 0.084375
3 0.565625 0.828125 0.075 0.075
3 0.809375 0.68359375 0.0828125 0.0828125
3 0.225 0.8046875 0.06875 0.06875
3 0.3359375 0.859375 0.065625 0.08125
3 0.61640625 0.33359375 0.0515625 0.1
3 0.7546875 0.6796875 0.0625 0.084375
3 0.70234375 0.51171875 0.06875 0.06875