3 0.0546875 0.47890625 0.078125 0.0578125
3 0.81328125 0.90703125 0.075 0.05625
3 0.265625 0.74140625 0.06875 0.0671875
4 0.084375 0.1125 0.09375 0.09375
3 0.43671875 0.5890625 0.078125 0.05625
3 0.79765625 0.23671875 0.071875 0.071875
3 0.27421875 0.94296875 0.0859375 0.05625
3 0.15625 0.24375 0.09375 0.075
3 0.45703125 0.72109375 0.0765625 0.0546875
3 0.765625 0.725 0.0875 0.065625
3 0.0796875 0.31015625 0.0890625 0.0890625
3 0.9265625 0.53359375 0.075 0.075
3 0.80546875 0.8421875 0.090625 0.071875
3 0.1234375 0.74453125 0.0765625 0.0765625
3 0.5390625 0.2015625 0.096875 0.071875
3 0.76640625 0.65625 0.0734375 0.0734375
3 0.91796875 0.92421875 0.0984375 0.0734375
3 0.42265625 0.24140625 0.0671875 0.0671875
3 0.346875 0.26640625 0.0734375 0.0734375
3 0.8109375 0.36015625 0.059375 0.059375
3 0.60703125 0.2546875 0.0703125 0.071875
3 0.70859375 0.12578125 0.0828125 0.0609375
3 0.32578125 0.6296875 0.0859375 0.053125
3 0.434375 0.51015625 0.0765625 0.0765625
3 0.6453125 0.3234375 0.075 0.075
3 0.72890625 0.1921875 0.0890625 0.0625
3 0.646875 0.94765625 0.084375 0.0640625
3 0.0421875 0.19375 0.075 0.0625
3 0.66640625 0.5125 0.0859375 0.084375
3 0.91328125 0.05390625 0.0828125 0.0515625
3 0.83359375 0.15625 0.078125 0.078125
3 0.2890625 0.13828125 0.071875 0.071875
3 0.23828125 0.3015625 0.071875 0.0734375
3 0.66328125 0.4015625 0.075 0.075
3 0.6109375 0.090625 0.0796875 0.0796875
3 0.146875 0.90234375 0.096875 0.071875
3 0.3203125 0.84921875 0.090625 0.075
3 0.72734375 0.67421875 0.0953125 0.0640625
3 0.3109375 0.43515625 0.075 0.075
3 0.5546875 0.3625 0.0765625 0.0765625
3 0.253125 0.6453125 0.0765625 0.0765625
3 0.39921875 0.89375 0.0890625 0.075
3 0.521875 0.52265625 0.09375 0.071875
4 0.915625 0.6578125 0.103125 0.071875
3 0.48671875 0.4453125 0.0734375 0.0734375
3 0.4421875 0.79140625 0.0828125 0.08125
3 0.72109375 0.8375 0.071875 0.071875
3 0.184375 0.628125 0.08125 0.065625
3 0.58984375 0.884375 0.078125 0.0578125
3 0.36015625 0.1078125 0.0890625 0.0625
3 0.78046875 0.096875 0.075 0.075
3 0.490625 0.634375 0.075 0.075
3 0.8515625 0.49296875 0.084375 0.0625
3 0.30078125 0.5671875 0.08125 0.08125
3 0.390625 0.05546875 0.0734375 0.071875
3 0.43984375 0.2921875 0.084375 0.059375
3 0.66953125 0.8703125 0.0859375 0.071875
3 0.7671875 0.4078125 0.071875 0.071875
3 0.30859375 0.521875 0.084375 0.05625
3 0.86484375 0.2484375 0.0796875 0.065625
3 0.56328125 0.80703125 0.0953125 0.0640625
3 0.36640625 0.48203125 0.06875 0.06875
3 0.70546875 0.475 0.084375 0.084375
3 0.59453125 0.4453125 0.071875 0.071875
3 0.5390625 0.8609375 0.0875 0.071875
3 0.8671875 0.4125 0.0625 0.0625
3 0.5640625 0.47578125 0.0765625 0.0765625
3 0.3421875 0.56484375 0.0734375 0.0734375
3 0.28828125 0.33828125 0.0765625 0.0765625
3 0.48359375 0.38515625 0.0703125 0.0703125
3 0.3359375 0.44453125 0.090625 0.0640625
3 0.48671875 0.3359375 0.071875 0.071875
3 0.48046875 0.8359375 0.0828125 0.08125
3 0.8578125 0.1125 0.08125 0.08125
3 0.828125 0.434375 0.09375 0.05625
3 0.68359375 0.190625 0.1 0.065625
3 0.8046875 0.775 0.08125 0.05625
3 0.859375 0.6640625 0.08125 0.065625
3 0.33359375 0.38359375 0.075 0.075
3 0.6796875 0.2453125 0.084375 0.0625
3 0.51171875 0.29765625 0.06875 0.06875