3 0.70859375 0.2484375 0.08125 0.08125
3 0.80546875 0.36796875 0.0984375 0.06875
3 0.17734375 0.4328125 0.0953125 0.071875
3 0.67734375 0.715625 0.0875 0.0875
3 0.2140625 0.140625 0.075 0.075
3 0.48359375 0.52265625 0.071875 0.071875
3 0.2203125 0.5421875 0.078125 0.078125
3 0.3265625 0.7578125 0.0875 0.065625
3 0.45703125 0.89296875 0.078125 0.078125
3 0.6625 0.103125 0.0859375 0.0859375
3 0.18359375 0.834375 0.075 0.075
3 0.15703125 0.078125 0.0765625 0.078125
3 0.36640625 0.35078125 0.078125 0.078125
3 0.91484375 0.4796875 0.0953125 0.06875
3 0.81796875 0.11953125 0.0828125 0.059375
3 0.41171875 0.4546875 0.0859375 0.0625
3 0.246875 0.309375 0.09375 0.059375
3 0.11171875 0.32265625 0.1046875 0.075
3 0.4609375 0.08125 0.0890625 0.0890625
3 0.18984375 0.71875 0.0875 0.0859375
3 0.2421875 0.23046875 0.096875 0.0703125
3 0.45078125 0.5875 0.08125 0.08125
3 0.46328125 0.3890625 0.0890625 0.065625
3 0.54921875 0.840625 0.071875 0.071875
3 0.45546875 0.71953125 0.103125 0.0734375
3 0.3453125 0.12578125 0.1125 0.0796875
3 0.3671875 0.94609375 0.109375 0.0796875
3 0.5734375 0.390625 0.103125 0.075
3 0.8515625 0.559375 0.08125 0.08125
3 0.0796875 0.55 0.1 0.075
3 0.93515625 0.71328125 0.0875 0.0875
3 0.153125 0.20625 0.075 0.06875
3 0.621875 0.459375 0.10625 0.0625
3 0.0828125 0.67109375 0.096875 0.0671875
3 0.815625 0.2421875 0.078125 0.078125
3 0.36640625 0.2078125 0.078125 0.078125
3 0.86171875 0.190625 0.0921875 0.0921875
3 0.8890625 0.2859375 0.06875 0.06875
3 0.1296875 0.59375 0.103125 0.078125
3 0.26484375 0.36796875 0.0890625 0.0640625
3 0.9515625 0.56484375 0.0875 0.0640625
3 0.56953125 0.2625 0.075 0.075
3 0.6296875 0.15 0.109375 0.06875
3 0.6171875 0.909375 0.078125 0.075
3 0.67265625 0.175 0.0703125 0.0625
3 0.91484375 0.8578125 0.0671875 0.06875
3 0.52109375 0.265625 0.084375 0.059375
3 0.8203125 0.9046875 0.10625 0.084375
6 0.60703125 0.52265625 0.096875 0.096875
2 0.7 0.5390625 0.0640625 0.0640625