3 0.2484375 0.29140625 0.08125 0.08125
3 0.36796875 0.19453125 0.084375 0.0828125
3 0.4328125 0.82265625 0.071875 0.0953125
3 0.715625 0.32265625 0.0875 0.0875
3 0.140625 0.7859375 0.0625 0.0875
3 0.52265625 0.51640625 0.071875 0.071875
3 0.5421875 0.7796875 0.078125 0.078125
3 0.7578125 0.6734375 0.0765625 0.0765625
3 0.89296875 0.54296875 0.078125 0.078125
3 0.103125 0.3375 0.071875 0.1
3 0.834375 0.81640625 0.075 0.075
3 0.078125 0.84296875 0.065625 0.0890625
3 0.35078125 0.63359375 0.078125 0.078125
3 0.4796875 0.08515625 0.0828125 0.0828125
3 0.11953125 0.18203125 0.071875 0.0703125
3 0.4546875 0.58828125 0.0734375 0.0734375
3 0.309375 0.753125 0.059375 0.09375
3 0.32265625 0.88828125 0.090625 0.090625
3 0.08125 0.5390625 0.075 0.103125
3 0.71875 0.81015625 0.075 0.0984375
3 0.23046875 0.7578125 0.0703125 0.096875
3 0.5875 0.54921875 0.08125 0.08125
3 0.3890625 0.53671875 0.065625 0.0890625
3 0.840625 0.45078125 0.065625 0.0796875
3 0.71953125 0.54453125 0.0734375 0.103125
3 0.12578125 0.6546875 0.0796875 0.1125
3 0.94609375 0.6328125 0.09375 0.0953125
3 0.390625 0.4265625 0.0890625 0.0890625
3 0.559375 0.1484375 0.08125 0.08125
3 0.55 0.9203125 0.0875 0.0875
3 0.71328125 0.06484375 0.075 0.1
3 0.20625 0.846875 0.071875 0.071875
3 0.459375 0.378125 0.0625 0.10625
3 0.67109375 0.9171875 0.08125 0.08125
3 0.2421875 0.184375 0.065625 0.090625
3 0.2078125 0.63359375 0.065625 0.090625
3 0.190625 0.13828125 0.0921875 0.0921875
3 0.2859375 0.1109375 0.0625 0.075
3 0.59375 0.8703125 0.078125 0.103125
3 0.36796875 0.73515625 0.0640625 0.0890625
3 0.56484375 0.0484375 0.0640625 0.0875
3 0.2625 0.43046875 0.075 0.075
3 0.15 0.3703125 0.06875 0.109375
3 0.909375 0.3828125 0.075 0.078125
3 0.175 0.32734375 0.065625 0.065625
3 0.8578125 0.08515625 0.059375 0.0765625
3 0.265625 0.47890625 0.059375 0.084375
3 0.9046875 0.1796875 0.084375 0.10625
6 0.52265625 0.39296875 0.0796875 0.1125
2 0.5390625 0.3 0.0640625 0.0640625