2 0.56875 0.29140625 0.059375 0.0984375
2 0.13515625 0.75859375 0.08125 0.0796875
2 0.384375 0.06796875 0.08125 0.08125
2 0.5265625 0.6046875 0.0859375 0.0859375
2 0.22421875 0.7765625 0.0609375 0.096875
2 0.35 0.29921875 0.06875 0.0828125
2 0.125 0.66328125 0.06875 0.06875
2 0.22890625 0.2828125 0.0671875 0.103125
2 0.41875 0.746875 0.0828125 0.0828125
2 0.29453125 0.29765625 0.075 0.075
2 0.15390625 0.42421875 0.06875 0.0734375
2 0.4734375 0.775 0.06875 0.078125
2 0.41015625 0.9046875 0.0703125 0.090625
2 0.12890625 0.58046875 0.0734375 0.0734375
2 0.24453125 0.9359375 0.08125 0.0796875
2 0.27265625 0.21875 0.0765625 0.0765625
2 0.50390625 0.09765625 0.078125 0.0765625
2 0.19296875 0.3546875 0.0828125 0.096875
2 0.14609375 0.93125 0.0828125 0.08125
2 0.50703125 0.3078125 0.075 0.0765625
2 0.365625 0.8453125 0.065625 0.078125
2 0.42578125 0.44453125 0.0734375 0.0890625
2 0.53515625 0.41171875 0.08125 0.08125
2 0.3421875 0.91875 0.0796875 0.0796875
2 0.3625 0.74765625 0.06875 0.109375
2 0.19296875 0.73125 0.0828125 0.08125
2 0.2046875 0.89453125 0.0921875 0.0921875
2 0.4109375 0.25 0.078125 0.078125
2 0.54921875 0.20625 0.075 0.075
2 0.15859375 0.83046875 0.0734375 0.0890625
2 0.4484375 0.053125 0.065625 0.075
2 0.3203125 0.78125 0.071875 0.096875
2 0.4390625 0.82734375 0.0859375 0.0765625
2 0.275 0.84296875 0.065625 0.0734375
2 0.57265625 0.51328125 0.0546875 0.090625
2 0.4453125 0.28125 0.078125 0.096875
2 0.26640625 0.3796875 0.075 0.0765625
2 0.2921875 0.7515625 0.078125 0.1125
2 0.48359375 0.459375 0.0859375 0.084375
2 0.26328125 0.67734375 0.06875 0.1015625
2 0.15859375 0.50859375 0.078125 0.08125
2 0.49609375 0.69765625 0.0890625 0.090625
2 0.4328125 0.13671875 0.0875 0.0875
2 0.34921875 0.21796875 0.0796875 0.0890625
2 0.4921875 0.1796875 0.0828125 0.0828125
2 0.2953125 0.90078125 0.0953125 0.0953125
2 0.459375 0.6734375 0.103125 0.075
2 0.47890625 0.22578125 0.0875 0.0875
2 0.2 0.6375 0.0890625 0.0890625
2 0.228125 0.45625 0.084375 0.084375
2 0.47890625 0.5484375 0.0828125 0.084375
2 0.3734375 0.64375 0.075 0.096875
2 0.4609375 0.36328125 0.08125 0.08125
2 0.2765625 0.6078125 0.075 0.084375
2 0.3140625 0.3765625 0.06875 0.06875
2 0.3296875 0.64296875 0.078125 0.078125
2 0.44140625 0.596875 0.0890625 0.0890625
2 0.3546875 0.45625 0.071875 0.084375
1 0.3890625 0.3640625 0.10625 0.10625
2 0.55078125 0.484375 0.0640625 0.115625