3 0.38828125 0.15859375 0.0828125 0.071875
3 0.79921875 0.51328125 0.0890625 0.065625
3 0.06796875 0.8765625 0.078125 0.078125
3 0.165625 0.8609375 0.08125 0.08125
3 0.1984375 0.4734375 0.08125 0.08125
3 0.17421875 0.9296875 0.0796875 0.0796875
3 0.2375 0.80546875 0.0734375 0.075
3 0.7578125 0.0953125 0.096875 0.059375
3 0.10234375 0.45078125 0.0875 0.0640625
3 0.51796875 0.7953125 0.0796875 0.08125
3 0.5453125 0.48515625 0.075 0.075
3 0.63671875 0.340625 0.071875 0.0734375
3 0.84609375 0.453125 0.0921875 0.06875
3 0.33203125 0.228125 0.084375 0.06875
3 0.5078125 0.9140625 0.084375 0.06875
3 0.35546875 0.8625 0.0703125 0.0703125
3 0.0796875 0.36015625 0.096875 0.0640625
3 0.55703125 0.04921875 0.0859375 0.0875
3 0.26953125 0.8828125 0.0953125 0.071875
3 0.24453125 0.55625 0.075 0.075
3 0.62265625 0.26875 0.0796875 0.0796875
3 0.340625 0.36484375 0.1 0.0640625
3 0.48515625 0.146875 0.1 0.075
3 0.27421875 0.9625 0.0828125 0.059375
3 0.31484375 0.10703125 0.0796875 0.0796875
3 0.58046875 0.86875 0.0890625 0.071875
3 0.721875 0.92578125 0.0765625 0.075
3 0.16484375 0.621875 0.1 0.06875
3 0.65390625 0.82109375 0.0828125 0.0671875
3 0.346875 0.70625 0.090625 0.06875
3 0.8796875 0.753125 0.090625 0.065625
3 0.896875 0.51796875 0.08125 0.0609375
3 0.4421875 0.8515625 0.0875 0.071875
3 0.90625 0.83046875 0.08125 0.0828125
3 0.4234375 0.9484375 0.0765625 0.0765625
3 0.66796875 0.40234375 0.0828125 0.0828125
3 0.2890625 0.6359375 0.090625 0.065625
3 0.1703125 0.2265625 0.08125 0.08125
3 0.88203125 0.90859375 0.0796875 0.0796875
3 0.58671875 0.55703125 0.0796875 0.0671875
3 0.70546875 0.16171875 0.0796875 0.0640625
3 0.6390625 0.47890625 0.0875 0.075
3 0.7453125 0.80390625 0.0875 0.0640625
3 0.64296875 0.103125 0.075 0.075
3 0.20546875 0.73359375 0.0765625 0.0765625
3 0.17578125 0.08515625 0.1015625 0.0671875
3 0.0859375 0.665625 0.0734375 0.0734375
3 0.9015625 0.403125 0.084375 0.0625
3 0.05859375 0.1859375 0.090625 0.06875
3 0.8203125 0.27109375 0.078125 0.078125
3 0.89296875 0.61171875 0.0828125 0.0671875
3 0.253125 0.1796875 0.08125 0.08125
3 0.74140625 0.86015625 0.0890625 0.0640625
3 0.11875 0.5296875 0.075 0.078125
3 0.91953125 0.140625 0.090625 0.065625
3 0.8234375 0.8484375 0.078125 0.078125
3 0.5640625 0.1234375 0.0640625 0.0640625
3 0.6203125 0.171875 0.08125 0.065625
3 0.55234375 0.41484375 0.0765625 0.0765625
3 0.93671875 0.95 0.0890625 0.0625
3 0.46015625 0.4609375 0.0828125 0.0625
3 0.70390625 0.22890625 0.0796875 0.0796875
3 0.7171875 0.29453125 0.0765625 0.075
3 0.634375 0.9359375 0.084375 0.075
3 0.83359375 0.34453125 0.08125 0.08125
3 0.8453125 0.58125 0.065625 0.065625
3 0.75546875 0.4296875 0.0640625 0.0640625
3 0.15078125 0.30078125 0.0734375 0.0578125
3 0.40390625 0.309375 0.075 0.075
3 0.5796875 0.2015625 0.08125 0.08125
3 0.08046875 0.96171875 0.084375 0.0671875
3 0.475 0.21015625 0.090625 0.0671875
3 0.946875 0.06796875 0.08125 0.08125
3 0.1203125 0.80859375 0.078125 0.078125
3 0.90859375 0.28203125 0.0921875 0.0640625
3 0.06171875 0.0625 0.0984375 0.05625
3 0.20078125 0.1578125 0.0875 0.0875
3 0.6859375 0.74609375 0.096875 0.0640625
3 0.39296875 0.621875 0.0703125 0.0703125
3 0.4296875 0.23828125 0.09375 0.059375
3 0.815625 0.20625 0.078125 0.05
3 0.53671875 0.321875 0.090625 0.06875
3 0.8296875 0.67109375 0.0875 0.0703125
3 0.446875 0.03828125 0.08125 0.0765625
3 0.53046875 0.65859375 0.075 0.075
3 0.721875 0.6640625 0.08125 0.065625
3 0.7828125 0.59296875 0.084375 0.0671875
3 0.95390625 0.71875 0.0796875 0.078125
3 0.1125 0.11875 0.0875 0.0875
3 0.85859375 0.1265625 0.071875 0.071875
3 0.5171875 0.7140625 0.084375 0.059375
3 0.2015625 0.359375 0.08125 0.0625
3 0.04609375 0.72578125 0.0859375 0.0625
3 0.73046875 0.61015625 0.0890625 0.0640625
3 0.34375 0.76015625 0.078125 0.078125
3 0.16796875 0.3953125 0.0703125 0.0703125
3 0.41953125 0.665625 0.084375 0.0859375
3 0.77109375 0.35546875 0.08125 0.08125
3 0.7828125 0.7140625 0.084375 0.084375
3 0.62265625 0.6875 0.0828125 0.0625
3 0.74296875 0.73203125 0.0859375 0.0609375
6 0.903125 0.2125 0.08125 0.0625
3 0.2953125 0.946875 0.06875 0.05
3 0.559375 0.62890625 0.0703125 0.0703125
3 0.73046875 0.453125 0.0640625 0.0625
3 0.96171875 0.6421875 0.06875 0.06875
3 0.11328125 0.29140625 0.0734375 0.0578125
3 0.21015625 0.5515625 0.0734375 0.059375