3 0.68515625 0.88125 0.09375 0.09375
3 0.93515625 0.41796875 0.0921875 0.0734375
3 0.7015625 0.66484375 0.09375 0.075
3 0.5140625 0.64140625 0.09375 0.09375
3 0.86015625 0.19140625 0.0671875 0.0609375
3 0.59765625 0.59921875 0.08125 0.08125
3 0.09609375 0.1140625 0.078125 0.06875
3 0.2890625 0.3421875 0.0890625 0.0890625
3 0.6171875 0.7796875 0.09375 0.09375
3 0.14921875 0.2140625 0.0890625 0.090625
3 0.26328125 0.2078125 0.084375 0.0859375
3 0.9109375 0.2515625 0.090625 0.065625
3 0.7765625 0.8625 0.078125 0.078125
3 0.61328125 0.22265625 0.08125 0.08125
3 0.44609375 0.4890625 0.0875 0.0875
3 0.31171875 0.2796875 0.0953125 0.06875
3 0.6625 0.425 0.090625 0.090625
3 0.15859375 0.7015625 0.103125 0.071875
3 0.465625 0.240625 0.084375 0.084375
3 0.63203125 0.69921875 0.0859375 0.0640625
3 0.59296875 0.55078125 0.0875 0.05625
3 0.31953125 0.4125 0.0796875 0.06875
3 0.3703125 0.50703125 0.078125 0.078125
3 0.7796875 0.7375 0.0875 0.0625
3 0.390625 0.259375 0.075 0.06875
3 0.11640625 0.50625 0.0921875 0.065625
3 0.15703125 0.565625 0.1046875 0.08125
3 0.6953125 0.20859375 0.084375 0.0734375
3 0.79296875 0.49453125 0.0859375 0.0734375
3 0.44296875 0.16796875 0.090625 0.078125
3 0.43125 0.03359375 0.08125 0.0578125
3 0.83046875 0.78125 0.0859375 0.065625
3 0.43515625 0.36171875 0.078125 0.078125
3 0.1640625 0.80859375 0.096875 0.0796875
3 0.19609375 0.31875 0.0890625 0.075
3 0.45234375 0.903125 0.115625 0.075
3 0.5515625 0.3984375 0.06875 0.06875
3 0.41953125 0.6875 0.1078125 0.075
3 0.4578125 0.578125 0.0875 0.0875
3 0.87265625 0.465625 0.0859375 0.06875
3 0.56015625 0.21484375 0.084375 0.084375
3 0.48515625 0.3109375 0.1078125 0.06875
3 0.35390625 0.95546875 0.0875 0.0875
3 0.49296875 0.078125 0.0828125 0.065625
3 0.13125 0.6375 0.0828125 0.0828125
3 0.596875 0.48125 0.096875 0.06875
3 0.3703125 0.1421875 0.065625 0.0625
3 0.409375 0.8375 0.09375 0.09375
3 0.4953125 0.7359375 0.109375 0.071875
3 0.86484375 0.12734375 0.0828125 0.0828125
3 0.421875 0.090625 0.078125 0.059375
3 0.753125 0.27109375 0.0875 0.075
3 0.9375 0.18984375 0.08125 0.08125
3 0.47578125 0.14375 0.090625 0.065625
6 0.4609375 0.421875 0.0921875 0.0921875
3 0.51640625 0.44921875 0.0875 0.0609375
3 0.4453125 0.77265625 0.109375 0.0765625
3 0.7859375 0.42734375 0.090625 0.078125
3 0.0796875 0.309375 0.06875 0.06875
3 0.55234375 0.5078125 0.078125 0.078125
3 0.21875 0.28203125 0.0875 0.0875
3 0.90546875 0.07265625 0.0875 0.0875
3 0.784375 0.2625 0.078125 0.078125
3 0.78828125 0.16015625 0.0890625 0.0671875
3 0.3953125 0.6015625 0.0796875 0.0796875
3 0.41015625 0.54921875 0.0828125 0.0703125
6 0.05546875 0.246875 0.096875 0.0984375
6 0.8359375 0.0734375 0.128125 0.078125
3 0.67265625 0.5515625 0.08125 0.08125
3 0.7015625 0.54609375 0.096875 0.0828125
3 0.87265625 0.7828125 0.071875 0.053125