3 0.33125 0.09921875 0.09375 0.0921875
3 0.88046875 0.1296875 0.0875 0.0890625
3 0.184375 0.5421875 0.0921875 0.0921875
2 0.48671875 0.6078125 0.0953125 0.115625
3 0.584375 0.58203125 0.0828125 0.08125
3 0.0921875 0.56328125 0.0875 0.0875
3 0.8546875 0.4203125 0.078125 0.078125
3 0.1984375 0.66640625 0.090625 0.090625
3 0.3328125 0.37734375 0.071875 0.096875
3 0.26953125 0.77265625 0.0765625 0.096875
3 0.58828125 0.2796875 0.090625 0.0921875
3 0.0859375 0.5015625 0.0875 0.0875
3 0.1265625 0.2734375 0.071875 0.096875
3 0.3515625 0.91171875 0.071875 0.1015625
3 0.83828125 0.1703125 0.0875 0.0890625
3 0.50546875 0.33671875 0.084375 0.084375
3 0.7328125 0.759375 0.0921875 0.0921875
3 0.859375 0.25859375 0.08125 0.0984375
3 0.69375 0.159375 0.075 0.109375
3 0.63515625 0.659375 0.0984375 0.0984375
3 0.1046875 0.1984375 0.090625 0.090625
3 0.3296875 0.86328125 0.075 0.1046875
3 0.24921875 0.65390625 0.0703125 0.0953125
3 0.76484375 0.91796875 0.0875 0.0875
3 0.50078125 0.72109375 0.0859375 0.1015625
3 0.92109375 0.371875 0.0703125 0.09375
3 0.1453125 0.825 0.065625 0.0875
3 0.48046875 0.10390625 0.090625 0.090625
3 0.621875 0.9546875 0.0625 0.08125
3 0.09140625 0.3890625 0.0875 0.0875
3 0.6203125 0.8484375 0.08125 0.08125
3 0.9578125 0.82734375 0.078125 0.0984375
3 0.290625 0.52734375 0.09375 0.09375
3 0.04765625 0.18046875 0.0765625 0.103125
3 0.553125 0.0609375 0.090625 0.090625
3 0.73515625 0.4328125 0.0796875 0.103125
3 0.8265625 0.92578125 0.0875 0.0875
3 0.2015625 0.2796875 0.084375 0.1125
3 0.81328125 0.7421875 0.0921875 0.0921875
3 0.9359375 0.25625 0.084375 0.109375
3 0.878125 0.728125 0.096875 0.096875
3 0.40234375 0.53671875 0.0890625 0.0890625
3 0.80703125 0.334375 0.0953125 0.096875
3 0.553125 0.17265625 0.0859375 0.0875
3 0.2234375 0.9515625 0.071875 0.090625
3 0.353125 0.52734375 0.08125 0.1109375
3 0.53125 0.25 0.06875 0.1
3 0.18203125 0.1796875 0.0828125 0.0828125
3 0.0859375 0.69921875 0.078125 0.096875
3 0.16171875 0.584375 0.065625 0.084375
3 0.64921875 0.5328125 0.0734375 0.096875
3 0.05703125 0.95546875 0.0703125 0.0890625
3 0.10859375 0.71484375 0.090625 0.090625
3 0.03984375 0.6296875 0.0796875 0.08125