3 0.66875 0.09921875 0.09375 0.0921875
3 0.11953125 0.1296875 0.0875 0.0875
3 0.815625 0.5421875 0.08125 0.103125
2 0.51328125 0.6078125 0.1046875 0.1046875
3 0.415625 0.58203125 0.071875 0.0921875
3 0.9078125 0.56328125 0.0875 0.0875
3 0.1453125 0.4203125 0.078125 0.078125
3 0.8015625 0.66640625 0.084375 0.096875
3 0.6671875 0.37734375 0.071875 0.096875
3 0.73046875 0.77265625 0.0765625 0.096875
3 0.41171875 0.2796875 0.0828125 0.1
3 0.9140625 0.5015625 0.0875 0.0875
3 0.8734375 0.2734375 0.071875 0.096875
3 0.6484375 0.91171875 0.071875 0.1015625
3 0.16171875 0.1703125 0.0859375 0.090625
3 0.49453125 0.33671875 0.071875 0.0953125
3 0.2671875 0.759375 0.078125 0.10625
3 0.140625 0.25859375 0.08125 0.0984375
3 0.30625 0.159375 0.0921875 0.0921875
3 0.36484375 0.659375 0.0734375 0.125
3 0.8953125 0.1984375 0.078125 0.103125
3 0.6703125 0.86328125 0.075 0.1046875
3 0.75078125 0.65390625 0.0703125 0.0953125
3 0.23515625 0.91796875 0.0765625 0.0984375
3 0.49921875 0.72109375 0.09375 0.09375
3 0.07890625 0.371875 0.0703125 0.09375
3 0.8546875 0.825 0.0765625 0.0765625
3 0.51953125 0.10390625 0.0828125 0.0984375
3 0.378125 0.9546875 0.071875 0.071875
3 0.90859375 0.3890625 0.0734375 0.1
3 0.3796875 0.8484375 0.071875 0.090625
3 0.04296875 0.828125 0.0859375 0.0875
3 0.709375 0.52734375 0.078125 0.1109375
3 0.95234375 0.18046875 0.090625 0.090625
3 0.446875 0.0609375 0.090625 0.090625
3 0.26484375 0.4328125 0.090625 0.0921875
3 0.1734375 0.92578125 0.0875 0.0875
3 0.7984375 0.2796875 0.084375 0.1125
3 0.18671875 0.7421875 0.08125 0.103125
3 0.0640625 0.25625 0.084375 0.109375
3 0.121875 0.728125 0.075 0.11875
3 0.59765625 0.53671875 0.075 0.103125
3 0.19296875 0.334375 0.0953125 0.096875
3 0.446875 0.17265625 0.075 0.0984375
3 0.7765625 0.9515625 0.071875 0.090625
3 0.646875 0.52734375 0.08125 0.1109375
3 0.46875 0.25 0.084375 0.084375
3 0.81796875 0.1796875 0.0828125 0.0828125
3 0.9140625 0.69921875 0.0875 0.0875
3 0.83828125 0.584375 0.075 0.075
3 0.35078125 0.5328125 0.0734375 0.096875
3 0.94296875 0.95546875 0.0703125 0.0890625
3 0.89140625 0.71484375 0.0765625 0.103125
3 0.9609375 0.62890625 0.065625 0.0953125