3 0.56875 0.15 0.0734375 0.0734375
3 0.45234375 0.10390625 0.0734375 0.0734375
3 0.35078125 0.70234375 0.0984375 0.0703125
3 0.365625 0.440625 0.09375 0.0625
3 0.49296875 0.33828125 0.0828125 0.08125
3 0.5140625 0.23125 0.0921875 0.0921875
3 0.92890625 0.6984375 0.084375 0.084375
3 0.78125 0.77265625 0.08125 0.0828125
3 0.29765625 0.7890625 0.084375 0.084375
3 0.50859375 0.74140625 0.0796875 0.0703125
3 0.7984375 0.934375 0.103125 0.06875
3 0.85703125 0.42578125 0.0859375 0.0625
3 0.8625 0.775 0.0828125 0.0828125
3 0.0578125 0.8859375 0.084375 0.06875
3 0.93359375 0.04296875 0.0765625 0.0765625
3 0.09921875 0.78984375 0.0796875 0.059375
3 0.92578125 0.60625 0.078125 0.0765625
3 0.1609375 0.31875 0.08125 0.08125
3 0.89453125 0.5125 0.078125 0.078125
3 0.1484375 0.4859375 0.0875 0.059375
6 0.26484375 0.2359375 0.09375 0.09375
3 0.84296875 0.70546875 0.0953125 0.0734375
3 0.45390625 0.88203125 0.0703125 0.06875
3 0.5875 0.4671875 0.06875 0.06875
3 0.88125 0.17734375 0.0875 0.0671875
3 0.571875 0.584375 0.0734375 0.0734375
3 0.840625 0.35078125 0.0671875 0.0671875
3 0.8890625 0.40546875 0.078125 0.078125
3 0.25859375 0.46171875 0.0859375 0.0703125
6 0.7 0.54921875 0.1 0.0921875
3 0.1125 0.66484375 0.0625 0.0625
3 0.46015625 0.56875 0.075 0.075
3 0.71484375 0.18203125 0.071875 0.071875
3 0.11328125 0.371875 0.0640625 0.0640625
3 0.09765625 0.5625 0.0859375 0.059375
3 0.47265625 0.04453125 0.0828125 0.0609375
3 0.87421875 0.07890625 0.0625 0.0625
3 0.64765625 0.2859375 0.0796875 0.078125
6 0.8171875 0.87734375 0.125 0.0921875
3 0.7890625 0.2765625 0.0765625 0.0765625
6 0.52890625 0.49375 0.1 0.1015625
3 0.7265625 0.128125 0.0703125 0.0703125
3 0.4609375 0.63359375 0.090625 0.0546875
3 0.52578125 0.42734375 0.0859375 0.0578125
3 0.7453125 0.08515625 0.075 0.0609375
3 0.58671875 0.33515625 0.0734375 0.0734375
3 0.70078125 0.36484375 0.0640625 0.0546875
4 0.925 0.91875 0.084375 0.065625
3 0.1671875 0.1359375 0.078125 0.053125
3 0.08125 0.7390625 0.08125 0.053125
3 0.08828125 0.13515625 0.078125 0.078125
3 0.08671875 0.05703125 0.0765625 0.0609375
3 0.2578125 0.171875 0.084375 0.053125
3 0.60625 0.4046875 0.065625 0.065625
3 0.4015625 0.61796875 0.071875 0.0609375
3 0.71796875 0.90859375 0.0734375 0.0734375
3 0.73203125 0.4203125 0.065625 0.0640625
3 0.84921875 0.29765625 0.0828125 0.0546875
3 0.43671875 0.91328125 0.0609375 0.065625
3 0.646875 0.38203125 0.075 0.065625
3 0.29609375 0.1984375 0.0953125 0.065625
3 0.6484375 0.03203125 0.065625 0.0640625
4 0.18359375 0.4078125 0.1015625 0.1
3 0.05 0.6890625 0.071875 0.071875
3 0.18515625 0.965625 0.084375 0.065625
3 0.21484375 0.9125 0.065625 0.065625
3 0.03828125 0.96484375 0.0640625 0.0640625
3 0.440625 0.76015625 0.0625 0.0546875
3 0.71015625 0.6390625 0.075 0.065625
3 0.6609375 0.9328125 0.090625 0.090625
3 0.66328125 0.8828125 0.059375 0.059375
0 0.43984375 0.81328125 0.0984375 0.0984375
6 0.203125 0.05 0.1375 0.078125
3 0.70859375 0.0609375 0.071875 0.053125
3 0.04296875 0.1703125 0.075 0.0765625
3 0.653125 0.6328125 0.05625 0.05625