3 0.43125 0.85 0.084375 0.0625
3 0.54765625 0.89609375 0.0796875 0.0671875
3 0.64921875 0.29765625 0.0984375 0.0703125
3 0.634375 0.559375 0.09375 0.0625
3 0.50703125 0.66171875 0.0828125 0.08125
3 0.4859375 0.76875 0.0921875 0.0921875
3 0.07109375 0.3015625 0.084375 0.084375
3 0.21875 0.22734375 0.090625 0.0734375
3 0.70234375 0.2109375 0.096875 0.071875
3 0.49140625 0.25859375 0.0796875 0.0703125
3 0.2015625 0.065625 0.103125 0.06875
3 0.14296875 0.57421875 0.075 0.075
3 0.1375 0.225 0.084375 0.0828125
3 0.9421875 0.1140625 0.084375 0.06875
3 0.06640625 0.95703125 0.0859375 0.0671875
3 0.90078125 0.21015625 0.0796875 0.059375
3 0.07421875 0.39375 0.078125 0.078125
3 0.8390625 0.68125 0.08125 0.08125
3 0.10546875 0.4875 0.090625 0.065625
3 0.8515625 0.5140625 0.0734375 0.075
6 0.73515625 0.7640625 0.1140625 0.071875
3 0.15703125 0.29453125 0.084375 0.084375
3 0.54609375 0.11796875 0.0765625 0.0625
3 0.4125 0.5328125 0.06875 0.06875
3 0.11875 0.82265625 0.0875 0.0671875
3 0.428125 0.415625 0.0734375 0.0734375
3 0.159375 0.64921875 0.078125 0.05625
3 0.1109375 0.59453125 0.078125 0.078125
3 0.74140625 0.53828125 0.078125 0.078125
6 0.3 0.45078125 0.1 0.0921875
3 0.8875 0.33515625 0.075 0.05
3 0.53984375 0.43125 0.075 0.075
3 0.28515625 0.81796875 0.071875 0.071875
3 0.88671875 0.628125 0.0703125 0.05625
3 0.90234375 0.4375 0.0859375 0.059375
3 0.52734375 0.95546875 0.0828125 0.0609375
3 0.12578125 0.92109375 0.0765625 0.05
3 0.35234375 0.7140625 0.0921875 0.065625
6 0.1828125 0.12265625 0.109375 0.1078125
3 0.2109375 0.7234375 0.0765625 0.0765625
6 0.47109375 0.50625 0.1 0.1015625
3 0.2734375 0.871875 0.084375 0.05625
3 0.5390625 0.36640625 0.090625 0.0546875
3 0.47421875 0.57265625 0.071875 0.071875
3 0.2546875 0.91484375 0.0671875 0.0671875
3 0.41328125 0.66484375 0.0828125 0.0640625
3 0.29921875 0.63515625 0.059375 0.059375
4 0.075 0.08125 0.084375 0.065625
3 0.8328125 0.8640625 0.065625 0.065625
3 0.91875 0.2609375 0.08125 0.053125
3 0.91171875 0.86484375 0.078125 0.078125
3 0.91328125 0.94296875 0.0765625 0.0609375
3 0.7421875 0.828125 0.084375 0.053125
3 0.39375 0.5953125 0.065625 0.065625
3 0.5984375 0.38203125 0.0671875 0.065625
3 0.28203125 0.09140625 0.0859375 0.0609375
3 0.26796875 0.5796875 0.0734375 0.05625
3 0.15078125 0.70234375 0.06875 0.06875
3 0.56328125 0.08671875 0.0625 0.0625
3 0.353125 0.61796875 0.075 0.065625
3 0.70390625 0.8015625 0.0796875 0.0796875
3 0.3515625 0.96796875 0.065625 0.0640625
4 0.81640625 0.5921875 0.1234375 0.078125
3 0.95 0.3109375 0.090625 0.053125
3 0.81484375 0.034375 0.084375 0.065625
3 0.78515625 0.0875 0.0734375 0.059375
3 0.96171875 0.03515625 0.0640625 0.0640625
3 0.559375 0.23984375 0.0578125 0.059375
3 0.28984375 0.3609375 0.075 0.065625
3 0.3390625 0.0671875 0.103125 0.078125
3 0.33671875 0.1171875 0.0640625 0.053125
0 0.56015625 0.18671875 0.1046875 0.0921875
6 0.796875 0.95 0.1375 0.078125
3 0.29140625 0.9390625 0.0625 0.0625
3 0.95703125 0.8296875 0.075 0.0765625
3 0.346875 0.3671875 0.05625 0.05625