3 0.0765625 0.79375 0.0859375 0.0859375
3 0.72578125 0.2078125 0.0734375 0.0734375
3 0.15625 0.62578125 0.06875 0.078125
3 0.2734375 0.11484375 0.078125 0.078125
3 0.49609375 0.45390625 0.08125 0.08125
3 0.54765625 0.10078125 0.059375 0.090625
3 0.61484375 0.0734375 0.0640625 0.0875
3 0.25546875 0.690625 0.0640625 0.096875
3 0.4109375 0.25546875 0.075 0.075
3 0.9 0.725 0.06875 0.084375
3 0.0484375 0.2625 0.0703125 0.0703125
3 0.7984375 0.18203125 0.0734375 0.0734375
3 0.525 0.628125 0.075 0.075
3 0.87109375 0.2359375 0.071875 0.09375
3 0.28203125 0.2046875 0.071875 0.071875
3 0.7828125 0.12890625 0.0734375 0.0734375
3 0.065625 0.171875 0.075 0.075
3 0.56640625 0.8671875 0.0578125 0.096875
3 0.71640625 0.4359375 0.0640625 0.09375
3 0.5390625 0.5359375 0.071875 0.0734375
3 0.75703125 0.29140625 0.0734375 0.0734375
3 0.6484375 0.159375 0.071875 0.071875
3 0.2109375 0.8515625 0.0765625 0.0765625
3 0.18984375 0.33125 0.0625 0.08125
3 0.16015625 0.8453125 0.0640625 0.103125
3 0.5078125 0.92265625 0.065625 0.0859375
3 0.453125 0.64609375 0.0796875 0.0796875
3 0.653125 0.6828125 0.0625 0.090625
3 0.478125 0.13515625 0.065625 0.0953125
3 0.36875 0.6234375 0.071875 0.071875
3 0.4609375 0.196875 0.065625 0.084375
3 0.7265625 0.67265625 0.065625 0.0890625
3 0.9328125 0.31015625 0.0671875 0.0671875
3 0.653125 0.3890625 0.05 0.075
3 0.3984375 0.171875 0.06875 0.0671875
3 0.3 0.4796875 0.065625 0.06875
3 0.5421875 0.27421875 0.078125 0.078125
3 0.18828125 0.0796875 0.084375 0.0828125
3 0.1265625 0.14453125 0.078125 0.0765625
3 0.12890625 0.74296875 0.05625 0.0734375
3 0.3375 0.70546875 0.0625 0.0828125
3 0.88671875 0.83828125 0.08125 0.08125
3 0.3015625 0.5828125 0.053125 0.078125
3 0.09921875 0.0890625 0.0796875 0.0796875
3 0.10625 0.703125 0.084375 0.084375
3 0.65390625 0.92578125 0.0609375 0.0859375
3 0.12421875 0.54921875 0.06875 0.0828125
3 0.809375 0.92734375 0.0671875 0.0671875
3 0.0921875 0.3578125 0.0828125 0.0828125
3 0.5484375 0.3609375 0.0828125 0.0828125
3 0.43125 0.49765625 0.053125 0.0890625
3 0.26953125 0.75390625 0.078125 0.078125
3 0.46953125 0.73828125 0.0640625 0.0828125
3 0.6765625 0.48828125 0.078125 0.0890625
3 0.50703125 0.828125 0.0609375 0.084375
3 0.9609375 0.625 0.078125 0.08125
3 0.071875 0.878125 0.0625 0.075
3 0.8640625 0.38359375 0.0734375 0.0734375
3 0.771875 0.40859375 0.071875 0.071875
3 0.1171875 0.9390625 0.059375 0.071875
3 0.121875 0.24921875 0.0734375 0.071875
3 0.821875 0.50703125 0.08125 0.0953125
3 0.93828125 0.1828125 0.0609375 0.096875
3 0.965625 0.71640625 0.06875 0.0734375
3 0.8703125 0.15234375 0.071875 0.0828125
3 0.75390625 0.75078125 0.0703125 0.0859375
3 0.8140625 0.28671875 0.0765625 0.0765625
3 0.8328125 0.7640625 0.075 0.075
3 0.178125 0.215625 0.0796875 0.078125
3 0.59375 0.55859375 0.0828125 0.08125
3 0.353125 0.20234375 0.0734375 0.071875
3 0.478125 0.2921875 0.071875 0.0875
3 0.61015625 0.25703125 0.0625 0.0953125
3 0.44375 0.36875 0.0609375 0.0609375
3 0.6421875 0.3171875 0.071875 0.071875
3 0.04296875 0.35234375 0.0671875 0.0703125
3 0.6265625 0.46015625 0.05625 0.0921875
3 0.57109375 0.44140625 0.0578125 0.115625
3 0.8734375 0.06015625 0.0796875 0.0796875
3 0.853125 0.33359375 0.071875 0.071875
3 0.41796875 0.31796875 0.0515625 0.0671875
3 0.265625 0.33828125 0.0640625 0.0640625
3 0.4140625 0.684375 0.065625 0.078125
3 0.58359375 0.7609375 0.0734375 0.084375
3 0.0484375 0.45390625 0.0625 0.0953125
3 0.3375 0.27734375 0.0640625 0.065625
3 0.234375 0.53359375 0.0625 0.0765625
3 0.86171875 0.546875 0.0625 0.0640625
3 0.165625 0.69921875 0.0625 0.0734375
3 0.2796875 0.88203125 0.0609375 0.0625
3 0.0875 0.61953125 0.0640625 0.0625
3 0.81171875 0.66640625 0.0734375 0.0734375
3 0.1234375 0.4359375 0.0625 0.0625
3 0.284375 0.9046875 0.05 0.075
3 0.7140625 0.2890625 0.053125 0.065625
3 0.8953125 0.5671875 0.06875 0.078125
3 0.2953125 0.38203125 0.053125 0.0671875
3 0.40546875 0.9640625 0.0421875 0.059375
3 0.36640625 0.93203125 0.065625 0.065625
3 0.7390625 0.9453125 0.0640625 0.0640625
3 0.71796875 0.08515625 0.0453125 0.0890625
3 0.884375 0.9578125 0.0625 0.078125
3 0.378125 0.91015625 0.0640625 0.0625
3 0.30390625 0.8984375 0.06875 0.0703125
3 0.475 0.83671875 0.053125 0.0765625
3 0.6125 0.76640625 0.065625 0.065625
3 0.4828125 0.70078125 0.059375 0.0796875
3 0.3328125 0.73828125 0.0734375 0.071875
3 0.1453125 0.534375 0.059375 0.065625
3 0.2359375 0.45625 0.05625 0.071875
3 0.14609375 0.24453125 0.0640625 0.0859375
3 0.2703125 0.30234375 0.053125 0.0921875
3 0.2140625 0.29609375 0.0515625 0.0515625
3 0.09921875 0.45390625 0.0640625 0.0703125
3 0.409375 0.47265625 0.05625 0.0890625
3 0.41640625 0.7109375 0.0625 0.0640625
3 0.54296875 0.6984375 0.0390625 0.071875
3 0.7828125 0.7171875 0.059375 0.078125
3 0.85859375 0.79609375 0.065625 0.090625
3 0.8078125 0.63203125 0.065625 0.0640625
3 0.95 0.590625 0.065625 0.065625
3 0.95625 0.4078125 0.08125 0.08125
3 0.79140625 0.36953125 0.0703125 0.0703125
3 0.8328125 0.3140625 0.0609375 0.0609375
3 0.9234375 0.1359375 0.0640625 0.0640625
3 0.94140625 0.28359375 0.0546875 0.0796875
3 0.87109375 0.1078125 0.071875 0.071875
3 0.79765625 0.103125 0.0703125 0.0703125
3 0.58203125 0.403125 0.0578125 0.09375
3 0.66171875 0.4796875 0.0625 0.0625
3 0.6140625 0.54375 0.0609375 0.0609375
3 0.5890625 0.590625 0.05625 0.090625
3 0.46875 0.3640625 0.053125 0.078125
3 0.4859375 0.328125 0.05625 0.096875
3 0.61953125 0.28828125 0.08125 0.08125
3 0.66171875 0.14140625 0.0578125 0.078125
3 0.7296875 0.0609375 0.046875 0.084375
3 0.53125 0.04140625 0.06875 0.0765625
3 0.4125 0.14921875 0.065625 0.0953125
3 0.72734375 0.17578125 0.065625 0.065625
3 0.38203125 0.44765625 0.0546875 0.0734375
3 0.34609375 0.23046875 0.065625 0.0875
3 0.3453125 0.30859375 0.059375 0.0671875
3 0.3515625 0.33359375 0.059375 0.0640625
3 0.36171875 0.37890625 0.0578125 0.071875
3 0.36875 0.41640625 0.0640625 0.0640625
3 0.31875 0.48203125 0.05625 0.0734375
3 0.2359375 0.49296875 0.0625 0.0625
3 0.29921875 0.60859375 0.0625 0.0625
3 0.23203125 0.5765625 0.0609375 0.065625
3 0.2078125 0.62578125 0.08125 0.0828125
3 0.7421875 0.915625 0.0703125 0.0703125
3 0.9 0.94765625 0.059375 0.0859375
3 0.91796875 0.95078125 0.0515625 0.0703125