3 0.40703125 0.53359375 0.0828125 0.0828125
3 0.42265625 0.053125 0.0734375 0.071875
3 0.13125 0.9125 0.0875 0.06875
3 0.7296875 0.86875 0.096875 0.06875
3 0.8359375 0.084375 0.084375 0.084375
3 0.70546875 0.940625 0.08125 0.0828125
3 0.271875 0.15703125 0.1 0.0640625
3 0.09921875 0.74140625 0.078125 0.078125
3 0.9046875 0.8453125 0.09375 0.06875
3 0.10078125 0.13671875 0.0875 0.0875
3 0.5953125 0.78984375 0.096875 0.0765625
3 0.29765625 0.796875 0.084375 0.0828125
3 0.6359375 0.1765625 0.0828125 0.0828125
3 0.83984375 0.50546875 0.0875 0.0875
3 0.184375 0.071875 0.084375 0.084375
3 0.215625 0.3828125 0.0921875 0.0921875
3 0.8796875 0.60078125 0.084375 0.0859375
3 0.896875 0.92734375 0.0796875 0.0796875
3 0.7890625 0.26640625 0.115625 0.0859375
3 0.05703125 0.82421875 0.0859375 0.0671875
3 0.4453125 0.91796875 0.096875 0.0703125
3 0.821875 0.8828125 0.090625 0.090625
5 0.7109375 0.4375 0.1125 0.0875
1 0.71640625 0.77734375 0.1140625 0.084375