3 0.14921875 0.1859375 0.0859375 0.0875
3 0.76328125 0.6078125 0.0796875 0.103125
3 0.7796875 0.45703125 0.0875 0.0890625
3 0.72578125 0.2390625 0.0859375 0.0859375
3 0.2515625 0.87265625 0.084375 0.0984375
3 0.6609375 0.73828125 0.0875 0.0875
3 0.084375 0.39296875 0.065625 0.0953125
3 0.70078125 0.1078125 0.065625 0.0671875
3 0.403125 0.2015625 0.075 0.10625
3 0.92578125 0.7921875 0.0703125 0.0875
3 0.88671875 0.36484375 0.0796875 0.0984375
3 0.38125 0.72109375 0.0828125 0.084375
3 0.328125 0.53046875 0.075 0.1125
3 0.62109375 0.10390625 0.0796875 0.1109375
3 0.52265625 0.73671875 0.0671875 0.0953125
3 0.2953125 0.184375 0.0875 0.0875
3 0.390625 0.57265625 0.0875 0.0859375
3 0.2734375 0.5796875 0.09375 0.09375
3 0.44765625 0.4140625 0.078125 0.0796875
3 0.88046875 0.684375 0.0875 0.0875
3 0.2296875 0.6296875 0.090625 0.090625
3 0.91328125 0.2359375 0.0703125 0.1
3 0.19453125 0.39921875 0.0796875 0.109375
3 0.91875 0.61875 0.0859375 0.0859375
3 0.84609375 0.14375 0.075 0.0875
3 0.70625 0.4640625 0.078125 0.09375
3 0.44140625 0.2890625 0.0828125 0.103125
3 0.2296875 0.2015625 0.0828125 0.0828125
3 0.9171875 0.43984375 0.08125 0.08125
3 0.42578125 0.1 0.08125 0.08125
3 0.69921875 0.8171875 0.0703125 0.090625
3 0.58984375 0.74140625 0.090625 0.090625
3 0.61875 0.49609375 0.078125 0.1015625
3 0.21875 0.940625 0.078125 0.10625
3 0.30703125 0.8 0.065625 0.10625
3 0.1890625 0.50234375 0.078125 0.1078125
3 0.87421875 0.86640625 0.0734375 0.0859375
3 0.80546875 0.6765625 0.0984375 0.096875
3 0.809375 0.1046875 0.0875 0.0875
3 0.0796875 0.61953125 0.0859375 0.084375
3 0.57109375 0.8921875 0.090625 0.090625
3 0.33203125 0.66875 0.0546875 0.0875
3 0.084375 0.68671875 0.075 0.0890625
3 0.7953125 0.378125 0.0890625 0.0890625
3 0.8609375 0.2796875 0.075 0.078125
3 0.1921875 0.27265625 0.065625 0.1015625
3 0.96484375 0.41015625 0.0703125 0.0734375
3 0.45 0.6890625 0.0859375 0.0859375
3 0.1515625 0.38046875 0.071875 0.0921875
3 0.9609375 0.29140625 0.078125 0.0796875
3 0.41875 0.87578125 0.075 0.1078125
3 0.44375 0.884375 0.065625 0.1
3 0.37734375 0.45390625 0.0578125 0.0953125
3 0.5015625 0.45859375 0.065625 0.0859375
3 0.5 0.425 0.06875 0.1
3 0.2640625 0.4859375 0.06875 0.084375
3 0.1109375 0.328125 0.0625 0.075
3 0.2765625 0.43984375 0.071875 0.1046875