3 0.47109375 0.10234375 0.090625 0.090625
3 0.45234375 0.63828125 0.0828125 0.090625
3 0.12890625 0.19765625 0.0859375 0.0859375
3 0.7328125 0.34140625 0.078125 0.103125
5 0.7109375 0.140625 0.1109375 0.1109375
3 0.075 0.86796875 0.09375 0.0921875
3 0.934375 0.24921875 0.0875 0.0875
3 0.9171875 0.13671875 0.0921875 0.0921875
3 0.46875 0.75234375 0.071875 0.1078125
3 0.89609375 0.69609375 0.096875 0.0984375
3 0.653125 0.521875 0.09375 0.09375
3 0.8515625 0.78515625 0.0796875 0.0796875
3 0.06640625 0.4046875 0.0765625 0.1125
3 0.76640625 0.91328125 0.09375 0.09375
3 0.4765625 0.57890625 0.08125 0.08125
3 0.503125 0.40234375 0.06875 0.103125
3 0.121875 0.415625 0.0875 0.0875
3 0.32578125 0.109375 0.0578125 0.1
3 0.825 0.415625 0.08125 0.1
3 0.446875 0.38046875 0.0828125 0.084375
3 0.565625 0.85234375 0.0890625 0.0890625
3 0.73125 0.2328125 0.0890625 0.0890625
3 0.2859375 0.62578125 0.08125 0.096875
3 0.92421875 0.7953125 0.0765625 0.109375
3 0.55390625 0.13671875 0.090625 0.090625
3 0.578125 0.7265625 0.0828125 0.0828125
3 0.41875 0.31015625 0.08125 0.0875
3 0.51171875 0.50078125 0.0859375 0.0953125
3 0.44765625 0.49453125 0.084375 0.084375
3 0.4875 0.8546875 0.1015625 0.1015625
3 0.7609375 0.2921875 0.0921875 0.0921875
3 0.6484375 0.6953125 0.0859375 0.0859375
3 0.52734375 0.54921875 0.0734375 0.0859375