3 0.87890625 0.79453125 0.084375 0.084375
3 0.26015625 0.08515625 0.0765625 0.0765625
3 0.95 0.5015625 0.0796875 0.0796875
3 0.790625 0.85078125 0.0625 0.075
3 0.325 0.20078125 0.0734375 0.0734375
3 0.6765625 0.90859375 0.078125 0.0953125
3 0.309375 0.571875 0.06875 0.06875
3 0.0703125 0.634375 0.065625 0.09375
3 0.753125 0.08125 0.0671875 0.0671875
3 0.14453125 0.4625 0.078125 0.078125
3 0.16796875 0.7921875 0.0703125 0.071875
3 0.80625 0.4890625 0.078125 0.078125
4 0.546875 0.65546875 0.075 0.103125
3 0.746875 0.1578125 0.078125 0.078125
3 0.36796875 0.32734375 0.0703125 0.0703125
3 0.06328125 0.8328125 0.0859375 0.084375
3 0.42421875 0.90546875 0.06875 0.06875
3 0.2484375 0.315625 0.075 0.075
3 0.5265625 0.809375 0.071875 0.071875
3 0.1234375 0.321875 0.065625 0.0875
3 0.52109375 0.30859375 0.0765625 0.0953125
3 0.4140625 0.3828125 0.0734375 0.0734375
3 0.921875 0.1890625 0.06875 0.0875
3 0.93203125 0.953125 0.0765625 0.078125
3 0.446875 0.14140625 0.075 0.0875
3 0.70546875 0.8234375 0.0859375 0.0875
3 0.565625 0.4078125 0.0625 0.078125
3 0.7984375 0.4109375 0.0734375 0.0734375
3 0.31875 0.0671875 0.065625 0.0875
3 0.45390625 0.22578125 0.075 0.0765625
3 0.3734375 0.86328125 0.0625 0.0734375
3 0.1140625 0.103125 0.065625 0.10625
3 0.22890625 0.74609375 0.078125 0.078125
3 0.103125 0.77734375 0.0625 0.0953125
3 0.48828125 0.09375 0.0796875 0.078125
3 0.14453125 0.86328125 0.0609375 0.0890625
3 0.875 0.5625 0.065625 0.065625
3 0.6453125 0.740625 0.071875 0.08125
3 0.40234375 0.515625 0.0765625 0.0765625
3 0.46875 0.68671875 0.06875 0.06875
3 0.4125 0.78828125 0.053125 0.0765625
3 0.209375 0.0453125 0.0625 0.090625
3 0.5921875 0.1796875 0.06875 0.06875
3 0.55 0.95625 0.06875 0.06875
3 0.58515625 0.24296875 0.0765625 0.0890625
3 0.3859375 0.73828125 0.0609375 0.0609375
3 0.3046875 0.7828125 0.0625 0.109375
3 0.18984375 0.5234375 0.078125 0.078125
3 0.4578125 0.61484375 0.05625 0.0640625
3 0.5 0.47109375 0.0671875 0.06875
3 0.94375 0.36640625 0.0625 0.0828125
3 0.23515625 0.5015625 0.0578125 0.0875
3 0.83359375 0.09609375 0.0671875 0.0671875
3 0.04453125 0.05 0.071875 0.096875
3 0.29453125 0.521875 0.0671875 0.08125
3 0.9140625 0.26015625 0.065625 0.065625
1 0.6875 0.47265625 0.0875 0.096875
3 0.62109375 0.40859375 0.0609375 0.0703125
3 0.6734375 0.53671875 0.059375 0.0859375
3 0.1640625 0.58671875 0.0859375 0.084375
3 0.23671875 0.58203125 0.0703125 0.0703125
3 0.484375 0.93359375 0.053125 0.0796875
3 0.18046875 0.6390625 0.065625 0.065625
3 0.096875 0.734375 0.084375 0.084375
6 0.66640625 0.6734375 0.0734375 0.115625
3 0.125 0.58828125 0.0734375 0.0734375
3 0.5140625 0.159375 0.0578125 0.0578125
3 0.6953125 0.06875 0.0625 0.1
3 0.70234375 0.56953125 0.0640625 0.0859375
3 0.0625 0.1921875 0.0640625 0.078125
3 0.940625 0.3171875 0.078125 0.078125
3 0.87578125 0.89453125 0.0625 0.0640625
3 0.91796875 0.48359375 0.071875 0.071875
3 0.80390625 0.95 0.0796875 0.0796875
3 0.1140625 0.2296875 0.071875 0.071875
6 0.62109375 0.340625 0.1 0.1015625