3 0.84375 0.92734375 0.06875 0.090625
3 0.05 0.59453125 0.075 0.0953125
3 0.7375 0.49765625 0.065625 0.0921875
3 0.77890625 0.81484375 0.08125 0.08125
3 0.1 0.14296875 0.059375 0.0859375
3 0.3234375 0.74140625 0.071875 0.0984375
3 0.7796875 0.2453125 0.071875 0.109375
3 0.8671875 0.696875 0.075 0.071875
3 0.18125 0.84140625 0.078125 0.078125
3 0.7390625 0.603125 0.065625 0.09375
4 0.45625 0.35 0.090625 0.090625
3 0.23046875 0.5765625 0.0703125 0.0875
3 0.07109375 0.315625 0.084375 0.084375
3 0.6359375 0.4015625 0.0859375 0.0859375
3 0.50703125 0.12578125 0.0609375 0.1015625
3 0.571875 0.43359375 0.06875 0.0890625
3 0.55703125 0.73828125 0.090625 0.090625
3 0.1875 0.63671875 0.084375 0.084375
3 0.246875 0.4578125 0.06875 0.084375
3 0.92109375 0.33828125 0.0671875 0.1015625
3 0.63046875 0.19765625 0.0734375 0.0984375
3 0.04921875 0.4890625 0.06875 0.0703125
3 0.24921875 0.890625 0.0796875 0.0796875
3 0.31796875 0.55234375 0.0640625 0.1015625
3 0.6375 0.29453125 0.0625 0.0984375
3 0.771875 0.90625 0.06875 0.09375
3 0.39921875 0.64765625 0.078125 0.078125
3 0.640625 0.93984375 0.08125 0.08125
3 0.3140625 0.65859375 0.0765625 0.078125
3 0.91171875 0.53515625 0.0875 0.0875
3 0.034375 0.0546875 0.05625 0.078125
3 0.459375 0.4671875 0.0859375 0.0859375
3 0.03671875 0.14921875 0.0640625 0.0765625
3 0.38203125 0.7 0.0796875 0.08125
3 0.3765625 0.57421875 0.078125 0.078125
3 0.85703125 0.60703125 0.08125 0.0796875
3 0.84921875 0.5171875 0.084375 0.084375
3 0.4328125 0.56015625 0.065625 0.0984375
3 0.90078125 0.43359375 0.046875 0.1109375
3 0.684375 0.27265625 0.0625 0.1109375
3 0.32265625 0.94921875 0.0703125 0.1015625