3 0.92734375 0.15625 0.090625 0.06875
3 0.59453125 0.95 0.084375 0.0859375
3 0.49765625 0.2625 0.0921875 0.065625
3 0.81484375 0.22109375 0.0890625 0.0734375
3 0.14296875 0.9 0.071875 0.071875
3 0.74140625 0.6765625 0.0859375 0.0859375
3 0.2453125 0.2203125 0.109375 0.071875
3 0.696875 0.1328125 0.0734375 0.0734375
3 0.84140625 0.81875 0.078125 0.078125
3 0.603125 0.2609375 0.09375 0.065625
4 0.35 0.54375 0.103125 0.078125
3 0.5765625 0.76953125 0.0875 0.0703125
3 0.315625 0.92890625 0.096875 0.0703125
3 0.4015625 0.3640625 0.1 0.071875
3 0.12578125 0.49296875 0.1015625 0.0609375
3 0.43359375 0.428125 0.078125 0.0796875
3 0.73828125 0.44296875 0.1046875 0.0765625
3 0.63671875 0.8125 0.084375 0.084375
3 0.4578125 0.753125 0.075 0.078125
3 0.33828125 0.07890625 0.1015625 0.0671875
3 0.19765625 0.36953125 0.0984375 0.0734375
3 0.4890625 0.95078125 0.071875 0.0671875
3 0.890625 0.75078125 0.0796875 0.0796875
3 0.55234375 0.68203125 0.0828125 0.0828125
3 0.29453125 0.3625 0.0984375 0.0625
3 0.90625 0.228125 0.09375 0.06875
3 0.64765625 0.60078125 0.0859375 0.0703125
3 0.93984375 0.359375 0.08125 0.08125
3 0.65859375 0.6859375 0.0828125 0.071875
3 0.53515625 0.08828125 0.1015625 0.0734375
3 0.0546875 0.965625 0.0671875 0.0671875
3 0.4671875 0.540625 0.0859375 0.084375
3 0.14921875 0.96328125 0.0703125 0.0703125
3 0.7 0.61796875 0.08125 0.0796875
3 0.57421875 0.6234375 0.0953125 0.0625
3 0.60703125 0.14296875 0.0859375 0.075
3 0.5171875 0.15078125 0.084375 0.084375
3 0.56015625 0.5671875 0.08125 0.08125
3 0.43359375 0.09921875 0.0796875 0.078125
3 0.27265625 0.315625 0.1109375 0.0625
3 0.94921875 0.67734375 0.0859375 0.0859375