3 0.84375 0.07265625 0.06875 0.090625
3 0.05 0.40546875 0.084375 0.084375
3 0.7375 0.50234375 0.065625 0.0921875
3 0.77890625 0.18515625 0.0734375 0.0890625
3 0.1 0.85703125 0.059375 0.0859375
3 0.3234375 0.25859375 0.071875 0.0984375
3 0.7796875 0.7546875 0.071875 0.109375
3 0.8671875 0.303125 0.065625 0.08125
3 0.18125 0.15859375 0.078125 0.078125
3 0.7390625 0.396875 0.0796875 0.0796875
4 0.45625 0.65 0.090625 0.090625
3 0.23046875 0.4234375 0.078125 0.0796875
3 0.07109375 0.684375 0.0703125 0.096875
3 0.6359375 0.5984375 0.071875 0.1
3 0.50703125 0.87421875 0.0609375 0.1015625
3 0.571875 0.56640625 0.06875 0.0890625
3 0.55703125 0.26171875 0.0765625 0.1046875
3 0.1875 0.36328125 0.084375 0.084375
3 0.246875 0.5421875 0.06875 0.084375
3 0.92109375 0.66171875 0.0671875 0.1015625
3 0.63046875 0.80234375 0.0734375 0.0984375
3 0.04921875 0.5109375 0.06875 0.0703125
3 0.24921875 0.109375 0.0796875 0.0796875
3 0.31796875 0.44765625 0.0828125 0.0828125
3 0.6375 0.70546875 0.0625 0.0984375
3 0.771875 0.09375 0.06875 0.09375
3 0.39921875 0.35234375 0.078125 0.078125
3 0.640625 0.06015625 0.08125 0.08125
3 0.3140625 0.34140625 0.071875 0.0828125
3 0.91171875 0.46484375 0.0875 0.0875
3 0.034375 0.9453125 0.05625 0.078125
3 0.459375 0.5328125 0.0859375 0.0859375
3 0.03671875 0.85078125 0.0703125 0.0703125
3 0.38203125 0.3 0.0796875 0.08125
3 0.3765625 0.42578125 0.078125 0.078125
3 0.85703125 0.39296875 0.075 0.0859375
3 0.84921875 0.4828125 0.084375 0.084375
3 0.4328125 0.43984375 0.065625 0.0984375
3 0.90078125 0.56640625 0.078125 0.0796875
3 0.684375 0.72734375 0.0625 0.1109375
3 0.32265625 0.05078125 0.0703125 0.1015625