3 0.3765625 0.8875 0.0890625 0.0890625
3 0.05 0.17421875 0.065625 0.0828125
3 0.6234375 0.93046875 0.075 0.075
3 0.70390625 0.44921875 0.078125 0.078125
3 0.05625 0.0625 0.090625 0.090625
3 0.5390625 0.684375 0.0859375 0.0859375
3 0.5078125 0.9234375 0.075 0.075
3 0.85703125 0.421875 0.078125 0.109375
3 0.2609375 0.93046875 0.0765625 0.075
3 0.45625 0.23671875 0.06875 0.0984375
3 0.078125 0.40703125 0.0734375 0.075
3 0.5703125 0.9640625 0.065625 0.065625
3 0.7453125 0.1375 0.065625 0.084375
3 0.509375 0.5046875 0.0859375 0.0859375
3 0.0984375 0.784375 0.071875 0.09375
3 0.13125 0.43359375 0.075 0.075
3 0.6984375 0.90859375 0.065625 0.090625
3 0.209375 0.88203125 0.0859375 0.084375
3 0.140625 0.28671875 0.08125 0.0796875
3 0.40703125 0.3578125 0.0703125 0.084375
3 0.453125 0.89453125 0.0765625 0.0765625
3 0.9421875 0.553125 0.059375 0.0875
3 0.38046875 0.16953125 0.071875 0.071875
3 0.2328125 0.284375 0.0765625 0.0765625
3 0.77734375 0.771875 0.09375 0.0953125
3 0.709375 0.83203125 0.075 0.075
3 0.28984375 0.03671875 0.0609375 0.0609375
3 0.4875 0.38203125 0.075 0.0921875
3 0.409375 0.7046875 0.08125 0.08125
3 0.17109375 0.49375 0.06875 0.08125
6 0.8890625 0.32109375 0.078125 0.096875
3 0.38359375 0.4328125 0.084375 0.0859375
3 0.7640625 0.6984375 0.071875 0.090625
3 0.28515625 0.76875 0.08125 0.08125
3 0.94921875 0.33671875 0.065625 0.0734375
3 0.43203125 0.78515625 0.0671875 0.0890625
3 0.634375 0.09765625 0.06875 0.0921875
3 0.33203125 0.146875 0.078125 0.078125
3 0.56328125 0.26953125 0.075 0.0953125
3 0.5984375 0.171875 0.071875 0.121875
3 0.0578125 0.8203125 0.08125 0.08125
3 0.17109375 0.5609375 0.0671875 0.084375
3 0.3453125 0.27421875 0.0875 0.0875
3 0.2296875 0.8078125 0.06875 0.08125
3 0.571875 0.34765625 0.0671875 0.06875
3 0.39375 0.25625 0.0875 0.0875
3 0.52421875 0.8359375 0.0703125 0.0875
3 0.78359375 0.43359375 0.071875 0.1046875
3 0.64375 0.25390625 0.071875 0.071875
3 0.35390625 0.76328125 0.0703125 0.0796875
3 0.54765625 0.41953125 0.059375 0.0921875
6 0.20078125 0.68671875 0.090625 0.0890625
3 0.1875 0.77421875 0.059375 0.0640625
6 0.42578125 0.8359375 0.090625 0.090625
6 0.2328125 0.5296875 0.109375 0.109375
6 0.4203125 0.5203125 0.1 0.115625
3 0.77734375 0.38359375 0.0703125 0.0828125
3 0.765625 0.0703125 0.0765625 0.0765625
3 0.7390625 0.76796875 0.0625 0.1078125
3 0.4984375 0.834375 0.06875 0.084375
3 0.34296875 0.71953125 0.0671875 0.1015625
3 0.4828125 0.709375 0.0625 0.08125
3 0.4484375 0.6171875 0.0765625 0.0765625
3 0.44609375 0.5609375 0.08125 0.0796875
3 0.4515625 0.440625 0.071875 0.1
3 0.3109375 0.2609375 0.06875 0.0875
3 0.2859375 0.2203125 0.0703125 0.0703125
3 0.209375 0.365625 0.078125 0.078125
3 0.15234375 0.37578125 0.075 0.0859375
3 0.1921875 0.6328125 0.06875 0.06875
3 0.25 0.7390625 0.0625 0.078125
3 0.459375 0.7015625 0.059375 0.084375
3 0.1625 0.290625 0.0796875 0.0796875