3 0.65078125 0.79453125 0.0828125 0.1015625
5 0.4703125 0.67734375 0.10625 0.1046875
3 0.04296875 0.52890625 0.0859375 0.0890625
3 0.659375 0.13203125 0.078125 0.1046875
3 0.3125 0.67109375 0.08125 0.103125
3 0.321875 0.53359375 0.090625 0.090625
3 0.88359375 0.4984375 0.0875 0.0875
3 0.9203125 0.28203125 0.078125 0.0796875
3 0.2125 0.68671875 0.075 0.0890625
3 0.903125 0.640625 0.084375 0.084375
3 0.5734375 0.346875 0.09375 0.09375
3 0.0734375 0.82890625 0.0921875 0.0921875
3 0.7640625 0.35 0.0921875 0.0921875
3 0.52265625 0.27734375 0.0703125 0.0890625
3 0.2625 0.45546875 0.08125 0.1109375
3 0.08828125 0.36953125 0.0953125 0.0953125
3 0.3359375 0.0734375 0.084375 0.084375
3 0.52890625 0.89375 0.08125 0.11875
3 0.40625 0.13515625 0.078125 0.1109375
3 0.4453125 0.87890625 0.084375 0.084375
3 0.484375 0.51328125 0.08125 0.0796875
3 0.175 0.33984375 0.0953125 0.0953125
3 0.246875 0.84140625 0.0625 0.1140625
3 0.12734375 0.6359375 0.0859375 0.0859375
0 0.778125 0.2234375 0.1 0.121875
3 0.43125 0.728125 0.090625 0.090625
3 0.659375 0.6921875 0.0875 0.103125
3 0.45859375 0.81015625 0.0890625 0.090625
3 0.8921875 0.21796875 0.0890625 0.0890625
3 0.6421875 0.3890625 0.08125 0.109375
3 0.634375 0.94453125 0.075 0.0953125
3 0.9328125 0.4390625 0.084375 0.084375
3 0.4546875 0.34453125 0.084375 0.084375
3 0.44765625 0.58671875 0.090625 0.090625
3 0.1296875 0.91640625 0.090625 0.0953125
3 0.775 0.54140625 0.0890625 0.090625
3 0.075 0.075 0.09375 0.090625
3 0.8890625 0.57265625 0.109375 0.0734375
3 0.403125 0.64296875 0.0859375 0.0859375
3 0.75859375 0.909375 0.0921875 0.0921875
3 0.85625 0.3265625 0.08125 0.084375
3 0.11015625 0.21484375 0.0859375 0.0859375
3 0.04765625 0.2203125 0.0953125 0.096875
3 0.84921875 0.39140625 0.1234375 0.0921875
3 0.81171875 0.32265625 0.09375 0.09375
3 0.41796875 0.040625 0.0640625 0.078125
3 0.04921875 0.13984375 0.0875 0.0875