3 0.20546875 0.65078125 0.0921875 0.0921875
5 0.32265625 0.4703125 0.1046875 0.10625
3 0.4703125 0.03984375 0.1 0.0796875
3 0.86796875 0.659375 0.090625 0.090625
3 0.32890625 0.3125 0.0921875 0.0921875
3 0.46640625 0.321875 0.1046875 0.075
3 0.5015625 0.88359375 0.084375 0.090625
3 0.71796875 0.9203125 0.0796875 0.078125
3 0.31328125 0.2125 0.0828125 0.0828125
3 0.359375 0.903125 0.084375 0.084375
3 0.653125 0.5734375 0.109375 0.078125
3 0.17109375 0.0734375 0.0921875 0.0921875
3 0.65 0.7640625 0.115625 0.06875
3 0.72265625 0.52265625 0.0890625 0.0703125
3 0.54453125 0.2625 0.096875 0.0953125
3 0.63046875 0.08828125 0.1078125 0.0828125
3 0.9265625 0.3359375 0.090625 0.078125
3 0.10625 0.52890625 0.1 0.1
3 0.86484375 0.40625 0.1109375 0.078125
3 0.12109375 0.4453125 0.0890625 0.078125
3 0.48671875 0.484375 0.0796875 0.08125
3 0.66015625 0.175 0.0953125 0.0953125
3 0.15859375 0.246875 0.0875 0.0890625
3 0.3640625 0.12734375 0.1 0.0734375
0 0.7765625 0.778125 0.121875 0.1
3 0.271875 0.43125 0.090625 0.090625
3 0.3078125 0.659375 0.0953125 0.0953125
3 0.18984375 0.45859375 0.090625 0.0890625
3 0.78203125 0.8921875 0.0875 0.090625
3 0.6109375 0.6421875 0.0953125 0.0953125
3 0.05546875 0.634375 0.0953125 0.075
3 0.5609375 0.9328125 0.084375 0.084375
3 0.65546875 0.4546875 0.096875 0.071875
3 0.41328125 0.44765625 0.0953125 0.084375
3 0.08359375 0.1296875 0.09375 0.0921875
3 0.45859375 0.775 0.1015625 0.078125
3 0.925 0.075 0.090625 0.09375
3 0.42734375 0.8890625 0.090625 0.090625
3 0.35703125 0.403125 0.1078125 0.0625
3 0.090625 0.75859375 0.0921875 0.0921875
3 0.6734375 0.85625 0.08125 0.084375
3 0.78515625 0.11015625 0.0921875 0.0796875
3 0.7796875 0.04765625 0.096875 0.0953125
3 0.60859375 0.84921875 0.0921875 0.1234375
3 0.67734375 0.81171875 0.1203125 0.0671875
3 0.959375 0.41796875 0.071875 0.071875
3 0.86015625 0.04921875 0.0765625 0.0984375