3 0.79453125 0.34921875 0.1015625 0.0828125
5 0.67734375 0.5296875 0.1046875 0.10625
3 0.5296875 0.96015625 0.1 0.0796875
3 0.13203125 0.340625 0.1046875 0.078125
3 0.67109375 0.6875 0.0921875 0.0921875
3 0.53359375 0.678125 0.1046875 0.075
3 0.4984375 0.11640625 0.084375 0.090625
3 0.28203125 0.0796875 0.0796875 0.078125
3 0.68671875 0.7875 0.0828125 0.0828125
3 0.640625 0.096875 0.08125 0.0875
3 0.346875 0.4265625 0.109375 0.078125
3 0.82890625 0.9265625 0.0921875 0.0921875
3 0.35 0.2359375 0.115625 0.06875
3 0.27734375 0.47734375 0.0890625 0.0703125
3 0.45546875 0.7375 0.096875 0.0953125
3 0.36953125 0.91171875 0.0953125 0.0953125
3 0.0734375 0.6640625 0.084375 0.084375
3 0.89375 0.47109375 0.11875 0.08125
3 0.13515625 0.59375 0.1109375 0.078125
3 0.87890625 0.5546875 0.0890625 0.078125
3 0.51328125 0.515625 0.0796875 0.08125
3 0.33984375 0.825 0.0953125 0.0953125
3 0.84140625 0.753125 0.0875 0.0890625
3 0.6359375 0.87265625 0.0859375 0.0859375
0 0.2234375 0.221875 0.1109375 0.1109375
3 0.728125 0.56875 0.1 0.08125
3 0.6921875 0.340625 0.103125 0.0875
3 0.81015625 0.54140625 0.090625 0.0890625
3 0.21796875 0.1078125 0.0890625 0.0890625
3 0.3890625 0.3578125 0.109375 0.08125
3 0.94453125 0.365625 0.0859375 0.084375
3 0.4390625 0.0671875 0.090625 0.078125
3 0.34453125 0.5453125 0.096875 0.071875
3 0.58671875 0.55234375 0.0953125 0.084375
3 0.91640625 0.8703125 0.09375 0.0921875
3 0.54140625 0.225 0.1015625 0.078125
3 0.075 0.925 0.090625 0.09375
3 0.57265625 0.1109375 0.0734375 0.109375
3 0.64296875 0.596875 0.0859375 0.0859375
3 0.909375 0.24140625 0.0921875 0.09375
3 0.3265625 0.14375 0.0828125 0.0828125
3 0.21484375 0.88984375 0.0921875 0.0796875
3 0.22109375 0.95390625 0.1015625 0.0921875
3 0.39140625 0.15078125 0.1078125 0.1078125
3 0.32265625 0.18828125 0.1203125 0.0671875
3 0.040625 0.58203125 0.078125 0.0640625
3 0.13984375 0.95078125 0.0765625 0.0984375