3 0.69609375 0.575 0.078125 0.078125
3 0.709375 0.1046875 0.078125 0.0625
3 0.92109375 0.28515625 0.0828125 0.0640625
3 0.36015625 0.7671875 0.0890625 0.06875
3 0.79453125 0.1375 0.0796875 0.08125
3 0.10703125 0.8453125 0.078125 0.078125
3 0.46015625 0.30078125 0.0859375 0.0859375
3 0.24296875 0.925 0.0765625 0.078125
3 0.3703125 0.1015625 0.0875 0.065625
3 0.484375 0.40234375 0.0796875 0.0796875
3 0.40625 0.8484375 0.0828125 0.08125
3 0.38671875 0.61953125 0.0796875 0.0578125
3 0.73515625 0.8609375 0.078125 0.0796875
3 0.82890625 0.27734375 0.0734375 0.0734375
3 0.7953125 0.93984375 0.084375 0.0625
3 0.16171875 0.77734375 0.078125 0.0609375
3 0.71875 0.79375 0.0734375 0.0734375
3 0.82421875 0.06796875 0.0953125 0.0703125
3 0.22109375 0.690625 0.075 0.075
3 0.64921875 0.27578125 0.0796875 0.0796875
3 0.29140625 0.45546875 0.0734375 0.0734375
3 0.86328125 0.3828125 0.078125 0.078125
3 0.7515625 0.5171875 0.0765625 0.0765625
3 0.103125 0.221875 0.0875 0.0875
3 0.3390625 0.9171875 0.084375 0.065625
3 0.25546875 0.77890625 0.1015625 0.06875
3 0.765625 0.3296875 0.084375 0.06875
3 0.796875 0.72890625 0.078125 0.078125
3 0.6703125 0.20546875 0.0875 0.0875
3 0.79296875 0.6203125 0.0796875 0.078125
3 0.6109375 0.1328125 0.103125 0.071875
3 0.0984375 0.56640625 0.0765625 0.0765625
3 0.73359375 0.68515625 0.08125 0.08125
3 0.8359375 0.81484375 0.0875 0.0609375
3 0.3296875 0.678125 0.0765625 0.075
3 0.1171875 0.6421875 0.075 0.075
3 0.1953125 0.45 0.090625 0.06875
3 0.20859375 0.53125 0.0921875 0.06875
3 0.30546875 0.53671875 0.075 0.075
3 0.6203125 0.38515625 0.103125 0.0765625
3 0.7765625 0.45078125 0.1 0.0703125
3 0.14375 0.26875 0.096875 0.06875
3 0.62890625 0.46484375 0.0921875 0.06875
3 0.9359375 0.690625 0.0703125 0.0703125
3 0.48515625 0.58359375 0.078125 0.078125
3 0.928125 0.56953125 0.09375 0.0640625
3 0.2453125 0.3015625 0.090625 0.06875
3 0.246875 0.2296875 0.1 0.065625
3 0.27734375 0.83984375 0.1015625 0.0765625
3 0.51484375 0.08515625 0.090625 0.0640625
3 0.125 0.7109375 0.084375 0.084375
3 0.61640625 0.80078125 0.0859375 0.0734375
3 0.4046875 0.4859375 0.078125 0.06875
3 0.94921875 0.11484375 0.0734375 0.071875
3 0.11328125 0.084375 0.071875 0.071875
3 0.53671875 0.84765625 0.0703125 0.0703125
3 0.45078125 0.2265625 0.084375 0.0828125
3 0.928125 0.9265625 0.0796875 0.0796875
3 0.79375 0.2109375 0.0765625 0.0765625
3 0.8765625 0.75625 0.084375 0.084375
3 0.24765625 0.37109375 0.075 0.075
3 0.5265625 0.47109375 0.109375 0.071875
3 0.5453125 0.696875 0.090625 0.0625
3 0.9234375 0.82265625 0.071875 0.071875
3 0.6328125 0.653125 0.071875 0.06875
3 0.48828125 0.7796875 0.0875 0.059375
3 0.29765625 0.16953125 0.0890625 0.0515625
3 0.60078125 0.5734375 0.0734375 0.06875
3 0.93203125 0.86484375 0.075 0.0578125
3 0.446875 0.7359375 0.071875 0.071875
3 0.9546875 0.49609375 0.0875 0.0671875
3 0.04921875 0.9578125 0.08125 0.08125
3 0.44296875 0.9203125 0.0984375 0.071875
3 0.5625 0.9625 0.08125 0.075
3 0.9578125 0.33828125 0.0765625 0.0765625
3 0.05078125 0.1421875 0.078125 0.078125
3 0.17890625 0.3234375 0.078125 0.071875
3 0.90546875 0.1890625 0.0859375 0.06875
6 0.61953125 0.72734375 0.06875 0.06875
3 0.63515625 0.03203125 0.0828125 0.0609375
3 0.53359375 0.8109375 0.059375 0.059375
3 0.41640625 0.16015625 0.065625 0.065625