2 0.54921875 0.7765625 0.0578125 0.09375
2 0.29453125 0.74375 0.0640625 0.09375
2 0.33984375 0.0546875 0.0703125 0.090625
2 0.378125 0.2515625 0.065625 0.084375
2 0.58125 0.51484375 0.0734375 0.0734375
2 0.34375 0.875 0.08125 0.08125
2 0.14296875 0.1453125 0.084375 0.0859375
2 0.1421875 0.66640625 0.071875 0.0953125
2 0.0671875 0.9453125 0.0859375 0.0859375
2 0.6 0.88125 0.0859375 0.0859375
2 0.8984375 0.71796875 0.06875 0.0703125
2 0.4921875 0.7546875 0.0859375 0.0859375
2 0.44765625 0.1390625 0.084375 0.0828125
2 0.0734375 0.65546875 0.090625 0.0890625
2 0.35078125 0.171875 0.084375 0.0859375
2 0.84140625 0.4609375 0.071875 0.103125
2 0.2265625 0.790625 0.071875 0.1
2 0.8890625 0.38203125 0.0875 0.0875
2 0.10546875 0.8640625 0.0859375 0.0859375
2 0.58046875 0.20703125 0.071875 0.0984375
2 0.27265625 0.2109375 0.0828125 0.0828125
2 0.17109375 0.06328125 0.0765625 0.08125
2 0.42890625 0.30546875 0.078125 0.078125
2 0.6046875 0.43203125 0.06875 0.06875
2 0.15 0.81640625 0.071875 0.1046875
2 0.30078125 0.1375 0.08125 0.08125
2 0.12109375 0.28125 0.0875 0.0890625
2 0.04296875 0.51015625 0.06875 0.1140625
2 0.60546875 0.3546875 0.0828125 0.08125
2 0.20390625 0.325 0.08125 0.0796875
2 0.12734375 0.38359375 0.0640625 0.1109375
2 0.43046875 0.7640625 0.071875 0.103125
2 0.19765625 0.90078125 0.084375 0.084375
2 0.34375 0.59921875 0.053125 0.1
2 0.64609375 0.58046875 0.0796875 0.1109375
2 0.2484375 0.54140625 0.071875 0.071875
2 0.684375 0.51796875 0.06875 0.084375
2 0.075 0.77578125 0.078125 0.0984375
2 0.4484375 0.86015625 0.0890625 0.0875
2 0.79375 0.409375 0.0890625 0.0890625
2 0.496875 0.66171875 0.0890625 0.090625
2 0.6203125 0.68125 0.09375 0.09375
2 0.4 0.8796875 0.0875 0.0875
2 0.2921875 0.58359375 0.071875 0.071875
2 0.746875 0.134375 0.0875 0.0875
2 0.26796875 0.31640625 0.0703125 0.0953125
2 0.625 0.7609375 0.084375 0.08125
2 0.915625 0.621875 0.084375 0.096875
2 0.9015625 0.48046875 0.096875 0.096875
2 0.50703125 0.5390625 0.0828125 0.078125
2 0.56015625 0.6546875 0.0453125 0.125
2 0.67265625 0.39296875 0.0875 0.0875
2 0.6515625 0.8421875 0.0953125 0.0953125
2 0.4578125 0.58203125 0.084375 0.084375
2 0.834375 0.0484375 0.071875 0.0875
2 0.96171875 0.56328125 0.0765625 0.0828125
2 0.70546875 0.46015625 0.078125 0.078125
2 0.5140625 0.6 0.0875 0.09375
1 0.21953125 0.134375 0.103125 0.103125
5 0.27890625 0.85 0.1 0.1
2 0.69765625 0.2484375 0.0765625 0.11875