2 0.2234375 0.54921875 0.075 0.075
2 0.25625 0.29453125 0.078125 0.0796875
2 0.9453125 0.33984375 0.0796875 0.0796875
2 0.7484375 0.378125 0.075 0.075
2 0.48515625 0.58125 0.090625 0.05625
2 0.125 0.34375 0.09375 0.06875
2 0.8546875 0.14296875 0.096875 0.0734375
2 0.33359375 0.1421875 0.0953125 0.071875
2 0.0546875 0.0671875 0.096875 0.075
2 0.11875 0.6 0.1 0.071875
2 0.28203125 0.8984375 0.0703125 0.06875
2 0.2453125 0.4921875 0.0859375 0.0859375
2 0.8609375 0.44765625 0.0828125 0.084375
2 0.34453125 0.0734375 0.1046875 0.075
2 0.828125 0.35078125 0.1 0.0703125
2 0.5390625 0.84140625 0.103125 0.071875
2 0.209375 0.2265625 0.0875 0.0859375
2 0.61796875 0.8890625 0.0875 0.0875
2 0.1359375 0.10546875 0.096875 0.075
2 0.79296875 0.58046875 0.0984375 0.071875
2 0.7890625 0.27265625 0.09375 0.071875
2 0.93671875 0.17109375 0.08125 0.0765625
2 0.69453125 0.42890625 0.0921875 0.0640625
2 0.56796875 0.6046875 0.06875 0.06875
2 0.18359375 0.15 0.0875 0.0875
2 0.8625 0.30078125 0.08125 0.08125
2 0.71875 0.12109375 0.0875 0.0875
2 0.4890625 0.04375 0.090625 0.0875
2 0.6453125 0.60546875 0.08125 0.0828125
2 0.675 0.20390625 0.0796875 0.08125
2 0.61640625 0.12734375 0.0875 0.0875
2 0.2359375 0.43046875 0.103125 0.071875
2 0.09921875 0.19765625 0.084375 0.084375
2 0.40078125 0.34375 0.1 0.053125
2 0.41953125 0.64609375 0.1109375 0.0796875
2 0.45859375 0.2484375 0.0859375 0.05625
2 0.48203125 0.684375 0.0765625 0.0765625
2 0.22421875 0.075 0.0890625 0.0890625
2 0.13984375 0.4484375 0.0875 0.0890625
2 0.590625 0.79375 0.0890625 0.0890625
2 0.33828125 0.496875 0.090625 0.0890625
2 0.31875 0.6203125 0.09375 0.09375
2 0.1203125 0.4 0.0875 0.0875
2 0.41640625 0.2921875 0.071875 0.071875
2 0.865625 0.746875 0.1 0.075
2 0.68359375 0.26796875 0.0953125 0.0703125
2 0.2390625 0.625 0.08125 0.084375
2 0.378125 0.915625 0.090625 0.090625
2 0.51953125 0.9015625 0.1140625 0.078125
2 0.4609375 0.50703125 0.08125 0.08125
2 0.3453125 0.56015625 0.0859375 0.084375
2 0.60703125 0.67265625 0.0984375 0.0765625
2 0.1578125 0.6515625 0.0953125 0.0953125
2 0.41796875 0.4578125 0.0921875 0.075
2 0.9515625 0.834375 0.0875 0.071875
2 0.43671875 0.96171875 0.0828125 0.0765625
2 0.53984375 0.70546875 0.078125 0.078125
2 0.4 0.5140625 0.090625 0.090625
1 0.865625 0.21953125 0.115625 0.0890625
5 0.15 0.27890625 0.1 0.1
2 0.7515625 0.69765625 0.096875 0.096875