3 0.53203125 0.0671875 0.078125 0.078125
3 0.61171875 0.7234375 0.0828125 0.065625
3 0.88203125 0.3484375 0.0875 0.0875
3 0.69140625 0.75 0.090625 0.065625
3 0.92109375 0.57265625 0.075 0.075
3 0.16171875 0.05234375 0.0859375 0.0484375
3 0.55078125 0.4796875 0.075 0.075
3 0.76484375 0.7125 0.0859375 0.0625
3 0.55078125 0.13359375 0.0859375 0.0609375
3 0.27265625 0.2265625 0.0953125 0.071875
3 0.73828125 0.815625 0.0953125 0.075
3 0.17109375 0.5171875 0.0765625 0.075
3 0.6359375 0.6015625 0.0734375 0.0734375
3 0.88359375 0.6859375 0.0890625 0.071875
3 0.33671875 0.2328125 0.0765625 0.0765625
3 0.08359375 0.7984375 0.0765625 0.0765625
3 0.17421875 0.2109375 0.0890625 0.059375
3 0.4609375 0.13828125 0.084375 0.0671875
3 0.47421875 0.225 0.1 0.065625
3 0.0921875 0.19375 0.08125 0.065625
3 0.69296875 0.66328125 0.0828125 0.0484375
3 0.2546875 0.04375 0.071875 0.059375
3 0.8375 0.5421875 0.08125 0.0625
3 0.0953125 0.459375 0.08125 0.08125
3 0.65859375 0.26796875 0.0859375 0.0640625
3 0.23515625 0.45703125 0.096875 0.059375
3 0.771875 0.475 0.10625 0.0625
3 0.54453125 0.4140625 0.0765625 0.059375
3 0.85078125 0.61171875 0.0671875 0.0671875
3 0.22265625 0.69296875 0.071875 0.0578125
3 0.53359375 0.7015625 0.075 0.075
3 0.28203125 0.88359375 0.0859375 0.0671875
3 0.4578125 0.4953125 0.08125 0.065625
3 0.53125 0.2890625 0.096875 0.065625
3 0.20703125 0.11015625 0.065625 0.065625
3 0.4578125 0.03984375 0.078125 0.0640625
3 0.915625 0.27421875 0.071875 0.071875
3 0.8578125 0.72265625 0.0734375 0.0734375
3 0.29765625 0.40390625 0.0890625 0.0578125
3 0.04453125 0.41015625 0.071875 0.071875
3 0.65234375 0.16953125 0.078125 0.05
3 0.778125 0.6265625 0.08125 0.065625
3 0.0984375 0.73046875 0.09375 0.0671875
3 0.16328125 0.5859375 0.0890625 0.053125
3 0.62890625 0.96015625 0.075 0.075
3 0.38203125 0.903125 0.0765625 0.075
3 0.6609375 0.8609375 0.084375 0.0609375
3 0.82890625 0.9640625 0.0765625 0.071875
3 0.2859375 0.31484375 0.075 0.075
3 0.89296875 0.08828125 0.0890625 0.0703125
3 0.42421875 0.3890625 0.075 0.0734375
3 0.13046875 0.8421875 0.075 0.0734375
3 0.728125 0.95625 0.078125 0.06875
3 0.53515625 0.340625 0.071875 0.071875
3 0.57734375 0.196875 0.071875 0.071875
3 0.33515625 0.88828125 0.0796875 0.0796875
3 0.421875 0.16484375 0.08125 0.0609375
3 0.45390625 0.41953125 0.0703125 0.0609375
3 0.77109375 0.546875 0.0875 0.0875
3 0.5296875 0.9671875 0.078125 0.065625
3 0.71953125 0.33046875 0.0625 0.0609375
3 0.24609375 0.7828125 0.0703125 0.0703125
3 0.5015625 0.38515625 0.059375 0.0609375
3 0.57734375 0.3140625 0.078125 0.078125
6 0.1703125 0.62578125 0.1125 0.0796875
3 0.5625 0.80625 0.065625 0.04375
3 0.321875 0.74765625 0.0609375 0.0625
3 0.640625 0.93515625 0.06875 0.06875
3 0.95078125 0.27265625 0.0671875 0.0546875
3 0.82109375 0.61875 0.0890625 0.05
3 0.7359375 0.55546875 0.0625 0.0625
3 0.70234375 0.5578125 0.0859375 0.05
3 0.690625 0.64375 0.065625 0.065625
3 0.23984375 0.89296875 0.0828125 0.0578125
3 0.2390625 0.76875 0.0703125 0.0703125
3 0.26796875 0.753125 0.071875 0.071875
3 0.18984375 0.70390625 0.0734375 0.0734375
3 0.13671875 0.72109375 0.065625 0.0671875
3 0.1265625 0.9734375 0.084375 0.053125
3 0.259375 0.3015625 0.09375 0.059375
3 0.41328125 0.48359375 0.0671875 0.0578125
3 0.37578125 0.5015625 0.065625 0.0671875
3 0.1765625 0.1109375 0.08125 0.053125
3 0.3421875 0.41875 0.0703125 0.0703125
3 0.2140625 0.4515625 0.071875 0.053125
3 0.69140625 0.34375 0.065625 0.0671875
3 0.62421875 0.1765625 0.0875 0.059375
3 0.384375 0.1609375 0.0734375 0.0734375