3 0.46796875 0.0671875 0.078125 0.078125
3 0.38828125 0.7234375 0.075 0.0734375
3 0.11796875 0.3484375 0.0875 0.0875
3 0.30859375 0.75 0.078125 0.078125
3 0.07890625 0.57265625 0.084375 0.0671875
3 0.83828125 0.05234375 0.0671875 0.0671875
3 0.44921875 0.4796875 0.0890625 0.0625
3 0.23515625 0.7125 0.0859375 0.0625
3 0.44921875 0.13359375 0.0859375 0.0609375
3 0.72734375 0.2265625 0.0828125 0.0828125
3 0.26171875 0.815625 0.0953125 0.075
3 0.82890625 0.5171875 0.0765625 0.075
3 0.3640625 0.6015625 0.0734375 0.0734375
3 0.11640625 0.6859375 0.08125 0.0796875
3 0.66328125 0.2328125 0.090625 0.0625
3 0.91640625 0.7984375 0.0765625 0.0765625
3 0.82578125 0.2109375 0.0890625 0.059375
3 0.5390625 0.13828125 0.084375 0.0671875
3 0.52578125 0.225 0.1 0.065625
3 0.9078125 0.19375 0.0734375 0.0734375
3 0.30703125 0.66328125 0.065625 0.065625
3 0.7453125 0.04375 0.065625 0.065625
3 0.1625 0.5421875 0.08125 0.0625
3 0.9046875 0.459375 0.10625 0.05625
3 0.34140625 0.26796875 0.0859375 0.0640625
3 0.76484375 0.45703125 0.078125 0.078125
3 0.228125 0.475 0.10625 0.0625
3 0.45546875 0.4140625 0.06875 0.06875
3 0.14921875 0.61171875 0.0671875 0.0671875
3 0.77734375 0.69296875 0.071875 0.0578125
3 0.46640625 0.7015625 0.075 0.075
3 0.71796875 0.88359375 0.0859375 0.0671875
3 0.5421875 0.4953125 0.08125 0.065625
3 0.46875 0.2890625 0.096875 0.065625
3 0.79296875 0.11015625 0.075 0.0578125
3 0.5421875 0.03984375 0.071875 0.071875
3 0.084375 0.27421875 0.071875 0.071875
3 0.1421875 0.72265625 0.084375 0.0640625
3 0.70234375 0.40390625 0.0734375 0.0734375
3 0.95546875 0.41015625 0.0859375 0.0578125
3 0.34765625 0.16953125 0.0640625 0.0640625
3 0.221875 0.6265625 0.08125 0.065625
3 0.9015625 0.73046875 0.09375 0.0671875
3 0.83671875 0.5859375 0.071875 0.0703125
3 0.37109375 0.96015625 0.084375 0.0640625
3 0.61796875 0.903125 0.0765625 0.075
3 0.3390625 0.8609375 0.071875 0.071875
3 0.17109375 0.9640625 0.0765625 0.071875
3 0.7140625 0.31484375 0.084375 0.0671875
3 0.10703125 0.08828125 0.0796875 0.0796875
3 0.57578125 0.3890625 0.075 0.0734375
3 0.86953125 0.8421875 0.0765625 0.071875
3 0.271875 0.95625 0.0734375 0.0734375
3 0.46484375 0.340625 0.071875 0.071875
3 0.42265625 0.196875 0.071875 0.071875
3 0.66484375 0.88828125 0.0796875 0.0796875
3 0.578125 0.16484375 0.08125 0.0609375
3 0.54609375 0.41953125 0.065625 0.065625
3 0.22890625 0.546875 0.0875 0.0875
3 0.47109375 0.971875 0.0984375 0.05625
3 0.28046875 0.33046875 0.0625 0.0609375
3 0.75390625 0.7828125 0.0703125 0.06875
3 0.4984375 0.38515625 0.059375 0.0609375
3 0.42265625 0.3140625 0.0890625 0.06875
6 0.8296875 0.62578125 0.1125 0.0796875
3 0.4375 0.80625 0.065625 0.04375
3 0.678125 0.74765625 0.0609375 0.0625
3 0.359375 0.93515625 0.071875 0.0640625
3 0.04921875 0.27265625 0.0609375 0.0609375
3 0.17890625 0.61875 0.0890625 0.05
3 0.2640625 0.55546875 0.065625 0.0578125
3 0.29765625 0.5578125 0.0859375 0.05
3 0.309375 0.64375 0.065625 0.065625
3 0.76015625 0.89296875 0.0828125 0.0578125
3 0.7609375 0.76875 0.090625 0.05
3 0.73203125 0.753125 0.071875 0.071875
3 0.81015625 0.70390625 0.0734375 0.0734375
3 0.86328125 0.72109375 0.065625 0.0671875
3 0.87265625 0.9703125 0.0703125 0.059375
3 0.740625 0.3015625 0.0765625 0.0765625
3 0.58671875 0.48359375 0.0625 0.0625
3 0.62421875 0.5015625 0.065625 0.0671875
3 0.8234375 0.1109375 0.08125 0.053125
3 0.6578125 0.41875 0.084375 0.05625
3 0.7859375 0.4515625 0.0625 0.0625
3 0.30859375 0.34375 0.0703125 0.0625
3 0.37578125 0.1765625 0.0875 0.059375
3 0.615625 0.1609375 0.090625 0.05625