3 0.11484375 0.06953125 0.0765625 0.0765625
3 0.221875 0.30390625 0.078125 0.078125
3 0.37109375 0.371875 0.0890625 0.0890625
3 0.434375 0.115625 0.08125 0.08125
3 0.4609375 0.37109375 0.0734375 0.0734375
3 0.1125 0.75 0.09375 0.0703125
3 0.31328125 0.1578125 0.075 0.075
3 0.71015625 0.50546875 0.0703125 0.0703125
3 0.89296875 0.80859375 0.084375 0.084375
3 0.5796875 0.81875 0.09375 0.06875
3 0.37734375 0.78046875 0.0859375 0.0734375
3 0.68828125 0.078125 0.0859375 0.084375
3 0.94375 0.77421875 0.090625 0.0703125
3 0.95234375 0.5484375 0.0890625 0.065625
3 0.55546875 0.296875 0.071875 0.0625
3 0.51484375 0.85625 0.0765625 0.0765625
3 0.76171875 0.7875 0.0765625 0.059375
3 0.496875 0.521875 0.078125 0.078125
3 0.12265625 0.33515625 0.0796875 0.078125
3 0.8703125 0.17421875 0.078125 0.0640625
3 0.478125 0.2984375 0.1 0.0625
3 0.25078125 0.1890625 0.0765625 0.0625
3 0.6609375 0.7078125 0.0875 0.059375
3 0.42890625 0.84296875 0.0734375 0.0734375
3 0.10234375 0.6828125 0.0734375 0.0625
3 0.74296875 0.85625 0.0828125 0.0625
3 0.14453125 0.16953125 0.0671875 0.0671875
3 0.92109375 0.646875 0.0890625 0.05625
3 0.15703125 0.48203125 0.0921875 0.06875
3 0.73828125 0.7203125 0.075 0.06875
3 0.8265625 0.55703125 0.071875 0.0578125
3 0.86171875 0.24375 0.071875 0.071875
3 0.45390625 0.71640625 0.071875 0.071875
3 0.5171875 0.2203125 0.06875 0.06875
3 0.78203125 0.33515625 0.0890625 0.0640625
3 0.1671875 0.59296875 0.0703125 0.0703125
3 0.23125 0.9421875 0.071875 0.071875
3 0.43984375 0.6515625 0.0796875 0.0625
3 0.22421875 0.75703125 0.084375 0.0609375
3 0.5234375 0.64296875 0.08125 0.08125
3 0.61796875 0.5953125 0.071875 0.0703125
3 0.36328125 0.64765625 0.065625 0.0640625
3 0.9140625 0.48984375 0.090625 0.0546875
3 0.353125 0.94765625 0.084375 0.0671875
3 0.51015625 0.09453125 0.0734375 0.0546875
3 0.55078125 0.9453125 0.0796875 0.059375
3 0.72578125 0.9171875 0.0734375 0.053125
3 0.659375 0.21953125 0.0703125 0.0703125
3 0.253125 0.415625 0.0703125 0.0703125
3 0.07890625 0.2765625 0.103125 0.0625
3 0.69453125 0.4125 0.065625 0.0625
3 0.5640625 0.7109375 0.078125 0.053125
0 0.103125 0.89140625 0.0984375 0.096875
3 0.459375 0.03671875 0.084375 0.0671875
3 0.203125 0.375 0.078125 0.053125
3 0.3703125 0.7046875 0.0703125 0.0703125
3 0.59453125 0.109375 0.075 0.075
3 0.790625 0.93984375 0.075 0.0609375
3 0.815625 0.4640625 0.0609375 0.0609375
3 0.54921875 0.76640625 0.0734375 0.05
3 0.29375 0.571875 0.0875 0.059375
3 0.59140625 0.3453125 0.065625 0.0671875
3 0.79609375 0.5140625 0.0640625 0.0640625
3 0.65546875 0.41796875 0.071875 0.0484375
3 0.3421875 0.44609375 0.0640625 0.065625
3 0.753125 0.5796875 0.071875 0.065625
3 0.6296875 0.14296875 0.0671875 0.06875
3 0.96015625 0.87578125 0.078125 0.0640625
3 0.1015625 0.515625 0.065625 0.065625
3 0.3109375 0.4921875 0.065625 0.053125
3 0.44140625 0.2546875 0.0625 0.0609375
3 0.13046875 0.42578125 0.0625 0.0609375
3 0.89375 0.446875 0.078125 0.053125
3 0.384375 0.23203125 0.090625 0.0890625
3 0.29140625 0.1109375 0.0765625 0.040625
6 0.303125 0.6484375 0.0875 0.090625
3 0.4078125 0.5453125 0.059375 0.059375
3 0.271875 0.03515625 0.078125 0.0703125
3 0.0359375 0.36171875 0.065625 0.065625
3 0.0328125 0.540625 0.05625 0.05625
3 0.21953125 0.64296875 0.0625 0.0578125
3 0.24765625 0.60078125 0.0796875 0.0640625
3 0.2296875 0.48359375 0.0609375 0.0609375
3 0.2578125 0.5125 0.0890625 0.0890625
3 0.18671875 0.42890625 0.0546875 0.0546875
3 0.9625 0.0328125 0.065625 0.065625