3 0.4015625 0.53984375 0.08125 0.0578125
3 0.6203125 0.91875 0.075 0.075
3 0.3875 0.31875 0.084375 0.084375
3 0.30078125 0.290625 0.0796875 0.078125
3 0.39296875 0.44375 0.078125 0.078125
3 0.8890625 0.71875 0.1 0.06875
3 0.74140625 0.6515625 0.078125 0.078125
3 0.83046875 0.07265625 0.075 0.0765625
3 0.3921875 0.2296875 0.075 0.075
3 0.47109375 0.80078125 0.0859375 0.0640625
3 0.34296875 0.696875 0.0875 0.0875
3 0.31015625 0.08203125 0.0796875 0.0578125
3 0.21171875 0.18046875 0.084375 0.075
3 0.134375 0.6640625 0.078125 0.078125
3 0.33046875 0.5078125 0.0921875 0.071875
3 0.34453125 0.13046875 0.06875 0.06875
3 0.65078125 0.51953125 0.0859375 0.0703125
3 0.7296875 0.725 0.08125 0.071875
3 0.27578125 0.88125 0.0921875 0.078125
3 0.51640625 0.2109375 0.0796875 0.0796875
3 0.684375 0.20859375 0.06875 0.06875
3 0.63046875 0.63125 0.0984375 0.06875
3 0.0625 0.1953125 0.078125 0.071875
3 0.30234375 0.640625 0.0734375 0.075
3 0.6390625 0.10078125 0.090625 0.0703125
3 0.50078125 0.7203125 0.08125 0.0796875
3 0.8 0.753125 0.0734375 0.0734375
3 0.24375 0.94765625 0.071875 0.0578125
6 0.5796875 0.26796875 0.1 0.1
3 0.05546875 0.63046875 0.0859375 0.0859375
3 0.2671875 0.14609375 0.0734375 0.0734375
3 0.57421875 0.43046875 0.0953125 0.0671875
0 0.14765625 0.92265625 0.096875 0.096875
3 0.4875 0.15703125 0.078125 0.0578125
3 0.6203125 0.8296875 0.084375 0.084375
3 0.2140625 0.6953125 0.090625 0.090625
3 0.19765625 0.5109375 0.0890625 0.06875
0 0.846875 0.546875 0.1 0.1
3 0.42578125 0.1265625 0.065625 0.065625
3 0.5015625 0.109375 0.078125 0.078125
3 0.33203125 0.91796875 0.06875 0.06875
3 0.87578125 0.3125 0.0796875 0.0625
3 0.15078125 0.5453125 0.078125 0.078125
3 0.715625 0.4828125 0.071875 0.071875
3 0.75078125 0.1578125 0.084375 0.065625
3 0.81015625 0.1921875 0.090625 0.090625
3 0.75625 0.2109375 0.075 0.075
3 0.19921875 0.7453125 0.0796875 0.0796875
3 0.90546875 0.2640625 0.0671875 0.06875
3 0.140625 0.2 0.0796875 0.0796875
3 0.37109375 0.96640625 0.0859375 0.053125
3 0.3953125 0.86796875 0.0671875 0.06875
3 0.60234375 0.3546875 0.078125 0.078125
3 0.73984375 0.5125 0.065625 0.065625
3 0.384375 0.84453125 0.075 0.0765625
3 0.0890625 0.55 0.0875 0.059375
0 0.53046875 0.36640625 0.0921875 0.1015625
3 0.909375 0.03515625 0.078125 0.0703125
3 0.45078125 0.965625 0.0734375 0.06875
3 0.1140625 0.14375 0.06875 0.08125