2 0.290625 0.32265625 0.0796875 0.08125
2 0.209375 0.159375 0.08125 0.08125
2 0.40859375 0.40859375 0.078125 0.078125
2 0.1234375 0.1796875 0.0828125 0.0828125
2 0.06015625 0.23984375 0.0703125 0.0703125
2 0.19609375 0.2796875 0.0765625 0.0765625
2 0.4796875 0.2625 0.075 0.075
2 0.20546875 0.4390625 0.078125 0.0875
2 0.5515625 0.49296875 0.078125 0.078125
2 0.08828125 0.09375 0.0578125 0.08125
2 0.53671875 0.4171875 0.075 0.075
2 0.51640625 0.56484375 0.0671875 0.0828125
2 0.53828125 0.2703125 0.0703125 0.08125
2 0.2546875 0.2421875 0.065625 0.09375
2 0.56484375 0.59296875 0.0578125 0.1015625
2 0.4859375 0.465625 0.0859375 0.0859375
2 0.275 0.153125 0.0625 0.11875
2 0.428125 0.809375 0.075 0.078125
2 0.88671875 0.08046875 0.084375 0.084375
2 0.45546875 0.69921875 0.0828125 0.0828125
2 0.33828125 0.18671875 0.0859375 0.0859375
2 0.2765625 0.06484375 0.06875 0.0703125
2 0.42578125 0.3328125 0.0828125 0.090625
2 0.4828125 0.3546875 0.059375 0.1125
2 0.54609375 0.34375 0.0828125 0.08125
2 0.2015625 0.52421875 0.065625 0.0921875
2 0.06015625 0.16875 0.075 0.075
2 0.26953125 0.59375 0.0703125 0.0703125
2 0.51796875 0.65703125 0.0828125 0.1
2 0.91328125 0.19921875 0.0765625 0.0765625
2 0.22421875 0.625 0.05625 0.05625
2 0.28515625 0.709375 0.06875 0.06875
2 0.0296875 0.1046875 0.059375 0.103125
2 0.41171875 0.7234375 0.084375 0.084375
2 0.9703125 0.2484375 0.05625 0.128125
2 0.15625 0.85859375 0.05 0.0953125
2 0.38671875 0.54140625 0.0625 0.0828125
2 0.3328125 0.93828125 0.084375 0.0859375
2 0.121875 0.578125 0.078125 0.084375
2 0.2328125 0.72578125 0.0890625 0.0890625
2 0.37890625 0.91015625 0.09375 0.09375
2 0.32421875 0.6203125 0.08125 0.08125
2 0.38046875 0.81328125 0.0640625 0.115625
2 0.46875 0.58125 0.065625 0.121875
2 0.32578125 0.7625 0.0640625 0.109375
2 0.446875 0.52734375 0.053125 0.1234375
2 0.31328125 0.84453125 0.0765625 0.1
2 0.27890625 0.63125 0.065625 0.065625
2 0.43203125 0.62421875 0.0671875 0.0671875
2 0.27421875 0.79140625 0.0671875 0.1046875
2 0.25859375 0.9015625 0.0984375 0.0984375
2 0.23046875 0.825 0.075 0.0734375
2 0.20234375 0.88515625 0.090625 0.090625
2 0.34921875 0.703125 0.0671875 0.1125
4 0.3515625 0.50234375 0.053125 0.053125
4 0.4109375 0.4984375 0.040625 0.059375
2 0.1421875 0.9296875 0.0859375 0.0859375
2 0.046875 0.8671875 0.09375 0.1
2 0.10546875 0.871875 0.0453125 0.11875