2 0.709375 0.67734375 0.0796875 0.08125
2 0.790625 0.840625 0.08125 0.08125
2 0.59140625 0.59140625 0.0671875 0.0890625
2 0.8765625 0.8203125 0.071875 0.09375
2 0.93984375 0.76015625 0.0640625 0.0765625
2 0.80390625 0.7203125 0.0765625 0.0765625
2 0.5203125 0.7375 0.0625 0.0875
2 0.79453125 0.5609375 0.0828125 0.0828125
2 0.4484375 0.50703125 0.078125 0.078125
2 0.91171875 0.90625 0.0578125 0.08125
2 0.46328125 0.5828125 0.0765625 0.075
2 0.48359375 0.43515625 0.075 0.075
2 0.46171875 0.7296875 0.0703125 0.08125
2 0.7453125 0.7578125 0.0796875 0.0796875
2 0.43515625 0.40703125 0.0578125 0.1015625
2 0.5140625 0.534375 0.0859375 0.0859375
2 0.725 0.846875 0.090625 0.090625
2 0.571875 0.190625 0.075 0.078125
2 0.11328125 0.91953125 0.084375 0.084375
2 0.54453125 0.30078125 0.0828125 0.0828125
2 0.66171875 0.81328125 0.0859375 0.0859375
2 0.7234375 0.93515625 0.06875 0.0703125
2 0.57421875 0.6671875 0.0828125 0.090625
2 0.5171875 0.6453125 0.059375 0.1125
2 0.45390625 0.65625 0.08125 0.08125
2 0.7984375 0.47578125 0.078125 0.0796875
2 0.93984375 0.83125 0.05625 0.09375
2 0.73046875 0.40625 0.0609375 0.08125
2 0.48203125 0.34296875 0.0921875 0.090625
2 0.08671875 0.80078125 0.0765625 0.0765625
2 0.77578125 0.375 0.0484375 0.0625
2 0.71484375 0.290625 0.065625 0.071875
2 0.96484375 0.89453125 0.0703125 0.0796875
2 0.58828125 0.2765625 0.084375 0.084375
2 0.0296875 0.7515625 0.05625 0.128125
2 0.84375 0.14140625 0.0734375 0.071875
2 0.61328125 0.45859375 0.071875 0.0734375
2 0.6671875 0.06171875 0.084375 0.0859375
2 0.878125 0.421875 0.08125 0.08125
2 0.7671875 0.27421875 0.0890625 0.0890625
2 0.62109375 0.08984375 0.09375 0.09375
2 0.67578125 0.3796875 0.08125 0.08125
2 0.61953125 0.18671875 0.090625 0.090625
2 0.53125 0.41875 0.09375 0.09375
2 0.67421875 0.2375 0.0640625 0.109375
2 0.553125 0.47265625 0.0875 0.0875
2 0.68671875 0.15546875 0.0890625 0.0875
2 0.72109375 0.36875 0.0546875 0.075
2 0.56796875 0.37578125 0.0546875 0.0796875
2 0.72578125 0.20859375 0.0859375 0.0859375
2 0.74140625 0.0984375 0.059375 0.1375
2 0.76953125 0.175 0.075 0.0734375
2 0.79765625 0.11484375 0.0609375 0.1203125
2 0.65078125 0.296875 0.0671875 0.1125
4 0.6484375 0.49765625 0.053125 0.053125
4 0.5890625 0.5015625 0.05 0.05
2 0.8578125 0.0703125 0.06875 0.103125
2 0.953125 0.1328125 0.09375 0.1
2 0.89453125 0.128125 0.08125 0.08125