3 0.5 0.86875 0.0625 0.078125
3 0.2203125 0.671875 0.0625 0.103125
3 0.0875 0.61484375 0.071875 0.1015625
3 0.4515625 0.1859375 0.071875 0.09375
3 0.67265625 0.5421875 0.075 0.075
3 0.56640625 0.2828125 0.084375 0.084375
3 0.06171875 0.509375 0.0734375 0.1
3 0.853125 0.08984375 0.0859375 0.0859375
3 0.6265625 0.9234375 0.065625 0.084375
3 0.42109375 0.70234375 0.075 0.075
3 0.2703125 0.64140625 0.06875 0.1046875
3 0.83359375 0.253125 0.0625 0.096875
3 0.2796875 0.8765625 0.065625 0.096875
3 0.5359375 0.65859375 0.075 0.0765625
0 0.2359375 0.3265625 0.0921875 0.090625
3 0.24375 0.14140625 0.084375 0.084375
3 0.3390625 0.31796875 0.0859375 0.084375
3 0.47109375 0.69296875 0.075 0.075
3 0.86171875 0.5921875 0.0734375 0.075
3 0.809375 0.8828125 0.0875 0.084375
3 0.4640625 0.7859375 0.0859375 0.0859375
3 0.14296875 0.94296875 0.065625 0.0921875
3 0.2109375 0.1765625 0.075 0.075
3 0.8203125 0.9453125 0.0703125 0.096875
3 0.57421875 0.78515625 0.08125 0.08125
3 0.6375 0.7828125 0.0625 0.084375
3 0.3953125 0.27421875 0.0734375 0.1109375
3 0.24453125 0.93046875 0.0921875 0.0921875
3 0.25390625 0.47421875 0.0671875 0.06875
3 0.075 0.34765625 0.0625 0.0921875
3 0.7140625 0.2859375 0.0625 0.10625
3 0.0734375 0.08828125 0.075 0.0796875
3 0.61328125 0.85546875 0.0796875 0.0796875
3 0.88046875 0.48671875 0.0875 0.0859375
3 0.96015625 0.4984375 0.06875 0.090625
3 0.809375 0.75546875 0.08125 0.090625
3 0.721875 0.52890625 0.05625 0.0859375
3 0.82421875 0.490625 0.0828125 0.0828125
3 0.415625 0.08359375 0.071875 0.0921875
0 0.78125 0.634375 0.0984375 0.0984375
3 0.384375 0.8203125 0.0796875 0.0796875
3 0.7828125 0.5390625 0.096875 0.096875
3 0.203125 0.23828125 0.125 0.0796875
3 0.9640625 0.41640625 0.06875 0.06875
3 0.0328125 0.9609375 0.0625 0.0625
3 0.75546875 0.04296875 0.0703125 0.0859375
3 0.5140625 0.046875 0.08125 0.08125