3 0.13125 0.5 0.078125 0.0625
3 0.328125 0.2203125 0.0828125 0.0828125
3 0.38515625 0.0875 0.1015625 0.071875
3 0.8140625 0.4515625 0.09375 0.071875
3 0.4578125 0.67265625 0.075 0.075
3 0.7171875 0.56640625 0.084375 0.084375
3 0.490625 0.06171875 0.1 0.0734375
3 0.91015625 0.853125 0.1 0.071875
3 0.0765625 0.6265625 0.075 0.075
3 0.29765625 0.42109375 0.075 0.075
3 0.35859375 0.2703125 0.0859375 0.0875
3 0.746875 0.83359375 0.0796875 0.0796875
3 0.1234375 0.2796875 0.08125 0.08125
3 0.34140625 0.5359375 0.0765625 0.075
0 0.6734375 0.2359375 0.103125 0.08125
3 0.85859375 0.24375 0.0984375 0.071875
3 0.68203125 0.3390625 0.084375 0.0859375
3 0.30703125 0.47109375 0.075 0.075
3 0.4078125 0.86171875 0.075 0.0734375
3 0.1171875 0.809375 0.084375 0.0890625
3 0.2140625 0.4640625 0.084375 0.0859375
3 0.05703125 0.14296875 0.0921875 0.065625
3 0.8234375 0.2109375 0.075 0.075
3 0.0546875 0.8203125 0.096875 0.071875
3 0.21484375 0.57421875 0.090625 0.0703125
3 0.2171875 0.6375 0.084375 0.0625
3 0.72578125 0.3953125 0.090625 0.0921875
3 0.06953125 0.24453125 0.0921875 0.0921875
3 0.52578125 0.25390625 0.06875 0.0671875
3 0.65234375 0.075 0.0921875 0.0625
3 0.7140625 0.7140625 0.10625 0.0625
3 0.91171875 0.0734375 0.0765625 0.078125
3 0.14453125 0.61328125 0.0765625 0.0828125
3 0.51328125 0.88046875 0.0953125 0.078125
3 0.5015625 0.96015625 0.0796875 0.0796875
3 0.24453125 0.809375 0.090625 0.08125
3 0.47109375 0.721875 0.071875 0.0703125
3 0.509375 0.82421875 0.08125 0.0828125
3 0.91640625 0.415625 0.08125 0.0828125
0 0.365625 0.78125 0.090625 0.10625
3 0.1796875 0.384375 0.0796875 0.0796875
3 0.4609375 0.7828125 0.109375 0.084375
3 0.76171875 0.203125 0.1015625 0.1015625
3 0.58359375 0.9640625 0.0734375 0.065625
3 0.0390625 0.0328125 0.071875 0.053125
3 0.95703125 0.75546875 0.0859375 0.0703125
3 0.953125 0.5140625 0.09375 0.06875