3 0.26171875 0.3140625 0.1046875 0.075
3 0.8890625 0.4765625 0.09375 0.071875
3 0.8796875 0.55546875 0.0875 0.0671875
3 0.509375 0.5453125 0.08125 0.08125
3 0.29375 0.47265625 0.0828125 0.0828125
3 0.11484375 0.4265625 0.0796875 0.059375
3 0.8046875 0.0796875 0.084375 0.084375
3 0.47421875 0.28359375 0.084375 0.084375
3 0.12890625 0.13046875 0.0734375 0.0796875
3 0.14296875 0.5296875 0.09375 0.09375
3 0.82265625 0.878125 0.08125 0.08125
3 0.29375 0.59375 0.09375 0.075
3 0.36875 0.29453125 0.0796875 0.0796875
3 0.1875 0.37578125 0.0875 0.0609375
3 0.4078125 0.759375 0.090625 0.06875
3 0.790625 0.44375 0.090625 0.090625
3 0.12421875 0.26171875 0.0984375 0.0765625
3 0.2953125 0.10859375 0.096875 0.0734375
3 0.09765625 0.71015625 0.1046875 0.0734375
3 0.66953125 0.6875 0.0890625 0.06875
3 0.421875 0.209375 0.0859375 0.0859375
3 0.75234375 0.64765625 0.0796875 0.08125
3 0.271875 0.22890625 0.09375 0.0671875
3 0.496875 0.859375 0.090625 0.06875
3 0.253125 0.8875 0.090625 0.0703125
3 0.69765625 0.77578125 0.1140625 0.084375
3 0.0671875 0.865625 0.0828125 0.0828125
3 0.42109375 0.89375 0.0703125 0.0703125
3 0.6734375 0.1953125 0.109375 0.084375
3 0.2 0.81875 0.084375 0.075
3 0.415625 0.440625 0.078125 0.059375
3 0.93203125 0.3734375 0.096875 0.096875
3 0.3828125 0.540625 0.10625 0.10625
3 0.8421875 0.221875 0.078125 0.071875
3 0.19609375 0.6015625 0.0765625 0.0625
3 0.2171875 0.165625 0.0703125 0.071875
3 0.2078125 0.94296875 0.1 0.065625
3 0.290625 0.8078125 0.09375 0.078125
3 0.84453125 0.65234375 0.0828125 0.0828125
3 0.159375 0.8828125 0.08125 0.08125
3 0.73984375 0.49296875 0.0890625 0.0890625
3 0.2125 0.2484375 0.0625 0.0609375
3 0.56640625 0.63984375 0.0921875 0.0921875
3 0.51796875 0.653125 0.0984375 0.06875
3 0.584375 0.06015625 0.065625 0.065625
3 0.9390625 0.2671875 0.065625 0.065625
3 0.4734375 0.065625 0.084375 0.1
3 0.103125 0.8015625 0.0734375 0.0734375
3 0.89453125 0.275 0.071875 0.0734375
1 0.58515625 0.40390625 0.109375 0.0984375