3 0.47578125 0.4734375 0.0921875 0.071875
3 0.29921875 0.65 0.06875 0.06875
3 0.30546875 0.15625 0.08125 0.0796875
3 0.07734375 0.22109375 0.0890625 0.071875
3 0.603125 0.9265625 0.084375 0.065625
3 0.2078125 0.3640625 0.078125 0.078125
3 0.55625 0.61640625 0.096875 0.075
3 0.0859375 0.63984375 0.103125 0.0765625
3 0.64140625 0.490625 0.06875 0.0703125
3 0.1765625 0.159375 0.1125 0.075
3 0.92421875 0.92734375 0.0703125 0.0703125
3 0.63671875 0.30234375 0.078125 0.078125
3 0.134375 0.7453125 0.0765625 0.0765625
3 0.5578125 0.325 0.090625 0.078125
3 0.91796875 0.140625 0.08125 0.08125
3 0.64921875 0.553125 0.1015625 0.08125
3 0.21171875 0.60703125 0.0703125 0.0703125
3 0.82265625 0.75546875 0.1015625 0.0734375
3 0.640625 0.2078125 0.109375 0.084375
3 0.434375 0.3234375 0.0921875 0.0921875
3 0.7859375 0.678125 0.0875 0.0875
3 0.40078125 0.22265625 0.0984375 0.0796875
3 0.5671875 0.25234375 0.103125 0.075
3 0.28828125 0.45390625 0.0890625 0.0640625
3 0.9421875 0.6765625 0.090625 0.065625
3 0.10859375 0.9625 0.0984375 0.075
3 0.471875 0.878125 0.103125 0.084375
3 0.73125 0.290625 0.096875 0.071875
3 0.2875 0.740625 0.075 0.075
3 0.55390625 0.45390625 0.071875 0.071875
3 0.69453125 0.60625 0.075 0.0734375
3 0.5890625 0.39453125 0.090625 0.0703125
3 0.1921875 0.6890625 0.075 0.075
3 0.4546875 0.7328125 0.075 0.071875
3 0.36875 0.71640625 0.0765625 0.075
3 0.63046875 0.1453125 0.06875 0.06875
3 0.4734375 0.671875 0.0765625 0.0765625
3 0.67734375 0.6703125 0.1109375 0.08125
3 0.65859375 0.096875 0.071875 0.071875
3 0.41640625 0.5328125 0.08125 0.0796875
3 0.296875 0.94609375 0.0890625 0.0890625
3 0.2546875 0.2375 0.096875 0.078125
3 0.87265625 0.5421875 0.075 0.075
3 0.56328125 0.6828125 0.1109375 0.075
3 0.79921875 0.15234375 0.078125 0.078125
3 0.15390625 0.7828125 0.0921875 0.065625
3 0.66640625 0.43046875 0.0828125 0.0828125
3 0.7359375 0.17734375 0.0921875 0.090625
3 0.5109375 0.81484375 0.096875 0.075
3 0.73046875 0.06953125 0.078125 0.078125
3 0.2375 0.8890625 0.0890625 0.0890625
3 0.84140625 0.5921875 0.065625 0.0640625
3 0.853125 0.103125 0.084375 0.084375
3 0.84609375 0.06640625 0.084375 0.084375
3 0.28203125 0.315625 0.096875 0.08125
3 0.890625 0.6859375 0.0671875 0.0671875
3 0.89609375 0.8171875 0.0921875 0.078125
3 0.1328125 0.709375 0.103125 0.065625
3 0.7609375 0.56328125 0.0875 0.0703125
3 0.125 0.40078125 0.096875 0.0734375
3 0.7953125 0.3609375 0.0765625 0.0765625
3 0.83515625 0.41015625 0.1015625 0.0796875
3 0.72109375 0.48671875 0.0921875 0.0734375
3 0.36875 0.765625 0.065625 0.065625
3 0.9390625 0.81171875 0.096875 0.0796875
3 0.33515625 0.26328125 0.0796875 0.0546875
3 0.8578125 0.22578125 0.08125 0.08125
3 0.13125 0.053125 0.09375 0.075
3 0.240625 0.81484375 0.06875 0.06875
3 0.9125 0.3734375 0.084375 0.0828125
3 0.2625 0.4671875 0.090625 0.071875
3 0.5953125 0.7640625 0.0875 0.0875
3 0.2125 0.7609375 0.0875 0.065625
3 0.046875 0.4734375 0.075 0.053125
3 0.2078125 0.0390625 0.06875 0.06875
3 0.47734375 0.084375 0.0578125 0.0578125
6 0.7140625 0.7328125 0.146875 0.078125
3 0.83359375 0.29296875 0.096875 0.096875
3 0.6890625 0.34921875 0.065625 0.0578125
3 0.365625 0.86875 0.09375 0.09375
3 0.2890625 0.02734375 0.084375 0.0546875
3 0.41953125 0.9609375 0.0859375 0.05625
3 0.92265625 0.37421875 0.0796875 0.0609375
5 0.13203125 0.45 0.1796875 0.08125
6 0.90390625 0.25390625 0.1078125 0.1328125
3 0.65234375 0.03515625 0.0953125 0.0703125
3 0.28671875 0.85 0.0640625 0.065625
3 0.7390625 0.4578125 0.078125 0.0625
3 0.76953125 0.5375 0.1015625 0.078125
3 0.8203125 0.4828125 0.090625 0.090625
3 0.86796875 0.48203125 0.0953125 0.071875
3 0.084375 0.39609375 0.084375 0.084375
3 0.88203125 0.4296875 0.1046875 0.075