3 0.80390625 0.21015625 0.090625 0.0859375
3 0.9515625 0.41015625 0.084375 0.0828125
3 0.9046875 0.05 0.084375 0.0875
3 0.3453125 0.521875 0.090625 0.090625
3 0.0609375 0.196875 0.096875 0.096875
3 0.82421875 0.5328125 0.0890625 0.090625
3 0.8875 0.18203125 0.09375 0.0734375
3 0.8453125 0.94375 0.084375 0.084375
3 0.7140625 0.340625 0.0921875 0.0921875
3 0.2921875 0.1984375 0.0859375 0.0859375
3 0.1 0.66328125 0.0875 0.0890625
3 0.884375 0.753125 0.084375 0.0859375
3 0.9453125 0.48671875 0.0828125 0.084375
3 0.6578125 0.196875 0.0890625 0.0890625
3 0.94609375 0.828125 0.1078125 0.075
3 0.67109375 0.9171875 0.0859375 0.071875
3 0.73359375 0.45390625 0.08125 0.08125
3 0.04921875 0.52421875 0.0875 0.06875
3 0.07578125 0.7125 0.0875 0.0875
3 0.83203125 0.346875 0.1 0.08125
3 0.41015625 0.46015625 0.0859375 0.0734375
3 0.3796875 0.07890625 0.09375 0.071875
3 0.04765625 0.43984375 0.0953125 0.0703125
3 0.80703125 0.4375 0.0859375 0.0859375
3 0.10390625 0.6140625 0.1015625 0.078125
3 0.4703125 0.115625 0.096875 0.08125
3 0.56171875 0.5625 0.084375 0.084375
3 0.33359375 0.3671875 0.1140625 0.071875
3 0.64453125 0.08359375 0.0890625 0.0953125
3 0.3109375 0.603125 0.090625 0.090625
3 0.578125 0.13515625 0.0890625 0.0875
3 0.25390625 0.521875 0.0875 0.0875
3 0.14453125 0.77578125 0.0875 0.0875
3 0.32734375 0.69765625 0.128125 0.0734375
3 0.56015625 0.928125 0.103125 0.075
3 0.08203125 0.246875 0.1078125 0.0875
3 0.6328125 0.3015625 0.1 0.065625
3 0.41015625 0.2609375 0.1 0.1
3 0.76875 0.27890625 0.090625 0.0890625
3 0.3484375 0.0453125 0.090625 0.090625
3 0.2078125 0.83984375 0.109375 0.0703125
3 0.1921875 0.275 0.0921875 0.0921875
3 0.53671875 0.325 0.0796875 0.08125
3 0.59296875 0.3859375 0.0734375 0.071875
3 0.65078125 0.5984375 0.0984375 0.084375
3 0.7265625 0.6171875 0.09375 0.08125
3 0.059375 0.81484375 0.08125 0.08125
3 0.4109375 0.83515625 0.103125 0.103125
3 0.33125 0.303125 0.0890625 0.0890625
3 0.1171875 0.84140625 0.096875 0.0734375
3 0.15546875 0.94140625 0.078125 0.078125
0 0.1671875 0.89765625 0.1015625 0.1015625
0 0.59453125 0.4390625 0.09375 0.09375
3 0.55859375 0.49453125 0.1171875 0.0484375
3 0.66328125 0.4859375 0.128125 0.046875
0 0.26328125 0.10234375 0.1328125 0.0671875
5 0.8453125 0.615625 0.140625 0.06875
3 0.30859375 0.14453125 0.1109375 0.0484375
3 0.22421875 0.0671875 0.1390625 0.046875
3 0.64921875 0.54375 0.0734375 0.075
3 0.7984375 0.671875 0.090625 0.090625