3 0.0703125 0.57890625 0.071875 0.1015625
3 0.7078125 0.115625 0.075 0.10625
3 0.209375 0.84921875 0.0921875 0.0921875
3 0.34375 0.934375 0.0765625 0.0765625
3 0.26953125 0.87578125 0.0796875 0.0796875
3 0.16796875 0.4515625 0.08125 0.0796875
3 0.93515625 0.57265625 0.071875 0.096875
3 0.2828125 0.61953125 0.0875 0.0875
3 0.51171875 0.86484375 0.0828125 0.0828125
3 0.77109375 0.85546875 0.065625 0.0828125
3 0.54765625 0.71953125 0.0703125 0.1046875
3 0.5875 0.15234375 0.084375 0.084375
3 0.86171875 0.13046875 0.090625 0.090625
3 0.7265625 0.4796875 0.08125 0.0828125
3 0.5265625 0.496875 0.0953125 0.0953125
3 0.5828125 0.90546875 0.08125 0.0796875
3 0.04921875 0.8796875 0.0734375 0.090625
3 0.384375 0.7703125 0.078125 0.103125
3 0.3453125 0.84609375 0.0734375 0.075
3 0.2890625 0.68515625 0.08125 0.1015625
3 0.45390625 0.284375 0.090625 0.090625
3 0.5015625 0.77890625 0.078125 0.084375
3 0.46171875 0.653125 0.09375 0.09375
3 0.5890625 0.0640625 0.090625 0.09375
3 0.78046875 0.93359375 0.0734375 0.0734375
3 0.28203125 0.26015625 0.0859375 0.0859375
0 0.42578125 0.47578125 0.0734375 0.1140625
3 0.33671875 0.509375 0.0890625 0.0890625
3 0.41640625 0.8171875 0.084375 0.084375
3 0.29375 0.4109375 0.06875 0.1
3 0.3046875 0.4640625 0.09375 0.109375
3 0.96484375 0.04921875 0.0703125 0.0765625