3 0.42109375 0.0703125 0.1015625 0.071875
3 0.884375 0.7078125 0.090625 0.090625
3 0.15078125 0.209375 0.109375 0.075
3 0.065625 0.34375 0.0765625 0.0765625
3 0.12421875 0.26953125 0.0796875 0.0796875
3 0.5484375 0.16796875 0.09375 0.0671875
3 0.42734375 0.93515625 0.096875 0.071875
3 0.38046875 0.2828125 0.0875 0.0875
3 0.13515625 0.51171875 0.0828125 0.0828125
3 0.14453125 0.77109375 0.0734375 0.075
3 0.28046875 0.54765625 0.1046875 0.0703125
3 0.84765625 0.5875 0.084375 0.084375
3 0.86953125 0.86171875 0.090625 0.090625
3 0.5203125 0.7265625 0.0828125 0.08125
3 0.503125 0.5265625 0.0953125 0.0953125
3 0.09453125 0.5828125 0.0921875 0.06875
3 0.1203125 0.04921875 0.08125 0.08125
3 0.2296875 0.384375 0.090625 0.090625
3 0.15390625 0.3453125 0.0828125 0.065625
3 0.31484375 0.2890625 0.1015625 0.08125
3 0.715625 0.45390625 0.11875 0.0609375
3 0.22109375 0.5015625 0.08125 0.08125
3 0.346875 0.46171875 0.09375 0.09375
3 0.9359375 0.5890625 0.09375 0.090625
3 0.06640625 0.78046875 0.0765625 0.0703125
3 0.73984375 0.28203125 0.0859375 0.0859375
0 0.52421875 0.42578125 0.09375 0.09375
3 0.490625 0.33671875 0.0890625 0.0890625
3 0.1828125 0.41640625 0.084375 0.084375
3 0.5890625 0.29375 0.1 0.06875
3 0.5359375 0.3046875 0.109375 0.09375
3 0.95 0.9671875 0.0875 0.065625