3 0.26796875 0.80390625 0.071875 0.071875
3 0.2 0.49375 0.0703125 0.0703125
3 0.3421875 0.4234375 0.090625 0.06875
3 0.40078125 0.16171875 0.0734375 0.0734375
3 0.91015625 0.70234375 0.0828125 0.0640625
3 0.871875 0.5953125 0.0828125 0.0828125
3 0.31171875 0.953125 0.0828125 0.06875
3 0.25390625 0.3515625 0.071875 0.071875
3 0.33984375 0.7609375 0.075 0.075
3 0.828125 0.28828125 0.0875 0.0640625
3 0.34375 0.6859375 0.0875 0.0625
3 0.41328125 0.91796875 0.0921875 0.0609375
3 0.19609375 0.1375 0.0859375 0.06875
3 0.6015625 0.5453125 0.078125 0.065625
3 0.678125 0.11171875 0.078125 0.0671875
3 0.309375 0.08984375 0.0734375 0.071875
3 0.52578125 0.7546875 0.0765625 0.0765625
3 0.95234375 0.8890625 0.075 0.075
3 0.4359375 0.44375 0.090625 0.06875
3 0.759375 0.87890625 0.075 0.075
3 0.9046875 0.18125 0.08125 0.08125
3 0.2109375 0.7453125 0.071875 0.071875
3 0.8046875 0.20390625 0.078125 0.0828125
3 0.88359375 0.9484375 0.0703125 0.071875
3 0.26328125 0.25703125 0.0796875 0.0734375
3 0.40859375 0.36953125 0.078125 0.078125
3 0.446875 0.1046875 0.075 0.065625
3 0.2328125 0.85625 0.0734375 0.0734375
3 0.4421875 0.5953125 0.06875 0.06875
3 0.26640625 0.675 0.06875 0.06875
3 0.06875 0.4671875 0.08125 0.059375
3 0.6859375 0.52421875 0.08125 0.0671875
3 0.253125 0.4484375 0.06875 0.059375
3 0.521875 0.121875 0.0703125 0.0703125
3 0.678125 0.278125 0.078125 0.078125
3 0.078125 0.19921875 0.0765625 0.078125
3 0.49296875 0.1859375 0.071875 0.071875
3 0.684375 0.9015625 0.078125 0.071875
3 0.0515625 0.5390625 0.075 0.075
3 0.91875 0.04140625 0.096875 0.0609375
3 0.6109375 0.8609375 0.090625 0.059375
3 0.8328125 0.865625 0.071875 0.065625
3 0.5765625 0.2796875 0.0796875 0.0796875
3 0.4015625 0.7953125 0.06875 0.06875
3 0.3390625 0.253125 0.078125 0.078125
3 0.178125 0.28125 0.075 0.075
3 0.0609375 0.61953125 0.0765625 0.0765625
3 0.6171875 0.759375 0.084375 0.065625
3 0.70078125 0.3234375 0.0859375 0.06875
3 0.07109375 0.30625 0.06875 0.06875
3 0.4859375 0.27578125 0.06875 0.0671875
3 0.47578125 0.484375 0.0703125 0.071875
3 0.47265625 0.34921875 0.0953125 0.075
3 0.59140625 0.9234375 0.071875 0.071875
3 0.57265625 0.6796875 0.06875 0.06875
3 0.67265625 0.7171875 0.0953125 0.059375
3 0.45234375 0.76328125 0.0796875 0.0671875
3 0.88828125 0.84296875 0.0765625 0.0671875
3 0.4859375 0.53359375 0.096875 0.0671875
3 0.58984375 0.44921875 0.0953125 0.0734375
3 0.14296875 0.31015625 0.0828125 0.0796875
3 0.43515625 0.8515625 0.1078125 0.053125
3 0.13671875 0.90625 0.0984375 0.05625
3 0.309375 0.13046875 0.0875 0.0640625
3 0.6171875 0.659375 0.065625 0.065625
3 0.55078125 0.325 0.078125 0.0796875
3 0.42109375 0.27265625 0.0890625 0.053125
3 0.42109375 0.20078125 0.075 0.075
3 0.70546875 0.6859375 0.0703125 0.071875
3 0.05390625 0.659375 0.0765625 0.078125
3 0.42421875 0.7 0.0984375 0.075
3 0.0390625 0.3640625 0.0671875 0.0671875
3 0.34140625 0.5453125 0.0890625 0.059375
3 0.95703125 0.5828125 0.0765625 0.0765625
6 0.28359375 0.4921875 0.0859375 0.05
3 0.1421875 0.87421875 0.071875 0.06875
3 0.10703125 0.22109375 0.0640625 0.0625
3 0.2421875 0.03046875 0.075 0.0609375
3 0.81015625 0.03515625 0.0703125 0.0703125
3 0.53515625 0.4390625 0.0609375 0.071875
3 0.2921875 0.5421875 0.0671875 0.0671875
3 0.56953125 0.965625 0.065625 0.0640625