3 0.88203125 0.73515625 0.078125 0.078125
3 0.20546875 0.3703125 0.084375 0.084375
3 0.41640625 0.49140625 0.084375 0.084375
3 0.61484375 0.2203125 0.0859375 0.065625
3 0.09921875 0.80234375 0.0828125 0.0828125
3 0.4171875 0.9171875 0.109375 0.071875
3 0.69921875 0.53984375 0.075 0.0734375
3 0.19765625 0.20234375 0.0921875 0.0734375
3 0.8109375 0.3875 0.078125 0.078125
3 0.41484375 0.2328125 0.065625 0.065625
3 0.92109375 0.83515625 0.0921875 0.0734375
3 0.78359375 0.5546875 0.0859375 0.065625
3 0.475 0.34765625 0.084375 0.0640625
3 0.11015625 0.4390625 0.075 0.0765625
3 0.53984375 0.4015625 0.08125 0.08125
3 0.709375 0.0875 0.071875 0.0625
3 0.66484375 0.43515625 0.084375 0.084375
3 0.31328125 0.54140625 0.096875 0.0671875
1 0.30390625 0.784375 0.0875 0.0875
3 0.39453125 0.325 0.0859375 0.06875
3 0.66953125 0.74453125 0.0828125 0.0578125
3 0.934375 0.89375 0.084375 0.0453125
3 0.9109375 0.5828125 0.078125 0.0765625
3 0.7109375 0.7921875 0.071875 0.059375
3 0.62109375 0.56484375 0.0640625 0.0625
3 0.55703125 0.8765625 0.06875 0.0703125
3 0.6265625 0.9015625 0.078125 0.065625
3 0.5375 0.134375 0.065625 0.065625
0 0.28671875 0.6078125 0.0890625 0.08125
3 0.3234375 0.30859375 0.06875 0.0703125
3 0.33125 0.08515625 0.1 0.0640625
3 0.4203125 0.6609375 0.0765625 0.0765625
3 0.50390625 0.81953125 0.065625 0.065625
3 0.80078125 0.09609375 0.06875 0.06875
3 0.81015625 0.17265625 0.1078125 0.0609375
3 0.19453125 0.7375 0.065625 0.0671875
3 0.42109375 0.80703125 0.065625 0.065625
3 0.271875 0.9328125 0.078125 0.059375
3 0.61328125 0.62265625 0.0734375 0.0546875
3 0.26953125 0.25390625 0.08125 0.08125
3 0.74453125 0.2609375 0.065625 0.065625
3 0.47421875 0.47734375 0.0796875 0.0703125
3 0.63984375 0.69609375 0.075 0.075
3 0.71875 0.85703125 0.0640625 0.065625
3 0.57734375 0.1078125 0.0765625 0.075
3 0.93203125 0.65390625 0.06875 0.06875
3 0.4890625 0.66484375 0.06875 0.06875
3 0.0578125 0.27421875 0.084375 0.0734375
3 0.884375 0.36171875 0.078125 0.0578125
3 0.61953125 0.3015625 0.0703125 0.0703125
3 0.84296875 0.22578125 0.0609375 0.0609375
3 0.23359375 0.05 0.0765625 0.075
3 0.15546875 0.13984375 0.090625 0.0515625
3 0.09609375 0.58671875 0.084375 0.0578125
3 0.45546875 0.71484375 0.0796875 0.0546875
3 0.25234375 0.1359375 0.0703125 0.059375
3 0.3671875 0.60625 0.071875 0.071875
3 0.065625 0.596875 0.084375 0.0625
3 0.75546875 0.46875 0.0765625 0.0765625
3 0.28671875 0.16640625 0.075 0.075
3 0.33984375 0.6609375 0.06875 0.06875
3 0.37734375 0.75234375 0.0625 0.0625
3 0.13671875 0.90546875 0.115625 0.0578125
3 0.39609375 0.0359375 0.1046875 0.071875
3 0.21015625 0.90703125 0.0765625 0.0765625
3 0.609375 0.37578125 0.065625 0.0453125
3 0.09453125 0.2046875 0.078125 0.078125
3 0.47109375 0.53828125 0.06875 0.06875
3 0.1390625 0.275 0.0609375 0.0609375
3 0.3375 0.8578125 0.0609375 0.0609375
3 0.86640625 0.53671875 0.0609375 0.0609375
3 0.66796875 0.34296875 0.0796875 0.0671875
3 0.36640625 0.4328125 0.0765625 0.0625
3 0.35625 0.83125 0.08125 0.05625
3 0.5140625 0.925 0.090625 0.0625
3 0.1125 0.1625 0.0875 0.06875
3 0.07890625 0.93203125 0.0609375 0.0609375
3 0.89921875 0.19609375 0.0640625 0.0578125
3 0.91171875 0.12890625 0.075 0.059375
3 0.90390625 0.31796875 0.0859375 0.0578125
3 0.19921875 0.04765625 0.0921875 0.046875
6 0.53203125 0.2515625 0.10625 0.10625
3 0.784375 0.2859375 0.071875 0.071875
3 0.9609375 0.74609375 0.0703125 0.06875
3 0.96640625 0.5109375 0.0640625 0.059375
3 0.95859375 0.05625 0.0609375 0.0609375
3 0.86484375 0.03828125 0.0703125 0.0578125
3 0.90859375 0.27265625 0.0640625 0.0640625
3 0.96328125 0.2234375 0.06875 0.06875
3 0.86328125 0.26328125 0.0765625 0.0515625
3 0.8046875 0.43125 0.090625 0.096875
3 0.646875 0.078125 0.0625 0.053125
3 0.58359375 0.0546875 0.071875 0.0734375
3 0.28125 0.21875 0.0640625 0.0640625
3 0.2921875 0.31484375 0.071875 0.05
3 0.25546875 0.359375 0.090625 0.05625
3 0.3109375 0.484375 0.05625 0.05625
3 0.234375 0.6203125 0.065625 0.05625
3 0.07734375 0.50625 0.078125 0.0765625
3 0.09609375 0.39453125 0.0640625 0.05
3 0.134375 0.96875 0.1 0.053125
3 0.52578125 0.3453125 0.078125 0.078125
3 0.53046875 0.29140625 0.0921875 0.0578125
3 0.17578125 0.096875 0.0640625 0.05
3 0.0390625 0.0484375 0.0625 0.0625