3 0.928125 0.5390625 0.0859375 0.0859375
3 0.47421875 0.29296875 0.0671875 0.0671875
3 0.13203125 0.165625 0.078125 0.10625
3 0.2890625 0.44375 0.08125 0.08125
3 0.5390625 0.79296875 0.0828125 0.0828125
3 0.13203125 0.28203125 0.090625 0.090625
3 0.94140625 0.76796875 0.071875 0.1015625
3 0.6421875 0.43671875 0.078125 0.1
3 0.8421875 0.30859375 0.08125 0.08125
3 0.57578125 0.89765625 0.0703125 0.0859375
3 0.78359375 0.67265625 0.0734375 0.1046875
3 0.7484375 0.42890625 0.084375 0.084375
3 0.815625 0.1578125 0.0859375 0.084375
3 0.07109375 0.2296875 0.0890625 0.090625
3 0.65859375 0.89453125 0.0828125 0.0796875
3 0.09921875 0.66953125 0.0765625 0.090625
3 0.68046875 0.37265625 0.0765625 0.075
3 0.26953125 0.2296875 0.0671875 0.103125
3 0.5625 0.428125 0.090625 0.090625
3 0.453125 0.07421875 0.090625 0.0890625
3 0.225 0.43203125 0.08125 0.084375
3 0.8078125 0.853125 0.0890625 0.0890625
3 0.4578125 0.70703125 0.078125 0.0984375
3 0.6671875 0.7171875 0.090625 0.090625
3 0.46171875 0.20859375 0.0734375 0.0921875
3 0.4265625 0.14140625 0.090625 0.090625
3 0.62734375 0.6015625 0.071875 0.096875
3 0.6390625 0.09609375 0.078125 0.0890625
3 0.66953125 0.1625 0.0890625 0.0890625
3 0.5140625 0.36484375 0.078125 0.084375
3 0.66953125 0.51328125 0.0890625 0.0890625
3 0.2171875 0.87734375 0.06875 0.0890625
3 0.1765625 0.04765625 0.084375 0.0828125
3 0.18359375 0.2234375 0.09375 0.0953125
3 0.459375 0.4703125 0.084375 0.096875
3 0.23515625 0.1390625 0.0796875 0.103125
3 0.20625 0.64609375 0.1 0.0609375
3 0.8484375 0.59375 0.0953125 0.0953125
3 0.565625 0.059375 0.08125 0.084375
3 0.77890625 0.53046875 0.0796875 0.1125
3 0.2265625 0.54296875 0.0859375 0.0859375
3 0.8421875 0.2234375 0.0859375 0.0859375
3 0.70546875 0.60390625 0.0796875 0.0703125
3 0.70234375 0.66640625 0.08125 0.08125