3 0.14921875 0.5578125 0.0859375 0.065625
3 0.28125 0.19765625 0.075 0.075
3 0.52578125 0.2296875 0.0828125 0.084375
3 0.3609375 0.746875 0.0796875 0.0796875
3 0.59296875 0.2734375 0.078125 0.078125
3 0.3375 0.4265625 0.090625 0.065625
3 0.3828125 0.20625 0.096875 0.0625
3 0.0671875 0.33828125 0.084375 0.0578125
3 0.7546875 0.74375 0.096875 0.0625
3 0.83203125 0.68984375 0.1015625 0.0703125
3 0.83671875 0.290625 0.0703125 0.071875
3 0.29140625 0.0515625 0.06875 0.0703125
3 0.28671875 0.69765625 0.0953125 0.06875
3 0.128125 0.72890625 0.1 0.0640625
3 0.853125 0.77109375 0.078125 0.0765625
3 0.76640625 0.6171875 0.0828125 0.0828125
3 0.11328125 0.2578125 0.075 0.075
3 0.690625 0.53359375 0.096875 0.0734375
3 0.2171875 0.60703125 0.075 0.075
3 0.06484375 0.6078125 0.08125 0.0796875
3 0.7640625 0.90625 0.090625 0.0625
3 0.140625 0.65078125 0.06875 0.06875
3 0.340625 0.30390625 0.084375 0.06875
3 0.08984375 0.79921875 0.0859375 0.05625
3 0.7625 0.27578125 0.075 0.075
3 0.87109375 0.3578125 0.0703125 0.06875
3 0.27890625 0.38125 0.0703125 0.071875
3 0.296875 0.81015625 0.08125 0.08125
3 0.0828125 0.871875 0.084375 0.065625
3 0.26796875 0.25859375 0.0796875 0.0625
3 0.12421875 0.45234375 0.075 0.0734375
3 0.428125 0.26328125 0.0765625 0.078125
3 0.67890625 0.30546875 0.0828125 0.0640625
3 0.14921875 0.38046875 0.0921875 0.0703125
3 0.30078125 0.4921875 0.0984375 0.065625
3 0.5359375 0.55859375 0.09375 0.0640625
3 0.796875 0.846875 0.090625 0.059375
3 0.5109375 0.31875 0.090625 0.071875
3 0.92578125 0.0828125 0.075 0.075
3 0.940625 0.51171875 0.078125 0.0609375
3 0.73046875 0.80625 0.075 0.075
3 0.34140625 0.55703125 0.0765625 0.075
3 0.6015625 0.62890625 0.084375 0.0671875
3 0.184375 0.146875 0.0875 0.05625
3 0.77734375 0.37421875 0.0921875 0.0625
3 0.7171875 0.1 0.0734375 0.0734375
3 0.86015625 0.8984375 0.075 0.0765625
3 0.121875 0.11484375 0.0875 0.0625
3 0.19453125 0.22421875 0.0828125 0.0671875
3 0.43359375 0.471875 0.0859375 0.0625
3 0.0578125 0.68203125 0.0734375 0.0734375
3 0.478125 0.7296875 0.090625 0.06875
3 0.43828125 0.4015625 0.0890625 0.059375
3 0.3609375 0.646875 0.0765625 0.0765625
3 0.76875 0.0390625 0.08125 0.078125
3 0.56171875 0.709375 0.1015625 0.06875
3 0.38046875 0.834375 0.075 0.075
3 0.1234375 0.0546875 0.115625 0.053125
3 0.05234375 0.5421875 0.08125 0.08125
3 0.04609375 0.40546875 0.0671875 0.0671875
3 0.3953125 0.35859375 0.0765625 0.0765625
3 0.846875 0.1859375 0.09375 0.053125
3 0.528125 0.82890625 0.084375 0.084375
3 0.459375 0.11640625 0.1 0.065625
3 0.82578125 0.4203125 0.0703125 0.053125
3 0.8421875 0.56015625 0.0765625 0.0765625
3 0.04765625 0.93515625 0.0796875 0.0796875
3 0.5859375 0.775 0.08125 0.0828125
3 0.56875 0.03984375 0.075 0.0625
3 0.87578125 0.584375 0.08125 0.0828125
3 0.38828125 0.040625 0.0890625 0.06875
3 0.53125 0.3703125 0.0875 0.0625
3 0.4109375 0.5921875 0.096875 0.046875
3 0.053125 0.22265625 0.090625 0.0546875
3 0.9390625 0.1578125 0.090625 0.065625
3 0.446875 0.0453125 0.08125 0.08125
3 0.15546875 0.940625 0.0828125 0.08125
3 0.74453125 0.16015625 0.0828125 0.0828125
3 0.88203125 0.446875 0.0859375 0.065625
3 0.65625 0.221875 0.0734375 0.0734375
3 0.45390625 0.5203125 0.075 0.075
3 0.628125 0.1546875 0.06875 0.06875
3 0.95234375 0.86875 0.0953125 0.065625
3 0.9390625 0.303125 0.103125 0.06875
3 0.53984375 0.1296875 0.0703125 0.078125
3 0.55546875 0.92578125 0.075 0.075
3 0.040625 0.475 0.071875 0.071875
3 0.95546875 0.61875 0.0796875 0.0796875
3 0.69921875 0.159375 0.06875 0.06875
0 0.72421875 0.21640625 0.0703125 0.0703125
3 0.79453125 0.5015625 0.075 0.075
3 0.559375 0.16171875 0.075 0.075
3 0.20859375 0.03203125 0.0671875 0.0640625