3 0.85078125 0.5578125 0.0859375 0.065625
3 0.71875 0.19765625 0.084375 0.0671875
3 0.47421875 0.2296875 0.0828125 0.084375
3 0.6390625 0.746875 0.0875 0.071875
3 0.40703125 0.2734375 0.0890625 0.065625
3 0.6625 0.4265625 0.078125 0.078125
3 0.6171875 0.20625 0.096875 0.0625
3 0.9328125 0.33828125 0.0703125 0.071875
3 0.2453125 0.74375 0.096875 0.0625
3 0.16796875 0.68984375 0.1015625 0.0703125
3 0.16328125 0.290625 0.078125 0.0625
3 0.70859375 0.0515625 0.0796875 0.059375
3 0.71328125 0.69765625 0.08125 0.08125
3 0.871875 0.72890625 0.1 0.0640625
3 0.146875 0.77109375 0.078125 0.0765625
3 0.23359375 0.6171875 0.096875 0.06875
3 0.88671875 0.2578125 0.075 0.075
3 0.309375 0.53359375 0.096875 0.0734375
3 0.7828125 0.60703125 0.0875 0.0640625
3 0.93515625 0.6078125 0.0984375 0.0625
3 0.2359375 0.90625 0.090625 0.0625
3 0.859375 0.65078125 0.06875 0.06875
3 0.659375 0.30390625 0.084375 0.06875
3 0.91015625 0.79921875 0.071875 0.0703125
3 0.2375 0.27578125 0.075 0.075
3 0.12890625 0.3578125 0.0796875 0.059375
3 0.72109375 0.38125 0.0703125 0.071875
3 0.703125 0.81015625 0.08125 0.08125
3 0.9171875 0.871875 0.075 0.075
3 0.73203125 0.25859375 0.0796875 0.0625
3 0.87578125 0.45234375 0.075 0.0734375
3 0.571875 0.26328125 0.0765625 0.078125
3 0.32109375 0.30546875 0.0734375 0.0734375
3 0.85078125 0.38046875 0.08125 0.08125
3 0.69921875 0.4921875 0.0984375 0.065625
3 0.4640625 0.55859375 0.0796875 0.0796875
3 0.203125 0.846875 0.090625 0.059375
3 0.4890625 0.31875 0.08125 0.08125
3 0.07421875 0.0828125 0.0875 0.0625
3 0.059375 0.51171875 0.0703125 0.0703125
3 0.26953125 0.80625 0.0890625 0.0625
3 0.65859375 0.55703125 0.0765625 0.075
3 0.3984375 0.62890625 0.0765625 0.075
3 0.815625 0.146875 0.071875 0.071875
3 0.22265625 0.37421875 0.078125 0.078125
3 0.2828125 0.1 0.0734375 0.0734375
3 0.13984375 0.8984375 0.0859375 0.065625
3 0.878125 0.11484375 0.075 0.075
3 0.80546875 0.22421875 0.0828125 0.0671875
3 0.56640625 0.471875 0.0859375 0.0625
3 0.9421875 0.68203125 0.084375 0.0625
3 0.521875 0.7296875 0.0796875 0.0796875
3 0.56171875 0.4015625 0.0734375 0.0734375
3 0.6390625 0.646875 0.096875 0.05625
3 0.23125 0.0390625 0.08125 0.078125
3 0.43828125 0.709375 0.084375 0.084375
3 0.61953125 0.834375 0.075 0.075
3 0.8765625 0.0546875 0.115625 0.053125
3 0.94765625 0.5421875 0.0984375 0.065625
3 0.95390625 0.40546875 0.0671875 0.0671875
3 0.6046875 0.35859375 0.0765625 0.0765625
3 0.153125 0.1859375 0.0734375 0.075
3 0.471875 0.82890625 0.096875 0.0734375
3 0.540625 0.11640625 0.1 0.065625
3 0.17421875 0.4203125 0.0625 0.0609375
3 0.1578125 0.56015625 0.0765625 0.0765625
3 0.95234375 0.93515625 0.0796875 0.0796875
3 0.4140625 0.775 0.103125 0.0625
3 0.43125 0.03984375 0.06875 0.06875
3 0.12421875 0.584375 0.08125 0.08125
3 0.61171875 0.040625 0.0890625 0.06875
3 0.46875 0.3703125 0.0875 0.0625
3 0.5890625 0.5921875 0.071875 0.071875
3 0.946875 0.22265625 0.071875 0.0734375
3 0.0609375 0.1578125 0.078125 0.078125
3 0.553125 0.0453125 0.08125 0.08125
3 0.84453125 0.940625 0.0953125 0.06875
3 0.25546875 0.16015625 0.096875 0.06875
3 0.11796875 0.446875 0.075 0.075
3 0.34375 0.221875 0.0734375 0.0734375
3 0.54609375 0.5203125 0.096875 0.053125
3 0.371875 0.1546875 0.071875 0.065625
3 0.04765625 0.86875 0.08125 0.08125
3 0.0609375 0.303125 0.103125 0.06875
3 0.46015625 0.1296875 0.0703125 0.078125
3 0.44453125 0.92578125 0.0921875 0.0578125
3 0.959375 0.475 0.08125 0.0625
3 0.04453125 0.61875 0.0875 0.071875
3 0.30078125 0.159375 0.06875 0.06875
0 0.27578125 0.21640625 0.0796875 0.0609375
3 0.20546875 0.5015625 0.0796875 0.071875
3 0.440625 0.16171875 0.075 0.075
3 0.79140625 0.03203125 0.0671875 0.0640625