3 0.109375 0.11796875 0.075 0.075
3 0.4875 0.08984375 0.0703125 0.071875
3 0.6109375 0.2421875 0.078125 0.078125
3 0.45078125 0.590625 0.0671875 0.1
3 0.17578125 0.696875 0.075 0.09375
3 0.6296875 0.88984375 0.08125 0.08125
3 0.4 0.11171875 0.059375 0.0796875
3 0.0703125 0.703125 0.06875 0.096875
3 0.3234375 0.9265625 0.08125 0.08125
3 0.78828125 0.41796875 0.0875 0.0875
3 0.15390625 0.6046875 0.0875 0.0875
3 0.16640625 0.8171875 0.0703125 0.0875
3 0.69921875 0.14140625 0.0578125 0.0859375
3 0.43359375 0.4875 0.078125 0.0765625
3 0.8390625 0.6828125 0.06875 0.0875
3 0.6671875 0.403125 0.071875 0.0875
3 0.06015625 0.31171875 0.0671875 0.078125
3 0.653125 0.49921875 0.075 0.0921875
3 0.0640625 0.5375 0.0625 0.075
3 0.34609375 0.27734375 0.078125 0.078125
3 0.88203125 0.2609375 0.065625 0.08125
3 0.82578125 0.09765625 0.075 0.0765625
3 0.334375 0.7953125 0.075 0.075
3 0.47578125 0.68828125 0.0578125 0.078125
3 0.80546875 0.79296875 0.08125 0.08125
3 0.546875 0.49609375 0.08125 0.08125
3 0.76953125 0.18203125 0.0640625 0.0734375
3 0.73515625 0.2859375 0.06875 0.0671875
3 0.371875 0.86640625 0.071875 0.0734375
3 0.27890625 0.80390625 0.075 0.075
3 0.7546875 0.840625 0.0875 0.0875
4 0.5109375 0.5828125 0.065625 0.103125
3 0.60390625 0.42890625 0.0609375 0.0859375
3 0.765625 0.3546875 0.0765625 0.0765625
3 0.725 0.67265625 0.06875 0.0796875
3 0.73515625 0.57890625 0.075 0.075
3 0.38828125 0.67109375 0.0703125 0.0703125
3 0.3625 0.50703125 0.08125 0.08125
3 0.5421875 0.9140625 0.065625 0.065625
3 0.35 0.6109375 0.0640625 0.0640625
3 0.3046875 0.55234375 0.06875 0.06875
3 0.47265625 0.90703125 0.0734375 0.0921875
3 0.6375 0.63125 0.0703125 0.0703125
3 0.596875 0.15859375 0.0765625 0.078125
3 0.2484375 0.18828125 0.0703125 0.0703125
3 0.5734375 0.3453125 0.05625 0.075
3 0.5109375 0.684375 0.078125 0.078125
3 0.73203125 0.91796875 0.0515625 0.0828125
3 0.4125 0.93203125 0.0625 0.0765625
3 0.2421875 0.1140625 0.065625 0.078125
3 0.2390625 0.56484375 0.0734375 0.075
3 0.83125 0.50859375 0.06875 0.0859375
3 0.525 0.76796875 0.0671875 0.065625
3 0.13359375 0.91796875 0.0765625 0.0765625
3 0.2390625 0.90703125 0.0625 0.0640625
3 0.82109375 0.93046875 0.0734375 0.0953125
3 0.44296875 0.19765625 0.071875 0.0890625
3 0.04453125 0.2546875 0.0625 0.0625
3 0.234375 0.39296875 0.065625 0.065625
3 0.57734375 0.04375 0.0609375 0.0875
3 0.3546875 0.40546875 0.059375 0.0640625
3 0.24453125 0.709375 0.071875 0.071875
3 0.075 0.4578125 0.06875 0.075
3 0.12265625 0.32578125 0.059375 0.0765625
3 0.89375 0.9546875 0.06875 0.06875
3 0.24296875 0.259375 0.0484375 0.071875
3 0.05546875 0.61015625 0.0546875 0.075
3 0.66171875 0.71484375 0.0671875 0.0671875
3 0.31484375 0.33984375 0.0484375 0.0703125
3 0.2859375 0.24375 0.059375 0.090625
3 0.61328125 0.5640625 0.0578125 0.059375
3 0.90546875 0.8578125 0.0546875 0.0625
3 0.51953125 0.1484375 0.05625 0.071875
3 0.2578125 0.44765625 0.0625 0.0625
3 0.7171875 0.75390625 0.0578125 0.059375
3 0.946875 0.884375 0.06875 0.06875
3 0.5171875 0.8421875 0.053125 0.071875
3 0.8046875 0.28203125 0.0703125 0.0703125
3 0.9 0.13359375 0.065625 0.0796875
3 0.540625 0.23125 0.071875 0.071875
3 0.925 0.7859375 0.0625 0.084375
3 0.953125 0.1828125 0.059375 0.059375
3 0.165625 0.28203125 0.05625 0.078125
3 0.46484375 0.265625 0.0640625 0.09375
3 0.25703125 0.52265625 0.0546875 0.0796875
3 0.09296875 0.378125 0.05625 0.075
3 0.696875 0.8734375 0.05625 0.0625
3 0.3375 0.1921875 0.059375 0.059375
3 0.8703125 0.06640625 0.08125 0.08125
3 0.12265625 0.86953125 0.0625 0.0828125
6 0.8515625 0.84296875 0.0640625 0.0625
6 0.8828125 0.4703125 0.103125 0.103125
3 0.93359375 0.0328125 0.0515625 0.0625
3 0.49453125 0.1828125 0.059375 0.0578125
3 0.8375 0.89921875 0.06875 0.0703125
3 0.2640625 0.35546875 0.0640625 0.065625
3 0.853125 0.42578125 0.0578125 0.0578125
3 0.771875 0.49609375 0.075 0.0578125
3 0.946875 0.9640625 0.05 0.059375