3 0.59140625 0.3578125 0.0921875 0.09375
3 0.5578125 0.6390625 0.071875 0.071875
3 0.74375 0.74921875 0.078125 0.078125
3 0.409375 0.67890625 0.05625 0.078125
3 0.76796875 0.53828125 0.0671875 0.0921875
3 0.55859375 0.21015625 0.06875 0.06875
3 0.75390625 0.13671875 0.08125 0.0953125
3 0.08515625 0.5828125 0.0921875 0.090625
3 0.8140625 0.0578125 0.0796875 0.0796875
3 0.72578125 0.30234375 0.0640625 0.0921875
3 0.4171875 0.259375 0.0625 0.078125
3 0.215625 0.69296875 0.0890625 0.0890625
3 0.90703125 0.81640625 0.078125 0.078125
3 0.5578125 0.91171875 0.084375 0.0859375
3 0.146875 0.78359375 0.0703125 0.1015625
3 0.234375 0.44296875 0.0890625 0.0890625
3 0.9 0.68984375 0.0625 0.0890625
3 0.85 0.7625 0.0796875 0.0796875
3 0.55078125 0.2828125 0.065625 0.08125
3 0.4390625 0.91875 0.0765625 0.0765625
3 0.75546875 0.89296875 0.06875 0.06875
3 0.340625 0.72890625 0.084375 0.084375
3 0.8375 0.29453125 0.06875 0.0921875
3 0.95625 0.91953125 0.0765625 0.078125
3 0.96328125 0.71640625 0.0703125 0.06875
3 0.80859375 0.90390625 0.075 0.075
3 0.365625 0.1203125 0.084375 0.084375
3 0.2984375 0.34375 0.084375 0.084375
3 0.58671875 0.803125 0.0703125 0.08125
3 0.33125 0.1765625 0.0828125 0.0828125
0 0.9421875 0.36796875 0.09375 0.09375
3 0.9265625 0.50390625 0.0625 0.0953125
3 0.4640625 0.2828125 0.0671875 0.0671875
3 0.18203125 0.60234375 0.075 0.075
3 0.365625 0.5546875 0.075 0.075
3 0.57734375 0.4546875 0.06875 0.06875
3 0.490625 0.80703125 0.05625 0.0890625
3 0.46015625 0.7109375 0.075 0.0765625
0 0.521875 0.5515625 0.071875 0.121875
3 0.24765625 0.94765625 0.0671875 0.096875
3 0.2953125 0.08515625 0.046875 0.0671875
3 0.2078125 0.92578125 0.075 0.075
3 0.46953125 0.471875 0.0671875 0.078125
3 0.2953125 0.45 0.059375 0.0875
3 0.27421875 0.28515625 0.05625 0.075
3 0.83046875 0.521875 0.06875 0.059375
3 0.8421875 0.9546875 0.071875 0.071875
3 0.3625 0.36953125 0.059375 0.059375
3 0.38671875 0.8984375 0.0796875 0.078125
3 0.15 0.2328125 0.08125 0.10625
3 0.36328125 0.5140625 0.0640625 0.0640625
3 0.1890625 0.284375 0.0734375 0.0734375