3 0.8078125 0.534375 0.0875 0.071875
3 0.6828125 0.4515625 0.0703125 0.071875
3 0.89140625 0.078125 0.075 0.075
3 0.5703125 0.6359375 0.0890625 0.0890625
3 0.640625 0.1125 0.0734375 0.0734375
3 0.24921875 0.17734375 0.0984375 0.0703125
3 0.8890625 0.83984375 0.06875 0.0703125
3 0.63984375 0.68125 0.0796875 0.0625
3 0.72421875 0.10234375 0.065625 0.065625
3 0.7171875 0.659375 0.0734375 0.0734375
3 0.64453125 0.746875 0.06875 0.06875
3 0.26328125 0.04375 0.0859375 0.06875
3 0.303125 0.29453125 0.1 0.0734375
3 0.58359375 0.571875 0.0828125 0.0625
3 0.32890625 0.70546875 0.09375 0.09375
3 0.18828125 0.09609375 0.084375 0.05625
3 0.67265625 0.80546875 0.0921875 0.071875
3 0.3140625 0.83046875 0.115625 0.0796875
3 0.89296875 0.14453125 0.075 0.075
3 0.85546875 0.7171875 0.075 0.075
3 0.73359375 0.725 0.084375 0.0859375
3 0.63046875 0.04609375 0.084375 0.0671875
3 0.86484375 0.2 0.0625 0.0640625
3 0.62578125 0.48671875 0.08125 0.08125
3 0.82578125 0.77734375 0.109375 0.0640625
3 0.83203125 0.4171875 0.08125 0.08125
3 0.80078125 0.6765625 0.0796875 0.078125
3 0.44765625 0.8015625 0.0875 0.065625
3 0.725 0.590625 0.0703125 0.0703125
3 0.2546875 0.1171875 0.065625 0.065625
3 0.159375 0.62890625 0.090625 0.0703125
3 0.12265625 0.76875 0.0796875 0.0796875
3 0.4671875 0.4125 0.09375 0.075
3 0.63984375 0.28515625 0.078125 0.0796875
3 0.91640625 0.4390625 0.075 0.075
3 0.89921875 0.271875 0.096875 0.075
3 0.46328125 0.19375 0.0703125 0.0625
3 0.37265625 0.05625 0.0859375 0.075
3 0.15078125 0.703125 0.0828125 0.084375
3 0.9453125 0.33359375 0.0875 0.0890625
3 0.57421875 0.334375 0.0921875 0.08125
3 0.55703125 0.5109375 0.084375 0.0859375
3 0.38046875 0.76328125 0.0875 0.0875
3 0.58046875 0.07109375 0.0765625 0.0703125
3 0.63984375 0.3921875 0.078125 0.053125
3 0.784375 0.1859375 0.078125 0.065625
3 0.6921875 0.196875 0.0859375 0.0875
3 0.121875 0.2609375 0.08125 0.05625
3 0.896875 0.76796875 0.084375 0.065625
3 0.4953125 0.71015625 0.0859375 0.0859375
3 0.72734375 0.853125 0.078125 0.0765625
3 0.359375 0.20546875 0.0703125 0.0703125
3 0.5703125 0.775 0.078125 0.06875
3 0.32265625 0.61015625 0.1 0.0828125
3 0.22421875 0.259375 0.090625 0.090625
3 0.49453125 0.13203125 0.0828125 0.0609375
3 0.52265625 0.23359375 0.0796875 0.0796875
3 0.4015625 0.5203125 0.065625 0.065625
3 0.62421875 0.19609375 0.08125 0.08125
3 0.30546875 0.94375 0.078125 0.078125
3 0.33515625 0.11484375 0.08125 0.08125
3 0.7546875 0.3875 0.0765625 0.0765625
3 0.95625 0.1125 0.075 0.06875
3 0.3765625 0.25859375 0.071875 0.071875
3 0.80234375 0.10625 0.06875 0.06875
3 0.42734375 0.8578125 0.065625 0.0671875
3 0.21484375 0.67109375 0.075 0.075
3 0.246875 0.55 0.0875 0.065625
3 0.18203125 0.9015625 0.08125 0.0828125
3 0.28203125 0.871875 0.0765625 0.053125
3 0.85703125 0.64375 0.0796875 0.065625
3 0.515625 0.7703125 0.06875 0.06875
3 0.653125 0.5875 0.071875 0.04375
3 0.94609375 0.915625 0.0671875 0.06875
3 0.32265625 0.57578125 0.08125 0.08125
3 0.553125 0.18515625 0.06875 0.06875
3 0.18671875 0.22421875 0.078125 0.078125
3 0.4578125 0.26875 0.084375 0.071875
3 0.58515625 0.153125 0.0578125 0.05625
3 0.82734375 0.915625 0.078125 0.06875
6 0.46953125 0.91484375 0.1203125 0.0734375
3 0.2140625 0.4984375 0.096875 0.059375
6 0.353125 0.503125 0.171875 0.075
6 0.78828125 0.9046875 0.121875 0.1234375
3 0.86484375 0.275 0.0859375 0.0625
3 0.04609375 0.21484375 0.08125 0.08125
3 0.38671875 0.91875 0.0640625 0.0625
3 0.78515625 0.63828125 0.0984375 0.0796875
3 0.91015625 0.63203125 0.08125 0.08125
3 0.34765625 0.1609375 0.08125 0.0796875
3 0.40625 0.15 0.078125 0.078125
3 0.4421875 0.103125 0.1 0.06875
3 0.5296875 0.02578125 0.078125 0.046875
3 0.5125 0.07421875 0.084375 0.0609375
3 0.70859375 0.034375 0.0984375 0.0625
3 0.11640625 0.8296875 0.0796875 0.05625
3 0.13515625 0.8578125 0.0796875 0.078125
3 0.8984375 0.90703125 0.071875 0.071875
3 0.3921875 0.3015625 0.084375 0.0625
3 0.71953125 0.1375 0.0828125 0.075
3 0.69453125 0.39453125 0.071875 0.071875