3 0.1921875 0.465625 0.0875 0.071875
3 0.3171875 0.5484375 0.0703125 0.0703125
3 0.10859375 0.921875 0.075 0.075
3 0.4296875 0.3640625 0.103125 0.075
3 0.359375 0.8875 0.084375 0.0625
3 0.75078125 0.82265625 0.0984375 0.0703125
3 0.1109375 0.16015625 0.084375 0.0546875
3 0.36015625 0.31875 0.0796875 0.0625
3 0.27578125 0.89765625 0.0703125 0.0609375
3 0.2828125 0.340625 0.0734375 0.0734375
3 0.35546875 0.253125 0.06875 0.06875
3 0.73671875 0.95625 0.0765625 0.0765625
3 0.696875 0.70546875 0.0875 0.0875
3 0.41640625 0.428125 0.0734375 0.0734375
3 0.67109375 0.29453125 0.09375 0.09375
3 0.81171875 0.90390625 0.0703125 0.0703125
3 0.32734375 0.19453125 0.0828125 0.08125
3 0.6859375 0.16953125 0.096875 0.096875
3 0.10703125 0.85546875 0.075 0.075
3 0.14453125 0.2828125 0.075 0.075
3 0.26640625 0.275 0.084375 0.0859375
3 0.36953125 0.95390625 0.084375 0.0671875
3 0.13515625 0.8 0.0703125 0.05625
3 0.37421875 0.51328125 0.0890625 0.0734375
3 0.17421875 0.22265625 0.0875 0.0859375
3 0.16796875 0.5828125 0.0859375 0.078125
3 0.19921875 0.3234375 0.0875 0.071875
3 0.55234375 0.1984375 0.0875 0.065625
3 0.275 0.409375 0.071875 0.0703125
3 0.7453125 0.8828125 0.071875 0.059375
3 0.840625 0.37109375 0.08125 0.08125
3 0.87734375 0.23125 0.0921875 0.06875
3 0.5328125 0.5875 0.084375 0.084375
3 0.36015625 0.71484375 0.090625 0.0671875
3 0.08359375 0.5609375 0.075 0.075
3 0.10078125 0.728125 0.096875 0.0765625
3 0.53671875 0.80625 0.0703125 0.0625
3 0.62734375 0.94375 0.08125 0.0796875
3 0.84921875 0.296875 0.0828125 0.084375
3 0.0546875 0.66640625 0.096875 0.0796875
3 0.42578125 0.665625 0.0921875 0.08125
3 0.44296875 0.4890625 0.084375 0.0859375
3 0.61953125 0.23671875 0.0875 0.0875
3 0.41953125 0.92890625 0.0734375 0.0734375
3 0.36015625 0.6078125 0.078125 0.053125
3 0.215625 0.8140625 0.078125 0.065625
3 0.3078125 0.803125 0.096875 0.075
3 0.878125 0.7390625 0.06875 0.06875
3 0.103125 0.23203125 0.084375 0.065625
3 0.5046875 0.28984375 0.0859375 0.0859375
3 0.27265625 0.146875 0.078125 0.0765625
3 0.640625 0.79453125 0.0703125 0.0703125
3 0.4296875 0.225 0.0734375 0.0734375
3 0.67734375 0.38984375 0.090625 0.090625
3 0.77578125 0.740625 0.1046875 0.075
3 0.50546875 0.86796875 0.071875 0.071875
3 0.47734375 0.76640625 0.0796875 0.0796875
3 0.5984375 0.4796875 0.065625 0.065625
3 0.37578125 0.80390625 0.0890625 0.0734375
3 0.69453125 0.05625 0.078125 0.078125
3 0.66484375 0.88515625 0.0953125 0.0671875
3 0.2453125 0.6125 0.0765625 0.0765625
3 0.04375 0.8875 0.071875 0.071875
3 0.6234375 0.74140625 0.071875 0.071875
3 0.19765625 0.89375 0.06875 0.06875
3 0.57265625 0.1421875 0.065625 0.0671875
3 0.78515625 0.32890625 0.084375 0.0640625
3 0.753125 0.45 0.0765625 0.0765625
3 0.81796875 0.0984375 0.08125 0.0828125
3 0.71796875 0.128125 0.0765625 0.053125
3 0.14296875 0.35625 0.0796875 0.065625
3 0.484375 0.2296875 0.078125 0.059375
3 0.346875 0.4125 0.071875 0.04375
3 0.05390625 0.084375 0.06875 0.0671875
3 0.67734375 0.42421875 0.0921875 0.0703125
3 0.446875 0.81484375 0.075 0.0609375
3 0.81328125 0.77578125 0.0921875 0.0640625
3 0.5421875 0.73125 0.078125 0.078125
3 0.41484375 0.846875 0.0578125 0.0578125
3 0.17265625 0.084375 0.0734375 0.0734375
6 0.53046875 0.08515625 0.1203125 0.0734375
3 0.7859375 0.5015625 0.096875 0.059375
6 0.646875 0.496875 0.171875 0.075
6 0.21171875 0.0953125 0.1046875 0.140625
3 0.13515625 0.725 0.075 0.075
3 0.95390625 0.78515625 0.0890625 0.0734375
3 0.61328125 0.08125 0.0640625 0.0625
3 0.21484375 0.36171875 0.0984375 0.0796875
3 0.08984375 0.36796875 0.08125 0.08125
3 0.65234375 0.8390625 0.08125 0.0796875
3 0.59375 0.85 0.078125 0.078125
3 0.5578125 0.896875 0.084375 0.084375
3 0.47109375 0.97109375 0.0640625 0.0578125
3 0.4875 0.92578125 0.071875 0.071875
3 0.29140625 0.965625 0.0984375 0.0625
3 0.88359375 0.1703125 0.0796875 0.05625
3 0.86484375 0.1421875 0.0796875 0.078125
3 0.1015625 0.09296875 0.071875 0.0734375
3 0.6078125 0.6984375 0.0734375 0.0734375
3 0.28046875 0.8625 0.0796875 0.0796875
3 0.30546875 0.60546875 0.071875 0.071875