3 0.93203125 0.72109375 0.0703125 0.0828125
3 0.5234375 0.71953125 0.075 0.075
3 0.72734375 0.928125 0.0609375 0.084375
3 0.15 0.15859375 0.05625 0.0859375
3 0.62578125 0.465625 0.0609375 0.09375
3 0.36015625 0.253125 0.078125 0.078125
3 0.22265625 0.75234375 0.065625 0.0890625
3 0.06015625 0.153125 0.0703125 0.06875
3 0.39375 0.0859375 0.0765625 0.0765625
3 0.43046875 0.79296875 0.0671875 0.0859375
3 0.79609375 0.103125 0.0703125 0.0703125
3 0.25 0.52265625 0.075 0.075
3 0.43984375 0.69921875 0.0734375 0.071875
3 0.56484375 0.15546875 0.0625 0.0796875
3 0.13359375 0.73203125 0.08125 0.08125
3 0.4453125 0.2546875 0.071875 0.071875
3 0.190625 0.31015625 0.075 0.075
3 0.65 0.34140625 0.0765625 0.0765625
3 0.35390625 0.340625 0.075 0.075
3 0.578125 0.6796875 0.06875 0.06875
3 0.9375 0.5390625 0.0859375 0.0859375
3 0.6453125 0.77109375 0.065625 0.0953125
3 0.565625 0.78046875 0.071875 0.071875
3 0.703125 0.45703125 0.065625 0.0796875
3 0.31015625 0.1640625 0.0671875 0.090625
3 0.1015625 0.90078125 0.065625 0.0859375
3 0.87734375 0.68828125 0.078125 0.0765625
3 0.553125 0.34765625 0.06875 0.075
3 0.36875 0.628125 0.06875 0.075
3 0.5578125 0.87890625 0.06875 0.0921875
3 0.659375 0.87890625 0.071875 0.071875
3 0.103125 0.63046875 0.075 0.096875
3 0.21953125 0.403125 0.0671875 0.0671875
3 0.8078125 0.75078125 0.0765625 0.075
3 0.0578125 0.8203125 0.059375 0.08125
3 0.51015625 0.24296875 0.071875 0.071875
3 0.2796875 0.33984375 0.065625 0.084375
3 0.409375 0.40390625 0.06875 0.084375
3 0.32421875 0.715625 0.08125 0.08125
3 0.8078125 0.65390625 0.078125 0.078125
3 0.25390625 0.92890625 0.0703125 0.0984375
3 0.478125 0.9140625 0.0765625 0.0765625
3 0.28125 0.415625 0.0703125 0.0703125
3 0.853125 0.03984375 0.0625 0.0625
3 0.3953125 0.52265625 0.053125 0.0796875
3 0.89140625 0.47890625 0.0703125 0.090625
3 0.7296875 0.31328125 0.08125 0.0703125
3 0.52265625 0.41953125 0.0703125 0.0859375
3 0.43515625 0.86015625 0.0578125 0.075
3 0.6515625 0.09453125 0.065625 0.065625
3 0.9296875 0.18515625 0.075 0.0921875
3 0.74765625 0.828125 0.06875 0.06875
6 0.1203125 0.24453125 0.103125 0.1015625
3 0.425 0.946875 0.0625 0.071875
3 0.95 0.80234375 0.06875 0.0671875
3 0.53125 0.271875 0.0765625 0.0765625
3 0.72265625 0.66015625 0.0640625 0.0640625
3 0.721875 0.07578125 0.0703125 0.0703125
3 0.8796875 0.11875 0.059375 0.0875
3 0.628125 0.56953125 0.078125 0.1078125
3 0.60703125 0.0421875 0.0625 0.078125
3 0.24609375 0.05625 0.075 0.075
3 0.84296875 0.4921875 0.084375 0.084375
3 0.746875 0.5015625 0.06875 0.1
3 0.8 0.5734375 0.071875 0.096875
3 0.95625 0.42734375 0.06875 0.084375
3 0.7734375 0.60546875 0.059375 0.096875
3 0.05703125 0.46640625 0.0703125 0.0703125
3 0.896875 0.3265625 0.0625 0.084375
3 0.6734375 0.703125 0.078125 0.078125
3 0.71796875 0.82421875 0.0546875 0.0703125
3 0.453125 0.54296875 0.075 0.0765625
3 0.0484375 0.703125 0.059375 0.109375
3 0.73046875 0.59296875 0.065625 0.065625
3 0.5515625 0.46484375 0.065625 0.090625
3 0.86953125 0.596875 0.0875 0.0875
3 0.53984375 0.5125 0.0578125 0.084375
3 0.7328125 0.13984375 0.075 0.0890625
3 0.0328125 0.584375 0.065625 0.096875
3 0.49140625 0.47734375 0.0609375 0.0890625
3 0.60234375 0.60625 0.075 0.0765625
6 0.36796875 0.875 0.090625 0.090625
6 0.51640625 0.58046875 0.0640625 0.115625
6 0.71015625 0.23046875 0.1 0.1
6 0.89609375 0.22421875 0.0828125 0.1328125
6 0.815625 0.3625 0.11875 0.11875
3 0.0359375 0.746875 0.071875 0.071875
3 0.8875 0.5671875 0.0734375 0.0734375
3 0.68046875 0.66953125 0.0640625 0.0953125
3 0.575 0.55859375 0.0765625 0.0765625