3 0.840625 0.14140625 0.0734375 0.075
3 0.92890625 0.48125 0.0734375 0.05625
3 0.86015625 0.4125 0.078125 0.078125
3 0.8078125 0.625 0.078125 0.078125
3 0.87421875 0.7078125 0.078125 0.0796875
3 0.9296875 0.09921875 0.103125 0.0765625
3 0.93203125 0.76015625 0.0953125 0.0703125
3 0.66953125 0.51875 0.0984375 0.06875
3 0.3640625 0.35546875 0.078125 0.0578125
3 0.0640625 0.76171875 0.0765625 0.078125
3 0.80859375 0.55546875 0.0734375 0.075
3 0.46171875 0.128125 0.096875 0.075
3 0.88125 0.33046875 0.0734375 0.0734375
3 0.453125 0.59609375 0.0859375 0.084375
3 0.27578125 0.45234375 0.0984375 0.075
3 0.5875 0.13828125 0.0734375 0.0734375
3 0.14765625 0.65 0.09375 0.09375
3 0.35078125 0.60703125 0.0890625 0.0890625
3 0.20703125 0.8765625 0.0875 0.0875
3 0.734375 0.1875 0.0734375 0.0734375
3 0.84453125 0.83203125 0.1015625 0.0671875
3 0.41953125 0.0703125 0.071875 0.071875
3 0.83671875 0.078125 0.06875 0.06875
3 0.5890625 0.60078125 0.0875 0.0859375
3 0.91171875 0.2375 0.0875 0.06875
3 0.4515625 0.72734375 0.0875 0.0671875
3 0.33203125 0.10234375 0.065625 0.065625
3 0.80234375 0.20625 0.078125 0.078125
3 0.1828125 0.45234375 0.0875 0.0703125
3 0.24921875 0.290625 0.0921875 0.06875
3 0.515625 0.0328125 0.071875 0.065625
3 0.528125 0.69765625 0.0875 0.0671875
3 0.36953125 0.15546875 0.1015625 0.0734375
6 0.17421875 0.36875 0.09375 0.09375
3 0.6375 0.7046875 0.0828125 0.0828125
3 0.340625 0.40546875 0.08125 0.08125
3 0.33046875 0.803125 0.0984375 0.0625
6 0.58046875 0.06953125 0.1203125 0.0703125
3 0.7859375 0.746875 0.084375 0.08125
3 0.246875 0.2140625 0.08125 0.08125
6 0.528125 0.571875 0.08125 0.103125
3 0.31796875 0.1828125 0.071875 0.065625
3 0.9578125 0.5484375 0.078125 0.078125
3 0.759375 0.93125 0.08125 0.053125
3 0.16796875 0.190625 0.0921875 0.075
3 0.86484375 0.2671875 0.0734375 0.0625
3 0.43515625 0.353125 0.0859375 0.075
3 0.79453125 0.0703125 0.0828125 0.08125
3 0.8578125 0.80078125 0.084375 0.0828125
3 0.2765625 0.3453125 0.078125 0.059375
3 0.6671875 0.11875 0.08125 0.08125
3 0.74140625 0.89296875 0.0984375 0.0578125
3 0.68671875 0.8359375 0.0734375 0.0734375
3 0.134375 0.709375 0.0796875 0.0796875
3 0.765625 0.834375 0.075 0.06875
3 0.64296875 0.784375 0.0890625 0.071875
6 0.415625 0.86171875 0.11875 0.11875
6 0.73671875 0.296875 0.09375 0.09375
6 0.08984375 0.2375 0.0859375 0.125
6 0.715625 0.75390625 0.08125 0.1015625
6 0.69921875 0.1078125 0.109375 0.0875
3 0.7984375 0.9609375 0.078125 0.078125
3 0.59375 0.7375 0.08125 0.08125
3 0.17109375 0.315625 0.0796875 0.078125
3 0.7859375 0.27109375 0.1 0.0640625