3 0.76640625 0.765625 0.084375 0.084375
3 0.41953125 0.37734375 0.0828125 0.05625
3 0.37578125 0.58046875 0.0703125 0.0703125
3 0.65859375 0.725 0.0953125 0.06875
3 0.56640625 0.89921875 0.0734375 0.0734375
3 0.65078125 0.4109375 0.0828125 0.065625
3 0.7203125 0.60234375 0.078125 0.078125
3 0.6515625 0.1953125 0.090625 0.071875
4 0.7734375 0.43125 0.1 0.08125
3 0.42109375 0.52578125 0.096875 0.0734375
3 0.29921875 0.715625 0.0734375 0.071875
3 0.2578125 0.9546875 0.078125 0.065625
3 0.3859375 0.834375 0.09375 0.06875
3 0.81015625 0.5734375 0.0859375 0.0625
3 0.35546875 0.63515625 0.0734375 0.0734375
3 0.56015625 0.609375 0.0796875 0.0796875
3 0.7921875 0.2484375 0.103125 0.075
3 0.88984375 0.765625 0.08125 0.08125
3 0.33359375 0.50859375 0.0796875 0.0609375
3 0.5046875 0.115625 0.0703125 0.071875
3 0.18984375 0.878125 0.0890625 0.075
3 0.0578125 0.51796875 0.06875 0.06875
3 0.89296875 0.8453125 0.0921875 0.078125
3 0.4546875 0.90234375 0.08125 0.0734375
3 0.93203125 0.4015625 0.0625 0.0625
3 0.50234375 0.31640625 0.0859375 0.0703125
3 0.05859375 0.37890625 0.08125 0.08125
3 0.8734375 0.11953125 0.0703125 0.0703125
3 0.534375 0.83359375 0.078125 0.065625
3 0.93125 0.4828125 0.08125 0.065625
3 0.609375 0.125 0.090625 0.065625
3 0.25546875 0.47734375 0.0890625 0.06875
3 0.7859375 0.12265625 0.0765625 0.075
3 0.23984375 0.84765625 0.0984375 0.075
3 0.859375 0.4109375 0.075 0.059375
3 0.09296875 0.0953125 0.084375 0.084375
3 0.73984375 0.95234375 0.0765625 0.0765625
3 0.26796875 0.5421875 0.0765625 0.0765625
3 0.3203125 0.353125 0.096875 0.06875
3 0.83359375 0.9328125 0.0765625 0.0625
3 0.6640625 0.54453125 0.084375 0.059375
3 0.24375 0.253125 0.0625 0.0625
3 0.32734375 0.246875 0.065625 0.0671875
3 0.8125 0.1703125 0.0875 0.071875
3 0.81171875 0.3671875 0.0765625 0.05625
0 0.91171875 0.571875 0.0890625 0.0890625
0 0.58515625 0.4734375 0.103125 0.084375
3 0.221875 0.05234375 0.090625 0.090625
3 0.9078125 0.17578125 0.084375 0.0671875
3 0.17890625 0.9625 0.0703125 0.071875
3 0.47265625 0.77265625 0.0796875 0.0796875
3 0.7328125 0.090625 0.0875 0.0875
3 0.20078125 0.30234375 0.065625 0.065625
3 0.7234375 0.18125 0.096875 0.06875
3 0.83671875 0.275 0.071875 0.0703125
3 0.53515625 0.3953125 0.078125 0.0765625
3 0.42890625 0.13984375 0.078125 0.078125
3 0.19921875 0.53671875 0.0953125 0.0734375
6 0.175 0.1328125 0.0984375 0.0984375
3 0.15859375 0.465625 0.0859375 0.06875
3 0.6765625 0.49453125 0.0734375 0.071875
3 0.6328125 0.6671875 0.078125 0.059375
3 0.29296875 0.7953125 0.065625 0.0640625
2 0.20078125 0.72890625 0.096875 0.0984375
3 0.6984375 0.3296875 0.065625 0.059375
3 0.56953125 0.3578125 0.0765625 0.053125
3 0.53828125 0.68359375 0.0671875 0.0671875
3 0.3640625 0.46875 0.0875 0.05625
3 0.8515625 0.48515625 0.065625 0.0640625
3 0.596875 0.2390625 0.06875 0.053125
3 0.37578125 0.7046875 0.0640625 0.059375
3 0.70703125 0.034375 0.0859375 0.065625
3 0.3796875 0.8953125 0.065625 0.065625
3 0.2875 0.09453125 0.075 0.0484375
3 0.47421875 0.4265625 0.0609375 0.053125
3 0.675 0.821875 0.0578125 0.0578125
3 0.22421875 0.66796875 0.0671875 0.0578125
3 0.0359375 0.8625 0.071875 0.053125
3 0.03671875 0.31953125 0.0734375 0.0609375
3 0.3296875 0.1140625 0.075 0.103125