3 0.26640625 0.7140625 0.1078125 0.06875
3 0.17265625 0.4015625 0.0921875 0.090625
3 0.95234375 0.7828125 0.078125 0.0765625
3 0.7234375 0.51640625 0.0921875 0.090625
3 0.66328125 0.65546875 0.1015625 0.0765625
3 0.153125 0.503125 0.10625 0.08125
3 0.67890625 0.92109375 0.1 0.0984375
3 0.56640625 0.646875 0.0875 0.0875
3 0.2265625 0.2109375 0.09375 0.078125
3 0.76953125 0.75625 0.0921875 0.075
3 0.75390625 0.82890625 0.103125 0.075
3 0.78984375 0.140625 0.103125 0.08125
3 0.4859375 0.54375 0.090625 0.0890625
3 0.82265625 0.625 0.0984375 0.09375
3 0.05859375 0.86015625 0.0875 0.0734375
3 0.825 0.46875 0.090625 0.090625
3 0.2140625 0.5984375 0.0875 0.0875
3 0.06875 0.57578125 0.103125 0.0671875
3 0.8765625 0.1828125 0.09375 0.09375
3 0.103125 0.0765625 0.0875 0.0875
3 0.3265625 0.6234375 0.08125 0.08125
3 0.5953125 0.89921875 0.109375 0.0796875
3 0.82578125 0.23828125 0.0921875 0.0609375
3 0.5296875 0.3203125 0.103125 0.071875
3 0.5140625 0.26796875 0.090625 0.0765625
3 0.87578125 0.2890625 0.090625 0.090625
3 0.49453125 0.4796875 0.0796875 0.08125
3 0.4015625 0.496875 0.109375 0.06875
3 0.13515625 0.8265625 0.0859375 0.065625
2 0.3828125 0.57578125 0.121875 0.121875
3 0.29453125 0.53984375 0.0796875 0.0796875
3 0.05078125 0.03671875 0.1 0.0703125