3 0.73359375 0.2859375 0.1078125 0.06875
3 0.82734375 0.5984375 0.1046875 0.078125
3 0.04765625 0.2171875 0.0921875 0.0625
3 0.2765625 0.48359375 0.0921875 0.090625
3 0.33671875 0.34453125 0.0890625 0.0890625
3 0.846875 0.496875 0.10625 0.08125
3 0.32109375 0.07890625 0.1 0.0984375
3 0.43359375 0.353125 0.0875 0.0875
3 0.7734375 0.7890625 0.0859375 0.0859375
3 0.23046875 0.24375 0.0921875 0.075
3 0.24609375 0.17109375 0.103125 0.075
3 0.21015625 0.859375 0.103125 0.08125
3 0.5140625 0.45625 0.0890625 0.0890625
3 0.17734375 0.375 0.096875 0.096875
3 0.94140625 0.13984375 0.0875 0.0734375
3 0.175 0.53125 0.10625 0.075
3 0.7859375 0.4015625 0.103125 0.071875
3 0.93125 0.42421875 0.103125 0.0671875
3 0.1234375 0.8171875 0.09375 0.09375
3 0.896875 0.9234375 0.0875 0.0875
3 0.6734375 0.3765625 0.08125 0.08125
3 0.4046875 0.10078125 0.109375 0.0796875
3 0.17421875 0.76171875 0.0765625 0.0765625
3 0.4703125 0.6796875 0.103125 0.071875
3 0.4859375 0.73203125 0.084375 0.0828125
3 0.12421875 0.7109375 0.109375 0.071875
3 0.50546875 0.5203125 0.0796875 0.08125
3 0.5984375 0.503125 0.0890625 0.090625
3 0.86484375 0.1734375 0.0765625 0.0765625
2 0.6171875 0.42421875 0.121875 0.121875
3 0.70546875 0.46015625 0.0859375 0.0734375
3 0.9484375 0.96015625 0.084375 0.0796875