3 0.2859375 0.73359375 0.06875 0.1078125
3 0.5984375 0.82734375 0.078125 0.1046875
3 0.2171875 0.04765625 0.0765625 0.078125
3 0.48359375 0.2765625 0.0796875 0.103125
3 0.34453125 0.33671875 0.0765625 0.1015625
3 0.496875 0.846875 0.08125 0.10625
3 0.07890625 0.32109375 0.0828125 0.115625
3 0.353125 0.43359375 0.0875 0.0875
3 0.7890625 0.7734375 0.0859375 0.0859375
3 0.24375 0.23046875 0.0828125 0.084375
3 0.17109375 0.24609375 0.0890625 0.0890625
3 0.859375 0.21015625 0.08125 0.103125
3 0.45625 0.5140625 0.0890625 0.0890625
3 0.375 0.17734375 0.09375 0.0984375
3 0.13984375 0.94140625 0.0734375 0.0875
3 0.53125 0.175 0.075 0.10625
3 0.4015625 0.7859375 0.071875 0.103125
3 0.42421875 0.93125 0.0671875 0.103125
3 0.8171875 0.1234375 0.09375 0.09375
3 0.9234375 0.896875 0.0875 0.0875
3 0.3765625 0.6734375 0.071875 0.090625
3 0.10078125 0.4046875 0.0796875 0.109375
3 0.76171875 0.17421875 0.0609375 0.0921875
3 0.6796875 0.4703125 0.071875 0.103125
3 0.73203125 0.4859375 0.0765625 0.090625
3 0.7109375 0.12421875 0.071875 0.109375
3 0.5203125 0.50546875 0.08125 0.0796875
3 0.503125 0.5984375 0.06875 0.109375
3 0.1734375 0.86484375 0.0765625 0.0765625
2 0.42421875 0.6171875 0.096875 0.146875
3 0.46015625 0.70546875 0.0796875 0.0796875
3 0.96328125 0.94921875 0.0703125 0.1