2 0.61875 0.91640625 0.0875 0.0671875
2 0.4421875 0.30625 0.084375 0.075
2 0.12578125 0.3046875 0.078125 0.0765625
2 0.87109375 0.77890625 0.0796875 0.0796875
2 0.69375 0.778125 0.0765625 0.0765625
2 0.45625 0.19609375 0.1 0.0625
2 0.4390625 0.6953125 0.084375 0.078125
2 0.375 0.0421875 0.09375 0.06875
2 0.59453125 0.7265625 0.096875 0.075
2 0.14140625 0.77265625 0.0859375 0.0875
2 0.534375 0.26484375 0.08125 0.08125
2 0.06171875 0.3890625 0.0765625 0.075
2 0.296875 0.14296875 0.0828125 0.0828125
2 0.22109375 0.65625 0.0734375 0.0625
2 0.478125 0.47734375 0.084375 0.0859375
2 0.859375 0.54375 0.084375 0.084375
2 0.1796875 0.45625 0.08125 0.075
2 0.47890625 0.7578125 0.0875 0.0875
2 0.92265625 0.74375 0.071875 0.071875
2 0.06171875 0.83125 0.075 0.075
2 0.653125 0.83671875 0.0828125 0.0828125
2 0.56953125 0.79140625 0.0921875 0.065625
2 0.06015625 0.54375 0.1015625 0.075
2 0.146875 0.37421875 0.084375 0.084375
2 0.35390625 0.45390625 0.1078125 0.0765625
2 0.25390625 0.384375 0.0828125 0.0828125
2 0.84609375 0.10703125 0.1109375 0.075
2 0.40859375 0.51171875 0.0953125 0.0765625
2 0.63125 0.13203125 0.084375 0.0859375
2 0.8390625 0.6328125 0.0921875 0.0921875
2 0.23125 0.08359375 0.0890625 0.0890625
2 0.8609375 0.0546875 0.09375 0.09375
2 0.1484375 0.96484375 0.075 0.0703125
2 0.959375 0.1046875 0.0796875 0.0796875
3 0.5984375 0.5671875 0.09375 0.071875
3 0.059375 0.459375 0.090625 0.0890625
3 0.68984375 0.940625 0.0921875 0.075