2 0.91640625 0.38125 0.0671875 0.0875
2 0.30625 0.5578125 0.0796875 0.0796875
2 0.3046875 0.87421875 0.065625 0.0890625
2 0.77890625 0.12890625 0.0765625 0.0828125
2 0.778125 0.30625 0.078125 0.0765625
2 0.19609375 0.54375 0.08125 0.08125
2 0.6953125 0.5609375 0.078125 0.084375
2 0.0421875 0.625 0.06875 0.09375
2 0.7265625 0.40546875 0.0859375 0.0859375
2 0.77265625 0.85859375 0.0875 0.0859375
2 0.26484375 0.465625 0.075 0.0875
2 0.3890625 0.93828125 0.065625 0.0859375
2 0.14296875 0.703125 0.071875 0.09375
2 0.65625 0.77890625 0.06875 0.0671875
2 0.47734375 0.521875 0.0796875 0.090625
2 0.54375 0.140625 0.08125 0.0875
2 0.45625 0.8203125 0.075 0.08125
2 0.7578125 0.52109375 0.084375 0.0921875
2 0.74375 0.07734375 0.075 0.06875
2 0.83125 0.93828125 0.075 0.0765625
2 0.83671875 0.346875 0.075 0.090625
2 0.79140625 0.43046875 0.078125 0.0796875
2 0.54375 0.93984375 0.075 0.1015625
2 0.37421875 0.853125 0.084375 0.084375
2 0.45390625 0.64609375 0.0765625 0.1078125
2 0.384375 0.74609375 0.0828125 0.0828125
2 0.10703125 0.15390625 0.075 0.1109375
2 0.51171875 0.59140625 0.0859375 0.0859375
2 0.13203125 0.36875 0.0859375 0.084375
2 0.6328125 0.1609375 0.090625 0.09375
2 0.08359375 0.76875 0.0890625 0.0890625
2 0.0546875 0.1390625 0.09375 0.09375
2 0.96484375 0.8515625 0.0703125 0.075
2 0.1046875 0.040625 0.0796875 0.0796875
3 0.5671875 0.4015625 0.0828125 0.0828125
3 0.459375 0.940625 0.0890625 0.0890625
3 0.940625 0.31015625 0.075 0.0921875