3 0.72734375 0.5609375 0.0796875 0.0796875
3 0.26171875 0.8671875 0.0890625 0.071875
3 0.77578125 0.959375 0.06875 0.06875
3 0.1078125 0.37578125 0.0734375 0.071875
3 0.10625 0.278125 0.0875 0.065625
3 0.3046875 0.49375 0.0703125 0.0703125
3 0.67265625 0.87734375 0.084375 0.084375
3 0.67890625 0.396875 0.0859375 0.06875
3 0.34375 0.0890625 0.0796875 0.0796875
3 0.78671875 0.728125 0.08125 0.08125
3 0.33671875 0.8796875 0.071875 0.071875
3 0.284375 0.76796875 0.075 0.0546875
3 0.73046875 0.14375 0.0734375 0.075
3 0.43828125 0.90234375 0.0859375 0.0609375
3 0.90859375 0.8703125 0.1046875 0.0875
3 0.49765625 0.2890625 0.0734375 0.0734375
3 0.25234375 0.94453125 0.0953125 0.0796875
3 0.609375 0.0984375 0.075 0.075
3 0.084375 0.94453125 0.0859375 0.084375
3 0.63828125 0.16328125 0.090625 0.090625
3 0.8078125 0.50703125 0.090625 0.0640625
3 0.190625 0.171875 0.075 0.0625
3 0.76484375 0.8953125 0.0921875 0.071875
3 0.14453125 0.88359375 0.0875 0.0875
3 0.5859375 0.43046875 0.0671875 0.06875
3 0.7140625 0.04765625 0.084375 0.0671875
3 0.34453125 0.70859375 0.0765625 0.0671875
3 0.15078125 0.6421875 0.0984375 0.06875
3 0.35859375 0.93203125 0.084375 0.0859375
3 0.4984375 0.62578125 0.0828125 0.08125
3 0.3046875 0.19765625 0.078125 0.078125
3 0.91171875 0.475 0.0890625 0.0625
3 0.38046875 0.35 0.0734375 0.0734375
3 0.08515625 0.675 0.075 0.075
3 0.45546875 0.4875 0.0921875 0.071875
3 0.85390625 0.1328125 0.1046875 0.06875
3 0.721875 0.6125 0.096875 0.05625
3 0.5671875 0.47265625 0.06875 0.06875
3 0.37734375 0.465625 0.0734375 0.075
3 0.4421875 0.42890625 0.0671875 0.065625
3 0.9546875 0.7546875 0.078125 0.078125
3 0.64609375 0.05546875 0.103125 0.0703125
3 0.553125 0.05703125 0.065625 0.065625
3 0.47109375 0.5453125 0.0796875 0.065625
3 0.36328125 0.203125 0.0828125 0.0625
3 0.0421875 0.459375 0.071875 0.071875
3 0.88984375 0.2265625 0.0671875 0.05
6 0.74375 0.3546875 0.10625 0.096875
3 0.37109375 0.7375 0.0890625 0.06875
3 0.8328125 0.45625 0.078125 0.078125
3 0.5140625 0.959375 0.084375 0.075
3 0.23125 0.20078125 0.075 0.075
3 0.11328125 0.56484375 0.0640625 0.0625
3 0.55703125 0.1203125 0.06875 0.06875