3 0.5609375 0.27265625 0.0796875 0.0796875
3 0.8671875 0.73828125 0.071875 0.0890625
3 0.959375 0.22421875 0.059375 0.0765625
3 0.37578125 0.8921875 0.071875 0.0734375
3 0.278125 0.89375 0.0765625 0.0765625
3 0.49375 0.6953125 0.0625 0.078125
3 0.87734375 0.32734375 0.084375 0.084375
3 0.396875 0.32109375 0.06875 0.0859375
3 0.0890625 0.65625 0.0796875 0.0796875
3 0.728125 0.21328125 0.08125 0.08125
3 0.8796875 0.66328125 0.059375 0.084375
3 0.76796875 0.715625 0.0546875 0.075
3 0.14375 0.26953125 0.06875 0.0796875
3 0.90234375 0.56171875 0.0734375 0.0734375
3 0.8703125 0.09140625 0.0875 0.1046875
3 0.2890625 0.50234375 0.0734375 0.0734375
3 0.94453125 0.74765625 0.0875 0.0875
3 0.0984375 0.390625 0.075 0.075
3 0.94453125 0.915625 0.0796875 0.090625
3 0.16328125 0.36171875 0.0765625 0.103125
3 0.50703125 0.1921875 0.078125 0.078125
3 0.171875 0.809375 0.0625 0.075
3 0.8953125 0.23515625 0.0828125 0.08125
3 0.88359375 0.85546875 0.075 0.1015625
3 0.43046875 0.4140625 0.0578125 0.078125
3 0.04765625 0.2859375 0.0765625 0.075
3 0.70859375 0.65546875 0.071875 0.071875
3 0.6421875 0.84921875 0.084375 0.084375
3 0.93203125 0.64140625 0.084375 0.084375
3 0.62578125 0.5015625 0.0765625 0.0875
3 0.19765625 0.6953125 0.078125 0.078125
3 0.475 0.08828125 0.075 0.0765625
3 0.35 0.61953125 0.06875 0.078125
3 0.675 0.91484375 0.0625 0.0859375
3 0.4875 0.54453125 0.071875 0.0921875
3 0.1328125 0.14609375 0.06875 0.1046875
3 0.6125 0.278125 0.05625 0.096875
3 0.47265625 0.4328125 0.059375 0.078125
3 0.465625 0.62265625 0.075 0.0734375
3 0.42890625 0.5578125 0.0609375 0.071875
3 0.7546875 0.0453125 0.078125 0.078125
3 0.05546875 0.35390625 0.0859375 0.0875
3 0.05703125 0.446875 0.0671875 0.065625
3 0.5453125 0.52890625 0.0734375 0.071875
3 0.203125 0.63671875 0.0625 0.0828125
3 0.459375 0.9578125 0.071875 0.071875
3 0.2265625 0.11015625 0.05 0.0671875
6 0.3546875 0.25625 0.1015625 0.1015625
3 0.7375 0.62890625 0.078125 0.078125
3 0.45625 0.1671875 0.078125 0.078125
3 0.959375 0.4859375 0.075 0.084375
3 0.20078125 0.76875 0.0703125 0.08125
3 0.56484375 0.88671875 0.0640625 0.0640625
3 0.1203125 0.44296875 0.06875 0.06875