2 0.66328125 0.5640625 0.08125 0.0828125
2 0.8890625 0.28046875 0.096875 0.0671875
2 0.5109375 0.48046875 0.08125 0.08125
2 0.2125 0.6640625 0.0703125 0.0703125
2 0.1140625 0.47890625 0.075 0.0734375
2 0.48828125 0.68125 0.0796875 0.08125
2 0.609375 0.4859375 0.09375 0.071875
2 0.21640625 0.13359375 0.084375 0.084375
2 0.81796875 0.1875 0.0921875 0.078125
2 0.88359375 0.471875 0.078125 0.0796875
2 0.1375 0.80703125 0.103125 0.0703125
2 0.15546875 0.178125 0.08125 0.059375
2 0.5828125 0.8328125 0.078125 0.078125
2 0.61796875 0.0453125 0.078125 0.078125
2 0.79296875 0.06875 0.0859375 0.084375
2 0.86875 0.34375 0.09375 0.06875
2 0.33125 0.884375 0.09375 0.06875
2 0.2453125 0.559375 0.084375 0.0625
2 0.89296875 0.40625 0.0796875 0.0796875
2 0.53359375 0.7296875 0.071875 0.071875
2 0.31484375 0.80234375 0.0859375 0.065625
2 0.7125 0.8953125 0.075 0.075
2 0.50390625 0.25390625 0.0875 0.0875
2 0.9375 0.6421875 0.0875 0.0625
2 0.31640625 0.371875 0.10625 0.06875
2 0.43046875 0.34296875 0.103125 0.071875
2 0.46328125 0.8171875 0.1078125 0.0625
2 0.73203125 0.25859375 0.0984375 0.0796875
2 0.39296875 0.2640625 0.0875 0.0875
2 0.6671875 0.1875 0.103125 0.075
2 0.0484375 0.821875 0.09375 0.071875
2 0.38828125 0.05703125 0.0828125 0.059375
2 0.4671875 0.053125 0.090625 0.071875
2 0.3109375 0.303125 0.103125 0.078125
2 0.0828125 0.91171875 0.1125 0.0609375
2 0.27578125 0.865625 0.084375 0.05625
2 0.51953125 0.55234375 0.06875 0.06875
2 0.33828125 0.65625 0.0734375 0.06875
2 0.25078125 0.24453125 0.1265625 0.0734375
2 0.275 0.73359375 0.06875 0.06875
2 0.58828125 0.546875 0.05625 0.0546875
2 0.24921875 0.503125 0.078125 0.059375
2 0.7890625 0.4875 0.09375 0.0625
2 0.0859375 0.57109375 0.09375 0.0921875
2 0.04921875 0.065625 0.0796875 0.08125
2 0.4234375 0.58515625 0.0875 0.0890625
4 0.41171875 0.67265625 0.08125 0.08125