2 0.66328125 0.4359375 0.0921875 0.071875
2 0.8890625 0.71953125 0.096875 0.0671875
2 0.5109375 0.51953125 0.09375 0.0703125
2 0.2125 0.3359375 0.08125 0.059375
2 0.1140625 0.52109375 0.0734375 0.0734375
2 0.48828125 0.31875 0.0953125 0.065625
2 0.609375 0.5140625 0.0828125 0.0828125
2 0.21640625 0.86640625 0.084375 0.0859375
2 0.81796875 0.8125 0.0921875 0.078125
2 0.88359375 0.528125 0.0953125 0.0625
2 0.1375 0.19296875 0.0859375 0.0875
2 0.15546875 0.821875 0.08125 0.059375
2 0.5828125 0.1671875 0.078125 0.078125
2 0.61796875 0.9546875 0.078125 0.0796875
2 0.79296875 0.93125 0.0859375 0.084375
2 0.86875 0.65625 0.09375 0.06875
2 0.33125 0.115625 0.08125 0.08125
2 0.2453125 0.440625 0.084375 0.0625
2 0.89296875 0.59375 0.0796875 0.0796875
2 0.53359375 0.2703125 0.071875 0.071875
2 0.31484375 0.19765625 0.0765625 0.075
2 0.7125 0.1046875 0.0875 0.0625
2 0.50390625 0.74609375 0.1015625 0.0734375
2 0.9375 0.3578125 0.0875 0.0625
2 0.31640625 0.628125 0.10625 0.06875
2 0.43046875 0.65703125 0.103125 0.071875
2 0.46328125 0.1828125 0.084375 0.084375
2 0.73203125 0.74140625 0.0984375 0.0796875
2 0.39296875 0.7359375 0.0875 0.0875
2 0.6671875 0.8125 0.103125 0.075
2 0.0484375 0.178125 0.09375 0.071875
2 0.38828125 0.94296875 0.0828125 0.059375
2 0.4671875 0.946875 0.090625 0.071875
2 0.3109375 0.696875 0.090625 0.090625
2 0.0828125 0.08828125 0.0859375 0.0875
2 0.27578125 0.134375 0.0703125 0.0703125
2 0.51953125 0.44765625 0.071875 0.0640625
2 0.33828125 0.34375 0.0734375 0.06875
2 0.25078125 0.75546875 0.1265625 0.0734375
2 0.275 0.26640625 0.06875 0.06875
2 0.58828125 0.453125 0.05625 0.0546875
2 0.24921875 0.496875 0.078125 0.059375
2 0.7890625 0.5125 0.09375 0.0625
2 0.0859375 0.42890625 0.096875 0.0890625
2 0.04921875 0.934375 0.0796875 0.08125
2 0.4234375 0.41484375 0.103125 0.0734375
4 0.41171875 0.32734375 0.08125 0.08125