3 0.7859375 0.559375 0.09375 0.075
3 0.2171875 0.56015625 0.084375 0.0625
3 0.8859375 0.34609375 0.0875 0.0890625
3 0.45 0.9546875 0.0765625 0.0765625
3 0.4796875 0.07421875 0.0828125 0.084375
3 0.74921875 0.89609375 0.0953125 0.0765625
3 0.7171875 0.3421875 0.096875 0.065625
3 0.46171875 0.2234375 0.084375 0.0828125
3 0.12109375 0.0703125 0.0828125 0.06875
3 0.81640625 0.440625 0.071875 0.0734375
3 0.909375 0.65 0.08125 0.08125
3 0.47265625 0.85234375 0.0796875 0.0796875
3 0.60078125 0.2609375 0.0703125 0.071875
3 0.55546875 0.75625 0.0859375 0.065625
3 0.2984375 0.48125 0.09375 0.075
3 0.6765625 0.7546875 0.090625 0.08125
3 0.8734375 0.55234375 0.0796875 0.078125
3 0.12890625 0.1453125 0.08125 0.08125
3 0.903125 0.4640625 0.0890625 0.0890625
3 0.4703125 0.6171875 0.103125 0.06875
3 0.3703125 0.52421875 0.0828125 0.084375
3 0.828125 0.2390625 0.0890625 0.0890625
3 0.2765625 0.259375 0.0875 0.0875
3 0.20390625 0.65078125 0.0859375 0.0875
3 0.57265625 0.58046875 0.1078125 0.0703125
3 0.6171875 0.83984375 0.0859375 0.0859375
3 0.36875 0.26328125 0.0875 0.0640625
3 0.15078125 0.60703125 0.090625 0.0890625
3 0.11875 0.25078125 0.11875 0.0671875
3 0.41328125 0.0859375 0.08125 0.08125
3 0.25234375 0.1796875 0.0890625 0.065625
3 0.39140625 0.75 0.084375 0.0828125
3 0.7828125 0.665625 0.0921875 0.0921875
3 0.5359375 0.221875 0.075 0.075
3 0.0453125 0.89921875 0.0765625 0.078125
3 0.9125 0.840625 0.090625 0.0625
3 0.709375 0.80234375 0.078125 0.078125
3 0.7796875 0.36953125 0.078125 0.0703125
3 0.090625 0.8390625 0.09375 0.06875
3 0.07421875 0.31328125 0.0859375 0.0578125
3 0.88203125 0.92421875 0.078125 0.078125
3 0.37109375 0.96328125 0.096875 0.0703125
3 0.6265625 0.17734375 0.096875 0.0640625
3 0.296875 0.89453125 0.103125 0.0734375
3 0.928125 0.2875 0.08125 0.08125
3 0.059375 0.4921875 0.075 0.071875
3 0.3546875 0.33984375 0.090625 0.0671875
3 0.38046875 0.5609375 0.090625 0.065625
3 0.93515625 0.5390625 0.0734375 0.08125
3 0.83984375 0.87421875 0.0859375 0.06875
3 0.35078125 0.6359375 0.08125 0.08125
3 0.55234375 0.515625 0.0890625 0.05625
3 0.81171875 0.7796875 0.1 0.053125
3 0.6578125 0.075 0.096875 0.06875
3 0.06640625 0.36640625 0.0859375 0.0859375
3 0.85703125 0.69921875 0.0734375 0.0734375
3 0.91484375 0.22578125 0.0875 0.0875
3 0.29765625 0.5984375 0.1078125 0.078125
3 0.584375 0.3296875 0.078125 0.078125
3 0.9546875 0.3890625 0.090625 0.065625
3 0.52421875 0.4359375 0.084375 0.084375
3 0.571875 0.42578125 0.084375 0.0671875
3 0.43359375 0.3875 0.084375 0.0828125
3 0.45390625 0.31875 0.1046875 0.078125
3 0.1328125 0.3984375 0.075 0.075
3 0.46640625 0.496875 0.084375 0.084375
3 0.896875 0.1015625 0.084375 0.090625
3 0.5984375 0.13359375 0.09375 0.0921875
3 0.5078125 0.6625 0.1125 0.06875
3 0.56640625 0.0796875 0.0875 0.0890625
3 0.5734375 0.6578125 0.090625 0.075
3 0.33984375 0.15078125 0.0953125 0.0765625
3 0.84140625 0.73125 0.1015625 0.05625
3 0.103125 0.7171875 0.0859375 0.0859375
3 0.66171875 0.28671875 0.0921875 0.06875
3 0.21796875 0.93125 0.084375 0.084375
3 0.45234375 0.4546875 0.0921875 0.090625
3 0.0671875 0.5953125 0.096875 0.071875
3 0.6796875 0.85 0.0796875 0.0796875
3 0.50703125 0.37421875 0.0953125 0.0703125
3 0.515625 0.7375 0.0875 0.065625
3 0.28125 0.08984375 0.096875 0.0671875
3 0.53203125 0.125 0.0703125 0.06875
3 0.3078125 0.834375 0.0875 0.0875
3 0.21328125 0.8078125 0.0953125 0.065625
3 0.50390625 0.53125 0.0703125 0.06875
3 0.8484375 0.05 0.065625 0.1
3 0.0734375 0.4390625 0.078125 0.078125
3 0.54296875 0.9125 0.09375 0.0921875
3 0.18203125 0.06953125 0.0828125 0.0828125
3 0.7265625 0.1734375 0.1 0.06875
3 0.6140625 0.36796875 0.090625 0.0796875
3 0.04921875 0.79375 0.0921875 0.090625
3 0.41875 0.6796875 0.0890625 0.0890625
3 0.1734375 0.15546875 0.0875 0.0875
3 0.71484375 0.10625 0.0984375 0.08125
4 0.796875 0.12421875 0.0859375 0.0875
3 0.6796875 0.43125 0.084375 0.084375
3 0.32265625 0.35703125 0.0765625 0.0765625
3 0.48671875 0.709375 0.1125 0.06875
3 0.821875 0.853125 0.090625 0.06875
3 0.80546875 0.80234375 0.0984375 0.0671875
3 0.33125 0.07734375 0.090625 0.0703125
3 0.115625 0.3125 0.071875 0.071875
3 0.11875 0.43125 0.078125 0.0796875
3 0.37109375 0.89375 0.084375 0.0828125
3 0.275 0.20625 0.09375 0.0625