3 0.5640625 0.5140625 0.06875 0.0875
3 0.36640625 0.85 0.0671875 0.084375
3 0.15625 0.3265625 0.08125 0.08125
3 0.1671875 0.21015625 0.075 0.075
3 0.721875 0.81171875 0.0625 0.1015625
3 0.18046875 0.68671875 0.078125 0.0765625
3 0.5078125 0.8515625 0.071875 0.090625
3 0.25 0.728125 0.084375 0.084375
3 0.8984375 0.58046875 0.0828125 0.084375
3 0.43671875 0.6125 0.06875 0.08125
3 0.05 0.6734375 0.075 0.075
3 0.6046875 0.6078125 0.059375 0.084375
3 0.52890625 0.62578125 0.0640625 0.0859375
3 0.59140625 0.43203125 0.084375 0.084375
3 0.9453125 0.82890625 0.071875 0.1015625
3 0.22421875 0.58984375 0.075 0.075
3 0.7546875 0.38203125 0.0765625 0.0765625
3 0.4921875 0.50078125 0.071875 0.071875
3 0.12265625 0.6515625 0.0671875 0.090625
1 0.56796875 0.18515625 0.0859375 0.1125
3 0.059375 0.853125 0.065625 0.1
3 0.39375 0.45859375 0.09375 0.09375
3 0.5078125 0.39609375 0.0703125 0.071875
3 0.77578125 0.14140625 0.0765625 0.0953125
3 0.38125 0.7171875 0.0765625 0.0765625
3 0.6421875 0.20234375 0.065625 0.0921875
3 0.753125 0.59921875 0.06875 0.0890625
3 0.78203125 0.31015625 0.075 0.075
3 0.13359375 0.08515625 0.0859375 0.0859375
3 0.7203125 0.2546875 0.0734375 0.0734375
3 0.20703125 0.50390625 0.0671875 0.0765625
3 0.86953125 0.65703125 0.06875 0.1046875
1 0.71484375 0.6765625 0.096875 0.096875
3 0.40390625 0.94921875 0.0765625 0.0765625
3 0.46015625 0.71015625 0.075 0.075
3 0.4296875 0.5140625 0.065625 0.078125
3 0.34375 0.71484375 0.0765625 0.075
3 0.96328125 0.1671875 0.0734375 0.075
3 0.2015625 0.89609375 0.075 0.0953125
3 0.553125 0.67890625 0.065625 0.0890625
3 0.725 0.1796875 0.078125 0.090625
3 0.5359375 0.79296875 0.0859375 0.0875
3 0.4921875 0.73671875 0.0890625 0.0890625
3 0.06015625 0.75546875 0.071875 0.071875
3 0.15625 0.403125 0.08125 0.06875
3 0.234375 0.3890625 0.08125 0.08125
3 0.73203125 0.4453125 0.078125 0.078125
3 0.1890625 0.08046875 0.071875 0.1171875
3 0.56953125 0.26171875 0.09375 0.0796875
4 0.2703125 0.921875 0.09375 0.09375
3 0.30625 0.88984375 0.078125 0.0796875
3 0.234375 0.9515625 0.08125 0.08125
3 0.8234375 0.94453125 0.0796875 0.078125
3 0.1625 0.43515625 0.08125 0.0984375