3 0.5140625 0.4359375 0.0875 0.06875
3 0.85 0.63359375 0.084375 0.0671875
3 0.3265625 0.84375 0.08125 0.08125
3 0.21015625 0.8328125 0.084375 0.065625
3 0.81171875 0.278125 0.1015625 0.0625
3 0.68671875 0.81953125 0.0765625 0.078125
3 0.8515625 0.4921875 0.090625 0.071875
3 0.728125 0.75 0.1 0.06875
3 0.58046875 0.1015625 0.0953125 0.071875
3 0.6125 0.56328125 0.075 0.075
3 0.6734375 0.95 0.075 0.075
3 0.6078125 0.3953125 0.084375 0.059375
3 0.62578125 0.47109375 0.075 0.075
3 0.43203125 0.40859375 0.096875 0.0703125
3 0.82890625 0.0546875 0.0859375 0.0875
3 0.58984375 0.77578125 0.075 0.075
3 0.38203125 0.2453125 0.084375 0.06875
3 0.50078125 0.5078125 0.071875 0.071875
3 0.6515625 0.87734375 0.090625 0.0671875
1 0.18515625 0.43203125 0.1125 0.0859375
3 0.853125 0.940625 0.0828125 0.0828125
3 0.45859375 0.60625 0.1046875 0.08125
3 0.39609375 0.4921875 0.0765625 0.065625
3 0.14140625 0.22421875 0.0953125 0.0765625
3 0.7171875 0.61875 0.075 0.078125
3 0.20234375 0.3578125 0.0921875 0.065625
3 0.59921875 0.246875 0.0890625 0.06875
3 0.31015625 0.21796875 0.075 0.075
3 0.08515625 0.86640625 0.1046875 0.0671875
3 0.2546875 0.2796875 0.075 0.071875
3 0.50390625 0.79296875 0.0765625 0.0671875
3 0.65703125 0.13046875 0.0859375 0.0875
1 0.6765625 0.28515625 0.096875 0.096875
3 0.94921875 0.59609375 0.0890625 0.0640625
3 0.71015625 0.53984375 0.075 0.075
3 0.5140625 0.5703125 0.078125 0.065625
3 0.71484375 0.65625 0.075 0.0765625
3 0.16640625 0.034375 0.0859375 0.065625
3 0.89609375 0.7984375 0.084375 0.0859375
3 0.67890625 0.446875 0.0765625 0.0765625
3 0.1796875 0.275 0.090625 0.078125
3 0.79296875 0.4640625 0.0875 0.0859375
3 0.73671875 0.5078125 0.1046875 0.071875
3 0.75546875 0.93984375 0.071875 0.071875
3 0.403125 0.84375 0.06875 0.08125
3 0.3890625 0.765625 0.10625 0.05625
3 0.4453125 0.26796875 0.078125 0.078125
3 0.08046875 0.8109375 0.1171875 0.071875
3 0.26171875 0.43046875 0.0875 0.0875
4 0.921875 0.7296875 0.09375 0.09375
3 0.88984375 0.69375 0.0796875 0.0796875
3 0.9515625 0.765625 0.09375 0.06875
3 0.94453125 0.1765625 0.078125 0.0796875
3 0.43515625 0.8375 0.0890625 0.0890625