3 0.9015625 0.7703125 0.0734375 0.0734375
3 0.259375 0.7578125 0.0734375 0.071875
3 0.1703125 0.896875 0.08125 0.08125
3 0.68046875 0.77734375 0.0765625 0.0765625
3 0.33203125 0.7171875 0.071875 0.0875
3 0.1609375 0.6609375 0.0625 0.1
3 0.3984375 0.4984375 0.08125 0.08125
3 0.6296875 0.31328125 0.059375 0.0890625
3 0.340625 0.85859375 0.075 0.1015625
3 0.6078125 0.09609375 0.06875 0.06875
3 0.68671875 0.175 0.0765625 0.0765625
3 0.15 0.7734375 0.065625 0.09375
3 0.06171875 0.4265625 0.0703125 0.078125
3 0.10859375 0.67265625 0.059375 0.0859375
3 0.05 0.89609375 0.0890625 0.0890625
3 0.39453125 0.19140625 0.065625 0.0734375
3 0.2890625 0.59453125 0.065625 0.0828125
3 0.5125 0.39765625 0.0625 0.084375
3 0.59765625 0.61328125 0.0671875 0.0921875
3 0.8765625 0.1109375 0.078125 0.078125
3 0.72109375 0.49921875 0.0609375 0.0765625
3 0.6265625 0.71171875 0.0890625 0.090625
3 0.7515625 0.421875 0.065625 0.0875
6 0.0609375 0.35703125 0.084375 0.0953125
3 0.5765625 0.36484375 0.071875 0.0875
3 0.190625 0.37109375 0.071875 0.071875
3 0.5171875 0.22734375 0.065625 0.0796875
3 0.234375 0.271875 0.0625 0.065625
3 0.79453125 0.840625 0.0734375 0.08125
3 0.3546875 0.57734375 0.084375 0.0828125
3 0.4953125 0.15859375 0.06875 0.06875
3 0.83125 0.63359375 0.06875 0.06875
1 0.246875 0.19375 0.1 0.1
3 0.940625 0.709375 0.075 0.075
3 0.86015625 0.50703125 0.0609375 0.0609375
3 0.4890625 0.2890625 0.065625 0.084375
3 0.15 0.375 0.06875 0.1
3 0.84921875 0.53359375 0.078125 0.078125
6 0.50703125 0.89609375 0.1015625 0.0984375
4 0.8078125 0.75234375 0.084375 0.0828125
6 0.403125 0.29609375 0.0765625 0.1078125
6 0.19765625 0.08125 0.103125 0.1015625
3 0.41953125 0.0421875 0.0703125 0.0703125
3 0.85546875 0.8203125 0.071875 0.071875
3 0.64296875 0.95 0.0875 0.0875
4 0.4328125 0.9515625 0.078125 0.096875