3 0.23515625 0.7359375 0.0828125 0.109375
3 0.24765625 0.3375 0.0796875 0.1
3 0.8859375 0.1671875 0.078125 0.1
3 0.5828125 0.6171875 0.0859375 0.0859375
3 0.56953125 0.52265625 0.084375 0.0859375
3 0.671875 0.10859375 0.08125 0.096875
3 0.88125 0.440625 0.084375 0.10625
3 0.87265625 0.06953125 0.084375 0.084375
3 0.8046875 0.56875 0.0796875 0.0796875
3 0.95546875 0.0953125 0.0890625 0.09375
3 0.2828125 0.2375 0.078125 0.09375
3 0.7828125 0.909375 0.071875 0.0875
3 0.80703125 0.25625 0.0828125 0.0875
3 0.096875 0.41875 0.084375 0.084375
3 0.2 0.07421875 0.06875 0.1046875
3 0.0796875 0.103125 0.0796875 0.0796875
3 0.31875 0.8515625 0.06875 0.096875
3 0.4359375 0.89453125 0.090625 0.090625
3 0.03203125 0.24921875 0.0640625 0.1015625
3 0.5625 0.10390625 0.075 0.1015625
3 0.2390625 0.14765625 0.0875 0.0953125
3 0.26953125 0.55859375 0.0765625 0.0984375
3 0.38125 0.796875 0.09375 0.09375
3 0.453125 0.35625 0.0875 0.0875
3 0.8515625 0.34453125 0.084375 0.0859375
3 0.4375 0.634375 0.071875 0.090625
3 0.29453125 0.58828125 0.0875 0.0875
3 0.24765625 0.4546875 0.1 0.1
3 0.82734375 0.19140625 0.0734375 0.1109375
3 0.0671875 0.7875 0.071875 0.1
3 0.51953125 0.6296875 0.0671875 0.090625
3 0.153125 0.71171875 0.08125 0.1109375
3 0.1578125 0.92421875 0.078125 0.1078125
3 0.54921875 0.190625 0.090625 0.090625
3 0.91796875 0.32109375 0.0828125 0.0828125
3 0.1359375 0.88359375 0.075 0.1
3 0.91484375 0.53515625 0.0734375 0.1015625
3 0.55625 0.74609375 0.0875 0.0875
3 0.959375 0.21640625 0.075 0.109375
3 0.76953125 0.12109375 0.078125 0.078125
3 0.7703125 0.5859375 0.071875 0.103125
3 0.0703125 0.6921875 0.0875 0.0875
3 0.8734375 0.2953125 0.0875 0.0875
3 0.60625 0.4375 0.06875 0.1
3 0.2078125 0.640625 0.06875 0.090625
3 0.3453125 0.42109375 0.090625 0.0890625
3 0.196875 0.5359375 0.090625 0.090625
3 0.63203125 0.35390625 0.0765625 0.109375
3 0.61015625 0.8796875 0.0703125 0.090625
3 0.50625 0.6671875 0.0625 0.090625
3 0.52109375 0.40390625 0.08125 0.08125
3 0.7015625 0.3890625 0.0703125 0.071875
3 0.9484375 0.490625 0.0625 0.1
5 0.73203125 0.29765625 0.1015625 0.1015625
3 0.49375 0.0796875 0.078125 0.1
3 0.10546875 0.5921875 0.0640625 0.090625
3 0.5609375 0.48125 0.078125 0.096875
3 0.5171875 0.503125 0.059375 0.103125
5 0.353125 0.240625 0.1265625 0.1265625
3 0.1421875 0.6109375 0.071875 0.1
3 0.3046875 0.278125 0.075 0.10625
3 0.75234375 0.37265625 0.0734375 0.0984375
3 0.45703125 0.49140625 0.090625 0.090625
3 0.08125 0.58359375 0.084375 0.0828125
3 0.4046875 0.46875 0.08125 0.08125
0 0.7109375 0.61328125 0.065625 0.1375
3 0.43671875 0.659375 0.0609375 0.09375
3 0.471875 0.46484375 0.0625 0.1015625