3 0.2640625 0.23515625 0.096875 0.096875
3 0.6625 0.24765625 0.1 0.0796875
3 0.8328125 0.8859375 0.1 0.078125
3 0.3828125 0.5828125 0.096875 0.075
3 0.47734375 0.56953125 0.0859375 0.084375
3 0.89140625 0.671875 0.0890625 0.0890625
3 0.559375 0.88125 0.0953125 0.0953125
3 0.93046875 0.87265625 0.084375 0.084375
3 0.43125 0.8046875 0.09375 0.065625
3 0.9046875 0.95546875 0.09375 0.0890625
3 0.7625 0.2828125 0.09375 0.078125
3 0.090625 0.7828125 0.0796875 0.0796875
3 0.74375 0.80703125 0.0875 0.0828125
3 0.58125 0.096875 0.084375 0.084375
3 0.92578125 0.2 0.1046875 0.06875
3 0.896875 0.0796875 0.0875 0.071875
3 0.1484375 0.31875 0.096875 0.06875
3 0.10546875 0.4359375 0.103125 0.078125
3 0.7515625 0.0359375 0.08125 0.071875
3 0.89609375 0.5625 0.1015625 0.075
3 0.85234375 0.2390625 0.0921875 0.090625
3 0.44140625 0.26953125 0.0984375 0.0765625
3 0.203125 0.38125 0.1125 0.075
3 0.64375 0.453125 0.0875 0.0875
3 0.65546875 0.8515625 0.0890625 0.08125
3 0.365625 0.4375 0.08125 0.08125
3 0.41171875 0.29453125 0.0875 0.0875
3 0.5453125 0.24765625 0.1 0.1
3 0.80859375 0.82734375 0.0921875 0.0921875
3 0.2125 0.0671875 0.0859375 0.0859375
3 0.3703125 0.51953125 0.0796875 0.078125
3 0.28828125 0.153125 0.0953125 0.096875
3 0.07578125 0.1578125 0.09375 0.0921875
3 0.809375 0.54921875 0.103125 0.0796875
3 0.67890625 0.91796875 0.0828125 0.0828125
3 0.11640625 0.1359375 0.1 0.075
3 0.46484375 0.91484375 0.0875 0.0875
3 0.25390625 0.55625 0.0875 0.0875
3 0.78359375 0.959375 0.109375 0.075
3 0.87890625 0.76953125 0.078125 0.078125
3 0.4140625 0.7703125 0.0875 0.0875
3 0.3078125 0.0703125 0.0875 0.0875
3 0.7046875 0.8734375 0.0875 0.0875
3 0.5625 0.60625 0.084375 0.084375
3 0.359375 0.2078125 0.090625 0.06875
3 0.57890625 0.3453125 0.1046875 0.075
3 0.4640625 0.196875 0.09375 0.0875
3 0.64609375 0.63203125 0.09375 0.0921875
3 0.1203125 0.61015625 0.090625 0.0703125
3 0.3328125 0.50625 0.090625 0.0625
3 0.59609375 0.52109375 0.08125 0.08125
3 0.6109375 0.7015625 0.071875 0.06875
3 0.509375 0.9484375 0.1 0.0625
5 0.70234375 0.73203125 0.1015625 0.1015625
3 0.9203125 0.49375 0.0890625 0.0890625
3 0.4078125 0.10546875 0.090625 0.0640625
3 0.51875 0.5609375 0.096875 0.078125
3 0.496875 0.5171875 0.103125 0.059375
5 0.759375 0.353125 0.165625 0.0875
3 0.3890625 0.1421875 0.1 0.071875
3 0.721875 0.3046875 0.10625 0.075
3 0.62734375 0.75234375 0.0984375 0.0734375
3 0.50859375 0.45703125 0.1125 0.06875
3 0.41640625 0.08125 0.0828125 0.084375
3 0.53125 0.4046875 0.08125 0.08125
0 0.38671875 0.7109375 0.1015625 0.1015625
3 0.340625 0.43671875 0.0765625 0.078125
3 0.53515625 0.471875 0.1015625 0.0625