3 0.73671875 0.57109375 0.0796875 0.0796875
3 0.8875 0.5734375 0.0875 0.065625
3 0.8296875 0.7171875 0.084375 0.075
3 0.43984375 0.234375 0.090625 0.0625
3 0.7265625 0.4703125 0.0828125 0.08125
3 0.24140625 0.6765625 0.078125 0.0796875
3 0.5546875 0.7515625 0.096875 0.065625
3 0.20546875 0.39765625 0.0796875 0.0796875
3 0.534375 0.6953125 0.075 0.065625
3 0.0734375 0.134375 0.071875 0.05625
3 0.528125 0.29453125 0.096875 0.06875
3 0.19296875 0.6484375 0.078125 0.078125
3 0.1828125 0.5578125 0.109375 0.071875
3 0.42421875 0.55 0.0859375 0.0859375
3 0.10546875 0.50390625 0.0828125 0.0703125
3 0.71640625 0.38515625 0.1 0.0796875
3 0.6015625 0.58671875 0.0796875 0.0796875
3 0.890625 0.896875 0.0859375 0.0859375
3 0.10234375 0.62890625 0.090625 0.0703125
3 0.67890625 0.7140625 0.0796875 0.071875
3 0.1203125 0.43046875 0.096875 0.0671875
3 0.4203125 0.76875 0.084375 0.075
3 0.35078125 0.2375 0.0875 0.0859375
3 0.190625 0.7484375 0.0875 0.0875
3 0.2015625 0.2 0.090625 0.071875
3 0.54375 0.440625 0.10625 0.0625
3 0.7890625 0.16484375 0.0828125 0.084375
3 0.61953125 0.21640625 0.0984375 0.0671875
3 0.40859375 0.18046875 0.084375 0.0828125
3 0.11875 0.93984375 0.0859375 0.0859375
3 0.86171875 0.2140625 0.08125 0.08125
3 0.88203125 0.63828125 0.08125 0.08125
3 0.37890625 0.7125 0.0921875 0.0625
3 0.93125 0.6625 0.08125 0.06875
3 0.53046875 0.484375 0.075 0.0765625
3 0.475 0.4046875 0.078125 0.078125
3 0.52578125 0.9046875 0.0890625 0.090625
3 0.85546875 0.50078125 0.109375 0.065625
3 0.55546875 0.83203125 0.0984375 0.075
3 0.3328125 0.6078125 0.103125 0.071875
3 0.53671875 0.55859375 0.0953125 0.0703125
3 0.23359375 0.928125 0.078125 0.0765625
3 0.94453125 0.11640625 0.0921875 0.0609375
3 0.09296875 0.890625 0.075 0.075
3 0.08671875 0.696875 0.0890625 0.071875
3 0.26796875 0.553125 0.065625 0.065625
3 0.715625 0.18046875 0.09375 0.065625
3 0.86953125 0.37109375 0.125 0.0625
3 0.240625 0.7875 0.0875 0.0625
3 0.80703125 0.32421875 0.1015625 0.0703125
3 0.2734375 0.85078125 0.078125 0.059375
3 0.7484375 0.0640625 0.075 0.075
3 0.41015625 0.6671875 0.0984375 0.071875
3 0.49609375 0.17421875 0.071875 0.071875
3 0.7984375 0.04765625 0.075 0.0734375
3 0.1171875 0.3171875 0.109375 0.071875
3 0.76484375 0.6375 0.096875 0.06875
3 0.9296875 0.271875 0.09375 0.06875
3 0.49453125 0.85 0.090625 0.0921875
3 0.26953125 0.74140625 0.0796875 0.075
3 0.71796875 0.653125 0.0859375 0.0875
3 0.76015625 0.1125 0.0921875 0.0625
3 0.32890625 0.94921875 0.0796875 0.0765625
3 0.54140625 0.23828125 0.0890625 0.0890625
3 0.8421875 0.8578125 0.078125 0.078125
3 0.05234375 0.103125 0.075 0.075
3 0.3484375 0.440625 0.0890625 0.0890625
3 0.6453125 0.68125 0.090625 0.0875
3 0.7703125 0.846875 0.0953125 0.0953125
3 0.60234375 0.7046875 0.078125 0.078125
3 0.70078125 0.3046875 0.09375 0.09375
3 0.290625 0.45703125 0.078125 0.078125
3 0.1484375 0.88671875 0.065625 0.0734375
3 0.43671875 0.4203125 0.08125 0.08125
3 0.86484375 0.13203125 0.0828125 0.0828125
3 0.6453125 0.26953125 0.1 0.0734375
3 0.5640625 0.128125 0.09375 0.08125
3 0.6765625 0.96796875 0.10625 0.0640625
3 0.60546875 0.5140625 0.1140625 0.040625
3 0.0484375 0.05078125 0.096875 0.0640625
3 0.2296875 0.475 0.0875 0.0875
3 0.9609375 0.88203125 0.078125 0.0796875
3 0.33359375 0.1109375 0.1109375 0.065625
3 0.47109375 0.08359375 0.1140625 0.0765625
3 0.41328125 0.13125 0.0953125 0.0625
4 0.68359375 0.84375 0.1 0.1
3 0.25703125 0.2578125 0.084375 0.084375
3 0.2109375 0.853125 0.0875 0.071875
3 0.440625 0.10234375 0.078125 0.0796875
3 0.50859375 0.14296875 0.0984375 0.0609375
3 0.88984375 0.965625 0.0734375 0.06875
3 0.1984375 0.18046875 0.08125 0.08125