3 0.2328125 0.18515625 0.0875 0.0890625
3 0.121875 0.22578125 0.0734375 0.0734375
3 0.33125 0.41796875 0.0875 0.0875
3 0.284375 0.09375 0.06875 0.0875
3 0.65859375 0.23984375 0.09375 0.09375
3 0.67421875 0.4234375 0.0828125 0.0828125
3 0.92421875 0.35625 0.065625 0.0875
3 0.478125 0.38359375 0.08125 0.084375
3 0.09375 0.140625 0.071875 0.09375
3 0.43828125 0.496875 0.0671875 0.0875
3 0.83125 0.33671875 0.0859375 0.0859375
3 0.59453125 0.62890625 0.0609375 0.0765625
3 0.07734375 0.28671875 0.0765625 0.0890625
3 0.403125 0.54609375 0.084375 0.084375
3 0.06640625 0.3734375 0.0703125 0.090625
3 0.15078125 0.35234375 0.0671875 0.0921875
3 0.86015625 0.15390625 0.0875 0.0875
3 0.7828125 0.94140625 0.071875 0.0859375
3 0.4875 0.29453125 0.0796875 0.078125
3 0.60859375 0.39453125 0.090625 0.090625
3 0.22421875 0.3078125 0.0734375 0.090625
3 0.678125 0.65859375 0.071875 0.0828125
3 0.12109375 0.9234375 0.0625 0.084375
3 0.18359375 0.71484375 0.0921875 0.0828125
3 0.45546875 0.6578125 0.0640625 0.078125
3 0.525 0.2359375 0.075 0.090625
3 0.93671875 0.9484375 0.08125 0.078125
3 0.225 0.58046875 0.0828125 0.084375
3 0.05546875 0.075 0.0671875 0.10625
3 0.575 0.43359375 0.065625 0.0890625
3 0.5625 0.184375 0.078125 0.078125
3 0.275 0.321875 0.059375 0.115625
3 0.13359375 0.05703125 0.0828125 0.1046875
3 0.47421875 0.578125 0.0859375 0.0859375
3 0.08046875 0.81953125 0.090625 0.090625
3 0.89921875 0.47734375 0.0828125 0.0828125
3 0.265625 0.790625 0.078125 0.078125
3 0.71875 0.84453125 0.08125 0.096875
3 0.92109375 0.84609375 0.0890625 0.0734375
3 0.88984375 0.2703125 0.0859375 0.096875
3 0.0875 0.43828125 0.06875 0.078125
3 0.21640625 0.45546875 0.0734375 0.0890625
3 0.54140625 0.3140625 0.084375 0.078125
3 0.96171875 0.51640625 0.0671875 0.1203125
3 0.4046875 0.92890625 0.090625 0.090625
3 0.60859375 0.53125 0.08125 0.0796875
3 0.40078125 0.703125 0.0734375 0.1
3 0.2359375 0.81953125 0.059375 0.0890625
3 0.6546875 0.759375 0.0796875 0.0796875
3 0.03984375 0.5296875 0.075 0.0765625
3 0.5625 0.7234375 0.0796875 0.0796875
3 0.725 0.30859375 0.090625 0.0890625
3 0.45390625 0.75703125 0.0890625 0.0890625
3 0.80703125 0.79453125 0.0859375 0.0984375
3 0.5203125 0.809375 0.0890625 0.0890625
3 0.50234375 0.15703125 0.090625 0.090625
3 0.1078125 0.5796875 0.078125 0.090625
3 0.4109375 0.8234375 0.0796875 0.090625
3 0.95859375 0.6484375 0.08125 0.08125
3 0.321875 0.81171875 0.0875 0.0875
3 0.478125 0.10859375 0.1125 0.0859375
3 0.7828125 0.3578125 0.059375 0.13125
3 0.6296875 0.696875 0.065625 0.10625
3 0.0640625 0.61328125 0.0796875 0.1015625
3 0.2078125 0.5046875 0.078125 0.078125
3 0.1734375 0.8640625 0.090625 0.1
3 0.68828125 0.71171875 0.0734375 0.0703125
3 0.5828125 0.94765625 0.06875 0.0671875
3 0.26328125 0.8890625 0.0796875 0.103125
3 0.33828125 0.83046875 0.0640625 0.0796875
3 0.93125 0.68828125 0.078125 0.1140625
3 0.3953125 0.7515625 0.0796875 0.0796875
3 0.49296875 0.840625 0.084375 0.084375
3 0.91953125 0.55859375 0.0875 0.0875
3 0.46796875 0.9390625 0.0875 0.0875
3 0.29609375 0.88984375 0.0671875 0.0859375
3 0.03828125 0.82890625 0.06875 0.0984375
3 0.8625 0.55078125 0.084375 0.0859375
3 0.5734375 0.5296875 0.059375 0.078125