3 0.23515625 0.82421875 0.084375 0.0828125
3 0.46484375 0.659375 0.0890625 0.0890625
3 0.7625 0.21640625 0.1 0.0734375
3 0.36328125 0.24921875 0.078125 0.078125
3 0.26328125 0.7578125 0.0984375 0.078125
0 0.4546875 0.13125 0.096875 0.096875
3 0.80390625 0.2734375 0.0953125 0.071875
3 0.10390625 0.58984375 0.09375 0.09375
3 0.64765625 0.15390625 0.0796875 0.0796875
3 0.72890625 0.4921875 0.1015625 0.078125
3 0.8765625 0.228125 0.090625 0.090625
3 0.1640625 0.8875 0.090625 0.06875
3 0.0765625 0.134375 0.08125 0.06875
3 0.67578125 0.278125 0.1015625 0.075
3 0.50859375 0.28515625 0.0875 0.0734375
3 0.37578125 0.68203125 0.078125 0.0796875
3 0.6984375 0.70625 0.09375 0.09375
3 0.934375 0.0859375 0.096875 0.075
3 0.60234375 0.703125 0.0765625 0.0765625
3 0.67890625 0.3625 0.0859375 0.05625
3 0.39296875 0.3140625 0.0859375 0.0859375
3 0.44375 0.234375 0.09375 0.06875
3 0.34765625 0.36875 0.1078125 0.08125
3 0.85703125 0.6546875 0.1046875 0.075
6 0.5609375 0.37109375 0.0984375 0.096875
3 0.2765625 0.6484375 0.1 0.075
3 0.634375 0.759375 0.0796875 0.0796875
3 0.20703125 0.9640625 0.0765625 0.071875
3 0.2234375 0.37890625 0.103125 0.0640625
3 0.21328125 0.44140625 0.075 0.075
3 0.16328125 0.6515625 0.0890625 0.06875
3 0.10234375 0.8484375 0.08125 0.08125
3 0.54921875 0.65625 0.075 0.0734375
3 0.76796875 0.12890625 0.0859375 0.0578125
3 0.109375 0.30390625 0.084375 0.0703125
3 0.12109375 0.94921875 0.075 0.075
6 0.33984375 0.06640625 0.1125 0.0734375
4 0.22890625 0.30546875 0.140625 0.1015625
6 0.30703125 0.3359375 0.1015625 0.1015625
6 0.46640625 0.8046875 0.159375 0.09375
6 0.321875 0.590625 0.14375 0.0875
6 0.77109375 0.64375 0.103125 0.103125
3 0.6765625 0.071875 0.0671875 0.0671875
3 0.8140625 0.69765625 0.071875 0.0734375
3 0.90078125 0.57890625 0.0703125 0.0703125
3 0.5765625 0.859375 0.0875 0.0875
3 0.64453125 0.8578125 0.078125 0.0796875
3 0.68359375 0.8296875 0.0859375 0.0859375
3 0.69140625 0.62890625 0.071875 0.0671875
3 0.4109375 0.9015625 0.078125 0.078125
3 0.11171875 0.8125 0.0953125 0.0578125
3 0.0703125 0.90234375 0.0828125 0.084375
3 0.7515625 0.13984375 0.0859375 0.084375
3 0.81640625 0.0546875 0.078125 0.059375
3 0.87265625 0.07109375 0.06875 0.06875
3 0.8546875 0.1359375 0.084375 0.065625
3 0.903125 0.1546875 0.075 0.075
3 0.62421875 0.31484375 0.090625 0.090625
3 0.2484375 0.66875 0.0875 0.06875
3 0.04609375 0.3984375 0.0796875 0.059375
3 0.0625 0.3484375 0.09375 0.0625
3 0.4015625 0.071875 0.075 0.075
3 0.4875 0.0515625 0.0875 0.059375
3 0.3921875 0.61328125 0.0734375 0.075
3 0.34921875 0.678125 0.1 0.071875
3 0.62734375 0.55390625 0.1 0.065625
3 0.1890625 0.6296875 0.084375 0.065625
3 0.1484375 0.3109375 0.0875 0.08125