3 0.51484375 0.125 0.0921875 0.06875
3 0.2484375 0.2765625 0.08125 0.08125
3 0.4171875 0.7390625 0.078125 0.078125
3 0.63203125 0.3359375 0.0890625 0.0875
3 0.83359375 0.6953125 0.075 0.075
3 0.5078125 0.36484375 0.084375 0.0640625
3 0.36484375 0.08046875 0.06875 0.06875
3 0.834375 0.425 0.078125 0.078125
4 0.90703125 0.88671875 0.09375 0.09375
3 0.5953125 0.7078125 0.09375 0.059375
3 0.64453125 0.634375 0.0953125 0.075
3 0.0609375 0.7140625 0.075 0.075
3 0.18671875 0.44453125 0.09375 0.09375
3 0.1296875 0.825 0.078125 0.078125
3 0.703125 0.41640625 0.09375 0.075
3 0.77890625 0.23203125 0.0890625 0.0578125
3 0.740625 0.490625 0.08125 0.08125
3 0.0640625 0.5171875 0.090625 0.071875
3 0.7421875 0.67734375 0.096875 0.0703125
3 0.5828125 0.903125 0.103125 0.075
3 0.2234375 0.0890625 0.078125 0.065625
3 0.85703125 0.5359375 0.0828125 0.059375
3 0.22421875 0.346875 0.078125 0.078125
3 0.165625 0.8921875 0.075 0.075
3 0.44296875 0.66640625 0.0796875 0.0671875
3 0.403125 0.871875 0.0828125 0.0828125
3 0.8671875 0.75546875 0.071875 0.071875
3 0.7734375 0.76484375 0.0796875 0.0796875
3 0.94140625 0.40390625 0.06875 0.06875
3 0.81796875 0.28515625 0.078125 0.078125
3 0.51875 0.4890625 0.0828125 0.0828125
3 0.5703125 0.49375 0.0875 0.071875
3 0.79921875 0.84375 0.090625 0.090625
3 0.678125 0.07109375 0.0796875 0.078125
3 0.68828125 0.521875 0.0859375 0.06875
3 0.20078125 0.67734375 0.0890625 0.0890625
3 0.13515625 0.6203125 0.1015625 0.0625
3 0.71640625 0.953125 0.0796875 0.0796875
3 0.65390625 0.16015625 0.078125 0.078125
3 0.946875 0.4546875 0.0734375 0.0734375
3 0.0453125 0.78984375 0.0875 0.0640625
3 0.08515625 0.925 0.0984375 0.05625
3 0.603125 0.0359375 0.0875 0.0625
3 0.134375 0.65859375 0.0875 0.0859375