3 0.13828125 0.37421875 0.065625 0.065625
3 0.259375 0.0796875 0.0734375 0.0734375
3 0.10625 0.13046875 0.0671875 0.06875
3 0.1015625 0.74765625 0.0875 0.0875
3 0.55625 0.7515625 0.0765625 0.0765625
3 0.2046875 0.16015625 0.071875 0.0765625
3 0.62734375 0.83671875 0.0828125 0.0828125
3 0.76328125 0.84609375 0.0671875 0.0890625
3 0.7640625 0.546875 0.0640625 0.0640625
3 0.63984375 0.71953125 0.078125 0.0953125
3 0.22421875 0.6921875 0.0734375 0.096875
3 0.2546875 0.8140625 0.059375 0.09375
3 0.55078125 0.26015625 0.0609375 0.0796875
3 0.25859375 0.4125 0.0609375 0.078125
3 0.584375 0.06171875 0.0796875 0.08125
3 0.16328125 0.4546875 0.0796875 0.0796875
3 0.428125 0.0828125 0.05 0.075
3 0.4859375 0.8484375 0.071875 0.071875
3 0.7390625 0.31953125 0.0828125 0.084375
3 0.7625 0.1546875 0.059375 0.090625
3 0.875 0.54609375 0.06875 0.0796875
3 0.3296875 0.17421875 0.071875 0.0703125
3 0.4078125 0.70859375 0.0828125 0.0828125
3 0.6703125 0.91640625 0.0796875 0.0796875
3 0.49375 0.1234375 0.05625 0.078125
3 0.05625 0.40234375 0.0671875 0.06875
3 0.88359375 0.4171875 0.0671875 0.0671875
3 0.73125 0.4703125 0.0765625 0.0765625
3 0.090625 0.89765625 0.0625 0.0796875
3 0.8515625 0.6609375 0.071875 0.071875
3 0.79296875 0.6125 0.0546875 0.09375
3 0.1234375 0.5328125 0.084375 0.0828125
3 0.87578125 0.665625 0.0703125 0.096875
3 0.16875 0.9140625 0.05625 0.084375
3 0.16796875 0.740625 0.08125 0.08125
3 0.8015625 0.2453125 0.078125 0.078125
3 0.26328125 0.8734375 0.078125 0.078125
3 0.15703125 0.26015625 0.06875 0.06875
6 0.48984375 0.74609375 0.0921875 0.0921875
3 0.35390625 0.48515625 0.0578125 0.0765625
3 0.2546875 0.51328125 0.0625 0.075
3 0.49375 0.34609375 0.0859375 0.084375
3 0.35390625 0.2703125 0.0625 0.0609375
3 0.05 0.53828125 0.06875 0.065625
3 0.3046875 0.45859375 0.0703125 0.071875
3 0.3515625 0.77265625 0.071875 0.0765625
3 0.85546875 0.0578125 0.06875 0.0703125
3 0.5484375 0.3734375 0.0625 0.078125
3 0.88359375 0.30390625 0.071875 0.071875
3 0.084375 0.46953125 0.05 0.0671875
3 0.31875 0.88671875 0.05625 0.0796875
3 0.415625 0.5875 0.065625 0.065625
3 0.6328125 0.56015625 0.065625 0.1
3 0.68515625 0.2921875 0.0578125 0.075
3 0.35625 0.609375 0.06875 0.06875
3 0.52109375 0.89921875 0.0640625 0.0640625
3 0.965625 0.9203125 0.06875 0.075
3 0.71015625 0.39296875 0.0640625 0.0640625
3 0.46875 0.559375 0.05625 0.0875
3 0.7 0.2203125 0.05625 0.071875
3 0.928125 0.76328125 0.0703125 0.06875
3 0.88671875 0.88828125 0.053125 0.071875
3 0.215625 0.58125 0.0640625 0.0640625
3 0.67265625 0.45234375 0.0640625 0.0640625
3 0.71796875 0.7109375 0.071875 0.0734375
3 0.35390625 0.8484375 0.0578125 0.0625
3 0.33046875 0.63828125 0.0734375 0.0796875
3 0.9203125 0.2421875 0.059375 0.071875
3 0.46171875 0.63203125 0.0734375 0.071875
3 0.59375 0.51328125 0.065625 0.065625
6 0.48359375 0.409375 0.0796875 0.096875
3 0.43984375 0.325 0.0625 0.0640625
3 0.678125 0.7921875 0.075 0.0734375
3 0.396875 0.43046875 0.053125 0.0796875
3 0.8234375 0.33984375 0.065625 0.0640625
3 0.8953125 0.81796875 0.0640625 0.065625
3 0.1390625 0.83203125 0.0765625 0.075
3 0.7578125 0.721875 0.08125 0.08125
3 0.2109375 0.3703125 0.071875 0.08125
3 0.21484375 0.925 0.0484375 0.06875
3 0.43203125 0.51328125 0.06875 0.06875
3 0.04140625 0.05390625 0.0640625 0.0640625
3 0.4265625 0.2578125 0.065625 0.065625
3 0.2328125 0.2828125 0.0734375 0.0734375
3 0.95 0.340625 0.0578125 0.059375
3 0.8921875 0.17578125 0.0546875 0.05625
3 0.4640625 0.190625 0.059375 0.071875
3 0.4125 0.18984375 0.065625 0.065625
3 0.6328125 0.33125 0.065625 0.065625
3 0.74609375 0.26171875 0.0625 0.0625
3 0.18203125 0.03671875 0.0515625 0.0734375
3 0.36328125 0.20078125 0.046875 0.0640625
3 0.4296875 0.38046875 0.0703125 0.0703125
3 0.428125 0.4484375 0.071875 0.071875
3 0.03203125 0.63359375 0.0640625 0.0671875
3 0.3390625 0.721875 0.0609375 0.0609375
3 0.1296875 0.9671875 0.05625 0.065625
3 0.0265625 0.93359375 0.053125 0.0578125