3 0.10234375 0.68515625 0.09375 0.1078125
3 0.4671875 0.92109375 0.090625 0.0890625
3 0.17734375 0.41328125 0.0890625 0.0890625
3 0.38046875 0.3828125 0.084375 0.084375
3 0.384375 0.53203125 0.09375 0.09375
3 0.40703125 0.465625 0.0890625 0.08125
3 0.5015625 0.54921875 0.06875 0.096875
3 0.6734375 0.4515625 0.090625 0.090625
3 0.6578125 0.659375 0.0828125 0.0828125
3 0.6859375 0.73828125 0.090625 0.090625
3 0.846875 0.94765625 0.0625 0.096875
3 0.8359375 0.73203125 0.078125 0.1171875
3 0.90859375 0.703125 0.096875 0.096875
3 0.92421875 0.62734375 0.08125 0.0890625
3 0.80546875 0.578125 0.08125 0.0828125
3 0.83515625 0.4640625 0.090625 0.090625
3 0.79921875 0.17578125 0.0859375 0.0875
3 0.76875 0.22578125 0.090625 0.090625
3 0.81015625 0.278125 0.0875 0.0890625
3 0.78671875 0.36953125 0.0796875 0.0890625