3 0.8515625 0.9296875 0.059375 0.08125
3 0.10390625 0.0875 0.084375 0.084375
3 0.63515625 0.50703125 0.06875 0.0875
3 0.91484375 0.09765625 0.08125 0.08125
3 0.36953125 0.8515625 0.078125 0.078125
3 0.12421875 0.52890625 0.0765625 0.0765625
3 0.890625 0.82890625 0.0734375 0.0734375
3 0.925 0.534375 0.0859375 0.0859375
3 0.321875 0.534375 0.075 0.075
3 0.94140625 0.75703125 0.0765625 0.0890625
3 0.15234375 0.8265625 0.0703125 0.0703125
3 0.90859375 0.909375 0.0671875 0.08125
3 0.825 0.525 0.06875 0.090625
3 0.06015625 0.56953125 0.090625 0.090625
3 0.6640625 0.66171875 0.084375 0.084375
3 0.321875 0.40546875 0.0734375 0.071875
2 0.1 0.853125 0.078125 0.078125
3 0.72578125 0.5015625 0.0828125 0.0828125
3 0.2453125 0.53671875 0.06875 0.06875
3 0.4421875 0.82734375 0.06875 0.06875
3 0.78828125 0.24140625 0.0765625 0.0921875
3 0.29765625 0.80625 0.0875 0.0890625
3 0.471875 0.49453125 0.071875 0.0890625
3 0.10390625 0.6734375 0.065625 0.078125
3 0.24375 0.384375 0.08125 0.08125
3 0.74140625 0.1546875 0.0734375 0.09375
3 0.82265625 0.1609375 0.0765625 0.090625
3 0.44609375 0.83203125 0.0484375 0.0765625
3 0.44609375 0.3234375 0.08125 0.0796875
3 0.25234375 0.95234375 0.078125 0.078125
6 0.3875 0.67734375 0.0890625 0.0890625
3 0.50546875 0.26328125 0.0859375 0.0859375
3 0.0890625 0.453125 0.0921875 0.0921875
3 0.5375 0.32421875 0.08125 0.1015625
3 0.48046875 0.77578125 0.084375 0.084375
3 0.80703125 0.0671875 0.075 0.075
3 0.796875 0.35078125 0.06875 0.0875
3 0.6078125 0.92734375 0.06875 0.0890625
3 0.7046875 0.81875 0.071875 0.0875
3 0.60078125 0.2515625 0.0671875 0.0875
3 0.13671875 0.428125 0.0609375 0.0875
3 0.70546875 0.05546875 0.0890625 0.0890625
3 0.1234375 0.34765625 0.071875 0.0875
3 0.47734375 0.40859375 0.06875 0.06875
3 0.2171875 0.61484375 0.075 0.0921875
3 0.6328125 0.9421875 0.08125 0.08125
6 0.86328125 0.67421875 0.0875 0.0875
3 0.61171875 0.1421875 0.0671875 0.096875
3 0.221875 0.815625 0.0828125 0.0828125
3 0.2125 0.8609375 0.084375 0.084375
3 0.871875 0.5984375 0.06875 0.09375
3 0.46953125 0.91640625 0.0765625 0.1
3 0.696875 0.90390625 0.075 0.075
3 0.18203125 0.7265625 0.06875 0.06875
3 0.9203125 0.66875 0.0625 0.075
3 0.6359375 0.84453125 0.08125 0.08125
3 0.4140625 0.546875 0.0890625 0.0890625
3 0.50703125 0.93203125 0.0609375 0.0984375
3 0.1671875 0.3171875 0.090625 0.090625
3 0.26640625 0.12421875 0.078125 0.0890625
3 0.24453125 0.734375 0.0765625 0.1
3 0.0796875 0.2484375 0.084375 0.084375
3 0.28359375 0.6171875 0.0734375 0.096875
3 0.33515625 0.45625 0.084375 0.0828125
3 0.7875 0.90078125 0.0828125 0.084375
3 0.2671875 0.67109375 0.065625 0.0828125
3 0.9390625 0.6265625 0.078125 0.078125
3 0.809375 0.41015625 0.0859375 0.084375
3 0.05 0.2328125 0.0921875 0.0921875
6 0.27890625 0.21171875 0.096875 0.096875
3 0.428125 0.38046875 0.05625 0.0828125
3 0.225 0.2453125 0.05625 0.090625
3 0.67421875 0.1359375 0.0640625 0.0875
3 0.05234375 0.05546875 0.059375 0.0640625
3 0.3015625 0.740625 0.065625 0.078125