3 0.1484375 0.0703125 0.0703125 0.0703125
3 0.89609375 0.9125 0.0671875 0.1
3 0.36484375 0.49296875 0.06875 0.0875
3 0.08515625 0.90234375 0.0734375 0.0875
3 0.63046875 0.1484375 0.078125 0.078125
3 0.87578125 0.47109375 0.0765625 0.0765625
3 0.109375 0.17109375 0.0625 0.0828125
3 0.075 0.465625 0.0859375 0.0859375
3 0.678125 0.465625 0.06875 0.08125
3 0.05859375 0.24296875 0.0828125 0.0828125
3 0.84765625 0.1734375 0.0703125 0.0703125
3 0.09140625 0.090625 0.0671875 0.08125
3 0.175 0.475 0.078125 0.0796875
3 0.93984375 0.43046875 0.078125 0.1046875
3 0.3359375 0.33828125 0.084375 0.084375
3 0.678125 0.59453125 0.0734375 0.071875
2 0.9 0.146875 0.078125 0.078125
3 0.27421875 0.4984375 0.0828125 0.0828125
3 0.7546875 0.46328125 0.053125 0.0859375
3 0.5578125 0.17265625 0.065625 0.0734375
3 0.21171875 0.75859375 0.084375 0.084375
3 0.70234375 0.19375 0.0828125 0.09375
3 0.528125 0.50546875 0.08125 0.08125
3 0.89609375 0.3265625 0.065625 0.078125
3 0.75625 0.615625 0.08125 0.08125
3 0.25859375 0.8453125 0.0734375 0.09375
3 0.17734375 0.8390625 0.0765625 0.090625
3 0.55390625 0.16796875 0.0625 0.0625
3 0.55390625 0.6765625 0.0609375 0.1
3 0.74765625 0.04765625 0.0671875 0.0890625
6 0.6125 0.32265625 0.0890625 0.0890625
3 0.49453125 0.73671875 0.0734375 0.0984375
3 0.9109375 0.546875 0.08125 0.103125
3 0.4625 0.67578125 0.0921875 0.0921875
3 0.51953125 0.22421875 0.084375 0.084375
3 0.19296875 0.9328125 0.0703125 0.078125
3 0.203125 0.64921875 0.06875 0.0875
3 0.3921875 0.07265625 0.06875 0.0890625
3 0.2953125 0.18125 0.0796875 0.0796875
3 0.39921875 0.7484375 0.0671875 0.0875
3 0.86328125 0.571875 0.075 0.0734375
3 0.29453125 0.94453125 0.0890625 0.0890625
3 0.8765625 0.65234375 0.078125 0.0796875
3 0.52265625 0.59140625 0.06875 0.06875
3 0.7828125 0.38515625 0.084375 0.0828125
3 0.3671875 0.0578125 0.065625 0.096875
6 0.13671875 0.32578125 0.0765625 0.0984375
3 0.38828125 0.8578125 0.08125 0.0828125
3 0.778125 0.184375 0.06875 0.096875
3 0.7875 0.1390625 0.084375 0.084375
3 0.128125 0.4015625 0.08125 0.08125
3 0.53046875 0.08359375 0.0765625 0.1
3 0.303125 0.09609375 0.075 0.075
3 0.81796875 0.2734375 0.06875 0.06875
3 0.0796875 0.33125 0.06875 0.06875
3 0.3640625 0.15546875 0.071875 0.0921875
3 0.5859375 0.453125 0.0890625 0.0890625
3 0.49296875 0.06796875 0.0609375 0.0984375
3 0.8328125 0.6828125 0.084375 0.096875
3 0.73359375 0.87578125 0.078125 0.0890625
3 0.75546875 0.265625 0.0765625 0.1
3 0.9203125 0.7515625 0.065625 0.103125
3 0.71640625 0.3828125 0.084375 0.084375
3 0.66484375 0.54375 0.0734375 0.09375
3 0.2125 0.09921875 0.0828125 0.084375
3 0.7328125 0.32890625 0.065625 0.0828125
3 0.0609375 0.3734375 0.06875 0.0875
3 0.190625 0.58984375 0.06875 0.1015625
3 0.95 0.7671875 0.078125 0.10625
6 0.72109375 0.78828125 0.090625 0.103125
3 0.571875 0.61953125 0.0703125 0.0703125
3 0.775 0.7546875 0.05625 0.090625
3 0.32578125 0.8640625 0.0640625 0.0875
3 0.94765625 0.94453125 0.059375 0.0640625
3 0.6984375 0.259375 0.071875 0.071875