3 0.621875 0.353125 0.075 0.0875
3 0.2375 0.828125 0.08125 0.10625
3 0.18203125 0.746875 0.096875 0.0953125
3 0.896875 0.59921875 0.078125 0.0859375
3 0.62421875 0.82578125 0.078125 0.1109375
3 0.45234375 0.178125 0.0921875 0.0921875
3 0.684375 0.86171875 0.065625 0.0984375
3 0.3046875 0.5765625 0.0953125 0.0953125
1 0.3609375 0.73984375 0.0921875 0.0921875
3 0.6171875 0.709375 0.09375 0.09375
3 0.7859375 0.65078125 0.08125 0.0984375
3 0.89453125 0.66640625 0.0765625 0.0828125
3 0.221875 0.45078125 0.0875 0.1015625
3 0.434375 0.58828125 0.0875 0.0921875
3 0.9421875 0.16328125 0.084375 0.1
3 0.121875 0.5921875 0.090625 0.10625
3 0.54453125 0.8375 0.0796875 0.09375
3 0.5609375 0.9265625 0.09375 0.09375
3 0.67109375 0.05625 0.1 0.09375
3 0.43359375 0.084375 0.0828125 0.0875
3 0.740625 0.7234375 0.0953125 0.0953125
3 0.07890625 0.65859375 0.0953125 0.0953125
3 0.6578125 0.27578125 0.0984375 0.1
3 0.3046875 0.11953125 0.084375 0.0890625