3 0.1015625 0.12265625 0.08125 0.08125
3 0.73203125 0.20625 0.0828125 0.06875
3 0.6640625 0.81875 0.0859375 0.0859375
3 0.39453125 0.39609375 0.09375 0.09375
3 0.6171875 0.17890625 0.0875 0.0875
3 0.6671875 0.6703125 0.090625 0.071875
4 0.79921875 0.08515625 0.103125 0.103125
3 0.8765625 0.1453125 0.090625 0.090625
3 0.69140625 0.35390625 0.0875 0.0875
3 0.5859375 0.696875 0.1 0.065625
3 0.88828125 0.8453125 0.0953125 0.0953125
3 0.2734375 0.7296875 0.10625 0.078125
3 0.12109375 0.1984375 0.0921875 0.0921875
3 0.17890625 0.059375 0.0796875 0.06875
3 0.41953125 0.5234375 0.0890625 0.065625
3 0.5546875 0.265625 0.103125 0.075
3 0.26640625 0.8671875 0.1015625 0.078125
3 0.18984375 0.14765625 0.0875 0.0875
3 0.11328125 0.0390625 0.078125 0.0765625
3 0.3796875 0.61875 0.09375 0.075
3 0.1640625 0.75859375 0.1 0.0796875
3 0.3328125 0.5265625 0.103125 0.065625
3 0.80703125 0.2671875 0.1 0.08125
3 0.12109375 0.3734375 0.0984375 0.071875
6 0.50859375 0.1640625 0.0984375 0.065625
3 0.809375 0.76171875 0.090625 0.071875
3 0.9234375 0.4921875 0.090625 0.090625
3 0.2859375 0.6203125 0.103125 0.084375
3 0.5640625 0.4 0.084375 0.0859375
3 0.09140625 0.61171875 0.0953125 0.0671875
3 0.48046875 0.35859375 0.0875 0.0875
3 0.5375 0.22578125 0.10625 0.0734375
3 0.55703125 0.5984375 0.084375 0.05625
6 0.284375 0.8296875 0.15 0.071875
3 0.9328125 0.253125 0.084375 0.0625
3 0.21875 0.51953125 0.0875 0.0625
3 0.2515625 0.0921875 0.090625 0.075
3 0.32734375 0.06875 0.0765625 0.0765625
3 0.43671875 0.57890625 0.0828125 0.0609375
3 0.45390625 0.2171875 0.0984375 0.071875
3 0.3171875 0.66171875 0.0828125 0.0828125
3 0.5296875 0.4640625 0.078125 0.078125
3 0.51796875 0.5390625 0.084375 0.065625
3 0.54765625 0.3453125 0.078125 0.078125
3 0.8796875 0.2109375 0.06875 0.06875
3 0.94453125 0.73359375 0.0796875 0.0578125
3 0.4890625 0.28359375 0.090625 0.0765625
3 0.08203125 0.18203125 0.0828125 0.0828125
3 0.58359375 0.79375 0.0625 0.0640625
3 0.540625 0.7265625 0.0640625 0.0640625
3 0.68828125 0.60625 0.0703125 0.0703125
3 0.75703125 0.5859375 0.06875 0.06875
3 0.896875 0.6828125 0.090625 0.05625
3 0.90078125 0.646875 0.0828125 0.06875
3 0.72890625 0.65625 0.0875 0.0875
3 0.4921875 0.80625 0.0796875 0.0796875
3 0.47421875 0.77109375 0.0765625 0.0765625
3 0.51171875 0.78984375 0.0921875 0.0671875
3 0.61640625 0.74140625 0.065625 0.065625
3 0.6703125 0.7578125 0.078125 0.078125
3 0.728125 0.740625 0.09375 0.0625
3 0.74921875 0.70703125 0.071875 0.071875
3 0.83515625 0.7328125 0.08125 0.0796875
3 0.86484375 0.89921875 0.1015625 0.0703125
3 0.67578125 0.96484375 0.0703125 0.0703125
3 0.05078125 0.6 0.0984375 0.0625
3 0.5640625 0.4671875 0.103125 0.065625
3 0.95234375 0.90390625 0.078125 0.078125
3 0.53828125 0.51953125 0.090625 0.090625
3 0.36484375 0.803125 0.06875 0.06875
3 0.15078125 0.33359375 0.0828125 0.0671875
3 0.140625 0.2796875 0.065625 0.046875
3 0.58203125 0.5859375 0.0734375 0.075