3 0.85078125 0.09921875 0.075 0.075
3 0.71015625 0.14765625 0.078125 0.078125
3 0.928125 0.1875 0.0796875 0.0796875
3 0.815625 0.20703125 0.084375 0.084375
3 0.903125 0.3046875 0.090625 0.0890625
3 0.8140625 0.2859375 0.090625 0.090625
3 0.6296875 0.33359375 0.103125 0.08125
3 0.72421875 0.340625 0.0953125 0.078125
3 0.76953125 0.41015625 0.0953125 0.0734375
3 0.81875 0.46015625 0.08125 0.08125
3 0.8625 0.5953125 0.075 0.065625
3 0.85703125 0.7875 0.0953125 0.075
3 0.7890625 0.8 0.08125 0.08125
3 0.71953125 0.759375 0.0875 0.0859375
3 0.7921875 0.89375 0.084375 0.084375
3 0.7046875 0.91875 0.09375 0.0875
3 0.615625 0.903125 0.0953125 0.0953125
3 0.37265625 0.8609375 0.0796875 0.0796875
3 0.2140625 0.88125 0.103125 0.08125
3 0.25234375 0.9359375 0.0859375 0.084375
3 0.125 0.9109375 0.0859375 0.0859375
3 0.278125 0.68828125 0.103125 0.071875
3 0.29609375 0.5734375 0.1078125 0.071875
3 0.1796875 0.5953125 0.08125 0.08125
3 0.134375 0.69609375 0.1 0.0734375
3 0.078125 0.61796875 0.10625 0.075
3 0.19453125 0.446875 0.0953125 0.065625
3 0.2859375 0.384375 0.0859375 0.0859375
3 0.3796875 0.3953125 0.0875 0.071875
3 0.44453125 0.53671875 0.0875 0.0875
3 0.44609375 0.684375 0.0921875 0.0625
3 0.39921875 0.7390625 0.0890625 0.0890625
3 0.59140625 0.61015625 0.0921875 0.06875
3 0.5 0.46015625 0.0828125 0.0828125
3 0.546875 0.50390625 0.0875 0.0796875
3 0.52109375 0.75234375 0.0828125 0.0828125
5 0.5625 0.71640625 0.1203125 0.1203125
3 0.69921875 0.46796875 0.103125 0.103125
3 0.76953125 0.55 0.0859375 0.0859375
3 0.7359375 0.5984375 0.084375 0.084375
3 0.68671875 0.540625 0.0828125 0.075
3 0.63671875 0.515625 0.0875 0.0890625
3 0.13359375 0.37734375 0.084375 0.084375
3 0.046875 0.46484375 0.084375 0.084375
3 0.053125 0.2890625 0.1 0.078125
3 0.1046875 0.09765625 0.0796875 0.078125
3 0.17578125 0.209375 0.0859375 0.0859375
3 0.4828125 0.2578125 0.0796875 0.0796875
3 0.3703125 0.290625 0.0828125 0.0828125
3 0.3203125 0.278125 0.065625 0.071875
0 0.23828125 0.26640625 0.1171875 0.1328125
3 0.5 0.1125 0.06875 0.08125
3 0.3640625 0.13671875 0.0875 0.0765625
3 0.24921875 0.04453125 0.0953125 0.0890625
3 0.065625 0.12265625 0.084375 0.084375
3 0.39609375 0.06328125 0.0921875 0.090625
3 0.31328125 0.08671875 0.0890625 0.0890625
3 0.428125 0.0890625 0.078125 0.078125
3 0.94296875 0.96171875 0.0890625 0.0671875
0 0.41796875 0.2453125 0.0765625 0.084375