3 0.09921875 0.14921875 0.075 0.075
3 0.14765625 0.28984375 0.078125 0.078125
3 0.1875 0.071875 0.0796875 0.0796875
3 0.20703125 0.184375 0.0703125 0.1
3 0.3046875 0.096875 0.078125 0.1
3 0.2859375 0.1859375 0.090625 0.090625
3 0.33359375 0.3703125 0.08125 0.103125
3 0.340625 0.27578125 0.078125 0.0953125
3 0.41015625 0.23046875 0.0734375 0.0953125
3 0.46015625 0.18125 0.0765625 0.0875
3 0.5953125 0.1375 0.065625 0.075
3 0.7875 0.14296875 0.075 0.0953125
3 0.8 0.2109375 0.059375 0.103125
3 0.759375 0.28046875 0.08125 0.0921875
3 0.89375 0.2078125 0.078125 0.090625
3 0.91875 0.2953125 0.090625 0.090625
3 0.903125 0.384375 0.08125 0.109375
3 0.8609375 0.62734375 0.0796875 0.0796875
3 0.88125 0.7859375 0.08125 0.103125
3 0.9359375 0.74765625 0.084375 0.084375
3 0.9109375 0.875 0.075 0.096875
3 0.68828125 0.721875 0.071875 0.103125
3 0.5734375 0.70390625 0.071875 0.1078125
3 0.5953125 0.8203125 0.08125 0.08125
3 0.69609375 0.865625 0.0875 0.0859375
3 0.61796875 0.921875 0.090625 0.090625
3 0.446875 0.80546875 0.0796875 0.0796875
3 0.384375 0.7140625 0.075 0.096875
3 0.3953125 0.6203125 0.0796875 0.0796875
3 0.53671875 0.55546875 0.0875 0.0875
3 0.684375 0.55390625 0.0625 0.0921875
3 0.7390625 0.60078125 0.0890625 0.0890625
3 0.61015625 0.40859375 0.08125 0.08125
3 0.46015625 0.5 0.0828125 0.0828125
3 0.50390625 0.453125 0.084375 0.0828125
3 0.75234375 0.47890625 0.0640625 0.1015625
5 0.71640625 0.4375 0.1296875 0.1125
3 0.46796875 0.30078125 0.090625 0.1171875
3 0.55 0.23046875 0.0859375 0.0859375
3 0.5984375 0.2640625 0.065625 0.103125
3 0.540625 0.31328125 0.0796875 0.0796875
3 0.515625 0.36328125 0.08125 0.0953125
3 0.37734375 0.86640625 0.084375 0.084375
3 0.46484375 0.953125 0.0828125 0.0875
3 0.2890625 0.946875 0.078125 0.1
3 0.09765625 0.8953125 0.0765625 0.08125
3 0.209375 0.82421875 0.075 0.096875
3 0.2578125 0.5171875 0.0796875 0.078125
3 0.290625 0.6296875 0.0828125 0.0828125
3 0.278125 0.6796875 0.071875 0.065625
0 0.26640625 0.76171875 0.1328125 0.1171875
3 0.1125 0.5 0.075 0.0765625
3 0.13671875 0.6359375 0.08125 0.0828125
3 0.04453125 0.75078125 0.0890625 0.0953125
3 0.12265625 0.934375 0.0671875 0.103125
3 0.06328125 0.60390625 0.0921875 0.0921875
3 0.08671875 0.68671875 0.0703125 0.1078125
3 0.0890625 0.571875 0.078125 0.078125
3 0.96171875 0.05703125 0.0671875 0.0890625
0 0.2453125 0.58203125 0.084375 0.0765625