3 0.62109375 0.1484375 0.0828125 0.0828125
3 0.6640625 0.68203125 0.0796875 0.0796875
3 0.759375 0.30703125 0.078125 0.0765625
3 0.18046875 0.3703125 0.0546875 0.096875
3 0.0546875 0.21328125 0.0765625 0.075
3 0.725 0.68984375 0.0625 0.1015625
3 0.2046875 0.26796875 0.065625 0.0859375
3 0.8125 0.6328125 0.0734375 0.0734375
3 0.5828125 0.9 0.0703125 0.0703125
3 0.4984375 0.465625 0.059375 0.078125
3 0.4390625 0.340625 0.084375 0.084375
3 0.8546875 0.296875 0.08125 0.08125
3 0.18515625 0.75078125 0.0765625 0.0765625
3 0.8125 0.2109375 0.078125 0.078125
3 0.3703125 0.14296875 0.084375 0.0828125
3 0.66484375 0.0609375 0.0734375 0.0734375
3 0.26015625 0.32421875 0.078125 0.078125
3 0.85390625 0.08984375 0.08125 0.08125
3 0.215625 0.83671875 0.084375 0.084375
3 0.51328125 0.71015625 0.0578125 0.0890625
3 0.07109375 0.36328125 0.0671875 0.0859375
3 0.2734375 0.42109375 0.06875 0.06875
3 0.80390625 0.52109375 0.0671875 0.096875
3 0.09921875 0.546875 0.0578125 0.08125
3 0.67109375 0.81640625 0.06875 0.06875
3 0.5875 0.06328125 0.0703125 0.0703125
3 0.79609375 0.95078125 0.0671875 0.0828125
3 0.928125 0.53828125 0.0703125 0.0703125
3 0.87109375 0.875 0.075 0.075
3 0.759375 0.43984375 0.06875 0.071875
3 0.3359375 0.6171875 0.0671875 0.0671875
3 0.40234375 0.07421875 0.0609375 0.084375
3 0.44453125 0.20390625 0.078125 0.078125
3 0.69296875 0.5125 0.071875 0.071875
3 0.109375 0.92890625 0.065625 0.0796875
3 0.80625 0.82109375 0.06875 0.0984375
3 0.91015625 0.61875 0.06875 0.090625
3 0.5953125 0.6796875 0.059375 0.084375
3 0.28359375 0.3765625 0.0671875 0.09375
3 0.15 0.66796875 0.065625 0.0765625
3 0.653125 0.896875 0.0625 0.078125
3 0.3109375 0.13515625 0.065625 0.065625
3 0.4921875 0.27109375 0.0625 0.0796875
3 0.74765625 0.58359375 0.084375 0.084375
3 0.8578125 0.3640625 0.0671875 0.0671875
3 0.121875 0.26171875 0.0625 0.0796875
3 0.52265625 0.6171875 0.0578125 0.078125
3 0.6 0.2671875 0.065625 0.075
3 0.1296875 0.1703125 0.0640625 0.0640625
3 0.66484375 0.41328125 0.05625 0.071875
3 0.615625 0.58984375 0.0625 0.0890625
3 0.24296875 0.890625 0.059375 0.078125
3 0.7375 0.87265625 0.0625 0.0765625
3 0.26875 0.06953125 0.065625 0.0734375
3 0.1140625 0.09375 0.084375 0.06875
3 0.940625 0.2234375 0.0640625 0.0640625
3 0.546875 0.2140625 0.059375 0.09375
3 0.13828125 0.45078125 0.0484375 0.071875
3 0.25 0.54375 0.0703125 0.0703125
3 0.93046875 0.453125 0.0609375 0.0609375
3 0.45 0.8046875 0.0703125 0.0703125
3 0.68515625 0.34453125 0.0703125 0.0703125
3 0.5203125 0.78046875 0.059375 0.0796875
3 0.8890625 0.11328125 0.05625 0.0890625
3 0.5515625 0.54453125 0.075 0.0734375
3 0.3046875 0.9359375 0.08125 0.08125
3 0.1125 0.84609375 0.0625 0.0859375
3 0.09140625 0.7109375 0.075 0.075
3 0.378125 0.9546875 0.0625 0.084375
3 0.7953125 0.7671875 0.06875 0.06875
3 0.0765625 0.778125 0.059375 0.071875
3 0.2640625 0.628125 0.065625 0.084375
3 0.95625 0.7109375 0.0703125 0.0703125
3 0.43125 0.84765625 0.071875 0.0828125
3 0.71875 0.79609375 0.059375 0.090625
3 0.359375 0.77421875 0.078125 0.078125
3 0.540625 0.8671875 0.05625 0.059375
3 0.228125 0.13828125 0.0625 0.0828125
3 0.1765625 0.91953125 0.059375 0.0859375
3 0.3078125 0.0828125 0.0765625 0.0765625
3 0.584375 0.515625 0.05625 0.08125
3 0.1796875 0.05390625 0.0703125 0.06875
3 0.80078125 0.4234375 0.075 0.0734375
3 0.6953125 0.2140625 0.053125 0.071875
3 0.3765625 0.2484375 0.071875 0.090625
3 0.56015625 0.36484375 0.0453125 0.1046875
3 0.8 0.140625 0.0734375 0.0734375
3 0.6234375 0.4921875 0.071875 0.08125
3 0.746875 0.959375 0.09375 0.0625
3 0.559375 0.09296875 0.05625 0.0765625
3 0.48359375 0.103125 0.0640625 0.096875
3 0.3859375 0.69140625 0.075 0.075
3 0.9203125 0.3015625 0.0734375 0.071875
3 0.4515625 0.6046875 0.0609375 0.0609375
3 0.3875 0.39609375 0.0625 0.0796875
6 0.2515625 0.1890625 0.075 0.115625
6 0.86796875 0.70859375 0.0859375 0.0875
3 0.1640625 0.496875 0.059375 0.103125
3 0.603125 0.80703125 0.059375 0.078125
3 0.68125 0.228125 0.0625 0.0625
3 0.2578125 0.72109375 0.065625 0.065625
3 0.7109375 0.23515625 0.065625 0.0828125
3 0.28125 0.22578125 0.071875 0.0734375
3 0.9375 0.89609375 0.0625 0.0671875
3 0.9546875 0.928125 0.0796875 0.0796875
3 0.8671875 0.828125 0.0796875 0.0796875
3 0.74453125 0.84296875 0.0546875 0.0703125
3 0.77890625 0.853125 0.071875 0.071875
3 0.8 0.73359375 0.06875 0.0703125
3 0.5125 0.8640625 0.05625 0.075
3 0.60625 0.6421875 0.06875 0.06875
3 0.63359375 0.5515625 0.0578125 0.078125
3 0.48984375 0.43125 0.071875 0.0703125
3 0.6859375 0.40625 0.071875 0.071875
3 0.71015625 0.36015625 0.0546875 0.0796875
3 0.6546875 0.30546875 0.0703125 0.0703125
3 0.628125 0.3921875 0.075 0.0875
3 0.53125 0.278125 0.06875 0.06875
3 0.95859375 0.38828125 0.0703125 0.0703125
3 0.95859375 0.21328125 0.06875 0.06875
3 0.93828125 0.1828125 0.06875 0.06875
3 0.96875 0.0828125 0.05625 0.09375
3 0.9171875 0.14296875 0.0734375 0.0734375
3 0.92734375 0.92890625 0.0609375 0.0921875
3 0.28515625 0.51953125 0.075 0.0921875
3 0.31171875 0.48203125 0.0578125 0.0734375
3 0.35703125 0.52578125 0.0640625 0.0640625
3 0.475 0.5140625 0.071875 0.071875
3 0.409375 0.45078125 0.059375 0.059375
3 0.446875 0.51796875 0.065625 0.065625
3 0.4203125 0.4265625 0.06875 0.06875
3 0.41875 0.26328125 0.0734375 0.0734375
3 0.6125 0.24296875 0.06875 0.06875
3 0.1546875 0.36953125 0.059375 0.059375
3 0.0875 0.3875 0.0578125 0.08125
3 0.03828125 0.51484375 0.0515625 0.0703125
3 0.06328125 0.55703125 0.0578125 0.0890625
3 0.08984375 0.51953125 0.071875 0.071875
3 0.1390625 0.7515625 0.075 0.075
3 0.28125 0.8046875 0.053125 0.078125
3 0.3625 0.8921875 0.0703125 0.0703125
3 0.2390625 0.93671875 0.0640625 0.0625
3 0.17890625 0.96171875 0.0609375 0.0671875
3 0.15703125 0.8828125 0.0625 0.0625
3 0.275 0.74375 0.084375 0.084375
3 0.321875 0.753125 0.0671875 0.0671875
3 0.40078125 0.65390625 0.06875 0.06875
3 0.34765625 0.7296875 0.0703125 0.06875
3 0.50078125 0.62265625 0.071875 0.071875
3 0.40625 0.57109375 0.06875 0.0734375
3 0.37890625 0.60546875 0.0546875 0.0796875
3 0.30390625 0.24765625 0.0609375 0.0609375
3 0.3375 0.24296875 0.0734375 0.0734375
3 0.1921875 0.1484375 0.065625 0.065625
3 0.19921875 0.04765625 0.0671875 0.0765625
3 0.1890625 0.09609375 0.071875 0.0828125
3 0.103125 0.14453125 0.04375 0.1078125
3 0.1734375 0.56015625 0.075 0.075
3 0.23359375 0.63125 0.065625 0.0640625
3 0.25 0.596875 0.0625 0.08125
3 0.1875 0.62578125 0.08125 0.08125
3 0.175 0.6609375 0.071875 0.071875
3 0.80859375 0.23671875 0.059375 0.059375
3 0.7671875 0.09140625 0.053125 0.090625
3 0.7625 0.05078125 0.0625 0.0859375
3 0.68671875 0.046875 0.0640625 0.08125
3 0.4828125 0.05 0.0703125 0.0703125
3 0.52109375 0.1171875 0.0671875 0.0671875
3 0.5359375 0.17109375 0.0625 0.0875
3 0.56484375 0.42890625 0.0640625 0.090625
3 0.5640625 0.3171875 0.0734375 0.0734375
3 0.5984375 0.35234375 0.059375 0.0875
3 0.62890625 0.2734375 0.075 0.075
3 0.7640625 0.54609375 0.0796875 0.08125
3 0.71171875 0.496875 0.0703125 0.08125
3 0.7390625 0.446875 0.0671875 0.0671875
3 0.8953125 0.5875 0.065625 0.084375
3 0.484375 0.78984375 0.071875 0.071875
3 0.30078125 0.78671875 0.0734375 0.0734375
3 0.60390625 0.7734375 0.0734375 0.071875
3 0.553125 0.79453125 0.071875 0.071875
3 0.5828125 0.7859375 0.059375 0.078125
3 0.6703125 0.85234375 0.053125 0.1015625
3 0.6328125 0.85234375 0.078125 0.0890625
3 0.43359375 0.8828125 0.0796875 0.08125
3 0.4203125 0.759375 0.059375 0.059375
3 0.0359375 0.78046875 0.071875 0.0765625
3 0.05 0.92890625 0.05625 0.0734375
3 0.16875 0.24921875 0.065625 0.0796875
3 0.1390625 0.296875 0.059375 0.08125
3 0.7828125 0.128125 0.06875 0.06875
3 0.3984375 0.85859375 0.0765625 0.075
3 0.30703125 0.54609375 0.0671875 0.0671875
3 0.834375 0.4140625 0.071875 0.071875
3 0.96640625 0.434375 0.0578125 0.084375
3 0.93984375 0.3515625 0.0734375 0.071875
3 0.53359375 0.521875 0.0421875 0.090625
3 0.4515625 0.46015625 0.078125 0.0796875