3 0.59375 0.73359375 0.09375 0.09375
3 0.49140625 0.11328125 0.0734375 0.0921875
3 0.2921875 0.9296875 0.090625 0.090625
3 0.8875 0.69453125 0.09375 0.09375
3 0.28125 0.5578125 0.0921875 0.0921875
3 0.6921875 0.82890625 0.065625 0.0921875
3 0.165625 0.7484375 0.096875 0.096875
3 0.88046875 0.940625 0.0734375 0.09375
3 0.72734375 0.62890625 0.078125 0.115625
3 0.921875 0.16484375 0.096875 0.096875
3 0.465625 0.6390625 0.08125 0.1125
3 0.19609375 0.89609375 0.0828125 0.0828125
0 0.61171875 0.359375 0.0859375 0.1125
3 0.90859375 0.5125 0.09375 0.09375
3 0.1296875 0.66328125 0.071875 0.1046875
3 0.5921875 0.8296875 0.075 0.075
3 0.75703125 0.796875 0.0734375 0.121875
3 0.8453125 0.23046875 0.078125 0.1015625
3 0.203125 0.34296875 0.084375 0.1046875
3 0.83671875 0.63046875 0.0671875 0.0921875
3 0.9453125 0.5546875 0.084375 0.084375
3 0.909375 0.7890625 0.0859375 0.0859375
3 0.27421875 0.78359375 0.090625 0.090625
3 0.646875 0.278125 0.0875 0.0875
1 0.4328125 0.18671875 0.096875 0.125
3 0.65625 0.453125 0.096875 0.096875
3 0.828125 0.80390625 0.071875 0.1203125
3 0.5625 0.49453125 0.090625 0.0921875
3 0.08828125 0.46171875 0.084375 0.0953125
3 0.3984375 0.27109375 0.078125 0.0828125
3 0.225 0.140625 0.075 0.109375
3 0.1640625 0.06015625 0.084375 0.0828125
3 0.53359375 0.52734375 0.0921875 0.0921875
3 0.58359375 0.41953125 0.0625 0.1046875
3 0.1375 0.43203125 0.0875 0.1203125
3 0.9640625 0.471875 0.071875 0.084375
3 0.5265625 0.37734375 0.0953125 0.09375