3 0.79765625 0.78828125 0.06875 0.06875
3 0.93828125 0.0578125 0.0609375 0.084375
3 0.55078125 0.278125 0.0609375 0.084375
3 0.153125 0.365625 0.0734375 0.0734375
3 0.109375 0.64609375 0.05625 0.0859375
3 0.41171875 0.70078125 0.075 0.075
3 0.2421875 0.5890625 0.071875 0.071875
3 0.4078125 0.784375 0.0640625 0.065625
3 0.959375 0.4171875 0.0765625 0.0765625
3 0.55234375 0.09296875 0.059375 0.0734375
3 0.11796875 0.19453125 0.075 0.075
3 0.3140625 0.31640625 0.071875 0.1015625
3 0.36640625 0.378125 0.0578125 0.08125
3 0.3109375 0.87109375 0.078125 0.078125
3 0.45390625 0.19921875 0.0875 0.0890625
3 0.47734375 0.4671875 0.06875 0.06875
3 0.7015625 0.7203125 0.0625 0.0625
3 0.38125 0.29765625 0.05625 0.0765625
3 0.10078125 0.40546875 0.0703125 0.0703125
3 0.61171875 0.9421875 0.0765625 0.096875
3 0.4203125 0.11796875 0.0734375 0.071875
3 0.4296875 0.953125 0.0671875 0.0671875
3 0.17265625 0.27265625 0.0703125 0.103125
3 0.50703125 0.53671875 0.0703125 0.0921875
3 0.6171875 0.2640625 0.075 0.075
3 0.6328125 0.546875 0.059375 0.09375
3 0.7140625 0.34375 0.06875 0.1
3 0.7 0.60234375 0.06875 0.0890625
3 0.39609375 0.62578125 0.0671875 0.0859375
3 0.11328125 0.75703125 0.0828125 0.0828125
3 0.5671875 0.86171875 0.071875 0.071875
3 0.23203125 0.78671875 0.059375 0.059375
3 0.1609375 0.084375 0.05625 0.078125
3 0.2234375 0.7234375 0.059375 0.071875
3 0.3125 0.16015625 0.065625 0.084375
3 0.47265625 0.06640625 0.075 0.075
3 0.49375 0.63203125 0.0765625 0.075
3 0.5 0.7546875 0.075 0.071875
3 0.91796875 0.23359375 0.078125 0.078125
3 0.7328125 0.7953125 0.0796875 0.0796875
3 0.26484375 0.4515625 0.071875 0.071875
3 0.29296875 0.7765625 0.0578125 0.075
3 0.08828125 0.075 0.0734375 0.071875
3 0.93515625 0.75703125 0.0609375 0.0796875
3 0.071875 0.15859375 0.075 0.075
3 0.2453125 0.66953125 0.0671875 0.065625
3 0.26328125 0.3984375 0.0765625 0.075
3 0.2203125 0.3390625 0.071875 0.09375
3 0.2203125 0.3171875 0.0609375 0.0609375
3 0.82890625 0.91328125 0.0578125 0.0734375
3 0.625 0.715625 0.075 0.0765625
3 0.94375 0.928125 0.0625 0.08125
3 0.1640625 0.78671875 0.0703125 0.06875
3 0.659375 0.340625 0.05625 0.078125
3 0.67421875 0.21015625 0.065625 0.084375
3 0.4421875 0.58203125 0.0625 0.0859375
3 0.553125 0.371875 0.04375 0.075
3 0.821875 0.33359375 0.05625 0.075
3 0.934375 0.54140625 0.05625 0.071875
3 0.69140625 0.46328125 0.0671875 0.0609375
3 0.06328125 0.83984375 0.0625 0.0625
3 0.31484375 0.05 0.0640625 0.0875
3 0.41484375 0.04609375 0.0578125 0.0734375
3 0.20234375 0.84296875 0.0578125 0.0828125
3 0.46953125 0.8171875 0.0890625 0.075
3 0.0921875 0.95625 0.071875 0.071875
3 0.1015625 0.48046875 0.0640625 0.0640625
3 0.6328125 0.453125 0.05625 0.075
3 0.9046875 0.15546875 0.0625 0.0640625
3 0.7859375 0.103125 0.084375 0.084375
3 0.7171875 0.88203125 0.075 0.0859375
3 0.615625 0.04921875 0.0703125 0.06875
3 0.5671875 0.66640625 0.075 0.075
3 0.3640625 0.10078125 0.053125 0.0640625
4 0.8671875 0.47421875 0.0875 0.090625
3 0.1109375 0.56796875 0.0703125 0.0703125
3 0.04140625 0.58046875 0.075 0.090625
3 0.76015625 0.28515625 0.0625 0.0625
3 0.8171875 0.2921875 0.05625 0.078125
3 0.79765625 0.2046875 0.05 0.065625
3 0.6953125 0.9453125 0.046875 0.065625
3 0.82421875 0.13828125 0.059375 0.059375
3 0.79609375 0.03125 0.0640625 0.0625
3 0.6671875 0.90390625 0.059375 0.0796875
3 0.684375 0.7828125 0.075 0.0734375
3 0.6421875 0.78515625 0.05625 0.084375
3 0.6234375 0.7609375 0.08125 0.08125
3 0.75234375 0.8546875 0.0734375 0.075
3 0.70390625 0.68203125 0.0625 0.0625