3 0.2046875 0.78515625 0.0734375 0.075
3 0.778125 0.50625 0.059375 0.06875
3 0.7828125 0.5078125 0.075 0.0765625
3 0.1796875 0.6859375 0.0734375 0.0734375
3 0.13984375 0.528125 0.075 0.075
3 0.79296875 0.1078125 0.090625 0.0890625
3 0.04375 0.53828125 0.059375 0.0796875
3 0.2765625 0.8234375 0.0796875 0.0796875
3 0.41953125 0.6515625 0.090625 0.090625
3 0.2140625 0.8859375 0.0734375 0.0734375
3 0.675 0.2328125 0.0734375 0.0734375
3 0.81796875 0.35625 0.0578125 0.0875
3 0.33515625 0.865625 0.0890625 0.090625
3 0.74921875 0.32578125 0.065625 0.0828125
3 0.12890625 0.43515625 0.065625 0.078125
3 0.18515625 0.4734375 0.0671875 0.0875
3 0.071875 0.65234375 0.06875 0.0828125
3 0.80234375 0.8015625 0.0828125 0.084375
3 0.809375 0.9453125 0.0625 0.0625
3 0.475 0.5296875 0.084375 0.103125
3 0.8765625 0.08046875 0.078125 0.096875
3 0.74453125 0.1875 0.08125 0.08125
3 0.909375 0.1359375 0.075 0.096875
3 0.09765625 0.7546875 0.078125 0.0765625
3 0.0484375 0.12109375 0.059375 0.0796875
3 0.92109375 0.7890625 0.084375 0.084375
3 0.1234375 0.61015625 0.075 0.075
3 0.60625 0.07265625 0.08125 0.1078125
3 0.07109375 0.3703125 0.0703125 0.090625
3 0.21171875 0.953125 0.0703125 0.06875
3 0.8703125 0.3390625 0.059375 0.078125
6 0.77890625 0.66171875 0.1015625 0.1015625
3 0.40625 0.44765625 0.075 0.0984375
3 0.59296875 0.24296875 0.0640625 0.0984375
3 0.1828125 0.59765625 0.075 0.075
3 0.8921875 0.39453125 0.075 0.0953125
3 0.27265625 0.95859375 0.0640625 0.0796875
3 0.9328125 0.93828125 0.0875 0.0875
3 0.59453125 0.85625 0.09375 0.0921875
3 0.234375 0.35390625 0.08125 0.0796875
3 0.10703125 0.24765625 0.0640625 0.1046875
3 0.5015625 0.053125 0.078125 0.10625
3 0.69296875 0.7921875 0.0671875 0.090625
3 0.634375 0.42265625 0.0671875 0.0671875
3 0.8375 0.7046875 0.075 0.078125
3 0.70234375 0.42109375 0.0625 0.071875
3 0.315625 0.50703125 0.065625 0.090625
3 0.7453125 0.734375 0.06875 0.0875
3 0.35 0.43828125 0.0625 0.0625
3 0.1859375 0.3921875 0.053125 0.065625
3 0.19140625 0.2515625 0.05625 0.0875
3 0.33515625 0.2640625 0.09375 0.09375
3 0.9234375 0.703125 0.0734375 0.0734375
3 0.1359375 0.34453125 0.075 0.0890625
3 0.64296875 0.57109375 0.078125 0.078125
3 0.90234375 0.61953125 0.0640625 0.0765625
3 0.73046875 0.909375 0.078125 0.078125
3 0.73203125 0.84453125 0.078125 0.078125
3 0.86796875 0.6296875 0.084375 0.084375
3 0.25 0.4796875 0.065625 0.084375
3 0.890625 0.26328125 0.0765625 0.0765625
3 0.059375 0.79921875 0.0703125 0.0703125
3 0.9328125 0.4328125 0.075 0.075
6 0.8765625 0.1828125 0.115625 0.10625
3 0.26640625 0.5140625 0.065625 0.065625
3 0.9375 0.48828125 0.065625 0.0828125
3 0.1640625 0.3046875 0.0796875 0.0796875
3 0.609375 0.309375 0.0828125 0.0828125
3 0.6140625 0.3328125 0.05 0.0875
3 0.16484375 0.2578125 0.071875 0.0734375
3 0.8890625 0.52265625 0.053125 0.0703125
3 0.85234375 0.49453125 0.0578125 0.0859375
3 0.84453125 0.5359375 0.0625 0.084375
3 0.87890625 0.85546875 0.0703125 0.0703125
6 0.91484375 0.87421875 0.103125 0.103125
6 0.2609375 0.22734375 0.115625 0.0859375
6 0.284375 0.34765625 0.096875 0.096875
3 0.67421875 0.471875 0.0875 0.0875
3 0.63828125 0.49296875 0.090625 0.090625
6 0.609375 0.5859375 0.08125 0.103125
3 0.71328125 0.44765625 0.0703125 0.0703125