3 0.09140625 0.78671875 0.071875 0.071875
3 0.41328125 0.16875 0.0859375 0.0625
3 0.259375 0.16015625 0.06875 0.0703125
3 0.853125 0.40546875 0.0875 0.065625
3 0.52890625 0.58046875 0.078125 0.078125
3 0.740625 0.69765625 0.075 0.0765625
3 0.9171875 0.7328125 0.0828125 0.0828125
3 0.75234375 0.8484375 0.0859375 0.065625
3 0.859375 0.2453125 0.0734375 0.0734375
3 0.4296875 0.4515625 0.0703125 0.0703125
3 0.846875 0.1078125 0.0765625 0.0765625
3 0.5765625 0.26015625 0.071875 0.071875
3 0.734375 0.19453125 0.0875 0.0640625
3 0.56484375 0.19140625 0.109375 0.0734375
3 0.1796875 0.08828125 0.096875 0.065625
3 0.87578125 0.1609375 0.1046875 0.059375
3 0.88828125 0.54453125 0.084375 0.084375
3 0.20546875 0.9125 0.078125 0.078125
3 0.865625 0.65625 0.0875 0.065625
3 0.83984375 0.79375 0.0859375 0.0625
3 0.8140625 0.91484375 0.084375 0.084375
3 0.184375 0.240625 0.08125 0.05
3 0.38359375 0.6078125 0.084375 0.0859375
3 0.44296875 0.84609375 0.1015625 0.0703125
3 0.2171875 0.71328125 0.08125 0.0640625
3 0.44453125 0.3140625 0.071875 0.071875
3 0.59140625 0.45859375 0.078125 0.078125
3 0.6703125 0.83671875 0.084375 0.071875
6 0.09140625 0.54296875 0.090625 0.090625
3 0.18671875 0.2984375 0.0890625 0.059375
3 0.1203125 0.13828125 0.096875 0.0703125
3 0.30234375 0.678125 0.0953125 0.053125
3 0.1375 0.68515625 0.0703125 0.0703125
3 0.38203125 0.36328125 0.0875 0.0875
3 0.29140625 0.590625 0.0953125 0.06875
3 0.63984375 0.690625 0.0859375 0.0625
3 0.7 0.04921875 0.0890625 0.0890625
3 0.36640625 0.2859375 0.0859375 0.065625
3 0.62265625 0.60234375 0.0875 0.065625
1 0.58359375 0.75390625 0.1 0.1
3 0.665625 0.4390625 0.08125 0.075
3 0.04765625 0.0625 0.0703125 0.0703125
6 0.4890625 0.78125 0.10625 0.08125
3 0.7265625 0.103125 0.0703125 0.0703125
3 0.3171875 0.3390625 0.0734375 0.0734375
3 0.7640625 0.2796875 0.0828125 0.0828125
3 0.15546875 0.18828125 0.0921875 0.0515625
3 0.32890625 0.5375 0.0734375 0.040625