3 0.54765625 0.9390625 0.0796875 0.059375
3 0.63828125 0.4609375 0.0875 0.0875
3 0.2109375 0.73828125 0.1 0.0671875
3 0.2109375 0.9609375 0.0734375 0.075
3 0.75390625 0.91796875 0.0921875 0.0671875
3 0.37890625 0.59453125 0.08125 0.08125
3 0.6171875 0.6109375 0.08125 0.08125
3 0.7453125 0.4546875 0.0875 0.059375
3 0.771875 0.796875 0.090625 0.06875
3 0.725 0.39453125 0.10625 0.0734375
3 0.35 0.0578125 0.0875 0.0875
3 0.17890625 0.6765625 0.0875 0.078125
3 0.3375 0.646875 0.09375 0.071875
3 0.3265625 0.93828125 0.084375 0.0671875
3 0.35625 0.47421875 0.0875 0.0796875
3 0.10703125 0.43984375 0.0984375 0.0734375
3 0.9375 0.21875 0.090625 0.090625
3 0.1140625 0.0640625 0.090625 0.071875
3 0.1984375 0.24609375 0.084375 0.084375
3 0.4203125 0.6515625 0.065625 0.065625
3 0.8046875 0.628125 0.075 0.071875
3 0.053125 0.296875 0.0859375 0.0859375
3 0.81484375 0.27265625 0.096875 0.0703125
3 0.67734375 0.225 0.078125 0.0796875
3 0.37890625 0.2875 0.1109375 0.078125
3 0.91015625 0.478125 0.0890625 0.05
3 0.34296875 0.25234375 0.08125 0.08125
3 0.74765625 0.55390625 0.0859375 0.0796875
6 0.43359375 0.4734375 0.09375 0.09375
3 0.61484375 0.5390625 0.0890625 0.065625
6 0.13046875 0.22265625 0.103125 0.103125
3 0.7734375 0.7015625 0.103125 0.071875
3 0.959375 0.5421875 0.0625 0.0625
3 0.871875 0.1546875 0.103125 0.090625
0 0.8765625 0.540625 0.1046875 0.1046875