3 0.45234375 0.0609375 0.0796875 0.059375
3 0.36171875 0.5390625 0.0875 0.0875
3 0.7890625 0.26171875 0.1 0.0671875
3 0.7890625 0.0390625 0.0875 0.059375
3 0.24609375 0.08203125 0.0796875 0.0796875
3 0.62109375 0.40546875 0.0921875 0.0703125
3 0.3828125 0.3890625 0.08125 0.08125
3 0.2546875 0.5453125 0.0875 0.059375
3 0.228125 0.203125 0.090625 0.06875
3 0.275 0.60546875 0.090625 0.0890625
3 0.65 0.9421875 0.0875 0.0875
3 0.82109375 0.3234375 0.0875 0.078125
3 0.6625 0.353125 0.09375 0.071875
3 0.6734375 0.06171875 0.0765625 0.075
3 0.64375 0.52578125 0.0875 0.0796875
3 0.89296875 0.56015625 0.0984375 0.0734375
3 0.0625 0.78125 0.09375 0.0875
3 0.8859375 0.9359375 0.090625 0.071875
3 0.8015625 0.75390625 0.084375 0.084375
3 0.5796875 0.3484375 0.065625 0.065625
3 0.1953125 0.371875 0.0734375 0.0734375
3 0.946875 0.703125 0.1 0.071875
3 0.18515625 0.72734375 0.096875 0.0703125
3 0.32265625 0.775 0.078125 0.0796875
3 0.62109375 0.7125 0.1109375 0.078125
3 0.08984375 0.521875 0.0890625 0.05
3 0.65703125 0.74765625 0.103125 0.0578125
3 0.25234375 0.44609375 0.0828125 0.0828125
6 0.56640625 0.5265625 0.0953125 0.090625
3 0.38515625 0.4609375 0.078125 0.078125
6 0.86953125 0.77734375 0.1078125 0.096875
3 0.2265625 0.2984375 0.0875 0.0875
3 0.040625 0.4578125 0.0625 0.0625
3 0.128125 0.8453125 0.103125 0.090625
0 0.1234375 0.459375 0.115625 0.09375