3 0.715625 0.165625 0.0796875 0.0796875
3 0.6734375 0.540625 0.0875 0.0625
3 0.88984375 0.68984375 0.0765625 0.0546875
3 0.17265625 0.2328125 0.0796875 0.065625
3 0.6984375 0.76484375 0.0875 0.06875
3 0.3015625 0.615625 0.090625 0.065625
3 0.178125 0.76328125 0.0875 0.0609375
3 0.503125 0.2046875 0.0859375 0.0859375
3 0.5140625 0.1328125 0.0828125 0.0828125
3 0.1375 0.46953125 0.084375 0.0640625
3 0.2140625 0.4984375 0.090625 0.071875
4 0.884375 0.56015625 0.084375 0.0859375
3 0.3984375 0.16015625 0.090625 0.0671875
3 0.4015625 0.615625 0.1 0.075
3 0.7828125 0.42578125 0.09375 0.0671875
3 0.58828125 0.6671875 0.0875 0.0875
3 0.47578125 0.503125 0.0828125 0.0828125
3 0.803125 0.96171875 0.075 0.075
3 0.5484375 0.4296875 0.08125 0.08125
3 0.44296875 0.903125 0.0859375 0.0625
3 0.77734375 0.08359375 0.096875 0.0796875
3 0.671875 0.425 0.075 0.075
3 0.075 0.11328125 0.075 0.075
3 0.50390625 0.775 0.06875 0.0703125
3 0.78984375 0.8328125 0.0765625 0.065625
3 0.80078125 0.240625 0.0953125 0.075
3 0.2890625 0.5546875 0.0875 0.059375
3 0.80078125 0.6828125 0.0796875 0.0796875
3 0.12890625 0.90703125 0.084375 0.084375
3 0.39765625 0.84375 0.0796875 0.0796875
3 0.09140625 0.6203125 0.078125 0.078125
3 0.2890625 0.12265625 0.0765625 0.0765625
3 0.4375 0.66875 0.090625 0.075
3 0.54921875 0.5328125 0.0890625 0.071875
3 0.20703125 0.29296875 0.0890625 0.0609375
4 0.66484375 0.33359375 0.0875 0.0875
4 0.5015625 0.3328125 0.096875 0.096875
3 0.5890625 0.74609375 0.08125 0.08125
3 0.190625 0.33828125 0.0875 0.0640625
3 0.34921875 0.90625 0.0890625 0.071875
3 0.4015625 0.775 0.084375 0.0828125
3 0.07265625 0.54375 0.078125 0.0625
3 0.60703125 0.37890625 0.0984375 0.0765625
3 0.7234375 0.2796875 0.0734375 0.0734375
3 0.140625 0.084375 0.078125 0.06875
3 0.71640625 0.475 0.1 0.0625
3 0.93515625 0.859375 0.0890625 0.06875
3 0.27421875 0.50234375 0.090625 0.0734375
3 0.859375 0.84453125 0.0796875 0.0796875
3 0.59765625 0.8453125 0.090625 0.0921875
3 0.09140625 0.84921875 0.084375 0.084375
3 0.85859375 0.62578125 0.1140625 0.0671875
3 0.3046875 0.08671875 0.0796875 0.08125
3 0.49296875 0.58359375 0.0796875 0.0796875
3 0.57890625 0.790625 0.1265625 0.05625