3 0.715625 0.834375 0.0875 0.071875
3 0.6734375 0.459375 0.075 0.075
3 0.88984375 0.31015625 0.065625 0.065625
3 0.17265625 0.7671875 0.0734375 0.071875
3 0.6984375 0.23515625 0.078125 0.078125
3 0.3015625 0.384375 0.078125 0.078125
3 0.178125 0.23671875 0.0734375 0.075
3 0.503125 0.7953125 0.096875 0.075
3 0.5140625 0.8671875 0.096875 0.06875
3 0.1375 0.53046875 0.084375 0.0640625
3 0.2140625 0.5015625 0.090625 0.071875
4 0.884375 0.43984375 0.1 0.0703125
3 0.3984375 0.83984375 0.090625 0.0671875
3 0.4015625 0.384375 0.0875 0.0875
3 0.7828125 0.57421875 0.0796875 0.08125
3 0.58828125 0.3328125 0.0875 0.0875
3 0.47578125 0.496875 0.0828125 0.0828125
3 0.803125 0.03828125 0.090625 0.059375
3 0.5484375 0.5703125 0.08125 0.08125
3 0.44296875 0.096875 0.0859375 0.0625
3 0.77734375 0.91640625 0.096875 0.0796875
3 0.671875 0.575 0.075 0.075
3 0.075 0.88671875 0.0875 0.0609375
3 0.50390625 0.225 0.06875 0.0703125
3 0.78984375 0.1671875 0.071875 0.0703125
3 0.80078125 0.759375 0.084375 0.084375
3 0.2890625 0.4453125 0.0875 0.059375
3 0.80078125 0.3171875 0.0796875 0.0796875
3 0.12890625 0.09296875 0.084375 0.084375
3 0.39765625 0.15625 0.0796875 0.0796875
3 0.09140625 0.3796875 0.078125 0.078125
3 0.2890625 0.87734375 0.090625 0.0625
3 0.4375 0.33125 0.090625 0.075
3 0.54921875 0.4671875 0.0796875 0.08125
3 0.20703125 0.70703125 0.075 0.075
4 0.66484375 0.66640625 0.1015625 0.0734375
4 0.5015625 0.6671875 0.096875 0.096875
3 0.5890625 0.25390625 0.08125 0.08125
3 0.190625 0.66171875 0.075 0.075
3 0.34921875 0.09375 0.0796875 0.08125
3 0.4015625 0.225 0.096875 0.06875
3 0.07265625 0.45625 0.0703125 0.0703125
3 0.60703125 0.62109375 0.0875 0.0875
3 0.7234375 0.7203125 0.0734375 0.075
3 0.140625 0.915625 0.0734375 0.0734375
3 0.71640625 0.525 0.1 0.0625
3 0.93515625 0.140625 0.0890625 0.06875
3 0.27421875 0.49765625 0.08125 0.08125
3 0.859375 0.15546875 0.0796875 0.0796875
3 0.59765625 0.1546875 0.1171875 0.065625
3 0.09140625 0.15078125 0.0921875 0.075
3 0.85859375 0.37421875 0.1140625 0.0671875
3 0.3046875 0.91328125 0.0796875 0.08125
3 0.49296875 0.41640625 0.0921875 0.0671875
3 0.57890625 0.209375 0.0921875 0.090625