3 0.68984375 0.7015625 0.078125 0.078125
3 0.16328125 0.7609375 0.084375 0.0625
3 0.2453125 0.81796875 0.075 0.075
3 0.73359375 0.64921875 0.071875 0.071875
0 0.5390625 0.1796875 0.103125 0.084375
3 0.415625 0.42421875 0.10625 0.0765625
3 0.59921875 0.3328125 0.0859375 0.065625
3 0.1578125 0.66171875 0.090625 0.0609375
3 0.53359375 0.803125 0.096875 0.06875
0 0.78984375 0.29375 0.0953125 0.0953125
3 0.675 0.83359375 0.08125 0.0640625
3 0.17734375 0.12734375 0.0796875 0.0796875
3 0.42109375 0.7671875 0.075 0.0734375
3 0.66640625 0.27421875 0.0765625 0.0765625
3 0.52734375 0.64140625 0.0796875 0.0796875
3 0.07109375 0.42890625 0.075 0.075
3 0.4546875 0.3234375 0.0859375 0.0859375
3 0.815625 0.51484375 0.0703125 0.06875
3 0.7796875 0.7375 0.084375 0.0625
3 0.6859375 0.3375 0.090625 0.065625
3 0.159375 0.4609375 0.1 0.071875
3 0.51796875 0.33515625 0.075 0.075
3 0.10703125 0.3265625 0.0828125 0.0828125
3 0.5328125 0.51328125 0.0875 0.0671875
3 0.0640625 0.61015625 0.096875 0.0703125
3 0.82890625 0.7390625 0.0953125 0.078125
3 0.82890625 0.8265625 0.078125 0.065625
3 0.13046875 0.25703125 0.08125 0.08125
3 0.86796875 0.38828125 0.0734375 0.05625
3 0.3140625 0.6640625 0.0875 0.059375
3 0.47890625 0.4046875 0.0703125 0.071875
3 0.109375 0.5921875 0.075 0.075
3 0.71640625 0.77578125 0.0875 0.0671875
3 0.83828125 0.3421875 0.0859375 0.059375
3 0.34921875 0.709375 0.0890625 0.071875
3 0.1765625 0.28984375 0.0703125 0.06875
0 0.8953125 0.47421875 0.090625 0.1046875
3 0.765625 0.87421875 0.065625 0.0828125
3 0.9421875 0.9609375 0.075 0.075
3 0.51328125 0.58671875 0.065625 0.065625
3 0.91640625 0.44921875 0.0796875 0.0796875