3 0.14296875 0.91953125 0.06875 0.06875
4 0.12578125 0.1421875 0.0890625 0.0875
3 0.8734375 0.5375 0.090625 0.0625
3 0.55234375 0.58046875 0.0875 0.059375
3 0.178125 0.25234375 0.0828125 0.084375
3 0.0765625 0.54921875 0.090625 0.0640625
3 0.78203125 0.89453125 0.075 0.075
3 0.89453125 0.8515625 0.06875 0.06875
3 0.54609375 0.4734375 0.0765625 0.0765625
3 0.39296875 0.7359375 0.075 0.075
3 0.07265625 0.6921875 0.0734375 0.0734375
3 0.859375 0.3328125 0.0875 0.075
3 0.07421875 0.765625 0.0875 0.0859375
3 0.90859375 0.2265625 0.0734375 0.0734375
3 0.58515625 0.19609375 0.084375 0.0671875
3 0.36953125 0.828125 0.0765625 0.0625
3 0.2109375 0.82578125 0.08125 0.08125
3 0.85 0.6359375 0.0734375 0.0734375
3 0.31171875 0.19609375 0.075 0.075
3 0.41796875 0.446875 0.0796875 0.078125
3 0.52734375 0.703125 0.0890625 0.075
3 0.25703125 0.73828125 0.0765625 0.0765625
3 0.75 0.2203125 0.0875 0.065625
3 0.30234375 0.33671875 0.078125 0.078125
3 0.7734375 0.7359375 0.0859375 0.0859375
3 0.2421875 0.6390625 0.075 0.075
3 0.33359375 0.44140625 0.0859375 0.0859375
3 0.7390625 0.4421875 0.0890625 0.0890625
3 0.6109375 0.7296875 0.084375 0.059375
3 0.19296875 0.05 0.0671875 0.0671875
3 0.08515625 0.8296875 0.084375 0.05625
3 0.30234375 0.8609375 0.078125 0.0796875
3 0.78359375 0.13984375 0.1140625 0.046875
3 0.56328125 0.8640625 0.0890625 0.071875
3 0.665625 0.771875 0.0875 0.0875
3 0.7796875 0.35390625 0.071875 0.0703125
3 0.92734375 0.33046875 0.08125 0.08125
3 0.70546875 0.6421875 0.084375 0.0828125
3 0.58125 0.125 0.0875 0.0625
3 0.178125 0.61171875 0.08125 0.0578125
3 0.75234375 0.6 0.08125 0.0828125
3 0.425 0.5359375 0.078125 0.078125
3 0.4546875 0.8765625 0.090625 0.065625
3 0.628125 0.065625 0.09375 0.06875
3 0.05390625 0.6109375 0.084375 0.084375
3 0.484375 0.228125 0.078125 0.078125
3 0.3265625 0.7765625 0.090625 0.059375
3 0.934375 0.95625 0.0875 0.0625
4 0.67265625 0.6890625 0.0953125 0.0953125
3 0.46640625 0.20234375 0.1015625 0.0671875
3 0.79140625 0.09296875 0.0875 0.0875
3 0.68984375 0.1890625 0.1203125 0.059375
3 0.315625 0.28046875 0.121875 0.0578125
3 0.66640625 0.8296875 0.1265625 0.053125
3 0.69609375 0.084375 0.1 0.0984375