3 0.35 0.378125 0.075 0.05625
3 0.1390625 0.50625 0.08125 0.08125
3 0.44921875 0.8296875 0.0765625 0.0765625
3 0.18046875 0.809375 0.0984375 0.071875
3 0.928125 0.75234375 0.0765625 0.078125
3 0.4828125 0.1953125 0.0875 0.0875
3 0.84296875 0.60390625 0.078125 0.0609375
3 0.67421875 0.86484375 0.084375 0.0625
6 0.8140625 0.5234375 0.090625 0.0921875
3 0.61640625 0.7703125 0.08125 0.08125
3 0.27109375 0.19375 0.096875 0.078125
3 0.62109375 0.2421875 0.0828125 0.065625
3 0.15859375 0.92734375 0.0875 0.05625
3 0.36875 0.0828125 0.0875 0.065625
3 0.0640625 0.93203125 0.075 0.075
3 0.7046875 0.4375 0.0796875 0.0796875
3 0.90078125 0.5109375 0.0828125 0.0828125
3 0.15078125 0.3734375 0.0921875 0.053125
3 0.1546875 0.09765625 0.0671875 0.06875
3 0.915625 0.6421875 0.075 0.075
3 0.7390625 0.5546875 0.078125 0.078125
3 0.475 0.4234375 0.075 0.075
3 0.828125 0.2796875 0.0796875 0.0796875
3 0.9265625 0.29296875 0.084375 0.0578125
3 0.42734375 0.71015625 0.0890625 0.0640625
3 0.3890625 0.5671875 0.0734375 0.0734375
3 0.13515625 0.7953125 0.0875 0.075
3 0.24609375 0.25859375 0.1 0.071875
3 0.3796875 0.86953125 0.06875 0.06875
3 0.846875 0.121875 0.0875 0.065625
3 0.9046875 0.81171875 0.0765625 0.0765625
3 0.6875 0.278125 0.084375 0.0625
1 0.69453125 0.69921875 0.090625 0.090625
3 0.6921875 0.93046875 0.096875 0.06875
3 0.31171875 0.1171875 0.0765625 0.053125
3 0.59140625 0.590625 0.075 0.075
3 0.378125 0.26953125 0.078125 0.078125
3 0.58515625 0.434375 0.0734375 0.05625
3 0.61953125 0.7 0.059375 0.059375
3 0.56796875 0.3875 0.0671875 0.06875
3 0.34140625 0.32578125 0.0984375 0.0578125
3 0.6765625 0.60625 0.08125 0.08125
0 0.2984375 0.8609375 0.11875 0.084375
3 0.39453125 0.46015625 0.075 0.053125
3 0.8546875 0.0734375 0.0671875 0.0671875
6 0.21875 0.12109375 0.0921875 0.090625
3 0.4421875 0.65546875 0.0625 0.0640625
3 0.75 0.28203125 0.06875 0.0671875
3 0.3640625 0.653125 0.0671875 0.0671875
3 0.41953125 0.2359375 0.0796875 0.059375
3 0.95625 0.371875 0.08125 0.0625
3 0.15234375 0.87578125 0.06875 0.06875
3 0.5546875 0.62890625 0.06875 0.0546875
3 0.2765625 0.4828125 0.075 0.075
3 0.1953125 0.71875 0.071875 0.0625
3 0.3328125 0.45390625 0.0609375 0.059375
3 0.57109375 0.6671875 0.0703125 0.0703125
3 0.31484375 0.56953125 0.071875 0.071875
3 0.08671875 0.16328125 0.059375 0.059375
3 0.8890625 0.4515625 0.071875 0.071875
3 0.09296875 0.4078125 0.0890625 0.078125
3 0.046875 0.63359375 0.090625 0.0609375
3 0.5078125 0.65859375 0.065625 0.059375
3 0.4125 0.28359375 0.09375 0.0578125
3 0.9484375 0.45703125 0.071875 0.071875
3 0.15234375 0.73515625 0.075 0.0546875
3 0.6359375 0.97265625 0.078125 0.0546875
3 0.1421875 0.384375 0.0703125 0.0703125