3 0.378125 0.65 0.05625 0.075
3 0.50625 0.8609375 0.08125 0.08125
3 0.8296875 0.55078125 0.0765625 0.0765625
3 0.809375 0.81953125 0.084375 0.084375
3 0.75234375 0.071875 0.0671875 0.0875
3 0.1953125 0.5171875 0.071875 0.103125
3 0.60390625 0.15703125 0.06875 0.06875
3 0.86484375 0.32578125 0.0734375 0.0734375
6 0.5234375 0.1859375 0.0921875 0.0921875
3 0.7703125 0.38359375 0.08125 0.08125
3 0.19375 0.72890625 0.078125 0.096875
3 0.2421875 0.37890625 0.065625 0.0828125
3 0.92734375 0.84140625 0.05625 0.0875
3 0.0828125 0.63125 0.0765625 0.0765625
3 0.93203125 0.9359375 0.075 0.075
3 0.4375 0.2953125 0.06875 0.090625
3 0.5109375 0.09921875 0.065625 0.0984375
3 0.3734375 0.84921875 0.053125 0.0921875
3 0.09765625 0.8453125 0.0640625 0.071875
3 0.6421875 0.084375 0.075 0.075
3 0.5546875 0.2609375 0.078125 0.078125
3 0.4234375 0.525 0.06875 0.08125
3 0.2796875 0.171875 0.071875 0.0875
3 0.29296875 0.0734375 0.0578125 0.084375
3 0.71015625 0.57265625 0.0765625 0.0765625
3 0.5671875 0.6109375 0.065625 0.08125
3 0.7953125 0.86484375 0.075 0.0875
3 0.25859375 0.75390625 0.071875 0.1
3 0.86953125 0.6203125 0.06875 0.06875
3 0.121875 0.153125 0.0765625 0.0765625
3 0.81171875 0.0953125 0.0765625 0.0765625
3 0.278125 0.3125 0.0734375 0.0734375
1 0.69921875 0.30546875 0.0890625 0.0921875
3 0.93046875 0.3078125 0.0828125 0.0828125
3 0.1171875 0.68828125 0.053125 0.0765625
3 0.590625 0.40859375 0.075 0.075
3 0.26953125 0.621875 0.078125 0.078125
3 0.434375 0.41484375 0.065625 0.065625
3 0.7 0.38046875 0.059375 0.059375
3 0.3875 0.43203125 0.06875 0.0671875
3 0.32578125 0.65859375 0.078125 0.078125
3 0.60625 0.3234375 0.08125 0.08125
0 0.8609375 0.7015625 0.1015625 0.1015625
3 0.46015625 0.60546875 0.053125 0.075
3 0.0734375 0.1453125 0.05 0.084375
6 0.12109375 0.78125 0.0921875 0.0921875
3 0.65546875 0.5578125 0.0546875 0.071875
3 0.28203125 0.25 0.0671875 0.0671875
3 0.653125 0.6359375 0.059375 0.075
3 0.2359375 0.58046875 0.0703125 0.06875
3 0.371875 0.04375 0.071875 0.071875
3 0.87578125 0.84765625 0.0578125 0.0796875
3 0.62890625 0.4453125 0.0546875 0.06875
3 0.4828125 0.7234375 0.0625 0.0875
3 0.71875 0.8046875 0.0671875 0.0671875
3 0.45390625 0.6671875 0.059375 0.0609375
3 0.6671875 0.42890625 0.065625 0.0734375
3 0.56953125 0.68515625 0.071875 0.071875
3 0.16328125 0.91328125 0.0515625 0.0671875
3 0.4515625 0.1109375 0.0734375 0.071875
3 0.4078125 0.90703125 0.078125 0.0890625
3 0.63359375 0.953125 0.075 0.075
3 0.65859375 0.4921875 0.0625 0.0625
3 0.28359375 0.5875 0.0765625 0.075
3 0.45703125 0.0515625 0.05625 0.0875
3 0.73515625 0.84765625 0.0546875 0.075
3 0.9703125 0.36484375 0.059375 0.0671875
3 0.384375 0.8578125 0.06875 0.071875