3 0.621875 0.65 0.05625 0.075
3 0.49375 0.8609375 0.075 0.0875
3 0.1703125 0.55078125 0.0765625 0.0765625
3 0.190625 0.81953125 0.071875 0.0984375
3 0.24765625 0.071875 0.0671875 0.0875
3 0.8046875 0.5171875 0.0875 0.0875
3 0.39609375 0.15703125 0.0609375 0.078125
3 0.13515625 0.32578125 0.0625 0.084375
6 0.4765625 0.1859375 0.0921875 0.0921875
3 0.2296875 0.38359375 0.08125 0.08125
3 0.80625 0.72890625 0.078125 0.096875
3 0.7578125 0.37890625 0.065625 0.0828125
3 0.07265625 0.84140625 0.05625 0.0875
3 0.9171875 0.63125 0.065625 0.0875
3 0.06796875 0.9359375 0.0671875 0.084375
3 0.5625 0.2953125 0.06875 0.090625
3 0.4890625 0.09921875 0.0828125 0.0828125
3 0.6265625 0.84921875 0.0734375 0.071875
3 0.90234375 0.8453125 0.06875 0.0671875
3 0.3578125 0.084375 0.075 0.075
3 0.4453125 0.2609375 0.078125 0.078125
3 0.5765625 0.525 0.06875 0.08125
3 0.7203125 0.171875 0.071875 0.0875
3 0.70703125 0.0734375 0.0578125 0.084375
3 0.28984375 0.57265625 0.0765625 0.0765625
3 0.4328125 0.6109375 0.0734375 0.0734375
3 0.2046875 0.86484375 0.075 0.0875
3 0.74140625 0.75390625 0.071875 0.1
3 0.13046875 0.6203125 0.0640625 0.071875
3 0.878125 0.153125 0.065625 0.0875
3 0.18828125 0.0953125 0.0625 0.090625
3 0.721875 0.3125 0.0734375 0.0734375
1 0.30078125 0.30546875 0.0890625 0.0921875
3 0.06953125 0.3078125 0.06875 0.096875
3 0.8828125 0.68828125 0.065625 0.0640625
3 0.409375 0.40859375 0.065625 0.0828125
3 0.73046875 0.621875 0.06875 0.0875
3 0.565625 0.41484375 0.05625 0.0734375
3 0.3 0.38046875 0.05625 0.0640625
3 0.6125 0.43203125 0.06875 0.0671875
3 0.67421875 0.65859375 0.078125 0.078125
3 0.39375 0.3234375 0.075 0.0875
0 0.1390625 0.7015625 0.084375 0.11875
3 0.53984375 0.60546875 0.053125 0.075
3 0.9265625 0.1453125 0.05 0.084375
6 0.87890625 0.78125 0.090625 0.0921875
3 0.34453125 0.5578125 0.0546875 0.071875
3 0.71796875 0.25 0.0671875 0.0671875
3 0.346875 0.6359375 0.059375 0.075
3 0.7640625 0.58046875 0.059375 0.0796875
3 0.628125 0.04375 0.071875 0.071875
3 0.12421875 0.84765625 0.06875 0.06875
3 0.37109375 0.4453125 0.0609375 0.0625
3 0.5171875 0.7234375 0.075 0.075
3 0.28125 0.8046875 0.0625 0.071875
3 0.54609375 0.6671875 0.0546875 0.065625
3 0.3328125 0.42890625 0.065625 0.0734375
3 0.43046875 0.68515625 0.071875 0.071875
3 0.83671875 0.91328125 0.059375 0.059375
3 0.5484375 0.1109375 0.071875 0.071875
3 0.5921875 0.90703125 0.078125 0.0890625
3 0.36640625 0.953125 0.075 0.075
3 0.34140625 0.4921875 0.059375 0.065625
3 0.71640625 0.5875 0.0765625 0.075
3 0.54296875 0.0515625 0.071875 0.071875
3 0.26484375 0.84765625 0.0546875 0.075
3 0.02734375 0.3640625 0.0546875 0.078125
3 0.615625 0.8578125 0.06875 0.071875