3 0.128125 0.3828125 0.08125 0.08125
3 0.54921875 0.66484375 0.071875 0.071875
3 0.0921875 0.7328125 0.09375 0.065625
3 0.7984375 0.375 0.0734375 0.0734375
3 0.6625 0.71796875 0.109375 0.0609375
3 0.7546875 0.6875 0.090625 0.0625
3 0.7015625 0.7828125 0.1 0.065625
3 0.48671875 0.19609375 0.0765625 0.0765625
3 0.09140625 0.8140625 0.0765625 0.0765625
3 0.1203125 0.2875 0.084375 0.084375
3 0.7859375 0.7484375 0.08125 0.059375
3 0.3625 0.37109375 0.09375 0.06875
3 0.4921875 0.528125 0.09375 0.06875
3 0.19296875 0.8265625 0.078125 0.0765625
3 0.2953125 0.62265625 0.0875 0.0640625
3 0.13046875 0.0734375 0.078125 0.078125
3 0.5328125 0.1015625 0.0765625 0.078125
3 0.8390625 0.54140625 0.0703125 0.071875
3 0.5703125 0.18125 0.075 0.0625
3 0.86328125 0.6453125 0.0796875 0.065625
3 0.91640625 0.2515625 0.0828125 0.059375
3 0.396875 0.2140625 0.078125 0.059375
3 0.26484375 0.725 0.0765625 0.0765625
3 0.3203125 0.2640625 0.078125 0.078125
3 0.8859375 0.04375 0.0796875 0.0796875
3 0.56328125 0.3578125 0.0921875 0.065625
3 0.72421875 0.18125 0.0875 0.06875
3 0.878125 0.33359375 0.10625 0.0609375
3 0.4671875 0.33828125 0.09375 0.0640625
3 0.1703125 0.5015625 0.078125 0.065625
3 0.74921875 0.521875 0.0859375 0.059375
3 0.2265625 0.3921875 0.084375 0.059375
3 0.4453125 0.065625 0.0734375 0.0734375
3 0.23046875 0.05078125 0.078125 0.0578125
3 0.07890625 0.93203125 0.075 0.075
3 0.68046875 0.846875 0.0953125 0.0625
3 0.2046875 0.6171875 0.0765625 0.0765625
3 0.121875 0.87734375 0.084375 0.0578125
3 0.39921875 0.55625 0.0734375 0.071875
3 0.8734375 0.1328125 0.075 0.075
3 0.3984375 0.13515625 0.078125 0.059375
3 0.5609375 0.9078125 0.08125 0.08125
3 0.21953125 0.5734375 0.0828125 0.0625
3 0.6234375 0.12734375 0.071875 0.071875
3 0.71484375 0.3265625 0.0984375 0.071875
3 0.0859375 0.4890625 0.071875 0.071875
3 0.42578125 0.95 0.0953125 0.0625
3 0.49140625 0.41171875 0.0859375 0.0609375
3 0.6 0.0640625 0.084375 0.059375
3 0.87734375 0.90078125 0.0703125 0.0578125
3 0.7734375 0.121875 0.078125 0.078125
3 0.4203125 0.89375 0.0875 0.065625
3 0.634375 0.4078125 0.0875 0.059375
3 0.70703125 0.91015625 0.06875 0.06875
3 0.928125 0.525 0.084375 0.059375
3 0.95703125 0.66875 0.0796875 0.0625
3 0.303125 0.43125 0.0875 0.05625
3 0.540625 0.784375 0.084375 0.059375
3 0.0578125 0.421875 0.0875 0.05625
3 0.4515625 0.678125 0.090625 0.0625
3 0.1953125 0.6859375 0.084375 0.053125
3 0.3203125 0.940625 0.0765625 0.0765625
3 0.1359375 0.1390625 0.08125 0.059375
3 0.23671875 0.12265625 0.075 0.075
3 0.3015625 0.49453125 0.090625 0.0609375
3 0.56484375 0.45625 0.0703125 0.0703125
3 0.0609375 0.18125 0.084375 0.05625
3 0.6796875 0.65 0.071875 0.078125
3 0.5515625 0.8453125 0.084375 0.05625
3 0.56640625 0.28046875 0.078125 0.0765625
3 0.6453125 0.5296875 0.078125 0.065625
3 0.4453125 0.74609375 0.078125 0.0515625
3 0.30078125 0.3171875 0.0875 0.059375
3 0.85546875 0.8359375 0.0953125 0.059375
3 0.628125 0.35 0.0796875 0.078125
3 0.79296875 0.603125 0.0734375 0.05625
3 0.42890625 0.275 0.0921875 0.0625
3 0.30234375 0.19765625 0.0984375 0.0640625
3 0.7765625 0.23515625 0.09375 0.0640625
3 0.87421875 0.1921875 0.0828125 0.059375
3 0.0703125 0.1203125 0.071875 0.071875
3 0.71328125 0.121875 0.084375 0.0859375
3 0.5578125 0.603125 0.065625 0.065625
3 0.04921875 0.5203125 0.0953125 0.071875
3 0.875 0.79609375 0.059375 0.0703125
3 0.0609375 0.03046875 0.084375 0.0578125
3 0.78515625 0.2984375 0.0875 0.059375
3 0.47890625 0.63984375 0.0703125 0.071875
3 0.12890625 0.215625 0.0859375 0.05625
3 0.809375 0.8828125 0.0640625 0.0640625
3 0.309375 0.06328125 0.084375 0.0703125
3 0.35234375 0.8140625 0.0859375 0.06875
3 0.9546875 0.86875 0.0828125 0.0828125
3 0.171875 0.19296875 0.0875 0.0578125
3 0.31640625 0.165625 0.0921875 0.071875
3 0.86328125 0.94609375 0.08125 0.08125
6 0.21953125 0.2515625 0.0953125 0.096875
3 0.33125 0.034375 0.06875 0.06875
3 0.95703125 0.8046875 0.06875 0.0703125