3 0.6171875 0.128125 0.0625 0.1
3 0.33515625 0.54921875 0.0609375 0.0828125
3 0.2671875 0.0921875 0.065625 0.09375
3 0.625 0.7984375 0.0734375 0.0734375
3 0.28203125 0.6625 0.0609375 0.109375
3 0.3125 0.7546875 0.0625 0.090625
3 0.2171875 0.7015625 0.065625 0.1
3 0.80390625 0.48671875 0.0671875 0.0859375
3 0.1859375 0.09140625 0.0765625 0.0765625
3 0.7125 0.1203125 0.084375 0.084375
3 0.2515625 0.7859375 0.0703125 0.0703125
3 0.62890625 0.3625 0.08125 0.08125
3 0.471875 0.4921875 0.08125 0.08125
3 0.1734375 0.19296875 0.0765625 0.078125
3 0.37734375 0.2953125 0.0640625 0.0875
3 0.9265625 0.13046875 0.078125 0.078125
3 0.8984375 0.5328125 0.065625 0.0875
3 0.45859375 0.8390625 0.0578125 0.084375
3 0.81875 0.5703125 0.0625 0.075
3 0.3546875 0.86328125 0.071875 0.071875
3 0.7484375 0.91640625 0.059375 0.0828125
3 0.7859375 0.396875 0.059375 0.078125
3 0.275 0.26484375 0.06875 0.084375
3 0.7359375 0.3203125 0.078125 0.078125
3 0.95625 0.8859375 0.071875 0.0875
3 0.6421875 0.56328125 0.065625 0.0921875
3 0.81875 0.72421875 0.078125 0.078125
3 0.66640625 0.878125 0.0609375 0.10625
3 0.66171875 0.4671875 0.0796875 0.0796875
3 0.4984375 0.1703125 0.065625 0.078125
3 0.478125 0.74921875 0.059375 0.0859375
3 0.6078125 0.2265625 0.059375 0.084375
3 0.934375 0.4453125 0.0625 0.084375
3 0.94921875 0.23046875 0.0578125 0.078125
3 0.06796875 0.07890625 0.0671875 0.084375
3 0.153125 0.68046875 0.0625 0.0953125
3 0.3828125 0.2046875 0.0625 0.090625
3 0.12265625 0.121875 0.071875 0.0703125
3 0.44375 0.39921875 0.0625 0.0828125
3 0.8671875 0.8734375 0.075 0.075
3 0.86484375 0.3984375 0.059375 0.078125
3 0.0921875 0.5609375 0.065625 0.096875
3 0.4265625 0.21953125 0.071875 0.0734375
3 0.87265625 0.6234375 0.071875 0.071875
3 0.6734375 0.71484375 0.084375 0.0859375
3 0.5109375 0.0859375 0.071875 0.071875
3 0.05 0.42578125 0.0625 0.0953125
3 0.58828125 0.49140625 0.0734375 0.0734375
3 0.9359375 0.6 0.071875 0.071875
3 0.09921875 0.87734375 0.0578125 0.0703125
3 0.878125 0.7734375 0.078125 0.078125
3 0.10625 0.4203125 0.065625 0.0875
3 0.5921875 0.634375 0.059375 0.0875
3 0.08984375 0.70703125 0.0578125 0.0796875
3 0.475 0.928125 0.071875 0.071875
3 0.33125 0.95703125 0.071875 0.071875
3 0.56875 0.303125 0.071875 0.071875
3 0.215625 0.540625 0.071875 0.071875
3 0.578125 0.0578125 0.071875 0.071875
3 0.321875 0.4515625 0.0765625 0.0765625
3 0.3140625 0.1953125 0.053125 0.084375
3 0.059375 0.3203125 0.0765625 0.0765625
3 0.8609375 0.1359375 0.059375 0.08125
3 0.87734375 0.23671875 0.0609375 0.0890625
3 0.50546875 0.3015625 0.075 0.075
3 0.54375 0.56484375 0.0625 0.078125
3 0.81875 0.0609375 0.05625 0.084375
3 0.35 0.6796875 0.078125 0.071875
3 0.1546875 0.5515625 0.05625 0.084375
3 0.71953125 0.56640625 0.0765625 0.078125
3 0.4703125 0.6453125 0.065625 0.078125
3 0.25390625 0.4453125 0.0515625 0.078125
3 0.6828125 0.30078125 0.0734375 0.0734375
3 0.1640625 0.85546875 0.078125 0.0765625
3 0.65 0.628125 0.0796875 0.0796875
3 0.396875 0.79296875 0.05625 0.0734375
3 0.725 0.42890625 0.0765625 0.078125
3 0.80234375 0.30234375 0.08125 0.08125
3 0.76484375 0.7765625 0.0640625 0.09375
3 0.8078125 0.87421875 0.059375 0.0828125
3 0.8796875 0.0703125 0.059375 0.084375
3 0.878125 0.71328125 0.08125 0.0890625
3 0.396875 0.5578125 0.05625 0.075
3 0.4796875 0.04921875 0.071875 0.0953125
3 0.20390625 0.875 0.0640625 0.065625
3 0.96953125 0.0609375 0.0578125 0.084375
3 0.7015625 0.78515625 0.059375 0.0875
3 0.36015625 0.47890625 0.06875 0.0734375
3 0.784375 0.12890625 0.071875 0.071875
3 0.1171875 0.809375 0.0640625 0.0640625
3 0.93671875 0.309375 0.0703125 0.084375
3 0.1859375 0.35234375 0.078125 0.078125
3 0.13125 0.9546875 0.075 0.090625
3 0.80703125 0.171875 0.0734375 0.0734375
3 0.834375 0.31640625 0.071875 0.0921875
3 0.05390625 0.86328125 0.0515625 0.1109375
6 0.7484375 0.21953125 0.090625 0.1
3 0.9671875 0.33046875 0.059375 0.078125
3 0.1953125 0.95703125 0.0703125 0.06875