3 0.178125 0.76875 0.08125 0.0625
3 0.45703125 0.76796875 0.075 0.075
3 0.77578125 0.07890625 0.0875 0.0640625
3 0.8453125 0.54921875 0.0875 0.0640625
3 0.45703125 0.70625 0.071875 0.0703125
3 0.646875 0.203125 0.08125 0.065625
3 0.45390625 0.6390625 0.06875 0.06875
3 0.0578125 0.675 0.096875 0.0625
3 0.56328125 0.7625 0.0875 0.0875
3 0.821875 0.1296875 0.0875 0.0625
3 0.49765625 0.571875 0.071875 0.0734375
3 0.18828125 0.58671875 0.0796875 0.0796875
3 0.7078125 0.80078125 0.075 0.0734375
3 0.69609375 0.334375 0.075 0.0765625
3 0.40078125 0.8359375 0.075 0.0765625
3 0.83828125 0.2921875 0.0765625 0.059375
3 0.62109375 0.48046875 0.084375 0.084375
3 0.11015625 0.93203125 0.08125 0.08125
3 0.4703125 0.9390625 0.08125 0.059375
3 0.80546875 0.365625 0.0859375 0.075
3 0.29765625 0.37578125 0.071875 0.071875
3 0.3359375 0.76640625 0.06875 0.06875
3 0.94375 0.9578125 0.065625 0.065625
3 0.546875 0.8578125 0.08125 0.08125
3 0.24453125 0.70625 0.0796875 0.071875
3 0.775 0.2703125 0.08125 0.059375
3 0.1265625 0.553125 0.078125 0.06875
3 0.6625 0.49921875 0.08125 0.0578125
3 0.80078125 0.85 0.0796875 0.0796875
6 0.390625 0.1859375 0.1125 0.078125
3 0.48359375 0.1546875 0.06875 0.06875
3 0.21484375 0.21953125 0.0921875 0.0734375
3 0.58203125 0.64921875 0.0953125 0.0734375
3 0.290625 0.83828125 0.0640625 0.0640625
3 0.725 0.80859375 0.084375 0.0703125
3 0.74453125 0.44609375 0.0671875 0.0671875
3 0.65234375 0.828125 0.075 0.075
3 0.3953125 0.940625 0.0796875 0.0796875
6 0.87734375 0.684375 0.0984375 0.08125
3 0.71640625 0.678125 0.071875 0.06875
3 0.15703125 0.1546875 0.078125 0.0625
3 0.17109375 0.0359375 0.06875 0.06875
3 0.9421875 0.23671875 0.078125 0.0640625
3 0.3328125 0.5453125 0.078125 0.078125
3 0.81796875 0.4703125 0.0890625 0.06875
3 0.865625 0.42265625 0.06875 0.0625
3 0.365625 0.64375 0.0671875 0.0671875
6 0.1859375 0.928125 0.096875 0.096875
3 0.95234375 0.2953125 0.0625 0.0625
3 0.6703125 0.58359375 0.090625 0.059375
3 0.259375 0.0890625 0.078125 0.0625
3 0.7796875 0.7578125 0.0828125 0.0828125
3 0.70234375 0.5359375 0.0765625 0.059375
3 0.3703125 0.36328125 0.065625 0.0609375
3 0.69140625 0.075 0.0640625 0.071875
3 0.46015625 0.3609375 0.071875 0.071875
3 0.29765625 0.215625 0.0796875 0.0625
3 0.109375 0.6265625 0.0765625 0.0765625
3 0.8328125 0.16875 0.0703125 0.0703125
3 0.7328125 0.59375 0.075 0.05625
3 0.91875 0.634375 0.071875 0.0625
3 0.59453125 0.8875 0.0703125 0.071875
3 0.65078125 0.9015625 0.0765625 0.059375
3 0.9515625 0.11015625 0.075 0.05625
3 0.58515625 0.0953125 0.059375 0.059375
3 0.28984375 0.15703125 0.0640625 0.0640625
3 0.2109375 0.40625 0.084375 0.05625
3 0.1828125 0.39765625 0.071875 0.0796875
0 0.553125 0.103125 0.09375 0.1
3 0.88828125 0.3640625 0.0671875 0.065625
3 0.86015625 0.75234375 0.0703125 0.05
3 0.80703125 0.71015625 0.06875 0.06875
3 0.2296875 0.14609375 0.0625 0.0625
3 0.10703125 0.20390625 0.059375 0.0765625
3 0.67734375 0.63671875 0.0703125 0.0546875
3 0.590625 0.5546875 0.078125 0.059375
3 0.8671875 0.315625 0.065625 0.065625
3 0.3234375 0.64375 0.0671875 0.0671875
3 0.13359375 0.4078125 0.0734375 0.05625
3 0.0421875 0.2796875 0.075 0.075
3 0.04609375 0.20859375 0.0765625 0.0703125
3 0.9546875 0.4265625 0.071875 0.065625
3 0.9625 0.3484375 0.0609375 0.0609375
3 0.6953125 0.70859375 0.071875 0.071875
3 0.8890625 0.36953125 0.065625 0.0640625