3 0.56796875 0.434375 0.075 0.1
3 0.915625 0.45859375 0.06875 0.0890625
3 0.2578125 0.37421875 0.0828125 0.08125
3 0.7828125 0.165625 0.0859375 0.0859375
3 0.85 0.30078125 0.071875 0.0984375
3 0.721875 0.4328125 0.0734375 0.0734375
3 0.35859375 0.8046875 0.0890625 0.090625
3 0.75 0.71328125 0.0765625 0.0765625
3 0.121875 0.7609375 0.0890625 0.0875
3 0.3171875 0.896875 0.0875 0.0875
3 0.46875 0.28203125 0.0875 0.0875
3 0.0859375 0.66015625 0.078125 0.096875
3 0.10859375 0.50234375 0.0765625 0.1078125
3 0.50625 0.52421875 0.078125 0.0796875
3 0.2078125 0.1734375 0.0828125 0.0828125
3 0.23359375 0.74765625 0.0859375 0.084375
3 0.23828125 0.8671875 0.0640625 0.096875
3 0.9 0.60859375 0.059375 0.0921875
3 0.625 0.3453125 0.075 0.0875
3 0.7140625 0.61640625 0.0625 0.0765625
3 0.2734375 0.46015625 0.0765625 0.075
3 0.7828125 0.4671875 0.065625 0.0875
3 0.63671875 0.25234375 0.0875 0.0859375
3 0.51953125 0.13125 0.0890625 0.0890625
3 0.4109375 0.40390625 0.071875 0.1046875
3 0.72890625 0.87421875 0.08125 0.08125
3 0.18359375 0.4890625 0.0703125 0.10625
3 0.17421875 0.840625 0.0640625 0.09375
3 0.39609375 0.528125 0.084375 0.0828125
3 0.7953125 0.6453125 0.075 0.075
4 0.89453125 0.8671875 0.08125 0.103125
3 0.165625 0.290625 0.065625 0.090625
3 0.26015625 0.22890625 0.0703125 0.1015625
3 0.72421875 0.53203125 0.0625 0.0859375
3 0.50546875 0.67734375 0.078125 0.078125
3 0.48125 0.403125 0.06875 0.10625
3 0.62578125 0.74140625 0.0609375 0.1046875
3 0.6 0.88046875 0.06875 0.0953125
3 0.16484375 0.10390625 0.0875 0.0875
3 0.88125 0.7578125 0.0828125 0.0828125
3 0.44140625 0.50078125 0.0734375 0.1140625
3 0.32578125 0.24375 0.0671875 0.1125
3 0.79765625 0.86328125 0.08125 0.08125
3 0.61875 0.596875 0.06875 0.096875
3 0.6109375 0.08671875 0.071875 0.0859375
3 0.6875 0.77109375 0.0625 0.075
3 0.68359375 0.70390625 0.08125 0.0796875
3 0.67734375 0.0609375 0.0734375 0.115625
3 0.53671875 0.75546875 0.075 0.0859375
3 0.64375 0.55859375 0.075 0.0953125
3 0.40234375 0.09921875 0.0921875 0.0921875
3 0.08359375 0.82734375 0.0875 0.0875
3 0.56484375 0.7 0.084375 0.084375