3 0.85234375 0.36875 0.0890625 0.06875
3 0.38671875 0.084375 0.0890625 0.06875
3 0.53359375 0.853125 0.0859375 0.0625
3 0.8828125 0.59375 0.1125 0.078125
3 0.25234375 0.51953125 0.0953125 0.06875
3 0.23671875 0.40625 0.08125 0.08125
3 0.65 0.44609375 0.084375 0.0671875
3 0.1453125 0.4515625 0.10625 0.075
3 0.2359375 0.084375 0.0921875 0.0921875
3 0.57109375 0.56015625 0.0921875 0.0671875
3 0.8109375 0.0796875 0.0796875 0.0796875
3 0.47109375 0.66015625 0.1078125 0.0765625
3 0.840625 0.9328125 0.090625 0.075
3 0.65078125 0.32265625 0.090625 0.090625
3 0.23828125 0.2640625 0.08125 0.08125
3 0.365625 0.9375 0.1 0.075
3 0.6171875 0.896875 0.0765625 0.0765625
3 0.3921875 0.4125 0.090625 0.06875
3 0.490625 0.74765625 0.096875 0.071875
3 0.06640625 0.7140625 0.08125 0.0796875
3 0.57421875 0.1 0.0875 0.0875
3 0.37578125 0.5296875 0.0984375 0.08125
3 0.75859375 0.66875 0.0984375 0.08125
3 0.671875 0.2453125 0.09375 0.09375
3 0.58515625 0.68671875 0.090625 0.090625
3 0.175 0.70546875 0.090625 0.090625
3 0.45859375 0.24453125 0.096875 0.096875
3 0.9421875 0.68984375 0.0796875 0.0796875
3 0.1671875 0.803125 0.0859375 0.0859375
3 0.88359375 0.159375 0.096875 0.06875
3 0.9375 0.93125 0.071875 0.071875
3 0.24140625 0.759375 0.0765625 0.078125
3 0.3890625 0.7375 0.084375 0.0625
3 0.8421875 0.278125 0.103125 0.075
3 0.70234375 0.175 0.0953125 0.09375
3 0.44921875 0.459375 0.096875 0.071875
3 0.7671875 0.54296875 0.0828125 0.084375
3 0.3890625 0.59296875 0.08125 0.08125
3 0.0640625 0.5078125 0.109375 0.078125
3 0.13515625 0.125 0.0859375 0.075
3 0.08203125 0.18359375 0.0859375 0.0734375
3 0.8328125 0.49765625 0.109375 0.0890625
3 0.4859375 0.33125 0.08125 0.06875
3 0.56328125 0.39296875 0.08125 0.08125
3 0.1109375 0.3734375 0.109375 0.0625
3 0.26640625 0.63125 0.0859375 0.0625
3 0.68515625 0.37734375 0.0859375 0.0640625
3 0.27265625 0.6796875 0.090625 0.090625
3 0.315625 0.64375 0.0875 0.071875
3 0.78125 0.275 0.0796875 0.0796875
3 0.74609375 0.446875 0.090625 0.090625
3 0.08984375 0.07734375 0.0765625 0.0703125
3 0.303125 0.13984375 0.11875 0.0890625
3 0.37578125 0.26640625 0.078125 0.078125
3 0.765625 0.4109375 0.0828125 0.0828125
3 0.72578125 0.91484375 0.096875 0.096875
3 0.95703125 0.28125 0.0859375 0.071875
6 0.57578125 0.47890625 0.1046875 0.0828125