3 0.36875 0.14765625 0.06875 0.0890625
3 0.084375 0.61328125 0.078125 0.0796875
3 0.853125 0.46640625 0.075 0.075
3 0.59375 0.1171875 0.0953125 0.0953125
3 0.51953125 0.74765625 0.08125 0.0828125
3 0.40625 0.76328125 0.06875 0.0921875
3 0.44609375 0.35 0.0671875 0.084375
3 0.4515625 0.8546875 0.075 0.10625
3 0.084375 0.7640625 0.08125 0.103125
3 0.56015625 0.42890625 0.0671875 0.0921875
3 0.0796875 0.1890625 0.06875 0.090625
3 0.66015625 0.52890625 0.0765625 0.1078125
3 0.9328125 0.159375 0.075 0.090625
3 0.32265625 0.34921875 0.075 0.1046875
3 0.2640625 0.76171875 0.08125 0.08125
3 0.9375 0.634375 0.075 0.1
3 0.896875 0.3828125 0.0765625 0.0765625
3 0.4125 0.6078125 0.06875 0.090625
3 0.74765625 0.509375 0.084375 0.084375
3 0.7140625 0.93359375 0.0796875 0.08125
3 0.1 0.42578125 0.071875 0.1015625
3 0.5296875 0.62421875 0.090625 0.0890625
3 0.66875 0.24140625 0.0890625 0.0890625
3 0.2453125 0.328125 0.071875 0.115625
3 0.68671875 0.41484375 0.090625 0.090625
3 0.70546875 0.825 0.08125 0.1
3 0.24453125 0.54140625 0.08125 0.1109375
3 0.68984375 0.0578125 0.0703125 0.090625
3 0.803125 0.8328125 0.0859375 0.0859375
3 0.159375 0.11640625 0.0828125 0.0828125
3 0.93125 0.0625 0.071875 0.071875
3 0.759375 0.75859375 0.078125 0.0765625
3 0.7375 0.6109375 0.0734375 0.0734375
3 0.278125 0.1578125 0.075 0.103125
3 0.175 0.29765625 0.09375 0.0953125
3 0.459375 0.55078125 0.071875 0.096875
3 0.54296875 0.2328125 0.0671875 0.1
3 0.59296875 0.6109375 0.0703125 0.090625
3 0.5078125 0.9359375 0.078125 0.109375
3 0.125 0.86484375 0.0796875 0.08125
3 0.18359375 0.91796875 0.0734375 0.0859375
3 0.49765625 0.1671875 0.1 0.0984375
3 0.33125 0.5140625 0.075 0.075
3 0.39296875 0.43671875 0.0828125 0.078125
3 0.3734375 0.8890625 0.0625 0.109375
3 0.63125 0.73359375 0.0625 0.0859375
3 0.37734375 0.31484375 0.075 0.075
3 0.6796875 0.72734375 0.071875 0.1078125
3 0.64375 0.684375 0.0796875 0.0796875
3 0.275 0.21875 0.078125 0.0796875
3 0.446875 0.25390625 0.0875 0.0953125
3 0.07734375 0.91015625 0.0734375 0.0734375
3 0.13984375 0.696875 0.103125 0.1046875
3 0.26640625 0.62421875 0.0921875 0.065625
3 0.4109375 0.234375 0.078125 0.0875
3 0.91484375 0.27421875 0.096875 0.096875
3 0.28125 0.04296875 0.071875 0.0859375
6 0.47890625 0.42421875 0.0828125 0.1046875