3 0.784375 0.20625 0.09375 0.09375
3 0.88828125 0.2046875 0.0828125 0.08125
3 0.921875 0.140625 0.08125 0.08125
3 0.89765625 0.3703125 0.09375 0.09375
3 0.34765625 0.20546875 0.0921875 0.0734375
3 0.14765625 0.67578125 0.096875 0.096875
3 0.15859375 0.58125 0.0984375 0.08125
3 0.840625 0.725 0.0828125 0.0828125
3 0.35234375 0.896875 0.09375 0.09375
3 0.59609375 0.60390625 0.1046875 0.0796875
5 0.60625 0.37265625 0.11875 0.0890625
3 0.94140625 0.6765625 0.0953125 0.096875
3 0.43359375 0.07109375 0.1109375 0.0765625
3 0.83984375 0.8140625 0.0828125 0.084375
3 0.91953125 0.5796875 0.1015625 0.078125
3 0.6046875 0.2515625 0.103125 0.071875
3 0.45546875 0.58984375 0.090625 0.0734375
3 0.27265625 0.26015625 0.084375 0.084375
3 0.6921875 0.8328125 0.0875 0.0875
6 0.49609375 0.8203125 0.1 0.1
3 0.65390625 0.575 0.084375 0.0828125
3 0.35390625 0.4859375 0.09375 0.09375
3 0.6234375 0.8234375 0.090625 0.078125
3 0.3828125 0.0953125 0.0953125 0.0953125
3 0.725 0.7578125 0.109375 0.075
3 0.3875 0.8171875 0.0796875 0.08125
3 0.5375 0.73046875 0.109375 0.06875
3 0.915625 0.45234375 0.0875 0.065625
3 0.13046875 0.465625 0.1046875 0.075
3 0.3671875 0.37421875 0.09375 0.08125
3 0.709375 0.13515625 0.09375 0.0734375
3 0.7984375 0.153125 0.1 0.0875
3 0.4046875 0.3875 0.1 0.1
3 0.5609375 0.790625 0.103125 0.065625
3 0.55078125 0.61640625 0.09375 0.0921875
3 0.734375 0.79296875 0.0859375 0.0859375