3 0.215625 0.79375 0.10625 0.08125
3 0.11171875 0.7953125 0.0984375 0.065625
3 0.078125 0.859375 0.08125 0.08125
3 0.10234375 0.6296875 0.103125 0.084375
3 0.65234375 0.79453125 0.0828125 0.0828125
3 0.85234375 0.32421875 0.1140625 0.078125
3 0.84140625 0.41875 0.090625 0.0890625
3 0.159375 0.275 0.0828125 0.0828125
3 0.64765625 0.103125 0.09375 0.09375
3 0.40390625 0.39609375 0.1046875 0.0796875
5 0.39375 0.62734375 0.103125 0.103125
3 0.05859375 0.3234375 0.1109375 0.08125
3 0.56640625 0.92890625 0.1109375 0.0765625
3 0.16015625 0.1859375 0.1015625 0.065625
3 0.08046875 0.4203125 0.1015625 0.078125
3 0.3953125 0.7484375 0.0875 0.0875
3 0.54453125 0.41015625 0.08125 0.08125
3 0.72734375 0.73984375 0.084375 0.084375
3 0.3078125 0.1671875 0.096875 0.078125
6 0.50390625 0.1796875 0.1 0.1
3 0.34609375 0.425 0.0984375 0.06875
3 0.64609375 0.5140625 0.1078125 0.078125
3 0.3765625 0.1765625 0.090625 0.078125
3 0.6171875 0.9046875 0.0953125 0.0953125
3 0.275 0.2421875 0.109375 0.075
3 0.6125 0.1828125 0.0796875 0.0796875
3 0.4625 0.26953125 0.109375 0.06875
3 0.084375 0.54765625 0.078125 0.0765625
3 0.86953125 0.534375 0.1046875 0.075
3 0.6328125 0.62578125 0.09375 0.08125
3 0.290625 0.86484375 0.084375 0.084375
3 0.2015625 0.846875 0.09375 0.09375
3 0.5953125 0.6125 0.121875 0.078125
3 0.4390625 0.209375 0.084375 0.084375
3 0.44921875 0.38359375 0.103125 0.0828125
3 0.265625 0.20703125 0.0859375 0.0859375