3 0.38125 0.92734375 0.08125 0.0984375
3 0.72265625 0.26484375 0.084375 0.084375
3 0.86328125 0.5515625 0.0796875 0.096875
3 0.48203125 0.940625 0.0828125 0.10625
5 0.06796875 0.759375 0.096875 0.096875
3 0.9609375 0.640625 0.078125 0.1
3 0.640625 0.46875 0.078125 0.096875
3 0.46015625 0.646875 0.0859375 0.1
3 0.815625 0.1703125 0.078125 0.078125
3 0.28046875 0.12890625 0.09375 0.0921875
3 0.13515625 0.6109375 0.0765625 0.096875
3 0.059375 0.31171875 0.090625 0.090625
3 0.84453125 0.65390625 0.1 0.1
3 0.7578125 0.62421875 0.071875 0.1078125
3 0.2484375 0.615625 0.090625 0.090625
3 0.625 0.90859375 0.0875 0.0890625
3 0.546875 0.378125 0.0875 0.0875
3 0.38671875 0.51640625 0.090625 0.090625
3 0.8484375 0.05078125 0.071875 0.1015625
3 0.12109375 0.09765625 0.084375 0.084375
3 0.6859375 0.70859375 0.065625 0.0859375
3 0.70234375 0.91640625 0.0953125 0.0953125
3 0.396875 0.396875 0.084375 0.1125
3 0.896875 0.2484375 0.084375 0.096875
5 0.696875 0.80234375 0.09375 0.09375
3 0.275 0.4703125 0.096875 0.096875
3 0.41015625 0.84453125 0.0828125 0.0953125
3 0.74375 0.35078125 0.08125 0.08125
3 0.475 0.45625 0.08125 0.096875
3 0.74375 0.52265625 0.075 0.0859375
3 0.54765625 0.53203125 0.084375 0.084375
3 0.34296875 0.6734375 0.09375 0.09375
3 0.58984375 0.6609375 0.084375 0.103125
3 0.57421875 0.48984375 0.08125 0.08125
3 0.88359375 0.70234375 0.084375 0.084375
1 0.93828125 0.7453125 0.075 0.121875
3 0.12734375 0.325 0.0671875 0.1125
3 0.2109375 0.5359375 0.090625 0.090625
3 0.496875 0.2984375 0.0921875 0.0921875
3 0.0640625 0.209375 0.0859375 0.1
3 0.46875 0.78046875 0.06875 0.1015625
3 0.1859375 0.72421875 0.0953125 0.09375
3 0.6296875 0.7890625 0.0765625 0.075
3 0.7140625 0.17421875 0.084375 0.084375
3 0.20703125 0.81875 0.0890625 0.09375
3 0.77890625 0.484375 0.0921875 0.0921875
3 0.37734375 0.0703125 0.0765625 0.121875
3 0.5375 0.8046875 0.06875 0.109375
3 0.3296875 0.2296875 0.1 0.1
3 0.5625 0.60859375 0.090625 0.1265625