3 0.92734375 0.61875 0.090625 0.090625
3 0.26484375 0.27734375 0.090625 0.0765625
3 0.5515625 0.13671875 0.096875 0.0796875
3 0.940625 0.51796875 0.10625 0.0828125
5 0.759375 0.93203125 0.096875 0.096875
3 0.64140625 0.04140625 0.0890625 0.0828125
3 0.46875 0.359375 0.0875 0.0875
3 0.646875 0.53984375 0.09375 0.0921875
3 0.1703125 0.184375 0.078125 0.078125
3 0.12890625 0.71953125 0.1078125 0.078125
3 0.6109375 0.86484375 0.096875 0.0765625
3 0.31171875 0.940625 0.090625 0.090625
3 0.65390625 0.15546875 0.1203125 0.0796875
3 0.62421875 0.2421875 0.1078125 0.071875
3 0.615625 0.7515625 0.10625 0.075
3 0.90859375 0.375 0.0890625 0.0875
3 0.378125 0.453125 0.0875 0.0875
3 0.51640625 0.61328125 0.090625 0.090625
3 0.05078125 0.1515625 0.0875 0.0875
3 0.09765625 0.87890625 0.0953125 0.0734375
3 0.70859375 0.3140625 0.0859375 0.065625
3 0.91640625 0.29765625 0.0953125 0.0953125
3 0.396875 0.603125 0.1125 0.084375
3 0.2484375 0.103125 0.090625 0.090625
5 0.80234375 0.303125 0.1046875 0.08125
3 0.4703125 0.725 0.115625 0.078125
3 0.84453125 0.58984375 0.0890625 0.0890625
3 0.35078125 0.25625 0.08125 0.08125
3 0.45625 0.525 0.0890625 0.0890625
3 0.52265625 0.25625 0.0859375 0.075
3 0.53203125 0.45234375 0.084375 0.084375
3 0.6734375 0.65703125 0.10625 0.0796875
3 0.6609375 0.41015625 0.103125 0.084375
3 0.48984375 0.42578125 0.0921875 0.0703125
3 0.70234375 0.11640625 0.1078125 0.0625
1 0.7453125 0.06171875 0.121875 0.075
3 0.325 0.87265625 0.090625 0.090625
3 0.5359375 0.7890625 0.1 0.08125
3 0.2984375 0.503125 0.0921875 0.0921875
3 0.209375 0.9359375 0.1 0.084375
3 0.78046875 0.53125 0.1015625 0.06875
3 0.72421875 0.8140625 0.09375 0.09375
3 0.7890625 0.3703125 0.090625 0.0625
3 0.17421875 0.2859375 0.0953125 0.075
3 0.81875 0.79296875 0.09375 0.0890625
3 0.484375 0.22109375 0.0921875 0.0921875
3 0.0703125 0.62265625 0.1 0.1
3 0.8046875 0.4625 0.0890625 0.090625
3 0.2296875 0.6703125 0.1 0.1
3 0.60859375 0.4375 0.1265625 0.090625