3 0.16875 0.25859375 0.078125 0.0921875
3 0.840625 0.90390625 0.0921875 0.090625
3 0.0578125 0.82734375 0.08125 0.1109375
3 0.66328125 0.7171875 0.084375 0.084375
3 0.265625 0.8765625 0.075 0.096875
3 0.28671875 0.2171875 0.09375 0.09375
3 0.1015625 0.378125 0.084375 0.084375
3 0.18828125 0.7140625 0.075 0.084375
3 0.21171875 0.14453125 0.096875 0.096875
3 0.4765625 0.32578125 0.071875 0.1125
3 0.53828125 0.6953125 0.0671875 0.0875
3 0.4796875 0.459375 0.0796875 0.0796875
3 0.33515625 0.70390625 0.0828125 0.0984375
3 0.1265625 0.478125 0.084375 0.0859375
3 0.628125 0.56484375 0.075 0.1078125
3 0.2828125 0.534375 0.090625 0.090625
3 0.70703125 0.82890625 0.0890625 0.0890625
3 0.6921875 0.41015625 0.0765625 0.078125
3 0.54375 0.17734375 0.08125 0.1234375
3 0.92734375 0.57421875 0.0875 0.0859375
3 0.8296875 0.6828125 0.071875 0.115625
3 0.15234375 0.11171875 0.084375 0.0859375
3 0.65625 0.390625 0.075 0.075
3 0.790625 0.82578125 0.0875 0.0875
3 0.62265625 0.31015625 0.0828125 0.1046875
3 0.87578125 0.08125 0.08125 0.0828125
3 0.73984375 0.51484375 0.084375 0.084375
3 0.8890625 0.72265625 0.08125 0.08125
3 0.70859375 0.13671875 0.090625 0.090625
3 0.5484375 0.5578125 0.065625 0.0875
3 0.265625 0.7046875 0.0703125 0.109375
3 0.6515625 0.853125 0.071875 0.109375
3 0.10390625 0.74375 0.0890625 0.0890625
3 0.6046875 0.79609375 0.084375 0.0859375
3 0.0921875 0.6734375 0.06875 0.10625
3 0.615625 0.88515625 0.0890625 0.0875
3 0.590625 0.66796875 0.06875 0.0921875
3 0.721875 0.16953125 0.0890625 0.090625
3 0.9140625 0.08203125 0.065625 0.1
3 0.040625 0.05234375 0.08125 0.0890625
0 0.4953125 0.5140625 0.125 0.125
3 0.59296875 0.209375 0.0953125 0.096875
3 0.59765625 0.27578125 0.0734375 0.1328125