3 0.83125 0.25859375 0.078125 0.0921875
3 0.159375 0.90390625 0.075 0.1078125
3 0.9421875 0.82734375 0.08125 0.1109375
3 0.33671875 0.7171875 0.084375 0.084375
3 0.734375 0.8765625 0.0859375 0.0859375
3 0.71328125 0.2171875 0.09375 0.09375
3 0.8984375 0.378125 0.078125 0.090625
3 0.81171875 0.7140625 0.0796875 0.0796875
3 0.78828125 0.14453125 0.0859375 0.109375
3 0.5234375 0.32578125 0.0921875 0.0921875
3 0.46171875 0.6953125 0.0671875 0.0875
3 0.5203125 0.459375 0.0625 0.096875
3 0.66484375 0.70390625 0.090625 0.090625
3 0.8734375 0.478125 0.075 0.09375
3 0.371875 0.56484375 0.075 0.1078125
3 0.7171875 0.534375 0.090625 0.090625
3 0.29296875 0.82890625 0.0890625 0.0890625
3 0.3078125 0.41015625 0.0765625 0.078125
3 0.45625 0.17734375 0.08125 0.1234375
3 0.07265625 0.57421875 0.0875 0.0859375
3 0.1703125 0.6828125 0.071875 0.115625
3 0.84765625 0.11171875 0.06875 0.1015625
3 0.34375 0.390625 0.075 0.075
3 0.209375 0.82578125 0.075 0.0984375
3 0.37734375 0.31015625 0.0828125 0.1046875
3 0.12421875 0.08125 0.0640625 0.1
3 0.26015625 0.51484375 0.0734375 0.0953125
3 0.1109375 0.72265625 0.071875 0.090625
3 0.29140625 0.13671875 0.078125 0.1015625
3 0.4515625 0.5578125 0.0765625 0.0765625
3 0.734375 0.7046875 0.06875 0.109375
3 0.3484375 0.853125 0.071875 0.109375
3 0.89609375 0.74375 0.0734375 0.103125
3 0.3953125 0.79609375 0.084375 0.0859375
3 0.9078125 0.6734375 0.0875 0.0875
3 0.384375 0.88515625 0.08125 0.0953125
3 0.409375 0.66796875 0.0796875 0.08125
3 0.278125 0.16953125 0.06875 0.1109375
3 0.0859375 0.08203125 0.065625 0.1
3 0.9640625 0.053125 0.071875 0.10625
0 0.5046875 0.5140625 0.090625 0.159375
3 0.40703125 0.209375 0.0953125 0.096875
3 0.40234375 0.27578125 0.103125 0.103125