3 0.7359375 0.2078125 0.078125 0.103125
3 0.759375 0.3796875 0.0890625 0.0890625
3 0.640625 0.74296875 0.0875 0.0890625
3 0.3203125 0.24765625 0.08125 0.1046875
3 0.43828125 0.8234375 0.0828125 0.0828125
3 0.959375 0.915625 0.08125 0.0875
3 0.73046875 0.86484375 0.0828125 0.109375
3 0.578125 0.7890625 0.0875 0.0875
3 0.8234375 0.86328125 0.059375 0.0828125
3 0.38359375 0.55546875 0.0703125 0.0921875
3 0.06953125 0.38671875 0.096875 0.096875
3 0.1625 0.2953125 0.0828125 0.0828125
3 0.3375 0.86484375 0.06875 0.1015625
3 0.271875 0.3703125 0.084375 0.090625
3 0.315625 0.63046875 0.08125 0.0953125
3 0.59765625 0.4515625 0.0875 0.0875
3 0.80390625 0.5046875 0.0640625 0.0875
3 0.4125 0.13046875 0.08125 0.0984375
3 0.3765625 0.61171875 0.071875 0.1015625
3 0.06640625 0.759375 0.071875 0.1125
3 0.8484375 0.08984375 0.0796875 0.0796875
3 0.7703125 0.7921875 0.08125 0.103125
3 0.5328125 0.83984375 0.090625 0.090625
3 0.42734375 0.22109375 0.0828125 0.0828125
3 0.51640625 0.6375 0.0703125 0.096875
3 0.88671875 0.8265625 0.0796875 0.0796875
3 0.2796875 0.71015625 0.071875 0.1015625
3 0.103125 0.590625 0.0640625 0.08125
3 0.46953125 0.3921875 0.09375 0.09375
3 0.77109375 0.1515625 0.0796875 0.103125
3 0.6421875 0.05078125 0.0890625 0.0890625
3 0.34765625 0.0609375 0.078125 0.0765625
3 0.68125 0.62734375 0.078125 0.0921875
3 0.1140625 0.69296875 0.071875 0.0921875
3 0.08671875 0.15703125 0.078125 0.103125
3 0.1421875 0.65234375 0.0859375 0.0859375
3 0.475 0.553125 0.06875 0.08125
3 0.44765625 0.64296875 0.0703125 0.1015625
3 0.62578125 0.921875 0.0703125 0.096875
3 0.921875 0.2140625 0.075 0.096875
3 0.215625 0.640625 0.0859375 0.0859375
3 0.19921875 0.9203125 0.084375 0.084375
3 0.42890625 0.41484375 0.0828125 0.0828125
3 0.103125 0.89453125 0.075 0.1015625
3 0.921875 0.28203125 0.05625 0.0984375
3 0.16640625 0.1578125 0.084375 0.0859375
3 0.5140625 0.4640625 0.0875 0.0875
1 0.68046875 0.2359375 0.109375 0.109375
3 0.84453125 0.190625 0.090625 0.090625
3 0.1765625 0.0765625 0.071875 0.090625
3 0.2828125 0.54296875 0.078125 0.0890625
3 0.31328125 0.53984375 0.084375 0.084375