3 0.7359375 0.7921875 0.078125 0.103125
3 0.759375 0.6203125 0.0890625 0.0890625
3 0.640625 0.25703125 0.0875 0.0890625
3 0.3203125 0.75234375 0.08125 0.1046875
3 0.43828125 0.1765625 0.0828125 0.0828125
3 0.959375 0.084375 0.08125 0.0875
3 0.73046875 0.13515625 0.096875 0.096875
3 0.578125 0.2109375 0.075 0.1
3 0.8234375 0.13671875 0.0703125 0.071875
3 0.38359375 0.44453125 0.0703125 0.0921875
3 0.06953125 0.61328125 0.0828125 0.109375
3 0.1625 0.7046875 0.06875 0.096875
3 0.3375 0.13515625 0.0859375 0.084375
3 0.271875 0.6296875 0.0875 0.0875
3 0.315625 0.36953125 0.0890625 0.0890625
3 0.59765625 0.5484375 0.0875 0.0875
3 0.80390625 0.4953125 0.075 0.075
3 0.4125 0.86953125 0.08125 0.0984375
3 0.3765625 0.38828125 0.0859375 0.0875
3 0.06640625 0.240625 0.0921875 0.0921875
3 0.8484375 0.91015625 0.06875 0.0921875
3 0.7703125 0.2078125 0.08125 0.103125
3 0.5328125 0.16015625 0.084375 0.096875
3 0.42734375 0.77890625 0.0828125 0.0828125
3 0.51640625 0.3625 0.0703125 0.096875
3 0.88671875 0.1734375 0.0796875 0.0796875
3 0.2796875 0.28984375 0.071875 0.1015625
3 0.103125 0.409375 0.0625 0.08125
3 0.46953125 0.6078125 0.09375 0.09375
3 0.77109375 0.8484375 0.0796875 0.103125
3 0.6421875 0.94921875 0.078125 0.0984375
3 0.34765625 0.9390625 0.0671875 0.0875
3 0.68125 0.37265625 0.084375 0.0859375
3 0.1140625 0.30703125 0.08125 0.08125
3 0.08671875 0.84296875 0.090625 0.090625
3 0.1421875 0.34765625 0.075 0.096875
3 0.475 0.446875 0.06875 0.08125
3 0.44765625 0.35703125 0.0859375 0.0859375
3 0.62578125 0.078125 0.084375 0.0828125
3 0.921875 0.7859375 0.0859375 0.0859375
3 0.215625 0.359375 0.06875 0.103125
3 0.19921875 0.0796875 0.084375 0.084375
3 0.42890625 0.58515625 0.0828125 0.0828125
3 0.103125 0.10546875 0.0890625 0.0890625
3 0.921875 0.71796875 0.05625 0.0984375
3 0.16640625 0.8421875 0.0765625 0.09375
3 0.5140625 0.5359375 0.075 0.1
1 0.68046875 0.7640625 0.109375 0.109375
3 0.84453125 0.809375 0.090625 0.090625
3 0.1765625 0.9234375 0.071875 0.090625
3 0.2828125 0.45703125 0.078125 0.0890625
3 0.31328125 0.46015625 0.0671875 0.1015625