3 0.59921875 0.41328125 0.0671875 0.1078125
3 0.5328125 0.30546875 0.065625 0.0859375
3 0.45859375 0.25390625 0.0703125 0.0890625
3 0.3875 0.215625 0.0875 0.0875
3 0.46953125 0.371875 0.0703125 0.090625
3 0.3859375 0.43203125 0.071875 0.0984375
3 0.3140625 0.334375 0.0828125 0.0828125
3 0.1734375 0.31640625 0.0875 0.1015625
3 0.1375 0.16640625 0.090625 0.1015625
3 0.10546875 0.07578125 0.0703125 0.0984375
3 0.32578125 0.1046875 0.08125 0.0828125
3 0.4296875 0.06484375 0.090625 0.090625
3 0.7 0.16171875 0.09375 0.096875
3 0.8 0.2 0.096875 0.0984375
3 0.95859375 0.07890625 0.0828125 0.0859375
3 0.28671875 0.59609375 0.078125 0.078125
3 0.75859375 0.65390625 0.0859375 0.0859375
3 0.6140625 0.65390625 0.071875 0.0921875
3 0.7125 0.5578125 0.084375 0.084375
3 0.65078125 0.54296875 0.084375 0.084375
3 0.72578125 0.45859375 0.0953125 0.0953125
3 0.78125 0.39921875 0.08125 0.08125
3 0.8484375 0.3671875 0.075 0.0875
3 0.79765625 0.2953125 0.0984375 0.096875
3 0.40390625 0.76484375 0.0671875 0.0875
3 0.42421875 0.8796875 0.0765625 0.096875
3 0.38046875 0.82734375 0.090625 0.090625
3 0.2921875 0.88515625 0.06875 0.0953125
3 0.33203125 0.74609375 0.0890625 0.0890625
3 0.25 0.76953125 0.084375 0.084375
3 0.2 0.83828125 0.071875 0.1046875
3 0.13515625 0.83046875 0.090625 0.090625
3 0.04609375 0.765625 0.071875 0.078125
3 0.20625 0.62578125 0.090625 0.090625
3 0.0609375 0.578125 0.0890625 0.0890625
3 0.3 0.50390625 0.078125 0.0953125
3 0.27265625 0.47578125 0.084375 0.084375
3 0.10703125 0.3984375 0.071875 0.096875
3 0.5390625 0.93046875 0.0828125 0.084375
3 0.64765625 0.771875 0.075 0.0765625
3 0.77109375 0.80078125 0.08125 0.090625
3 0.8765625 0.77734375 0.071875 0.0875
3 0.95625 0.534375 0.084375 0.084375
3 0.8578125 0.5265625 0.071875 0.09375
3 0.4609375 0.61640625 0.0734375 0.075
3 0.90390625 0.24296875 0.0890625 0.0828125
3 0.890625 0.1875 0.090625 0.1
3 0.03828125 0.36171875 0.0765625 0.0796875
3 0.065625 0.90234375 0.0875 0.1078125
3 0.6765625 0.83984375 0.0859375 0.084375
3 0.68984375 0.88984375 0.078125 0.078125
3 0.18984375 0.46796875 0.075 0.075
3 0.1625 0.53203125 0.075 0.0953125
3 0.153125 0.4859375 0.084375 0.084375
0 0.521875 0.60703125 0.096875 0.1359375