3 0.1390625 0.55859375 0.0828125 0.08125
3 0.35703125 0.78671875 0.096875 0.0703125
3 0.32109375 0.9453125 0.0859375 0.065625
3 0.6546875 0.4140625 0.071875 0.071875
3 0.58203125 0.728125 0.1 0.075
3 0.415625 0.9234375 0.08125 0.0625
3 0.14375 0.1859375 0.0765625 0.0765625
3 0.61171875 0.54140625 0.0671875 0.0671875
3 0.29609375 0.35 0.0984375 0.06875
3 0.80078125 0.6078125 0.0796875 0.0625
3 0.0796875 0.325 0.0828125 0.0828125
3 0.296875 0.08046875 0.0859375 0.084375
3 0.06484375 0.89921875 0.0921875 0.0671875
3 0.56328125 0.16484375 0.075 0.075
3 0.8984375 0.93046875 0.0859375 0.084375
3 0.76953125 0.6859375 0.0859375 0.071875
3 0.19296875 0.3 0.090625 0.090625
3 0.721875 0.30703125 0.090625 0.065625
3 0.484375 0.26796875 0.0875 0.0625
3 0.14609375 0.79609375 0.0796875 0.059375
3 0.83203125 0.74375 0.0828125 0.0625
3 0.46328125 0.73125 0.0828125 0.08125
3 0.2609375 0.8265625 0.084375 0.059375
3 0.9390625 0.4765625 0.0859375 0.0859375
3 0.928125 0.5609375 0.084375 0.084375
3 0.684375 0.58671875 0.09375 0.0734375
3 0.3953125 0.465625 0.071875 0.071875
3 0.675 0.9046875 0.10625 0.0796875
3 0.24609375 0.228125 0.075 0.075
3 0.5078125 0.06875 0.0859375 0.0859375
3 0.4546875 0.6546875 0.084375 0.065625
3 0.12890625 0.959375 0.1125 0.0625
3 0.53984375 0.32578125 0.0765625 0.0765625
3 0.63671875 0.0703125 0.096875 0.065625
3 0.16796875 0.11484375 0.0828125 0.0671875
3 0.32734375 0.42421875 0.0796875 0.0671875
3 0.46953125 0.17265625 0.0875 0.0671875
3 0.45078125 0.40546875 0.071875 0.071875
3 0.86171875 0.65 0.084375 0.0828125
3 0.5609375 0.640625 0.096875 0.071875
3 0.765625 0.04296875 0.0765625 0.0765625
3 0.259375 0.465625 0.06875 0.0625
3 0.63359375 0.259375 0.1 0.06875
3 0.64765625 0.146875 0.078125 0.078125
3 0.93828125 0.67265625 0.06875 0.06875
3 0.7953125 0.096875 0.071875 0.05
3 0.12734375 0.63125 0.065625 0.065625
3 0.73984375 0.35 0.0859375 0.084375
3 0.54609375 0.840625 0.1015625 0.06875
3 0.809375 0.1734375 0.0875 0.0875
3 0.1421875 0.446875 0.075 0.075
3 0.04609375 0.3953125 0.078125 0.0796875
3 0.4234375 0.3234375 0.090625 0.046875
3 0.15546875 0.2578125 0.0765625 0.059375
3 0.75078125 0.16875 0.0875 0.0875
3 0.24609375 0.6671875 0.109375 0.078125
3 0.82734375 0.47734375 0.0890625 0.0890625
3 0.36484375 0.5953125 0.0890625 0.040625
3 0.20390625 0.95078125 0.084375 0.0859375
3 0.06640625 0.10703125 0.075 0.0734375
3 0.93203125 0.28515625 0.0796875 0.0609375
3 0.1125 0.47265625 0.0765625 0.0765625
3 0.5125 0.3828125 0.0703125 0.0703125
3 0.35234375 0.64453125 0.0859375 0.0875
3 0.253125 0.6015625 0.084375 0.053125
3 0.93125 0.16796875 0.084375 0.084375
3 0.8765625 0.24296875 0.071875 0.0671875
3 0.56328125 0.93125 0.0625 0.0625
3 0.8984375 0.0875 0.0875 0.0875
3 0.10390625 0.0359375 0.0859375 0.065625
3 0.42109375 0.5328125 0.0953125 0.06875
3 0.8765625 0.040625 0.0796875 0.0796875
3 0.953125 0.390625 0.0796875 0.0796875
3 0.75234375 0.93671875 0.078125 0.078125
6 0.47734375 0.559375 0.0953125 0.075
6 0.3703125 0.2875 0.115625 0.075
3 0.41953125 0.35625 0.0703125 0.071875
3 0.66484375 0.040625 0.0828125 0.08125
3 0.58359375 0.2609375 0.071875 0.0703125