3 0.45 0.51015625 0.05625 0.0796875
3 0.3421875 0.15234375 0.071875 0.071875
3 0.5375 0.24609375 0.06875 0.0984375
3 0.33125 0.5828125 0.05625 0.096875
3 0.85703125 0.87734375 0.0703125 0.0890625
3 0.70234375 0.10390625 0.08125 0.08125
3 0.565625 0.55234375 0.084375 0.084375
3 0.23046875 0.175 0.075 0.075
3 0.76171875 0.23046875 0.0796875 0.0796875
3 0.68203125 0.428125 0.0734375 0.1
3 0.4390625 0.71328125 0.075 0.0734375
3 0.0921875 0.86640625 0.0765625 0.0765625
3 0.940625 0.86796875 0.075 0.0953125
3 0.8765625 0.12578125 0.0765625 0.0765625
3 0.38671875 0.6296875 0.08125 0.0828125
3 0.66796875 0.29140625 0.0703125 0.0796875
3 0.590625 0.1375 0.065625 0.065625
3 0.43203125 0.2359375 0.0671875 0.1
3 0.21796875 0.77578125 0.0515625 0.0734375
3 0.90234375 0.04921875 0.0578125 0.0828125
3 0.8921875 0.76328125 0.075 0.075
3 0.35390625 0.3234375 0.075 0.0765625
3 0.521875 0.8890625 0.05625 0.084375
3 0.28984375 0.30859375 0.0640625 0.0796875
3 0.36328125 0.84765625 0.0671875 0.0890625
3 0.5890625 0.89296875 0.078125 0.078125
3 0.03515625 0.746875 0.06875 0.06875
3 0.7125 0.578125 0.05625 0.078125
3 0.19609375 0.0921875 0.0578125 0.071875
3 0.85859375 0.253125 0.0625 0.075
3 0.678125 0.1640625 0.06875 0.096875
3 0.1296875 0.37890625 0.078125 0.078125
3 0.821875 0.51484375 0.0625 0.0796875
3 0.70234375 0.23359375 0.0578125 0.0765625
3 0.29375 0.16171875 0.0640625 0.0640625
3 0.56640625 0.075 0.0609375 0.078125
3 0.8546875 0.35234375 0.06875 0.06875
3 0.74296875 0.771875 0.071875 0.071875
3 0.4890625 0.83359375 0.065625 0.078125
3 0.68359375 0.89140625 0.06875 0.0703125
3 0.23515625 0.91328125 0.0578125 0.0796875
3 0.7796875 0.4484375 0.0765625 0.0765625
6 0.13828125 0.28984375 0.075 0.096875
3 0.5125 0.525 0.0734375 0.0734375
3 0.91640625 0.25703125 0.053125 0.0765625
3 0.90859375 0.325 0.065625 0.0640625
3 0.1203125 0.7828125 0.059375 0.071875
3 0.16875 0.8140625 0.075 0.075
0 0.3765625 0.234375 0.090625 0.090625
3 0.24140625 0.40390625 0.0671875 0.0578125
3 0.31015625 0.846875 0.06875 0.06875
3 0.08671875 0.775 0.06875 0.0671875
3 0.49765625 0.7296875 0.059375 0.084375
3 0.5453125 0.68125 0.0765625 0.075
3 0.2890625 0.79921875 0.06875 0.0921875
3 0.8453125 0.43984375 0.053125 0.0796875
3 0.525 0.12421875 0.05 0.0671875
3 0.63359375 0.58359375 0.0578125 0.0796875
3 0.8078125 0.809375 0.065625 0.06875
3 0.525 0.61484375 0.065625 0.0703125
3 0.3515625 0.75546875 0.065625 0.065625
3 0.26171875 0.23359375 0.0484375 0.0890625
3 0.23046875 0.33125 0.071875 0.0703125
3 0.221875 0.459375 0.0640625 0.0640625
3 0.8453125 0.04140625 0.0671875 0.065625
3 0.3625 0.5296875 0.0796875 0.0796875
3 0.24609375 0.83359375 0.0671875 0.0765625
3 0.7140625 0.63359375 0.078125 0.078125
3 0.05546875 0.52265625 0.0546875 0.0796875
3 0.03046875 0.6625 0.0609375 0.075
4 0.07890625 0.56796875 0.1 0.1
3 0.284375 0.46796875 0.059375 0.059375
3 0.2390625 0.50859375 0.059375 0.0828125
3 0.20703125 0.26953125 0.06875 0.06875
3 0.79140625 0.1609375 0.0578125 0.078125
3 0.88984375 0.40390625 0.0453125 0.0734375
3 0.9546875 0.27265625 0.059375 0.059375
3 0.86796875 0.75703125 0.0671875 0.0765625
3 0.828125 0.95859375 0.0671875 0.065625
3 0.334375 0.9609375 0.0671875 0.0671875
6 0.27890625 0.55546875 0.09375 0.09375
1 0.478125 0.16796875 0.05625 0.1609375
3 0.940625 0.53125 0.0375 0.075
3 0.46875 0.76328125 0.0671875 0.0671875
3 0.96171875 0.94296875 0.0484375 0.0609375
3 0.1796875 0.3203125 0.053125 0.084375
3 0.4890625 0.35078125 0.05625 0.05625
3 0.59375 0.21953125 0.0609375 0.0609375