2 0.42265625 0.4796875 0.0671875 0.096875
2 0.46875 0.5203125 0.065625 0.096875
2 0.45078125 0.78125 0.0734375 0.096875
2 0.5 0.69296875 0.0921875 0.0921875
2 0.0859375 0.0984375 0.0828125 0.0828125
2 0.92421875 0.3921875 0.0734375 0.096875
2 0.76484375 0.5375 0.084375 0.084375
2 0.31484375 0.821875 0.0828125 0.0828125
2 0.2015625 0.25703125 0.0890625 0.0890625
2 0.15703125 0.32734375 0.0703125 0.0953125
2 0.69921875 0.515625 0.0703125 0.1125
2 0.09296875 0.30390625 0.0859375 0.0859375
2 0.79375 0.71796875 0.0875 0.0875
2 0.84375 0.54609375 0.0890625 0.0890625
2 0.74375 0.93671875 0.0859375 0.0859375
2 0.115625 0.4671875 0.071875 0.096875
2 0.365625 0.6734375 0.06875 0.1
2 0.32734375 0.33984375 0.0890625 0.0890625
2 0.7984375 0.47109375 0.0765625 0.0765625
2 0.36796875 0.42421875 0.0875 0.0875
2 0.1734375 0.4171875 0.078125 0.10625
2 0.63828125 0.48359375 0.0875 0.0875
2 0.14921875 0.22265625 0.0640625 0.1296875
2 0.90390625 0.48828125 0.06875 0.0890625
2 0.47734375 0.609375 0.0765625 0.1
2 0.55078125 0.725 0.0671875 0.09375
2 0.6140625 0.71328125 0.078125 0.0984375
2 0.80859375 0.82421875 0.084375 0.0859375
2 0.5453125 0.89609375 0.071875 0.0890625
2 0.696875 0.615625 0.0875 0.0875
2 0.24296875 0.45859375 0.0796875 0.1078125
2 0.08984375 0.1984375 0.0796875 0.103125
2 0.73671875 0.85859375 0.0875 0.0859375
2 0.10234375 0.384375 0.078125 0.078125
2 0.55546875 0.63359375 0.0796875 0.0953125
2 0.23125 0.83515625 0.071875 0.0765625
2 0.24453125 0.9265625 0.075 0.075
2 0.56328125 0.471875 0.0796875 0.115625
2 0.22734375 0.70625 0.0734375 0.08125
2 0.85625 0.44296875 0.06875 0.1046875
2 0.45625 0.38125 0.06875 0.10625
2 0.20625 0.15625 0.0625 0.075
2 0.8484375 0.64921875 0.0921875 0.09375
2 0.2734375 0.26796875 0.078125 0.103125
2 0.38984375 0.5671875 0.0625 0.115625
2 0.078125 0.50625 0.084375 0.084375
2 0.14765625 0.70078125 0.0796875 0.0859375
2 0.0453125 0.8421875 0.090625 0.090625
2 0.4875 0.8734375 0.08125 0.08125
2 0.4 0.3515625 0.078125 0.10625
2 0.62890625 0.63515625 0.0859375 0.0859375
2 0.4609375 0.94453125 0.0859375 0.0875
2 0.1 0.875 0.090625 0.090625
2 0.046875 0.753125 0.084375 0.084375
2 0.509375 0.4203125 0.09375 0.09375
2 0.18359375 0.896875 0.0859375 0.10625
2 0.68125 0.91796875 0.084375 0.0890625
2 0.240625 0.54609375 0.0625 0.08125
2 0.51796875 0.5390625 0.0875 0.0875
2 0.7609375 0.4375 0.078125 0.078125
2 0.0859375 0.6796875 0.0921875 0.0921875
2 0.28984375 0.6765625 0.0859375 0.0875
2 0.57109375 0.8046875 0.0921875 0.115625
2 0.31171875 0.915625 0.0875 0.0890625
2 0.6734375 0.68671875 0.06875 0.1015625
2 0.33515625 0.5859375 0.0578125 0.121875
2 0.17890625 0.51328125 0.0765625 0.0875
2 0.7484375 0.68046875 0.1 0.1015625
2 0.43359375 0.69609375 0.0875 0.0875
2 0.6109375 0.91875 0.090625 0.078125
2 0.778125 0.61015625 0.1 0.084375
2 0.58046875 0.5390625 0.1 0.0984375
2 0.12109375 0.95703125 0.0890625 0.0859375
2 0.27734375 0.61171875 0.071875 0.071875
2 0.7390625 0.784375 0.11875 0.11875
2 0.665625 0.8375 0.0921875 0.0921875
2 0.2125 0.359375 0.090625 0.090625
2 0.24375 0.778125 0.0890625 0.0890625
2 0.15 0.10625 0.075 0.10625
2 0.203125 0.640625 0.0890625 0.0890625
2 0.60703125 0.8296875 0.0859375 0.096875
2 0.30234375 0.521875 0.096875 0.0984375
2 0.09765625 0.57265625 0.09375 0.0921875
2 0.30703125 0.4203125 0.0953125 0.09375
2 0.35078125 0.49453125 0.0828125 0.0828125
2 0.1171875 0.77578125 0.0765625 0.078125
3 0.515625 0.79140625 0.09375 0.09375
3 0.26640625 0.37421875 0.096875 0.096875
2 0.3234375 0.73828125 0.0953125 0.096875
2 0.4078125 0.87890625 0.071875 0.0984375
2 0.05859375 0.4046875 0.0671875 0.134375
2 0.18515625 0.7765625 0.0859375 0.0875
2 0.15703125 0.83671875 0.08125 0.08125
2 0.66015625 0.7421875 0.0765625 0.121875
2 0.62578125 0.5609375 0.0828125 0.0828125
2 0.41640625 0.596875 0.0734375 0.11875
2 0.17578125 0.584375 0.084375 0.0859375
2 0.1359375 0.62421875 0.0875 0.0875