2 0.5203125 0.57734375 0.08125 0.08125
2 0.4796875 0.53125 0.08125 0.08125
2 0.21875 0.54921875 0.096875 0.0734375
2 0.30703125 0.5 0.0921875 0.0921875
2 0.9015625 0.9140625 0.090625 0.075
2 0.6078125 0.07578125 0.096875 0.0734375
2 0.4625 0.23515625 0.09375 0.0765625
2 0.178125 0.68515625 0.090625 0.075
2 0.74296875 0.7984375 0.0890625 0.0890625
2 0.67265625 0.84296875 0.0953125 0.0703125
2 0.484375 0.30078125 0.1125 0.0703125
2 0.69609375 0.90703125 0.0859375 0.0859375
2 0.28203125 0.20625 0.0921875 0.08125
2 0.45390625 0.15625 0.0890625 0.0890625
2 0.06328125 0.25625 0.0859375 0.0859375
2 0.5328125 0.884375 0.096875 0.071875
2 0.3265625 0.634375 0.1 0.06875
2 0.66015625 0.67265625 0.1015625 0.0765625
2 0.52890625 0.2015625 0.0765625 0.0765625
2 0.57578125 0.63203125 0.1015625 0.071875
2 0.5828125 0.8265625 0.0921875 0.0921875
2 0.51640625 0.36171875 0.0984375 0.075
2 0.77734375 0.85078125 0.1296875 0.0640625
2 0.51171875 0.09609375 0.078125 0.078125
2 0.390625 0.52265625 0.0890625 0.0875
2 0.275 0.44921875 0.09375 0.0671875
2 0.28671875 0.3859375 0.0984375 0.078125
2 0.17578125 0.19140625 0.0859375 0.084375
2 0.10390625 0.4546875 0.0796875 0.08125
2 0.384375 0.303125 0.0875 0.0875
2 0.54140625 0.75703125 0.1078125 0.0796875
2 0.8015625 0.91015625 0.103125 0.0796875
2 0.14140625 0.26328125 0.0859375 0.0875
2 0.615625 0.89765625 0.078125 0.078125
2 0.36640625 0.44453125 0.0875 0.0875
2 0.16484375 0.76875 0.0765625 0.071875
2 0.0734375 0.75546875 0.075 0.075
2 0.528125 0.43671875 0.096875 0.096875
2 0.29375 0.77265625 0.08125 0.0734375
2 0.55703125 0.14375 0.1046875 0.06875
2 0.61875 0.54375 0.0875 0.0875
2 0.84375 0.79375 0.06875 0.06875
2 0.35078125 0.1515625 0.1109375 0.075
2 0.73203125 0.7265625 0.090625 0.090625
2 0.4328125 0.61015625 0.115625 0.0625
2 0.49375 0.921875 0.084375 0.084375
2 0.29921875 0.85234375 0.0859375 0.0796875
2 0.15703125 0.95546875 0.103125 0.078125
2 0.1265625 0.5125 0.08125 0.08125
2 0.6484375 0.6 0.0921875 0.0921875
2 0.36484375 0.37109375 0.0953125 0.0765625
2 0.05546875 0.5390625 0.0875 0.0859375
2 0.125 0.9 0.090625 0.090625
2 0.246875 0.953125 0.08125 0.0875
2 0.5796875 0.490625 0.1 0.0875
2 0.103125 0.81640625 0.10625 0.0859375
2 0.08203125 0.31875 0.0875 0.0875
2 0.45390625 0.759375 0.071875 0.071875
2 0.4609375 0.48203125 0.1125 0.0640625
2 0.5625 0.2390625 0.078125 0.078125
2 0.3203125 0.9140625 0.0921875 0.0921875
2 0.3234375 0.71015625 0.0875 0.0859375
2 0.1953125 0.42890625 0.115625 0.0921875
2 0.084375 0.68828125 0.103125 0.0734375
2 0.31328125 0.3265625 0.1015625 0.06875
2 0.4140625 0.66484375 0.0890625 0.090625
2 0.48671875 0.82109375 0.0875 0.0765625
2 0.31953125 0.2515625 0.1015625 0.1015625
2 0.30390625 0.56640625 0.1015625 0.0734375
2 0.08125 0.3890625 0.078125 0.090625
2 0.38984375 0.221875 0.084375 0.1
2 0.4609375 0.41953125 0.0984375 0.1
2 0.04296875 0.87890625 0.0859375 0.0890625
2 0.38828125 0.72265625 0.0765625 0.06875
2 0.215625 0.2609375 0.11875 0.11875
2 0.1625 0.334375 0.109375 0.075
2 0.640625 0.7875 0.10625 0.0765625
2 0.221875 0.75625 0.0890625 0.0890625
2 0.89375 0.85 0.10625 0.075
2 0.359375 0.796875 0.0890625 0.0890625
2 0.1703125 0.39296875 0.090625 0.090625
2 0.478125 0.69765625 0.13125 0.0640625
2 0.42734375 0.90234375 0.0921875 0.09375
2 0.5796875 0.69296875 0.11875 0.0703125
2 0.50546875 0.64921875 0.0890625 0.0765625
2 0.22421875 0.8828125 0.078125 0.0765625
3 0.20859375 0.484375 0.09375 0.09375
3 0.62578125 0.73359375 0.1125 0.0828125
2 0.26171875 0.6765625 0.0953125 0.096875
2 0.12109375 0.5921875 0.084375 0.084375
2 0.5953125 0.94140625 0.134375 0.0671875
2 0.2234375 0.81484375 0.084375 0.0890625
2 0.16328125 0.84296875 0.0796875 0.08125
2 0.2578125 0.33984375 0.121875 0.0765625
2 0.4390625 0.37421875 0.075 0.090625
2 0.403125 0.58359375 0.11875 0.0734375
2 0.415625 0.82421875 0.0859375 0.084375
2 0.37578125 0.8640625 0.0875 0.0875