3 0.25234375 0.80859375 0.0765625 0.0984375
3 0.84765625 0.53515625 0.0734375 0.1046875
3 0.771875 0.0578125 0.090625 0.090625
3 0.39296875 0.53125 0.084375 0.1125
3 0.33046875 0.4234375 0.0828125 0.084375
3 0.68671875 0.35234375 0.0921875 0.0921875
3 0.9671875 0.53515625 0.065625 0.103125
3 0.9421875 0.93671875 0.071875 0.0984375
3 0.8890625 0.58515625 0.084375 0.084375
3 0.6359375 0.92265625 0.078125 0.1078125
3 0.52109375 0.46171875 0.0765625 0.1171875
3 0.271875 0.63984375 0.0953125 0.0953125
3 0.06484375 0.3953125 0.0828125 0.090625
3 0.46875 0.2171875 0.08125 0.103125
3 0.23125 0.9125 0.075 0.096875
3 0.2390625 0.51171875 0.0890625 0.090625
3 0.925 0.709375 0.0921875 0.0921875
3 0.1109375 0.8640625 0.1 0.0875
3 0.703125 0.50703125 0.0875 0.0859375
3 0.40546875 0.62578125 0.0765625 0.0953125
3 0.5078125 0.67578125 0.09375 0.09375
3 0.70625 0.671875 0.09375 0.09375
6 0.4296875 0.78828125 0.1046875 0.1046875
3 0.59609375 0.421875 0.0765625 0.103125
3 0.3703125 0.31015625 0.0921875 0.090625
3 0.52734375 0.09140625 0.084375 0.084375
3 0.74765625 0.1515625 0.0953125 0.09375
3 0.63125 0.56640625 0.090625 0.0921875
3 0.29921875 0.315625 0.0890625 0.0890625
3 0.10390625 0.946875 0.0875 0.0859375
3 0.85546875 0.3375 0.09375 0.09375
3 0.9390625 0.81953125 0.0890625 0.0890625
6 0.17578125 0.4390625 0.0953125 0.109375
3 0.875 0.853125 0.084375 0.0875
3 0.87109375 0.7859375 0.0859375 0.0859375
3 0.42109375 0.7109375 0.1109375 0.071875