3 0.74765625 0.80859375 0.0765625 0.0984375
3 0.15234375 0.53515625 0.0734375 0.1046875
3 0.228125 0.0578125 0.08125 0.1
3 0.60703125 0.53125 0.0984375 0.0984375
3 0.66953125 0.4234375 0.0828125 0.084375
3 0.31328125 0.35234375 0.0796875 0.1046875
3 0.03671875 0.5359375 0.0734375 0.084375
3 0.0578125 0.93671875 0.084375 0.084375
3 0.1109375 0.58515625 0.084375 0.084375
3 0.3640625 0.92265625 0.078125 0.1078125
3 0.47890625 0.46171875 0.0765625 0.1171875
3 0.728125 0.63984375 0.0953125 0.0953125
3 0.93515625 0.3953125 0.0828125 0.090625
3 0.53125 0.2171875 0.0921875 0.0921875
3 0.76875 0.9125 0.0859375 0.0859375
3 0.7609375 0.51171875 0.0890625 0.090625
3 0.075 0.709375 0.08125 0.103125
3 0.8890625 0.8640625 0.09375 0.09375
3 0.296875 0.50703125 0.078125 0.0953125
3 0.59453125 0.62578125 0.0859375 0.0859375
3 0.4921875 0.67578125 0.075 0.1109375
3 0.29375 0.671875 0.09375 0.09375
6 0.5703125 0.78828125 0.09375 0.1140625
3 0.40390625 0.421875 0.0765625 0.103125
3 0.6296875 0.31015625 0.0921875 0.090625
3 0.47265625 0.09140625 0.0765625 0.0921875
3 0.25234375 0.1515625 0.0953125 0.09375
3 0.36875 0.56640625 0.090625 0.0921875
3 0.70078125 0.315625 0.0703125 0.10625
3 0.89609375 0.946875 0.0875 0.0859375
3 0.14453125 0.3375 0.09375 0.09375
3 0.0609375 0.81953125 0.06875 0.109375
6 0.82421875 0.4390625 0.0953125 0.109375
3 0.125 0.853125 0.0859375 0.0859375
3 0.12890625 0.7859375 0.0859375 0.084375
3 0.57890625 0.7109375 0.090625 0.090625