3 0.915625 0.5890625 0.08125 0.084375
3 0.3859375 0.43828125 0.0765625 0.075
3 0.0734375 0.52421875 0.071875 0.1078125
3 0.159375 0.63125 0.05625 0.0875
3 0.10859375 0.134375 0.0859375 0.0859375
3 0.40390625 0.8359375 0.0828125 0.08125
3 0.2296875 0.12109375 0.078125 0.0734375
3 0.10078125 0.62578125 0.0703125 0.1015625
3 0.65078125 0.0828125 0.0703125 0.0875
3 0.6796875 0.4 0.0859375 0.0859375
3 0.57578125 0.503125 0.071875 0.071875
3 0.046875 0.3953125 0.0828125 0.0828125
3 0.8375 0.946875 0.084375 0.084375
3 0.22734375 0.39921875 0.0703125 0.084375
3 0.20625 0.26796875 0.06875 0.0796875
3 0.4046875 0.621875 0.090625 0.08125
3 0.66328125 0.4640625 0.0796875 0.0796875
3 0.375 0.92265625 0.075 0.1
3 0.16328125 0.21171875 0.0828125 0.0828125
3 0.2234375 0.646875 0.078125 0.09375
3 0.1796875 0.07890625 0.06875 0.0890625
3 0.29375 0.65703125 0.084375 0.084375
3 0.92109375 0.765625 0.0859375 0.071875
3 0.340625 0.26484375 0.078125 0.0796875
3 0.8859375 0.09453125 0.084375 0.084375
3 0.84375 0.53125 0.075 0.096875
3 0.86015625 0.26953125 0.0796875 0.0796875
3 0.321875 0.08203125 0.0875 0.096875
3 0.75546875 0.48515625 0.0703125 0.0703125
3 0.78515625 0.66328125 0.0859375 0.0859375
3 0.8953125 0.18671875 0.078125 0.0765625
3 0.24921875 0.46796875 0.09375 0.09375
3 0.48359375 0.08203125 0.078125 0.078125
3 0.62265625 0.23515625 0.075 0.0984375
3 0.2109375 0.18671875 0.084375 0.0859375
3 0.38125 0.77734375 0.0828125 0.08125
3 0.2265625 0.3171875 0.0828125 0.0828125
3 0.840625 0.1109375 0.084375 0.084375
3 0.61015625 0.66484375 0.078125 0.078125
3 0.5421875 0.921875 0.103125 0.06875
3 0.5796875 0.18203125 0.084375 0.084375
3 0.83515625 0.1875 0.0953125 0.075
3 0.7765625 0.36640625 0.0984375 0.1
3 0.4765625 0.54140625 0.084375 0.084375
3 0.2515625 0.84296875 0.090625 0.0890625
3 0.50703125 0.13359375 0.0953125 0.0953125
3 0.79609375 0.315625 0.096875 0.096875
3 0.4125 0.496875 0.1125 0.0625
3 0.5859375 0.425 0.078125 0.084375
3 0.35078125 0.146875 0.10625 0.1046875
3 0.60390625 0.746875 0.0875 0.0890625
3 0.38359375 0.19765625 0.1015625 0.0828125
3 0.69921875 0.57890625 0.090625 0.090625
3 0.7515625 0.734375 0.0875 0.0875
3 0.90703125 0.8234375 0.0921875 0.09375
3 0.221875 0.0421875 0.0796875 0.0796875
3 0.8453125 0.3015625 0.075 0.096875