3 0.2921875 0.8421875 0.071875 0.071875
3 0.134375 0.10078125 0.06875 0.0875
3 0.7125 0.79453125 0.05 0.0765625
3 0.140625 0.19609375 0.0625 0.084375
3 0.73359375 0.1328125 0.0625 0.084375
3 0.2109375 0.78359375 0.075 0.075
3 0.80234375 0.1328125 0.0859375 0.0859375
3 0.684375 0.3265625 0.06875 0.096875
3 0.66875 0.1671875 0.0796875 0.0796875
3 0.53125 0.8484375 0.06875 0.06875
3 0.78046875 0.28046875 0.0796875 0.0796875
3 0.7609375 0.8890625 0.06875 0.06875
3 0.40859375 0.09296875 0.0671875 0.0890625
3 0.1875 0.61484375 0.065625 0.0859375
3 0.34765625 0.46171875 0.0609375 0.0828125
3 0.1125 0.634375 0.065625 0.0875
3 0.51953125 0.76875 0.065625 0.065625
3 0.2171875 0.30859375 0.0625 0.0796875
3 0.6296875 0.55390625 0.0765625 0.075
3 0.75859375 0.56015625 0.0734375 0.090625
3 0.69296875 0.57734375 0.0671875 0.0953125
3 0.8453125 0.2265625 0.08125 0.0828125
3 0.525 0.30234375 0.071875 0.071875
3 0.1921875 0.07109375 0.078125 0.078125
3 0.2578125 0.5203125 0.059375 0.071875
3 0.4328125 0.8859375 0.0625 0.084375
3 0.6671875 0.66015625 0.084375 0.0828125
3 0.921875 0.34140625 0.065625 0.065625
3 0.24453125 0.6359375 0.084375 0.0828125
3 0.8734375 0.30390625 0.0890625 0.090625
3 0.56640625 0.08671875 0.0875 0.0875
3 0.678125 0.5 0.06875 0.06875
3 0.496875 0.5390625 0.05625 0.084375
3 0.60703125 0.1671875 0.0703125 0.06875
3 0.2453125 0.10078125 0.071875 0.071875
3 0.84296875 0.0890625 0.065625 0.08125
3 0.38125 0.790625 0.084375 0.084375
3 0.43203125 0.33828125 0.0609375 0.0734375
3 0.75 0.42265625 0.0734375 0.0734375
3 0.925 0.115625 0.05625 0.08125
3 0.52421875 0.471875 0.0640625 0.075
3 0.865625 0.928125 0.0625 0.075
3 0.27890625 0.434375 0.0609375 0.0875
3 0.91875 0.8375 0.05 0.06875
3 0.49296875 0.109375 0.08125 0.08125
6 0.08515625 0.2703125 0.1 0.1
3 0.30703125 0.371875 0.0640625 0.0640625
3 0.74765625 0.6359375 0.0671875 0.06875
3 0.75390625 0.79296875 0.0546875 0.0796875
0 0.953125 0.49375 0.09375 0.10625
3 0.54375 0.7140625 0.06875 0.06875
3 0.52890625 0.1515625 0.0609375 0.084375
3 0.43359375 0.5359375 0.078125 0.078125
3 0.9453125 0.9484375 0.071875 0.103125
3 0.90234375 0.05078125 0.078125 0.078125
3 0.9609375 0.165625 0.078125 0.078125
3 0.61328125 0.74609375 0.0765625 0.0765625
3 0.2109375 0.23046875 0.059375 0.078125
3 0.24765625 0.396875 0.0484375 0.1125
6 0.8609375 0.7859375 0.06875 0.140625
3 0.8953125 0.871875 0.071875 0.071875
3 0.3453125 0.1578125 0.053125 0.09375
3 0.4515625 0.146875 0.0640625 0.0640625
3 0.6515625 0.73046875 0.08125 0.0828125
3 0.34375 0.8296875 0.065625 0.065625
3 0.7046875 0.8828125 0.096875 0.096875
3 0.9640625 0.23046875 0.071875 0.0796875