2 0.4859375 0.9578125 0.1 0.065625
2 0.4171875 0.834375 0.096875 0.071875
2 0.3328125 0.19609375 0.103125 0.071875
2 0.24296875 0.89609375 0.0953125 0.06875
2 0.9171875 0.95390625 0.103125 0.0734375
2 0.2796875 0.3171875 0.090625 0.090625
2 0.04375 0.7703125 0.0796875 0.0796875
2 0.3828125 0.33828125 0.08125 0.08125
2 0.390625 0.93984375 0.11875 0.0703125
2 0.2375 0.19609375 0.090625 0.090625
2 0.215625 0.36484375 0.084375 0.084375
2 0.30078125 0.70625 0.090625 0.075
2 0.2453125 0.13515625 0.103125 0.0703125
2 0.43046875 0.22734375 0.10625 0.0796875
2 0.44140625 0.29375 0.0640625 0.0625
2 0.859375 0.559375 0.0796875 0.0796875
2 0.596875 0.134375 0.10625 0.075
2 0.51875 0.1640625 0.09375 0.065625
2 0.3328125 0.04765625 0.0890625 0.0890625
2 0.5046875 0.478125 0.090625 0.06875
2 0.23046875 0.2703125 0.1 0.075
2 0.78984375 0.65859375 0.103125 0.0765625
2 0.05546875 0.6703125 0.09375 0.06875
2 0.3703125 0.10625 0.096875 0.06875
2 0.1796875 0.32265625 0.10625 0.0625
2 0.6953125 0.82578125 0.0765625 0.078125
2 0.6015625 0.19453125 0.0890625 0.0890625
2 0.3375 0.39453125 0.09375 0.0734375
2 0.50625 0.41328125 0.1 0.0734375
2 0.325 0.6171875 0.0859375 0.0859375
2 0.11953125 0.4421875 0.090625 0.090625
2 0.6015625 0.40625 0.096875 0.071875
2 0.51484375 0.32109375 0.0953125 0.06875
2 0.39140625 0.590625 0.0546875 0.0546875
2 0.9421875 0.44296875 0.0875 0.0875
2 0.3609375 0.76171875 0.0796875 0.0796875
2 0.603125 0.03515625 0.078125 0.0703125
2 0.55078125 0.9109375 0.08125 0.078125
2 0.37265625 0.87890625 0.0875 0.0875
2 0.62578125 0.9234375 0.084375 0.0828125
2 0.41796875 0.16015625 0.09375 0.0703125
2 0.28515625 0.9484375 0.1078125 0.075
2 0.09765625 0.2015625 0.09375 0.071875
2 0.07578125 0.49765625 0.08125 0.08125
2 0.18125 0.41640625 0.0796875 0.0796875
2 0.70625 0.64375 0.0828125 0.0828125
2 0.834375 0.084375 0.090625 0.06875
2 0.59921875 0.69453125 0.084375 0.084375
2 0.2453125 0.0796875 0.1125 0.071875
2 0.7671875 0.48125 0.090625 0.06875
2 0.5109375 0.253125 0.0890625 0.0890625
2 0.72734375 0.1 0.1015625 0.071875
2 0.140625 0.0859375 0.0828125 0.0828125
5 0.37890625 0.67109375 0.1296875 0.0984375
2 0.41484375 0.440625 0.0875 0.0890625
5 0.33515625 0.265625 0.1078125 0.10625
2 0.5046875 0.6375 0.1 0.078125
2 0.11484375 0.2671875 0.109375 0.08125
2 0.23046875 0.8046875 0.115625 0.071875
2 0.61015625 0.471875 0.1078125 0.078125
2 0.31796875 0.46796875 0.1015625 0.0765625
2 0.71796875 0.18515625 0.078125 0.078125
2 0.67890625 0.2765625 0.075 0.0734375
5 0.46640625 0.8890625 0.096875 0.096875
2 0.33125 0.5453125 0.1 0.078125
2 0.7453125 0.415625 0.10625 0.075
2 0.76171875 0.34375 0.0875 0.0890625
2 0.09609375 0.20234375 0.084375 0.084375
2 0.5078125 0.84375 0.084375 0.06875
2 0.60625 0.96328125 0.0875 0.0734375