3 0.921875 0.78515625 0.078125 0.0609375
3 0.7765625 0.60859375 0.0734375 0.0734375
3 0.37265625 0.8109375 0.071875 0.0734375
3 0.34453125 0.58125 0.078125 0.078125
3 0.09140625 0.39375 0.0875 0.0875
3 0.87265625 0.609375 0.0953125 0.0625
3 0.6109375 0.790625 0.090625 0.06875
3 0.234375 0.39921875 0.1 0.0703125
3 0.7453125 0.8890625 0.075 0.075
3 0.121875 0.20859375 0.0671875 0.06875
3 0.5078125 0.8359375 0.08125 0.059375
3 0.7078125 0.37109375 0.0734375 0.071875
3 0.45859375 0.1515625 0.0953125 0.071875
3 0.29609375 0.45546875 0.08125 0.08125
3 0.38359375 0.4734375 0.075 0.0765625
3 0.690625 0.0859375 0.0734375 0.0734375
3 0.89609375 0.43046875 0.08125 0.08125
3 0.50625 0.5765625 0.09375 0.09375
3 0.81484375 0.9 0.08125 0.08125
3 0.78671875 0.36875 0.0796875 0.059375
3 0.06015625 0.7796875 0.090625 0.065625
3 0.8828125 0.3515625 0.08125 0.08125
3 0.540625 0.296875 0.078125 0.078125
3 0.79765625 0.1546875 0.0734375 0.075
3 0.659375 0.4296875 0.075 0.075
3 0.934375 0.2546875 0.084375 0.084375
3 0.640625 0.925 0.096875 0.071875
3 0.70546875 0.93515625 0.075 0.0765625
3 0.6171875 0.2015625 0.0796875 0.0796875
3 0.69921875 0.7109375 0.0765625 0.071875
3 0.5796875 0.24140625 0.0734375 0.075
3 0.77109375 0.04609375 0.0890625 0.0921875
3 0.8203125 0.45546875 0.0734375 0.071875
3 0.5421875 0.528125 0.096875 0.059375
3 0.24609375 0.3 0.0734375 0.06875
3 0.73359375 0.31796875 0.096875 0.0671875
3 0.2078125 0.88984375 0.084375 0.0734375
3 0.584375 0.35703125 0.084375 0.084375
3 0.38359375 0.07734375 0.078125 0.0609375
3 0.559375 0.28515625 0.0875 0.0703125
3 0.74765625 0.42421875 0.08125 0.08125
3 0.87734375 0.93828125 0.0796875 0.0671875
3 0.12265625 0.121875 0.0859375 0.06875
6 0.10859375 0.87265625 0.1171875 0.0796875
6 0.1265625 0.828125 0.0921875 0.0921875
3 0.36796875 0.965625 0.0734375 0.06875
3 0.0421875 0.28671875 0.071875 0.071875