3 0.21484375 0.078125 0.0609375 0.078125
3 0.39140625 0.2234375 0.0625 0.084375
3 0.1890625 0.62734375 0.059375 0.0859375
3 0.41875 0.65546875 0.078125 0.078125
3 0.60625 0.90859375 0.0875 0.0875
3 0.390625 0.12734375 0.078125 0.078125
3 0.209375 0.3890625 0.0796875 0.0796875
3 0.60078125 0.765625 0.0703125 0.1
3 0.1109375 0.2546875 0.065625 0.084375
3 0.79140625 0.878125 0.06875 0.0671875
3 0.1640625 0.4921875 0.059375 0.08125
3 0.62890625 0.2921875 0.0609375 0.084375
3 0.8484375 0.54140625 0.071875 0.0953125
3 0.54453125 0.70390625 0.08125 0.08125
3 0.5265625 0.61640625 0.0765625 0.075
3 0.9140625 0.309375 0.0734375 0.0734375
3 0.56953125 0.10390625 0.08125 0.08125
3 0.4234375 0.49375 0.0953125 0.0953125
3 0.1 0.18515625 0.078125 0.0828125
3 0.63125 0.21328125 0.06875 0.06875
3 0.2203125 0.93984375 0.065625 0.090625
3 0.6484375 0.1171875 0.08125 0.08125
3 0.703125 0.459375 0.06875 0.0875
3 0.8453125 0.20234375 0.065625 0.0828125
3 0.5703125 0.340625 0.075 0.075
3 0.7453125 0.065625 0.084375 0.084375
3 0.075 0.359375 0.071875 0.096875
3 0.06484375 0.29453125 0.075 0.075
3 0.7984375 0.3828125 0.0796875 0.0796875
3 0.2890625 0.30078125 0.0734375 0.0734375
3 0.75859375 0.4203125 0.0546875 0.09375
3 0.95390625 0.22890625 0.0921875 0.0890625
3 0.54453125 0.1796875 0.071875 0.0734375
3 0.471875 0.4578125 0.078125 0.078125
3 0.7 0.75390625 0.0703125 0.071875
3 0.68203125 0.26640625 0.08125 0.08125
3 0.11015625 0.7921875 0.0734375 0.084375
3 0.64296875 0.415625 0.0796875 0.090625
3 0.92265625 0.61640625 0.0609375 0.078125
3 0.71484375 0.440625 0.0703125 0.0875
3 0.57578125 0.25234375 0.08125 0.08125
3 0.06171875 0.12265625 0.0734375 0.0734375
3 0.878125 0.87734375 0.06875 0.0859375
6 0.12734375 0.89140625 0.0984375 0.0984375
6 0.171875 0.8734375 0.084375 0.1
3 0.03125 0.6328125 0.0625 0.0875
3 0.71328125 0.9578125 0.0609375 0.084375