3 0.78515625 0.078125 0.06875 0.06875
3 0.60859375 0.2234375 0.0625 0.084375
3 0.8109375 0.62734375 0.059375 0.0859375
3 0.58125 0.65546875 0.065625 0.090625
3 0.39375 0.90859375 0.0875 0.0875
3 0.609375 0.12734375 0.078125 0.078125
3 0.790625 0.3890625 0.0796875 0.0796875
3 0.39921875 0.765625 0.0703125 0.1
3 0.8890625 0.2546875 0.075 0.075
3 0.20859375 0.878125 0.0578125 0.078125
3 0.8359375 0.4921875 0.071875 0.0703125
3 0.37109375 0.2921875 0.071875 0.0734375
3 0.1515625 0.54140625 0.071875 0.0953125
3 0.45546875 0.70390625 0.0703125 0.0921875
3 0.4734375 0.61640625 0.0765625 0.075
3 0.0859375 0.309375 0.065625 0.08125
3 0.43046875 0.10390625 0.08125 0.08125
3 0.5765625 0.49375 0.0953125 0.0953125
3 0.9 0.18515625 0.08125 0.08125
3 0.36875 0.21328125 0.059375 0.0796875
3 0.7796875 0.93984375 0.065625 0.090625
3 0.3515625 0.1171875 0.071875 0.090625
3 0.296875 0.459375 0.078125 0.078125
3 0.1546875 0.20234375 0.075 0.0734375
3 0.4296875 0.340625 0.065625 0.084375
3 0.2546875 0.065625 0.071875 0.096875
3 0.925 0.359375 0.071875 0.096875
3 0.93515625 0.29453125 0.075 0.075
3 0.2015625 0.3828125 0.0796875 0.0796875
3 0.7109375 0.30078125 0.0734375 0.0734375
3 0.24140625 0.4203125 0.075 0.0734375
3 0.04609375 0.22890625 0.090625 0.090625
3 0.45546875 0.1796875 0.071875 0.0734375
3 0.528125 0.4578125 0.059375 0.096875
3 0.3 0.75390625 0.06875 0.0734375
3 0.31796875 0.26640625 0.0671875 0.096875
3 0.88984375 0.7921875 0.078125 0.078125
3 0.35703125 0.415625 0.0796875 0.090625
3 0.07734375 0.61640625 0.06875 0.06875
3 0.28515625 0.440625 0.0703125 0.0875
3 0.42421875 0.25234375 0.08125 0.08125
3 0.93828125 0.12265625 0.0671875 0.0796875
3 0.121875 0.87734375 0.078125 0.0765625
6 0.87265625 0.89140625 0.0984375 0.0984375
6 0.828125 0.8734375 0.084375 0.1
3 0.96875 0.6328125 0.0625 0.0875
3 0.28671875 0.9578125 0.071875 0.071875