3 0.15546875 0.2296875 0.0953125 0.078125
3 0.0859375 0.471875 0.090625 0.090625
3 0.94296875 0.5109375 0.096875 0.0953125
3 0.57578125 0.709375 0.09375 0.0921875
3 0.4640625 0.1890625 0.109375 0.084375
3 0.19765625 0.3171875 0.0953125 0.096875
5 0.196875 0.6328125 0.1125 0.090625
3 0.56171875 0.884375 0.090625 0.0625
3 0.88359375 0.7 0.1015625 0.075
3 0.865625 0.33671875 0.103125 0.103125
3 0.27109375 0.13671875 0.090625 0.090625
3 0.43203125 0.7828125 0.0984375 0.084375
3 0.45546875 0.31484375 0.1015625 0.0765625
3 0.2828125 0.8015625 0.0828125 0.0828125
3 0.1359375 0.5515625 0.0828125 0.084375
3 0.63046875 0.6375 0.1046875 0.08125
3 0.4546875 0.4953125 0.109375 0.078125
3 0.3875 0.3890625 0.1 0.078125
3 0.69375 0.4703125 0.09375 0.071875
3 0.1734375 0.94140625 0.090625 0.090625
3 0.16328125 0.86484375 0.09375 0.09375
3 0.946875 0.1875 0.084375 0.084375
3 0.53984375 0.1171875 0.1078125 0.084375
3 0.44453125 0.9171875 0.0921875 0.090625
3 0.865625 0.25234375 0.0890625 0.090625
3 0.93671875 0.8921875 0.1015625 0.071875
3 0.16640625 0.73203125 0.0859375 0.0859375
3 0.5390625 0.7765625 0.109375 0.08125
3 0.82265625 0.04375 0.078125 0.078125
3 0.29140625 0.26796875 0.096875 0.096875
3 0.68828125 0.934375 0.1109375 0.08125
3 0.20703125 0.71015625 0.0921875 0.0671875
3 0.72265625 0.0921875 0.103125 0.103125
3 0.33984375 0.74296875 0.1109375 0.0765625