3 0.7703125 0.15546875 0.078125 0.0953125
3 0.528125 0.0859375 0.075 0.10625
3 0.4890625 0.94296875 0.0953125 0.096875
3 0.290625 0.57578125 0.0921875 0.09375
3 0.8109375 0.4640625 0.084375 0.109375
3 0.6828125 0.19765625 0.096875 0.0953125
5 0.3671875 0.196875 0.1015625 0.1015625
3 0.115625 0.56171875 0.0625 0.090625
3 0.3 0.88359375 0.0890625 0.0875
3 0.66328125 0.865625 0.0875 0.11875
3 0.86328125 0.27109375 0.0765625 0.1046875
3 0.2171875 0.43203125 0.084375 0.0984375
3 0.68515625 0.45546875 0.0890625 0.0890625
3 0.1984375 0.2828125 0.065625 0.1
3 0.4484375 0.1359375 0.0734375 0.09375
3 0.3625 0.63046875 0.0921875 0.09375
3 0.5046875 0.4546875 0.078125 0.109375
3 0.6109375 0.3875 0.0890625 0.0890625
3 0.5296875 0.69375 0.071875 0.09375
3 0.05859375 0.1734375 0.090625 0.090625
3 0.13515625 0.16328125 0.08125 0.1046875
3 0.8125 0.946875 0.075 0.09375
3 0.8828125 0.53984375 0.084375 0.1078125
3 0.0828125 0.44453125 0.090625 0.0921875
3 0.74765625 0.865625 0.090625 0.0890625
3 0.1078125 0.93671875 0.0859375 0.0859375
3 0.26796875 0.16640625 0.0859375 0.0859375
3 0.2234375 0.5390625 0.08125 0.109375
3 0.95625 0.82265625 0.078125 0.078125
3 0.73203125 0.29140625 0.096875 0.096875
3 0.065625 0.68828125 0.08125 0.1109375
3 0.28984375 0.20703125 0.0796875 0.0796875
3 0.9078125 0.72265625 0.103125 0.103125
3 0.25703125 0.33984375 0.0765625 0.1109375