3 0.32109375 0.6265625 0.0640625 0.084375
3 0.4796875 0.07421875 0.0734375 0.071875
3 0.0984375 0.9046875 0.059375 0.084375
3 0.7734375 0.3796875 0.071875 0.084375
3 0.44296875 0.3390625 0.0609375 0.090625
3 0.56328125 0.41796875 0.084375 0.084375
3 0.0984375 0.078125 0.0625 0.08125
3 0.09296875 0.51171875 0.0640625 0.0890625
3 0.6484375 0.06640625 0.08125 0.08125
3 0.240625 0.72265625 0.0703125 0.0703125
3 0.06015625 0.696875 0.0703125 0.090625
3 0.44375 0.60546875 0.0796875 0.078125
3 0.5453125 0.0828125 0.065625 0.075
3 0.42890625 0.15234375 0.078125 0.078125
3 0.54296875 0.65859375 0.08125 0.08125
3 0.3515625 0.77890625 0.053125 0.0796875
3 0.26640625 0.24453125 0.0609375 0.0828125
3 0.3703125 0.4328125 0.059375 0.084375
3 0.040625 0.05625 0.0765625 0.0765625
3 0.65390625 0.53203125 0.0609375 0.0796875
3 0.2328125 0.49140625 0.084375 0.0828125
3 0.2953125 0.17109375 0.078125 0.078125
3 0.9546875 0.2 0.06875 0.084375
3 0.23671875 0.578125 0.0609375 0.08125
3 0.515625 0.234375 0.06875 0.06875
3 0.28984375 0.92265625 0.0734375 0.0734375
3 0.37734375 0.5390625 0.0640625 0.103125
3 0.22890625 0.1859375 0.0765625 0.0765625
3 0.7875 0.52578125 0.071875 0.0734375
3 0.7859375 0.94296875 0.0703125 0.06875
3 0.253125 0.35703125 0.05625 0.0953125
3 0.125 0.8359375 0.0625 0.078125
3 0.24609375 0.10703125 0.075 0.1015625
3 0.146875 0.25234375 0.0875 0.0859375
3 0.69453125 0.34609375 0.075 0.075
3 0.584375 0.9359375 0.0625 0.090625
3 0.6953125 0.4296875 0.078125 0.078125
3 0.1109375 0.16875 0.0859375 0.0859375
3 0.4265625 0.51484375 0.065625 0.0953125
3 0.76640625 0.859375 0.0671875 0.0671875
3 0.865625 0.16015625 0.059375 0.0859375
3 0.43671875 0.81640625 0.075 0.075
3 0.18125 0.13359375 0.06875 0.0890625
3 0.09453125 0.76640625 0.0734375 0.0734375
3 0.92890625 0.82578125 0.08125 0.08125
3 0.66015625 0.778125 0.0765625 0.06875
3 0.709375 0.07734375 0.053125 0.0984375
3 0.4140625 0.89453125 0.059375 0.0953125
3 0.61171875 0.52578125 0.071875 0.071875
6 0.3140625 0.34921875 0.1078125 0.1078125
3 0.796875 0.6421875 0.06875 0.078125
3 0.1078125 0.4328125 0.0625 0.0625
3 0.503125 0.3328125 0.0875 0.0875
3 0.7296875 0.83046875 0.06875 0.0671875
3 0.5484375 0.5171875 0.059375 0.075
3 0.3859375 0.2859375 0.0671875 0.0671875
3 0.8140625 0.26171875 0.05625 0.0859375
3 0.76015625 0.64453125 0.075 0.075
6 0.890625 0.72890625 0.084375 0.1109375
3 0.2765625 0.51640625 0.06875 0.0765625
3 0.9171875 0.2859375 0.0625 0.115625
3 0.6703125 0.934375 0.059375 0.071875
3 0.3953125 0.9578125 0.0625 0.071875
3 0.29609375 0.846875 0.065625 0.0640625
3 0.846875 0.9546875 0.0640625 0.0640625
3 0.02578125 0.21484375 0.0484375 0.096875
6 0.8828125 0.22734375 0.096875 0.096875
3 0.38984375 0.0390625 0.065625 0.065625