3 0.05859375 0.2578125 0.0765625 0.09375
3 0.96171875 0.79375 0.0703125 0.1
3 0.15546875 0.83203125 0.0640625 0.0921875
3 0.6390625 0.56875 0.084375 0.084375
3 0.5703125 0.6234375 0.1 0.0984375
3 0.55859375 0.73515625 0.0828125 0.1046875
3 0.54609375 0.08828125 0.0859375 0.0859375
3 0.828125 0.74609375 0.096875 0.0984375
3 0.2640625 0.34140625 0.065625 0.0875
3 0.4484375 0.93125 0.0953125 0.0953125
3 0.8703125 0.88515625 0.0921875 0.090625
3 0.80859375 0.9359375 0.084375 0.0859375
3 0.7390625 0.9109375 0.0875 0.0875
3 0.715625 0.6796875 0.0890625 0.0890625
3 0.47265625 0.4796875 0.103125 0.1015625
3 0.47734375 0.73046875 0.0859375 0.0859375
3 0.825 0.57578125 0.0859375 0.0859375
3 0.3828125 0.828125 0.084375 0.09375
3 0.78203125 0.103125 0.084375 0.084375
3 0.2265625 0.41328125 0.0828125 0.0828125
3 0.09375 0.1609375 0.08125 0.103125
3 0.89921875 0.34140625 0.0796875 0.0921875
3 0.8578125 0.1328125 0.0921875 0.0921875
3 0.1828125 0.746875 0.084375 0.084375
3 0.96015625 0.62265625 0.0796875 0.0859375
3 0.15 0.2875 0.078125 0.078125
3 0.40546875 0.33671875 0.0765625 0.1015625
3 0.4953125 0.36171875 0.084375 0.0984375
3 0.53671875 0.18984375 0.084375 0.084375
3 0.75 0.78203125 0.075 0.1015625
3 0.63984375 0.80390625 0.071875 0.1046875
3 0.23671875 0.23515625 0.09375 0.09375
3 0.11953125 0.6046875 0.078125 0.1
3 0.08984375 0.89609375 0.0734375 0.0953125
3 0.3890625 0.72421875 0.075 0.1109375
3 0.04375 0.8171875 0.075 0.1
3 0.3296875 0.64609375 0.071875 0.1203125
3 0.89765625 0.653125 0.0796875 0.08125
3 0.0640625 0.47109375 0.0890625 0.090625
3 0.3359375 0.26328125 0.078125 0.1015625
3 0.1 0.4171875 0.08125 0.08125
3 0.38515625 0.13046875 0.090625 0.090625
3 0.50390625 0.56328125 0.0953125 0.0953125
3 0.9234375 0.378125 0.065625 0.125
3 0.8828125 0.26640625 0.0890625 0.0890625
3 0.1859375 0.63984375 0.059375 0.1296875
3 0.0859375 0.309375 0.065625 0.10625
3 0.228125 0.725 0.05625 0.103125