3 0.94140625 0.2578125 0.0765625 0.09375
3 0.03828125 0.79375 0.0703125 0.1
3 0.84453125 0.83203125 0.078125 0.078125
3 0.3609375 0.56875 0.084375 0.084375
3 0.4296875 0.6234375 0.0984375 0.0984375
3 0.44140625 0.73515625 0.0828125 0.1046875
3 0.45390625 0.08828125 0.0796875 0.0921875
3 0.171875 0.74609375 0.078125 0.1171875
3 0.7359375 0.34140625 0.065625 0.0875
3 0.5515625 0.93125 0.0953125 0.0953125
3 0.1296875 0.88515625 0.071875 0.1109375
3 0.19140625 0.9359375 0.084375 0.0859375
3 0.2609375 0.9109375 0.071875 0.103125
3 0.284375 0.6796875 0.0890625 0.0890625
3 0.52734375 0.4796875 0.0828125 0.121875
3 0.52265625 0.73046875 0.0703125 0.1015625
3 0.175 0.57578125 0.0859375 0.0859375
3 0.6171875 0.828125 0.0890625 0.0890625
3 0.21796875 0.103125 0.0703125 0.096875
3 0.7734375 0.41328125 0.0828125 0.0828125
3 0.90625 0.1609375 0.08125 0.103125
3 0.10078125 0.34140625 0.0859375 0.0859375
3 0.1421875 0.1328125 0.0921875 0.0921875
3 0.8171875 0.746875 0.084375 0.084375
3 0.03515625 0.621875 0.0703125 0.103125
3 0.85 0.2875 0.078125 0.078125
3 0.59453125 0.33671875 0.0765625 0.1015625
3 0.5046875 0.36171875 0.090625 0.090625
3 0.46328125 0.18984375 0.0765625 0.090625
3 0.25 0.78203125 0.075 0.1015625
3 0.36015625 0.80390625 0.071875 0.1046875
3 0.76328125 0.23515625 0.0796875 0.1078125
3 0.88046875 0.6046875 0.0890625 0.0890625
3 0.91015625 0.89609375 0.0734375 0.0953125
3 0.6109375 0.72421875 0.09375 0.09375
3 0.95625 0.8171875 0.075 0.1
3 0.6703125 0.64609375 0.071875 0.1203125
3 0.10234375 0.653125 0.0703125 0.090625
3 0.9359375 0.47109375 0.065625 0.1140625
3 0.6640625 0.26328125 0.090625 0.090625
3 0.9 0.4171875 0.08125 0.08125
3 0.61484375 0.13046875 0.078125 0.1015625
3 0.49609375 0.56328125 0.0734375 0.1171875
3 0.0765625 0.378125 0.0953125 0.0953125
3 0.1171875 0.26640625 0.078125 0.0984375
3 0.8140625 0.63984375 0.059375 0.1296875
3 0.9140625 0.309375 0.0859375 0.084375
3 0.771875 0.725 0.0796875 0.0796875