3 0.6140625 0.44765625 0.065625 0.0890625
3 0.3890625 0.15859375 0.078125 0.0859375
3 0.67421875 0.29140625 0.0875 0.0875
3 0.18671875 0.3578125 0.08125 0.0828125
3 0.73203125 0.171875 0.0734375 0.0734375
3 0.72890625 0.0578125 0.075 0.075
3 0.7015625 0.75390625 0.0859375 0.0875
3 0.68359375 0.61328125 0.0734375 0.0734375
3 0.234375 0.15546875 0.06875 0.0921875
3 0.34296875 0.3859375 0.065625 0.0671875
3 0.9078125 0.79765625 0.075 0.075
3 0.4765625 0.76015625 0.0859375 0.084375
3 0.84375 0.3828125 0.06875 0.084375
3 0.4328125 0.65390625 0.071875 0.0953125
3 0.059375 0.228125 0.06875 0.090625
3 0.0734375 0.459375 0.06875 0.1
3 0.6546875 0.178125 0.08125 0.08125
3 0.29375 0.2796875 0.075 0.09375
3 0.0859375 0.375 0.059375 0.075
3 0.56796875 0.38515625 0.0796875 0.0796875
3 0.5625 0.88125 0.0703125 0.0875
3 0.384375 0.8625 0.0625 0.09375
3 0.82734375 0.54453125 0.0765625 0.0765625
3 0.32890625 0.47109375 0.0703125 0.0703125
3 0.89921875 0.2328125 0.0734375 0.0734375
3 0.7953125 0.89140625 0.078125 0.078125
3 0.6890625 0.37421875 0.0671875 0.0671875
3 0.23515625 0.8953125 0.0703125 0.096875
3 0.07734375 0.60390625 0.0640625 0.078125
3 0.3296875 0.7078125 0.078125 0.078125
3 0.63046875 0.84453125 0.0703125 0.084375
3 0.1078125 0.821875 0.05625 0.08125
3 0.18203125 0.6203125 0.0796875 0.078125
3 0.6640625 0.9296875 0.075 0.075
3 0.684375 0.50390625 0.05625 0.0765625
3 0.775 0.803125 0.075 0.075
3 0.909375 0.16328125 0.065625 0.0671875
3 0.5515625 0.11640625 0.0765625 0.0765625
3 0.503125 0.25390625 0.06875 0.0828125
3 0.5 0.965625 0.05 0.06875
3 0.12890625 0.48203125 0.05 0.0828125
3 0.459375 0.915625 0.0671875 0.0671875
3 0.56484375 0.67578125 0.0609375 0.0765625
3 0.128125 0.2015625 0.0703125 0.0703125
3 0.2328125 0.2296875 0.0734375 0.0734375
3 0.95625 0.42734375 0.0625 0.0828125
3 0.18515625 0.70859375 0.0640625 0.0828125
3 0.69140625 0.83515625 0.0625 0.071875
3 0.31875 0.93359375 0.065625 0.065625
6 0.41015625 0.48203125 0.0765625 0.0984375
3 0.81015625 0.61171875 0.0578125 0.0671875
3 0.840625 0.19140625 0.0703125 0.071875
3 0.790625 0.075 0.0734375 0.0734375
3 0.875 0.0421875 0.065625 0.065625
3 0.47265625 0.1140625 0.0625 0.0625
3 0.428125 0.57265625 0.0625 0.0703125
3 0.9265625 0.9578125 0.0625 0.0625
3 0.88671875 0.8859375 0.0671875 0.078125
3 0.06328125 0.8140625 0.053125 0.078125
3 0.9421875 0.48671875 0.059375 0.0796875
4 0.4546875 0.440625 0.084375 0.109375
3 0.846875 0.8859375 0.05625 0.078125
3 0.1078125 0.27421875 0.065625 0.0640625
3 0.56875 0.50390625 0.065625 0.065625
3 0.8359375 0.11484375 0.078125 0.078125
3 0.9046875 0.71484375 0.053125 0.0703125
3 0.2953125 0.8703125 0.046875 0.071875
3 0.4875 0.6828125 0.065625 0.065625
3 0.8453125 0.68671875 0.065625 0.0890625
3 0.72734375 0.6890625 0.059375 0.059375
3 0.58984375 0.6015625 0.0515625 0.071875
3 0.94140625 0.18203125 0.0640625 0.0609375
3 0.53203125 0.809375 0.065625 0.065625
3 0.4515625 0.8359375 0.053125 0.071875
3 0.5359375 0.315625 0.053125 0.0875
3 0.86015625 0.12265625 0.065625 0.065625
3 0.35078125 0.3109375 0.05 0.065625
3 0.4421875 0.1046875 0.059375 0.059375
3 0.1453125 0.65546875 0.065625 0.0640625
3 0.94453125 0.67578125 0.0484375 0.0625
3 0.95625 0.72421875 0.046875 0.0578125
3 0.29765625 0.71015625 0.0625 0.0625
3 0.04453125 0.95859375 0.0515625 0.0828125