3 0.7234375 0.79921875 0.103125 0.0765625
3 0.6984375 0.1703125 0.109375 0.08125
3 0.35078125 0.44140625 0.0984375 0.0703125
3 0.63359375 0.409375 0.0890625 0.06875
3 0.85234375 0.0546875 0.1078125 0.071875
3 0.92109375 0.51015625 0.0921875 0.0671875
3 0.55859375 0.22734375 0.0890625 0.0875
3 0.81484375 0.73671875 0.0921875 0.06875
3 0.16640625 0.65625 0.1109375 0.0828125
3 0.20859375 0.2828125 0.090625 0.090625
3 0.37265625 0.540625 0.0984375 0.06875
3 0.67265625 0.3375 0.0875 0.0890625
3 0.75 0.6484375 0.0890625 0.0890625
3 0.76640625 0.2140625 0.0859375 0.0859375
3 0.86171875 0.925 0.1078125 0.08125
3 0.528125 0.95625 0.1125 0.0875
3 0.20859375 0.7359375 0.0921875 0.09375
3 0.6234375 0.1484375 0.096875 0.096875