3 0.79921875 0.2765625 0.0765625 0.103125
3 0.1703125 0.3015625 0.08125 0.109375
3 0.44140625 0.64921875 0.084375 0.084375
3 0.409375 0.36640625 0.06875 0.0890625
3 0.0546875 0.14765625 0.071875 0.1078125
3 0.51015625 0.07890625 0.0671875 0.0921875
3 0.22734375 0.44140625 0.0875 0.0890625
3 0.73671875 0.18515625 0.08125 0.08125
3 0.65625 0.83359375 0.096875 0.096875
3 0.2828125 0.79140625 0.075 0.1046875
3 0.540625 0.62734375 0.0828125 0.0828125
3 0.3375 0.32734375 0.0890625 0.0875
3 0.6484375 0.25 0.090625 0.0890625
3 0.2140625 0.23359375 0.071875 0.0984375
3 0.925 0.13828125 0.08125 0.1078125
3 0.953125 0.471875 0.09375 0.1
3 0.7359375 0.79140625 0.09375 0.0921875
3 0.1484375 0.3765625 0.096875 0.096875