2 0.5671875 0.1671875 0.065625 0.090625
2 0.44296875 0.69765625 0.0703125 0.0953125
2 0.61328125 0.66796875 0.0703125 0.1015625
2 0.3296875 0.71484375 0.071875 0.0953125
2 0.2375 0.8484375 0.0890625 0.0890625
2 0.715625 0.07421875 0.071875 0.0984375
2 0.165625 0.8359375 0.071875 0.096875
2 0.31484375 0.375 0.0828125 0.0828125
2 0.7734375 0.54453125 0.078125 0.1046875
2 0.8890625 0.340625 0.084375 0.084375
2 0.5484375 0.05234375 0.059375 0.0828125
2 0.14765625 0.934375 0.075 0.0765625
2 0.05078125 0.5796875 0.0734375 0.090625
2 0.4109375 0.7703125 0.0828125 0.0828125
2 0.665625 0.33671875 0.071875 0.10625
2 0.1640625 0.53125 0.071875 0.09375
2 0.69453125 0.4484375 0.0828125 0.0828125
2 0.06484375 0.1609375 0.0796875 0.115625
2 0.46953125 0.1796875 0.0734375 0.109375
2 0.1578125 0.365625 0.075 0.10625
2 0.87734375 0.53203125 0.0859375 0.0859375
2 0.10703125 0.07265625 0.078125 0.1140625
2 0.6953125 0.61640625 0.084375 0.0828125
2 0.23828125 0.49375 0.075 0.1
2 0.40859375 0.88984375 0.0765625 0.0765625
2 0.80625 0.8015625 0.08125 0.09375
2 0.7734375 0.30078125 0.0921875 0.090625
2 0.8 0.4234375 0.075 0.109375
2 0.090625 0.375 0.090625 0.090625
2 0.47109375 0.45625 0.071875 0.1125
2 0.2859375 0.18125 0.084375 0.103125
2 0.17109375 0.240625 0.0890625 0.090625
2 0.815625 0.6453125 0.0890625 0.0890625
2 0.22265625 0.115625 0.0921875 0.0921875
2 0.128125 0.6796875 0.075 0.109375
2 0.42265625 0.07890625 0.0515625 0.0984375
2 0.91171875 0.95 0.090625 0.090625
2 0.696875 0.8140625 0.084375 0.084375
2 0.8265625 0.1921875 0.0625 0.121875
2 0.24140625 0.3796875 0.1015625 0.1
2 0.4609375 0.88046875 0.0890625 0.0875
2 0.73203125 0.23203125 0.0859375 0.0859375
2 0.54765625 0.859375 0.0609375 0.0875
2 0.4875 0.071875 0.078125 0.078125
2 0.21796875 0.59453125 0.0796875 0.1171875
2 0.178125 0.65078125 0.09375 0.0953125
2 0.4671875 0.8078125 0.0625 0.090625
2 0.8015625 0.878125 0.075 0.1
2 0.871875 0.4453125 0.0875 0.11875
2 0.178125 0.1640625 0.0875 0.0875
2 0.509375 0.83671875 0.071875 0.0734375
2 0.3890625 0.11875 0.103125 0.103125
2 0.7765625 0.18515625 0.084375 0.0671875
2 0.21015625 0.19609375 0.05625 0.0828125
3 0.6328125 0.24765625 0.090625 0.1
3 0.70234375 0.52421875 0.0796875 0.0953125
3 0.3171875 0.803125 0.0984375 0.0984375