3 0.11171875 0.55703125 0.084375 0.084375
3 0.7609375 0.2984375 0.09375 0.09375
3 0.91328125 0.2828125 0.0734375 0.1
3 0.2765625 0.52578125 0.065625 0.0921875
3 0.3140625 0.053125 0.0890625 0.0890625
3 0.5375 0.903125 0.075 0.1
3 0.8953125 0.7828125 0.0734375 0.0734375
3 0.75703125 0.85234375 0.0921875 0.0921875
3 0.6390625 0.13203125 0.078125 0.0921875
3 0.86484375 0.64375 0.090625 0.0890625
3 0.34375 0.29296875 0.0859375 0.084375
3 0.89765625 0.05390625 0.0859375 0.0859375
3 0.334375 0.57890625 0.075 0.1015625
3 0.303125 0.43203125 0.0890625 0.0875
3 0.234375 0.66484375 0.0875 0.0875
3 0.1375 0.66015625 0.0875 0.0875
3 0.15625 0.8609375 0.0859375 0.0859375
3 0.3484375 0.73671875 0.071875 0.1078125
5 0.52578125 0.265625 0.1109375 0.1109375
3 0.6921875 0.24921875 0.090625 0.090625
3 0.22265625 0.43125 0.078125 0.078125
3 0.19296875 0.25078125 0.0765625 0.1046875
3 0.7703125 0.08828125 0.08125 0.08125
3 0.6828125 0.91171875 0.0875 0.0875
3 0.5375 0.52265625 0.0859375 0.0859375
3 0.42421875 0.29375 0.0671875 0.09375
3 0.48828125 0.95390625 0.0765625 0.090625
3 0.725 0.40546875 0.084375 0.0859375
3 0.04609375 0.61953125 0.0796875 0.1078125
3 0.64375 0.6640625 0.08125 0.109375
3 0.68671875 0.74921875 0.0859375 0.0859375
3 0.3734375 0.4671875 0.078125 0.115625
3 0.790625 0.37109375 0.0828125 0.08125
3 0.54765625 0.06484375 0.0734375 0.1125
3 0.26953125 0.165625 0.0796875 0.103125
3 0.50546875 0.6875 0.078125 0.10625
3 0.71953125 0.4953125 0.0859375 0.0859375
3 0.259375 0.2796875 0.065625 0.084375
3 0.94453125 0.95 0.0703125 0.1
3 0.775 0.4578125 0.0828125 0.0828125
3 0.2984375 0.70390625 0.0625 0.1296875
3 0.675 0.06484375 0.090625 0.090625
3 0.8546875 0.27109375 0.053125 0.084375