3 0.88828125 0.44296875 0.0734375 0.0953125
3 0.2390625 0.7015625 0.09375 0.09375
3 0.08671875 0.7171875 0.0875 0.0875
3 0.7234375 0.47421875 0.065625 0.0921875
3 0.6859375 0.946875 0.0890625 0.0890625
3 0.4625 0.096875 0.0875 0.0875
3 0.1046875 0.2171875 0.0734375 0.0734375
3 0.24296875 0.14765625 0.0921875 0.0921875
3 0.3609375 0.86796875 0.084375 0.084375
3 0.13515625 0.35625 0.0765625 0.103125
3 0.65625 0.70703125 0.071875 0.0984375
3 0.10234375 0.94609375 0.0859375 0.0859375
3 0.665625 0.42109375 0.0890625 0.0890625
3 0.696875 0.56796875 0.0890625 0.0875
3 0.765625 0.33515625 0.06875 0.1078125
3 0.8625 0.33984375 0.0875 0.0875
3 0.84375 0.1390625 0.075 0.096875
3 0.6515625 0.26328125 0.090625 0.090625
5 0.47421875 0.734375 0.08125 0.140625
3 0.3078125 0.75078125 0.071875 0.1078125
3 0.77734375 0.56875 0.078125 0.078125
3 0.80703125 0.74921875 0.0765625 0.1046875
3 0.2296875 0.91171875 0.08125 0.08125
3 0.3171875 0.08828125 0.078125 0.0984375
3 0.4625 0.47734375 0.071875 0.1
3 0.57578125 0.70625 0.0671875 0.09375
3 0.51171875 0.04609375 0.0765625 0.090625
3 0.275 0.59453125 0.084375 0.0859375
3 0.953125 0.3796875 0.09375 0.09375
3 0.35625 0.3359375 0.08125 0.109375
3 0.31328125 0.25078125 0.0796875 0.0921875
3 0.6265625 0.5328125 0.078125 0.115625
3 0.209375 0.62890625 0.0625 0.1015625
3 0.45234375 0.93515625 0.09375 0.09375
3 0.73046875 0.834375 0.090625 0.090625
3 0.49453125 0.3125 0.078125 0.10625
3 0.28046875 0.5046875 0.0859375 0.0859375
3 0.740625 0.7203125 0.075 0.075
3 0.05546875 0.05 0.0703125 0.1
3 0.225 0.5421875 0.078125 0.0875
3 0.7015625 0.29609375 0.0625 0.1296875
3 0.325 0.93515625 0.090625 0.090625
3 0.1453125 0.72890625 0.06875 0.06875