3 0.3296875 0.553125 0.10625 0.075
3 0.71796875 0.49609375 0.1109375 0.0734375
3 0.90703125 0.56875 0.0765625 0.0625
3 0.92578125 0.8453125 0.075 0.0765625
3 0.940625 0.6796875 0.078125 0.0765625
3 0.30234375 0.4421875 0.0890625 0.0625
3 0.390625 0.90703125 0.0671875 0.0671875
3 0.67421875 0.14375 0.0875 0.0875
3 0.4171875 0.153125 0.109375 0.075
3 0.15234375 0.70390625 0.0703125 0.0703125
3 0.68515625 0.2703125 0.0828125 0.071875
3 0.7734375 0.2546875 0.08125 0.0625
3 0.334375 0.09609375 0.0828125 0.084375
3 0.453125 0.83125 0.06875 0.06875
3 0.26875 0.9125 0.084375 0.084375
3 0.603125 0.8453125 0.096875 0.065625
3 0.42578125 0.35390625 0.084375 0.084375
3 0.62265625 0.69765625 0.075 0.075
3 0.61484375 0.60234375 0.071875 0.071875
3 0.83515625 0.8703125 0.0671875 0.06875
3 0.715625 0.08125 0.084375 0.084375
3 0.7921875 0.60546875 0.075 0.075
3 0.63828125 0.91015625 0.08125 0.08125
3 0.77734375 0.10703125 0.078125 0.0703125
3 0.1234375 0.74765625 0.08125 0.08125
3 0.134375 0.6203125 0.0875 0.065625
3 0.6703125 0.31015625 0.090625 0.0671875
3 0.73828125 0.875 0.0703125 0.0703125
3 0.465625 0.95 0.0875 0.075
3 0.5890625 0.07265625 0.109375 0.071875
3 0.290625 0.37265625 0.090625 0.0734375
3 0.375 0.5046875 0.09375 0.071875
3 0.88046875 0.2765625 0.084375 0.071875
3 0.0671875 0.31796875 0.0875 0.06875
3 0.5796875 0.375 0.096875 0.06875
3 0.09296875 0.4 0.0796875 0.0796875
3 0.5515625 0.54921875 0.090625 0.0734375
3 0.56796875 0.309375 0.08125 0.08125
3 0.46796875 0.08046875 0.0859375 0.0859375
3 0.671875 0.78984375 0.06875 0.065625
3 0.534375 0.6296875 0.090625 0.071875
3 0.05546875 0.671875 0.065625 0.065625
3 0.128125 0.94375 0.08125 0.08125
3 0.83203125 0.546875 0.08125 0.08125
3 0.909375 0.103125 0.0796875 0.0796875
3 0.73046875 0.67578125 0.0984375 0.065625
3 0.75390625 0.34375 0.0828125 0.071875
3 0.14296875 0.0453125 0.075 0.075
3 0.840625 0.04765625 0.084375 0.084375
3 0.0984375 0.125 0.075 0.075
3 0.41640625 0.42890625 0.078125 0.078125
3 0.16015625 0.3421875 0.0734375 0.071875
3 0.47265625 0.4921875 0.0875 0.0875
3 0.78671875 0.74140625 0.0859375 0.0859375
3 0.53515625 0.7828125 0.078125 0.0765625
3 0.1390625 0.484375 0.084375 0.084375
3 0.215625 0.25 0.115625 0.075
3 0.84921875 0.7703125 0.0921875 0.065625
3 0.921875 0.371875 0.1125 0.075
3 0.6359375 0.5296875 0.0875 0.065625
3 0.23359375 0.76953125 0.0796875 0.0796875
3 0.040625 0.53828125 0.075 0.0671875
3 0.37890625 0.33828125 0.1078125 0.0640625
3 0.57578125 0.2375 0.0984375 0.059375
3 0.18515625 0.8859375 0.08125 0.08125
3 0.0765625 0.821875 0.0765625 0.0765625
3 0.871875 0.16875 0.0828125 0.0828125
3 0.53515625 0.89453125 0.0734375 0.0734375
3 0.28359375 0.190625 0.1046875 0.075
3 0.48515625 0.69375 0.0796875 0.078125
3 0.57421875 0.81171875 0.08125 0.08125
3 0.2109375 0.67109375 0.0765625 0.075
3 0.19765625 0.84921875 0.078125 0.078125
3 0.38203125 0.73984375 0.078125 0.078125
3 0.4921875 0.765625 0.0828125 0.0828125
3 0.7171875 0.93515625 0.075 0.075
3 0.825 0.40234375 0.10625 0.053125
3 0.3640625 0.846875 0.0875 0.059375
3 0.57421875 0.146875 0.0765625 0.0625
3 0.51015625 0.18359375 0.0890625 0.0890625
3 0.5578125 0.4703125 0.0765625 0.0765625
3 0.53203125 0.3640625 0.078125 0.078125
3 0.16015625 0.409375 0.0734375 0.065625
3 0.0453125 0.18984375 0.071875 0.0578125
3 0.1140625 0.278125 0.0734375 0.0734375
3 0.19140625 0.1671875 0.0859375 0.078125
3 0.23046875 0.503125 0.075 0.075
3 0.803125 0.94921875 0.0734375 0.0734375
3 0.0734375 0.89453125 0.06875 0.06875
3 0.12734375 0.225 0.0765625 0.078125
3 0.65 0.4359375 0.075 0.0625
3 0.0671875 0.2796875 0.0796875 0.0796875
3 0.359375 0.96796875 0.090625 0.0625
3 0.4046875 0.81171875 0.084375 0.0484375
3 0.23671875 0.08515625 0.0859375 0.0859375
3 0.86796875 0.34453125 0.0859375 0.0671875
3 0.50390625 0.0984375 0.0671875 0.06875
3 0.53046875 0.1296875 0.078125 0.078125
3 0.834375 0.1875 0.0875 0.0625
3 0.92109375 0.12421875 0.075 0.075
3 0.81171875 0.1125 0.06875 0.06875
3 0.52265625 0.25703125 0.0984375 0.0546875
3 0.48125 0.28125 0.071875 0.071875
3 0.7703125 0.6640625 0.0703125 0.0703125
3 0.83984375 0.828125 0.0890625 0.06875
3 0.940625 0.865625 0.075 0.059375
3 0.871875 0.93359375 0.0875 0.05
3 0.6828125 0.89296875 0.084375 0.0640625
3 0.646875 0.76640625 0.065625 0.0671875
3 0.61640625 0.67421875 0.08125 0.08125
3 0.7203125 0.61484375 0.071875 0.0640625
3 0.453125 0.46171875 0.0875 0.0578125
3 0.3171875 0.3515625 0.0796875 0.0796875
3 0.33828125 0.0359375 0.0671875 0.0671875
3 0.24609375 0.67890625 0.071875 0.071875
3 0.1375 0.5359375 0.090625 0.090625
3 0.21328125 0.403125 0.0609375 0.071875
3 0.1953125 0.375 0.071875 0.075
3 0.31328125 0.6984375 0.08125 0.0796875
3 0.2875 0.7609375 0.078125 0.078125
3 0.09921875 0.9125 0.071875 0.0703125
3 0.03828125 0.903125 0.06875 0.06875
3 0.1828125 0.825 0.0671875 0.0671875
3 0.3265625 0.8546875 0.078125 0.065625
3 0.2265625 0.8734375 0.0875 0.071875
3 0.4875 0.896875 0.0703125 0.0703125
3 0.52109375 0.703125 0.0671875 0.0671875
3 0.4953125 0.6203125 0.078125 0.0625
3 0.34609375 0.63203125 0.0890625 0.0734375
3 0.384375 0.65703125 0.0765625 0.0765625
3 0.22109375 0.575 0.0796875 0.05625
3 0.22890625 0.54609375 0.071875 0.071875
3 0.3171875 0.45859375 0.0703125 0.0703125
3 0.41015625 0.21484375 0.0921875 0.0546875
3 0.128125 0.16796875 0.065625 0.0609375
3 0.03515625 0.2171875 0.065625 0.065625
3 0.8515625 0.31640625 0.075 0.0734375
3 0.9578125 0.4265625 0.075 0.075
3 0.87578125 0.24296875 0.0828125 0.0546875
3 0.765625 0.271875 0.0671875 0.0671875
3 0.6203125 0.5078125 0.075 0.059375
3 0.69453125 0.41171875 0.078125 0.065625
3 0.73125 0.4265625 0.071875 0.065625
6 0.81640625 0.4890625 0.0921875 0.071875
3 0.865625 0.46875 0.084375 0.071875
3 0.328125 0.77578125 0.084375 0.084375
3 0.78984375 0.4421875 0.0734375 0.053125
3 0.8390625 0.6046875 0.06875 0.06875
3 0.5453125 0.44140625 0.0734375 0.071875
3 0.51640625 0.325 0.084375 0.05625
3 0.63671875 0.4625 0.0765625 0.065625
3 0.06640625 0.7921875 0.0625 0.0625
3 0.51328125 0.1703125 0.071875 0.071875
3 0.3921875 0.1421875 0.078125 0.078125
3 0.221875 0.134375 0.08125 0.08125
3 0.04765625 0.1234375 0.0734375 0.05625
3 0.42578125 0.2640625 0.0828125 0.078125
3 0.79765625 0.0359375 0.0765625 0.071875
3 0.87734375 0.43203125 0.0734375 0.0484375