3 0.31484375 0.44921875 0.0796875 0.0796875
3 0.39609375 0.6171875 0.0640625 0.096875
3 0.5015625 0.3703125 0.065625 0.09375
3 0.2703125 0.7703125 0.071875 0.0875
3 0.58828125 0.39296875 0.084375 0.084375
3 0.3390625 0.11953125 0.06875 0.0890625
3 0.28125 0.0515625 0.0625 0.090625
3 0.3296875 0.628125 0.06875 0.115625
3 0.3359375 0.3171875 0.071875 0.1
3 0.5859375 0.2953125 0.084375 0.084375
3 0.06484375 0.3953125 0.084375 0.084375
3 0.5125 0.55625 0.075 0.075
3 0.553125 0.484375 0.09375 0.09375
3 0.425 0.39296875 0.078125 0.1046875
3 0.478125 0.4921875 0.090625 0.090625
3 0.90859375 0.32734375 0.078125 0.078125
3 0.51953125 0.759375 0.0703125 0.1
3 0.2578125 0.340625 0.0890625 0.0890625
3 0.42890625 0.56875 0.06875 0.06875
3 0.05703125 0.484375 0.0890625 0.0890625
3 0.04140625 0.95234375 0.0640625 0.0765625
3 0.0875 0.86328125 0.06875 0.0796875
3 0.634375 0.55390625 0.0765625 0.075
3 0.83671875 0.721875 0.090625 0.08125
3 0.48359375 0.2140625 0.0796875 0.08125
3 0.71328125 0.309375 0.0859375 0.0875
3 0.54609375 0.6359375 0.0703125 0.1
3 0.375 0.49921875 0.084375 0.0953125
3 0.7421875 0.80546875 0.065625 0.1109375
3 0.425 0.24765625 0.0765625 0.075
3 0.80703125 0.5140625 0.084375 0.084375
3 0.80625 0.81484375 0.0796875 0.078125
3 0.6921875 0.06953125 0.0890625 0.0890625
3 0.459375 0.32265625 0.075 0.1015625
3 0.2671875 0.85625 0.084375 0.084375
3 0.1390625 0.25078125 0.096875 0.096875
3 0.4671875 0.61328125 0.08125 0.0796875
3 0.36875 0.246875 0.065625 0.1
3 0.775 0.26484375 0.090625 0.0765625
3 0.18671875 0.296875 0.0890625 0.0890625
3 0.8625 0.19921875 0.075 0.0703125
3 0.28984375 0.18125 0.0875 0.0890625
3 0.5859375 0.0421875 0.065625 0.071875
3 0.73828125 0.19453125 0.075 0.075
3 0.78125 0.16640625 0.078125 0.0703125
3 0.6453125 0.23515625 0.078125 0.096875
3 0.7578125 0.103125 0.08125 0.08125
3 0.8703125 0.93046875 0.053125 0.0921875
3 0.72734375 0.94375 0.078125 0.0796875
3 0.76640625 0.91328125 0.0546875 0.1203125
3 0.75703125 0.59453125 0.0875 0.0765625
3 0.62578125 0.16796875 0.0890625 0.0890625
3 0.19375 0.86015625 0.075 0.1078125
3 0.115625 0.31171875 0.08125 0.1109375
3 0.7890625 0.440625 0.0921875 0.0921875
3 0.45859375 0.7140625 0.084375 0.084375
3 0.54765625 0.1765625 0.0796875 0.0875
3 0.03359375 0.715625 0.0671875 0.08125
3 0.21171875 0.2453125 0.0765625 0.096875
3 0.0875 0.7078125 0.075 0.121875
3 0.9234375 0.203125 0.0953125 0.0953125
3 0.1328125 0.8953125 0.071875 0.103125
3 0.896875 0.86640625 0.08125 0.0796875
3 0.69921875 0.7171875 0.096875 0.096875
3 0.7671875 0.675 0.08125 0.08125
3 0.8921875 0.13125 0.08125 0.08125
3 0.82265625 0.6421875 0.0796875 0.090625
3 0.1765625 0.94921875 0.0859375 0.0859375
3 0.328125 0.20859375 0.0859375 0.0859375
3 0.07265625 0.75078125 0.0671875 0.0609375
3 0.49921875 0.67890625 0.0671875 0.0890625
3 0.84609375 0.27890625 0.0859375 0.078125
3 0.715625 0.54921875 0.084375 0.084375
3 0.4703125 0.1296875 0.0828125 0.08125
3 0.7859375 0.334375 0.075 0.0875
3 0.71875 0.6515625 0.090625 0.0875
3 0.934375 0.04765625 0.06875 0.0953125
3 0.89375 0.25703125 0.078125 0.0796875
3 0.61171875 0.925 0.1 0.0984375
3 0.93125 0.92734375 0.08125 0.0796875
3 0.05703125 0.79140625 0.0875 0.0875
3 0.40390625 0.11796875 0.0828125 0.0828125
3 0.96171875 0.39375 0.0765625 0.08125
3 0.88125 0.51953125 0.084375 0.0859375
3 0.253125 0.1359375 0.0765625 0.0765625
3 0.8984375 0.4546875 0.075 0.075
3 0.484375 0.08671875 0.0765625 0.0765625
3 0.56484375 0.134375 0.0734375 0.090625
3 0.16171875 0.37734375 0.065625 0.0796875
3 0.4578125 0.92265625 0.0875 0.0875
3 0.84296875 0.4515625 0.0671875 0.1
3 0.93515625 0.49296875 0.0875 0.0875
3 0.85078125 0.36328125 0.0796875 0.0796875
3 0.8109375 0.39296875 0.071875 0.0828125
3 0.42734375 0.16875 0.0875 0.0859375
3 0.678125 0.20234375 0.05 0.1109375