3 0.31484375 0.55078125 0.0640625 0.0953125
3 0.39609375 0.3828125 0.0640625 0.096875
3 0.5015625 0.6296875 0.078125 0.0796875
3 0.2703125 0.2296875 0.071875 0.0875
3 0.58828125 0.60703125 0.0609375 0.1078125
3 0.3390625 0.88046875 0.06875 0.0890625
3 0.28125 0.9484375 0.0765625 0.0765625
3 0.3296875 0.371875 0.06875 0.115625
3 0.3359375 0.6828125 0.071875 0.1
3 0.5859375 0.7046875 0.084375 0.084375
3 0.06484375 0.6046875 0.084375 0.084375
3 0.5125 0.44375 0.075 0.075
3 0.553125 0.515625 0.071875 0.115625
3 0.425 0.60703125 0.078125 0.1046875
3 0.478125 0.5078125 0.090625 0.090625
3 0.90859375 0.67265625 0.078125 0.078125
3 0.51953125 0.240625 0.0703125 0.1
3 0.2578125 0.659375 0.078125 0.1
3 0.42890625 0.43125 0.06875 0.06875
3 0.05703125 0.515625 0.0890625 0.0890625
3 0.04140625 0.04765625 0.0703125 0.0703125
3 0.0875 0.13671875 0.06875 0.0796875
3 0.634375 0.44609375 0.0765625 0.075
3 0.83671875 0.278125 0.0859375 0.0859375
3 0.48359375 0.7859375 0.0703125 0.090625
3 0.71328125 0.690625 0.0734375 0.1
3 0.54609375 0.3640625 0.0859375 0.0859375
3 0.375 0.50078125 0.090625 0.090625
3 0.7421875 0.19453125 0.0890625 0.0875
3 0.425 0.75234375 0.0625 0.0890625
3 0.80703125 0.4859375 0.084375 0.084375
3 0.80625 0.18515625 0.0796875 0.078125
3 0.6921875 0.93046875 0.065625 0.1125
3 0.459375 0.67734375 0.0875 0.0875
3 0.2671875 0.14375 0.071875 0.096875
3 0.1390625 0.74921875 0.065625 0.1265625
3 0.4671875 0.38671875 0.0796875 0.0796875
3 0.36875 0.753125 0.065625 0.1
3 0.775 0.73515625 0.0828125 0.0828125
3 0.18671875 0.703125 0.0890625 0.0890625
3 0.8625 0.80078125 0.0734375 0.071875
3 0.28984375 0.81875 0.0640625 0.1125
3 0.5859375 0.9578125 0.065625 0.071875
3 0.73828125 0.80546875 0.075 0.075
3 0.78125 0.83359375 0.078125 0.0703125
3 0.6453125 0.76484375 0.078125 0.096875
3 0.7578125 0.896875 0.08125 0.08125
3 0.8703125 0.06953125 0.053125 0.0921875
3 0.72734375 0.05625 0.078125 0.0796875
3 0.76640625 0.08671875 0.0875 0.0875
3 0.75703125 0.40546875 0.0875 0.0765625
3 0.62578125 0.83203125 0.0796875 0.0984375
3 0.19375 0.13984375 0.075 0.1078125
3 0.115625 0.68828125 0.0953125 0.096875
3 0.7890625 0.559375 0.09375 0.0921875
3 0.45859375 0.2859375 0.084375 0.084375
3 0.54765625 0.8234375 0.084375 0.0828125
3 0.03359375 0.284375 0.0671875 0.08125
3 0.21171875 0.7546875 0.0875 0.0875
3 0.0875 0.2921875 0.075 0.121875
3 0.9234375 0.796875 0.0953125 0.0953125
3 0.1328125 0.1046875 0.0875 0.0875
3 0.896875 0.13359375 0.08125 0.0796875
3 0.69921875 0.2828125 0.096875 0.096875
3 0.7671875 0.325 0.065625 0.096875
3 0.8921875 0.86875 0.08125 0.08125
3 0.82265625 0.3578125 0.084375 0.084375
3 0.1765625 0.05078125 0.071875 0.1
3 0.328125 0.79140625 0.0859375 0.0859375
3 0.07265625 0.24921875 0.0671875 0.0609375
3 0.49921875 0.32109375 0.0671875 0.0890625
3 0.84609375 0.72109375 0.0859375 0.078125
3 0.715625 0.45078125 0.084375 0.084375
3 0.4703125 0.8703125 0.08125 0.08125
3 0.7859375 0.665625 0.075 0.0875
3 0.71875 0.3484375 0.0890625 0.0890625
3 0.934375 0.95234375 0.08125 0.08125
3 0.89375 0.74296875 0.078125 0.0796875
3 0.61171875 0.075 0.1 0.0984375
3 0.93125 0.07265625 0.08125 0.0796875
3 0.05703125 0.20859375 0.0859375 0.090625
3 0.40390625 0.88203125 0.0828125 0.0828125
3 0.9640625 0.60546875 0.071875 0.0921875
3 0.88125 0.48046875 0.084375 0.0859375
3 0.253125 0.8640625 0.05625 0.096875
3 0.8984375 0.5453125 0.075 0.075
3 0.484375 0.91328125 0.0765625 0.0765625
3 0.56484375 0.865625 0.0734375 0.090625
3 0.16171875 0.62265625 0.0734375 0.0734375
3 0.4578125 0.07734375 0.071875 0.1046875
3 0.84296875 0.5484375 0.084375 0.0828125
3 0.93515625 0.50703125 0.0609375 0.1140625
3 0.85078125 0.63671875 0.0859375 0.0734375
3 0.8109375 0.60703125 0.071875 0.0828125
3 0.42734375 0.83125 0.0859375 0.0875
3 0.678125 0.79765625 0.08125 0.08125