3 0.32109375 0.15234375 0.078125 0.078125
3 0.24140625 0.8109375 0.0609375 0.08125
3 0.7984375 0.09921875 0.059375 0.0875
3 0.86328125 0.38671875 0.0703125 0.0984375
3 0.3296875 0.63046875 0.0765625 0.0765625
3 0.090625 0.9171875 0.0734375 0.0734375
3 0.09765625 0.17265625 0.075 0.075
3 0.471875 0.1921875 0.0734375 0.0734375
3 0.21796875 0.2578125 0.0703125 0.090625
3 0.884375 0.7734375 0.0734375 0.0734375
3 0.81953125 0.27734375 0.071875 0.071875
3 0.21953125 0.70859375 0.0703125 0.0828125
3 0.55859375 0.1046875 0.0609375 0.090625
3 0.21171875 0.0984375 0.0828125 0.0828125
3 0.64296875 0.13046875 0.0625 0.0890625
3 0.26328125 0.19609375 0.0765625 0.0765625
3 0.49140625 0.790625 0.0671875 0.084375
3 0.7171875 0.66875 0.075 0.1
3 0.81796875 0.5390625 0.0578125 0.084375
3 0.471875 0.525 0.078125 0.078125
3 0.1296875 0.715625 0.071875 0.090625
3 0.92578125 0.546875 0.075 0.075
3 0.47421875 0.84609375 0.0703125 0.0859375
3 0.3765625 0.40859375 0.06875 0.0859375
3 0.3265625 0.5328125 0.065625 0.08125
3 0.6140625 0.4046875 0.071875 0.103125
3 0.68203125 0.5203125 0.0703125 0.096875
3 0.5125 0.65078125 0.0625 0.0890625
3 0.525 0.44296875 0.05625 0.075
3 0.89609375 0.678125 0.075 0.075
3 0.40390625 0.19296875 0.0765625 0.0984375
3 0.54296875 0.896875 0.0609375 0.084375
3 0.64453125 0.790625 0.0703125 0.090625
3 0.61640625 0.3140625 0.075 0.0734375
3 0.3140625 0.36015625 0.071875 0.0921875
3 0.42578125 0.79375 0.0765625 0.078125
3 0.7578125 0.51015625 0.0796875 0.0796875
3 0.928125 0.46484375 0.06875 0.0796875
3 0.78515625 0.76640625 0.08125 0.08125
3 0.26171875 0.59765625 0.08125 0.08125
3 0.3734375 0.84765625 0.071875 0.071875
3 0.86640625 0.2359375 0.0640625 0.0875
3 0.41484375 0.89296875 0.078125 0.078125
3 0.8421875 0.2015625 0.065625 0.065625
3 0.053125 0.35546875 0.0734375 0.075
3 0.665625 0.73203125 0.065625 0.0859375
3 0.87578125 0.68359375 0.075 0.075
3 0.18203125 0.83046875 0.0546875 0.0796875
3 0.92734375 0.93671875 0.0640625 0.1
3 0.08203125 0.678125 0.0671875 0.0671875
3 0.3125 0.30234375 0.071875 0.071875
3 0.8046875 0.66484375 0.059375 0.1140625
3 0.12578125 0.3359375 0.0609375 0.1
3 0.81796875 0.79921875 0.078125 0.0765625