3 0.56484375 0.35078125 0.0875 0.0875
3 0.3828125 0.82734375 0.1 0.0796875
3 0.42109375 0.1890625 0.1015625 0.078125
3 0.5921875 0.621875 0.103125 0.08125
3 0.3421875 0.11015625 0.0875 0.0875
3 0.8046875 0.28359375 0.096875 0.0671875
3 0.2609375 0.67890625 0.1 0.0765625
3 0.16875 0.796875 0.096875 0.0703125
3 0.7875 0.078125 0.1 0.06875
3 0.0703125 0.50390625 0.0890625 0.0875
3 0.6671875 0.321875 0.109375 0.08125
3 0.54453125 0.4796875 0.0984375 0.075
3 0.55078125 0.046875 0.0828125 0.075
3 0.53828125 0.1890625 0.1078125 0.05625
3 0.2359375 0.45859375 0.0875 0.0875
3 0.484375 0.56015625 0.0890625 0.0890625
3 0.740625 0.14609375 0.084375 0.084375
3 0.16171875 0.2234375 0.1109375 0.0625
3 0.2265625 0.9484375 0.09375 0.09375
3 0.1125 0.8796875 0.0921875 0.0921875
3 0.18515625 0.290625 0.1015625 0.075
3 0.86640625 0.72421875 0.0875 0.0875
3 0.946875 0.41875 0.084375 0.084375
3 0.46484375 0.65546875 0.090625 0.090625
3 0.9453125 0.88203125 0.090625 0.0890625
3 0.2390625 0.7296875 0.121875 0.084375
3 0.4015625 0.871875 0.0890625 0.0890625
3 0.40390625 0.5125 0.0859375 0.0859375
3 0.8296875 0.16484375 0.084375 0.084375
3 0.3890625 0.9546875 0.0828125 0.0828125
3 0.72578125 0.79921875 0.1 0.1
3 0.07578125 0.2734375 0.0890625 0.0890625
3 0.353125 0.64921875 0.0828125 0.084375
3 0.9359375 0.9546875 0.0703125 0.0703125
3 0.846875 0.3625 0.090625 0.090625
3 0.56015625 0.2375 0.0953125 0.06875
3 0.22109375 0.596875 0.0734375 0.071875
3 0.05078125 0.8375 0.0890625 0.06875
3 0.29609375 0.25625 0.1 0.06875
3 0.5890625 0.9296875 0.1 0.071875
3 0.57421875 0.73046875 0.1015625 0.0703125
3 0.42734375 0.4484375 0.0828125 0.0828125
3 0.28984375 0.83828125 0.0859375 0.0609375
3 0.91015625 0.09921875 0.0828125 0.05625
6 0.3640625 0.3015625 0.1625 0.075
3 0.371875 0.6796875 0.0875 0.065625