3 0.47265625 0.35703125 0.0640625 0.090625
3 0.75625 0.9078125 0.071875 0.0734375
3 0.22109375 0.15703125 0.08125 0.08125
3 0.6296875 0.10703125 0.06875 0.090625
3 0.2765625 0.5421875 0.059375 0.096875
3 0.7953125 0.065625 0.065625 0.075
3 0.74921875 0.42109375 0.075 0.075
3 0.22265625 0.5609375 0.0828125 0.084375
3 0.92109375 0.55390625 0.0671875 0.1
3 0.84140625 0.20859375 0.0828125 0.0828125
3 0.596875 0.49375 0.075 0.1
3 0.08671875 0.57578125 0.090625 0.090625
3 0.39453125 0.8859375 0.0875 0.0875
3 0.58046875 0.64140625 0.0796875 0.0984375
3 0.4125 0.384375 0.084375 0.084375
3 0.3734375 0.303125 0.078125 0.1
3 0.3484375 0.18984375 0.08125 0.08125
3 0.1765625 0.671875 0.078125 0.090625
3 0.7125 0.09921875 0.075 0.0953125
3 0.81015625 0.5453125 0.0703125 0.090625
3 0.8671875 0.4953125 0.05625 0.096875
3 0.3 0.2 0.06875 0.096875
3 0.07421875 0.6578125 0.09375 0.0921875
3 0.08515625 0.74140625 0.0796875 0.0890625
3 0.95078125 0.8625 0.071875 0.0703125
3 0.63046875 0.41953125 0.0765625 0.103125
3 0.659375 0.7328125 0.090625 0.084375
3 0.721875 0.515625 0.09375 0.084375
3 0.5765625 0.35234375 0.0921875 0.090625
0 0.9359375 0.796875 0.0859375 0.0859375
0 0.78359375 0.46640625 0.09375 0.09375
3 0.85703125 0.3015625 0.0875 0.0859375