3 0.9078125 0.6859375 0.08125 0.08125
3 0.5078125 0.1421875 0.078125 0.1
3 0.36953125 0.46640625 0.0578125 0.0828125
3 0.3265625 0.18359375 0.0828125 0.08125
3 0.6546875 0.1578125 0.0671875 0.0671875
3 0.59140625 0.1921875 0.0640625 0.090625
3 0.1421875 0.9390625 0.08125 0.08125
3 0.4625 0.6984375 0.0703125 0.0703125
3 0.15 0.56796875 0.0828125 0.0828125
3 0.840625 0.2359375 0.078125 0.103125
3 0.3484375 0.903125 0.06875 0.096875
3 0.8890625 0.08984375 0.078125 0.078125
3 0.74921875 0.8921875 0.075 0.0734375
3 0.03046875 0.20078125 0.0609375 0.0921875
3 0.64140625 0.765625 0.084375 0.084375
3 0.62734375 0.5078125 0.0765625 0.078125
3 0.41953125 0.76328125 0.0640625 0.0828125
3 0.2765625 0.62421875 0.08125 0.08125
3 0.96328125 0.7984375 0.071875 0.096875
6 0.71484375 0.08984375 0.090625 0.090625
3 0.74140625 0.83359375 0.0828125 0.0828125
3 0.10390625 0.3390625 0.0578125 0.08125
3 0.3984375 0.06015625 0.065625 0.0859375
3 0.578125 0.5765625 0.078125 0.078125
3 0.7796875 0.165625 0.0828125 0.0828125
3 0.9171875 0.8671875 0.071875 0.103125
3 0.95546875 0.3671875 0.065625 0.0671875
3 0.14609375 0.47734375 0.071875 0.0859375
3 0.25625 0.54453125 0.08125 0.0796875
3 0.3421875 0.35546875 0.075 0.075
3 0.22890625 0.36953125 0.0859375 0.084375
3 0.559375 0.4453125 0.0796875 0.0796875
3 0.6578125 0.63046875 0.078125 0.0875
3 0.27109375 0.72109375 0.071875 0.0828125
3 0.93359375 0.28984375 0.0734375 0.0734375
3 0.7109375 0.55078125 0.065625 0.0828125
3 0.5296875 0.95546875 0.05625 0.0765625
3 0.16328125 0.08203125 0.071875 0.071875
3 0.1984375 0.61015625 0.078125 0.078125
3 0.27734375 0.8828125 0.08125 0.0796875
3 0.83515625 0.5859375 0.0609375 0.090625
3 0.47734375 0.34609375 0.078125 0.0796875
3 0.0515625 0.9078125 0.0625 0.0609375
3 0.92890625 0.57109375 0.0578125 0.0765625
3 0.06875 0.5734375 0.065625 0.065625
3 0.24453125 0.0515625 0.0734375 0.071875
3 0.6015625 0.709375 0.0625 0.078125
3 0.7 0.20546875 0.053125 0.0734375
3 0.2546875 0.13125 0.075 0.075
3 0.225 0.68828125 0.05 0.0703125
3 0.5375 0.3828125 0.06875 0.06875
3 0.28984375 0.31015625 0.06875 0.06875
3 0.11875 0.0921875 0.0765625 0.078125
3 0.77109375 0.21875 0.0671875 0.09375
3 0.17734375 0.3703125 0.0875 0.0875
3 0.15859375 0.16640625 0.0703125 0.0953125
3 0.5296875 0.5234375 0.065625 0.0875
3 0.88671875 0.50078125 0.071875 0.071875
3 0.3171875 0.56953125 0.065625 0.0671875
0 0.4421875 0.45 0.0875 0.08125
3 0.89296875 0.421875 0.059375 0.084375
3 0.48203125 0.62265625 0.0765625 0.0765625
3 0.840625 0.79765625 0.0703125 0.0703125
3 0.80625 0.4328125 0.08125 0.071875
3 0.425 0.9015625 0.0671875 0.065625
3 0.73515625 0.30390625 0.0546875 0.0703125
3 0.07421875 0.23984375 0.0609375 0.0609375
3 0.590625 0.8515625 0.0671875 0.0671875
3 0.3078125 0.09609375 0.053125 0.0703125
6 0.2671875 0.2390625 0.0828125 0.0828125
3 0.2234375 0.1953125 0.0703125 0.0703125
3 0.21171875 0.4734375 0.0640625 0.075
3 0.38984375 0.296875 0.0609375 0.075
3 0.884375 0.3015625 0.05 0.06875
3 0.68046875 0.8234375 0.0453125 0.1
3 0.69375 0.53125 0.0765625 0.0765625
3 0.471875 0.25625 0.071875 0.071875
3 0.26796875 0.44609375 0.0578125 0.0796875
3 0.43515625 0.37734375 0.0703125 0.0984375
3 0.69765625 0.42421875 0.0546875 0.0765625
3 0.94140625 0.50234375 0.05625 0.0734375
3 0.0921875 0.1671875 0.06875 0.06875
3 0.9203125 0.95859375 0.08125 0.08125
3 0.21328125 0.7609375 0.0703125 0.078125
3 0.9484375 0.10390625 0.053125 0.0734375
3 0.7796875 0.534375 0.078125 0.078125
3 0.74296875 0.36015625 0.0671875 0.0890625
3 0.0296875 0.121875 0.059375 0.059375
3 0.83125 0.49375 0.059375 0.065625
3 0.6109375 0.940625 0.046875 0.06875
3 0.36796875 0.7734375 0.0546875 0.06875
0 0.5640625 0.64765625 0.0921875 0.0921875
3 0.3109375 0.44609375 0.0765625 0.078125
3 0.7046875 0.9640625 0.06875 0.06875
3 0.7765625 0.484375 0.078125 0.078125
3 0.840625 0.33125 0.05 0.0640625
3 0.0578125 0.29375 0.0625 0.0625
3 0.03984375 0.484375 0.059375 0.0578125
3 0.08671875 0.465625 0.0609375 0.0609375
3 0.3390625 0.26796875 0.053125 0.065625
3 0.63828125 0.9046875 0.0671875 0.0671875
3 0.6609375 0.03671875 0.05625 0.05625
3 0.2765625 0.3515625 0.0609375 0.06875
3 0.409375 0.83203125 0.0515625 0.05
3 0.4890625 0.4203125 0.053125 0.05625