3 0.48203125 0.13828125 0.084375 0.084375
3 0.365625 0.58984375 0.096875 0.096875
3 0.65 0.38046875 0.090625 0.090625
3 0.040625 0.26015625 0.075 0.0890625
3 0.79609375 0.8453125 0.0890625 0.0890625
3 0.07890625 0.10859375 0.0890625 0.0890625
3 0.24140625 0.1796875 0.090625 0.090625
3 0.30625 0.30234375 0.090625 0.0890625
3 0.03671875 0.509375 0.0703125 0.1
3 0.49609375 0.68125 0.0734375 0.1
3 0.603125 0.90859375 0.1 0.1
3 0.1125 0.19921875 0.078125 0.0953125
3 0.7875 0.4515625 0.09375 0.09375
3 0.78125 0.30234375 0.071875 0.0921875
3 0.453125 0.365625 0.09375 0.0953125
3 0.271875 0.86015625 0.0796875 0.08125
3 0.37578125 0.9390625 0.0796875 0.103125
3 0.378125 0.4046875 0.090625 0.09375
3 0.346875 0.7484375 0.08125 0.103125
3 0.71015625 0.1375 0.09375 0.09375
3 0.73203125 0.38203125 0.0765625 0.1140625
3 0.64609375 0.56015625 0.0921875 0.1046875
3 0.38515625 0.24609375 0.0859375 0.0859375
3 0.66484375 0.84453125 0.0703125 0.0984375
3 0.825 0.1578125 0.0890625 0.0890625
3 0.33203125 0.48359375 0.0875 0.0875
3 0.2328125 0.73984375 0.0921875 0.090625
3 0.13359375 0.29140625 0.0828125 0.0828125
3 0.3953125 0.6671875 0.078125 0.090625
3 0.1015625 0.8515625 0.084375 0.084375
3 0.615625 0.7671875 0.09375 0.09375
3 0.065625 0.9265625 0.078125 0.103125
3 0.74765625 0.64921875 0.0921875 0.1140625
3 0.86484375 0.734375 0.096875 0.0953125
3 0.04375 0.6640625 0.0875 0.090625
5 0.91328125 0.21015625 0.0796875 0.1453125
3 0.96875 0.2203125 0.05625 0.1125