2 0.22421875 0.26328125 0.075 0.0765625
2 0.73984375 0.88671875 0.078125 0.078125
2 0.0828125 0.4671875 0.065625 0.06875
2 0.08203125 0.21875 0.084375 0.084375
2 0.184375 0.0765625 0.06875 0.084375
2 0.378125 0.31171875 0.0625 0.0921875
2 0.9109375 0.16328125 0.075 0.096875
2 0.40390625 0.7359375 0.075 0.09375
2 0.72109375 0.21796875 0.0703125 0.103125
2 0.77890625 0.79609375 0.0734375 0.0859375
2 0.88046875 0.63671875 0.0796875 0.0828125
2 0.8140625 0.86484375 0.078125 0.090625
2 0.95703125 0.48125 0.0859375 0.0875
2 0.21875 0.42265625 0.0734375 0.0734375
2 0.06953125 0.57578125 0.0796875 0.078125
2 0.17421875 0.78125 0.0859375 0.084375
2 0.11484375 0.8171875 0.0703125 0.1
2 0.38125 0.53671875 0.0828125 0.0828125
2 0.7734375 0.94453125 0.0765625 0.0765625
2 0.428125 0.5890625 0.084375 0.084375
2 0.621875 0.06484375 0.06875 0.1046875
2 0.30390625 0.3140625 0.0890625 0.0890625
2 0.828125 0.43828125 0.09375 0.0875
2 0.67421875 0.840625 0.0796875 0.090625
2 0.27265625 0.76015625 0.08125 0.08125
2 0.21328125 0.91484375 0.065625 0.078125
2 0.62578125 0.73671875 0.08125 0.08125
2 0.9296875 0.31875 0.078125 0.078125
2 0.4640625 0.66953125 0.0828125 0.084375
2 0.38984375 0.42734375 0.071875 0.071875
2 0.040625 0.16015625 0.05625 0.1203125
2 0.3234375 0.709375 0.0859375 0.0859375
2 0.83828125 0.17265625 0.0703125 0.1109375
2 0.33828125 0.5921875 0.08125 0.1
2 0.5828125 0.45546875 0.078125 0.09375
2 0.52734375 0.84296875 0.0890625 0.0890625
2 0.62265625 0.8046875 0.09375 0.09375
2 0.90390625 0.54453125 0.0875 0.0875
2 0.77421875 0.6546875 0.0828125 0.121875
2 0.2515625 0.53359375 0.075 0.0953125
3 0.33984375 0.10703125 0.0890625 0.1046875
3 0.134375 0.3546875 0.0921875 0.0921875
2 0.4671875 0.30546875 0.08125 0.0921875
2 0.2859375 0.3890625 0.0859375 0.0859375
2 0.3015625 0.9125 0.0828125 0.0828125
2 0.109375 0.125 0.05 0.08125
2 0.74921875 0.30546875 0.0875 0.1015625
2 0.16328125 0.8984375 0.0609375 0.090625