2 0.22421875 0.73671875 0.075 0.0765625
2 0.73984375 0.11328125 0.078125 0.078125
2 0.0828125 0.5328125 0.065625 0.06875
2 0.08203125 0.78125 0.0734375 0.09375
2 0.184375 0.9234375 0.0765625 0.0765625
2 0.378125 0.68828125 0.0625 0.0921875
2 0.9109375 0.83671875 0.075 0.096875
2 0.40390625 0.2640625 0.075 0.09375
2 0.72109375 0.78203125 0.0875 0.0875
2 0.77890625 0.20390625 0.0796875 0.0796875
2 0.88046875 0.36328125 0.0796875 0.0828125
2 0.8140625 0.13515625 0.078125 0.090625
2 0.959375 0.51796875 0.065625 0.1109375
2 0.21875 0.57734375 0.071875 0.0734375
2 0.06953125 0.42421875 0.0796875 0.078125
2 0.17421875 0.21875 0.0703125 0.1
2 0.11484375 0.1828125 0.0703125 0.1
2 0.38125 0.46328125 0.0828125 0.0828125
2 0.7734375 0.05546875 0.075 0.078125
2 0.428125 0.4109375 0.075 0.09375
2 0.621875 0.93515625 0.06875 0.1046875
2 0.30390625 0.6859375 0.0890625 0.0890625
2 0.828125 0.56171875 0.090625 0.090625
2 0.67421875 0.159375 0.084375 0.084375
2 0.27265625 0.23984375 0.08125 0.08125
2 0.21328125 0.08515625 0.065625 0.078125
2 0.62578125 0.26328125 0.08125 0.08125
2 0.9296875 0.68125 0.08125 0.075
2 0.4640625 0.33046875 0.078125 0.0890625
2 0.38984375 0.57265625 0.071875 0.071875
2 0.0421875 0.840625 0.084375 0.0875
2 0.3234375 0.290625 0.0859375 0.0859375
2 0.83828125 0.82734375 0.0703125 0.1109375
2 0.33828125 0.4078125 0.08125 0.1
2 0.5828125 0.54453125 0.078125 0.09375
2 0.52734375 0.15703125 0.0890625 0.0890625
2 0.62265625 0.1953125 0.1078125 0.08125
2 0.90390625 0.45546875 0.059375 0.1140625
2 0.77421875 0.3453125 0.0828125 0.121875
2 0.2515625 0.46640625 0.0859375 0.084375
3 0.33984375 0.89296875 0.096875 0.096875
3 0.134375 0.6453125 0.078125 0.10625
2 0.4671875 0.69453125 0.0859375 0.0875
2 0.2859375 0.6109375 0.075 0.096875
2 0.3015625 0.0875 0.0828125 0.0828125
2 0.109375 0.875 0.065625 0.065625
2 0.74921875 0.69453125 0.09375 0.0953125
2 0.16328125 0.1015625 0.075 0.075