3 0.6296875 0.8546875 0.090625 0.065625
3 0.0859375 0.95234375 0.0796875 0.078125
3 0.21171875 0.06875 0.084375 0.0828125
3 0.88671875 0.6046875 0.0859375 0.0875
3 0.80390625 0.56484375 0.0828125 0.0828125
3 0.3328125 0.0484375 0.1 0.071875
3 0.59453125 0.403125 0.08125 0.0796875
3 0.91796875 0.27890625 0.0921875 0.0703125
3 0.67421875 0.77265625 0.0984375 0.075
3 0.09453125 0.19453125 0.1015625 0.0765625
3 0.353125 0.6125 0.0703125 0.0703125
3 0.8671875 0.1640625 0.08125 0.08125
3 0.3890625 0.43125 0.0828125 0.08125
3 0.71484375 0.4203125 0.1015625 0.065625
3 0.75078125 0.14453125 0.0734375 0.0734375
3 0.21640625 0.6015625 0.0796875 0.071875
3 0.41796875 0.37578125 0.1046875 0.065625
3 0.07578125 0.596875 0.0796875 0.0796875
3 0.1984375 0.4875 0.078125 0.05625
3 0.80078125 0.21875 0.0953125 0.06875
3 0.83203125 0.45 0.090625 0.0890625
3 0.55234375 0.44609375 0.0796875 0.0796875
3 0.6609375 0.21328125 0.078125 0.0765625
3 0.0953125 0.703125 0.103125 0.0625
3 0.596875 0.790625 0.10625 0.075
3 0.5703125 0.4953125 0.103125 0.065625
3 0.63359375 0.09453125 0.075 0.075
3 0.2015625 0.6796875 0.103125 0.059375
3 0.2796875 0.6078125 0.078125 0.08125
3 0.93984375 0.81796875 0.1015625 0.0640625
3 0.37421875 0.48828125 0.0953125 0.0640625
3 0.73359375 0.665625 0.0875 0.0875
3 0.7453125 0.2921875 0.1125 0.071875
3 0.87265625 0.0578125 0.0984375 0.065625
3 0.34140625 0.8796875 0.0828125 0.0828125
3 0.28828125 0.171875 0.0875 0.0625
3 0.30703125 0.44609375 0.0953125 0.0671875
3 0.121875 0.05546875 0.1 0.0765625
3 0.95078125 0.140625 0.0921875 0.065625
3 0.93203125 0.87421875 0.0671875 0.0671875
3 0.93828125 0.6609375 0.1234375 0.0625
3 0.3421875 0.6984375 0.115625 0.075
3 0.1953125 0.94140625 0.096875 0.0796875
3 0.41171875 0.9515625 0.0796875 0.05625
3 0.11875 0.29140625 0.0890625 0.0875
3 0.3828125 0.25390625 0.115625 0.0640625
3 0.18046875 0.73984375 0.0875 0.0875
3 0.52734375 0.846875 0.0796875 0.0796875
3 0.60859375 0.14296875 0.0875 0.0875
3 0.72890625 0.17578125 0.0859375 0.071875
3 0.07421875 0.37421875 0.078125 0.078125
3 0.14765625 0.6484375 0.0921875 0.065625
3 0.8546875 0.23515625 0.084375 0.0859375
3 0.4203125 0.74375 0.146875 0.059375
3 0.35234375 0.84375 0.078125 0.078125
3 0.2296875 0.5265625 0.0890625 0.0890625
3 0.4265625 0.90234375 0.096875 0.0625
3 0.52109375 0.51328125 0.1078125 0.0703125
3 0.1234375 0.5390625 0.071875 0.071875
3 0.64140625 0.946875 0.0921875 0.0921875
3 0.54375 0.565625 0.096875 0.075
3 0.14609375 0.825 0.1046875 0.075
3 0.9453125 0.9125 0.096875 0.06875
3 0.89140625 0.8 0.078125 0.078125
3 0.32890625 0.19921875 0.1046875 0.0734375
3 0.6296875 0.05625 0.109375 0.05
3 0.43828125 0.53359375 0.1140625 0.0640625
3 0.846875 0.78984375 0.078125 0.078125
3 0.4984375 0.8234375 0.078125 0.078125
3 0.3203125 0.91484375 0.0828125 0.084375
3 0.62890625 0.18203125 0.0953125 0.0578125
3 0.1453125 0.3671875 0.0875 0.0875
3 0.92890625 0.71953125 0.1390625 0.0453125
3 0.1015625 0.7859375 0.109375 0.071875
3 0.115625 0.87109375 0.0890625 0.0890625
3 0.4390625 0.315625 0.090625 0.090625
3 0.57265625 0.209375 0.1203125 0.08125
3 0.17890625 0.15625 0.0796875 0.08125
3 0.134375 0.7640625 0.13125 0.053125
3 0.59140625 0.0375 0.1265625 0.05625
3 0.11640625 0.51640625 0.1109375 0.0640625