3 0.5921875 0.30234375 0.1 0.065625
3 0.903125 0.59921875 0.0875 0.0875
3 0.8046875 0.2359375 0.096875 0.096875
3 0.29140625 0.7015625 0.0984375 0.078125
3 0.7890625 0.60546875 0.0875 0.0859375
3 0.4796875 0.14140625 0.09375 0.0859375
3 0.0671875 0.95234375 0.096875 0.0953125
3 0.61875 0.6203125 0.1125 0.071875
3 0.5703125 0.90234375 0.10625 0.0828125
3 0.46328125 0.5328125 0.1078125 0.071875
3 0.9046875 0.2796875 0.125 0.078125
3 0.465625 0.4640625 0.08125 0.08125
3 0.53359375 0.6578125 0.1046875 0.084375
3 0.6484375 0.46484375 0.109375 0.0796875
3 0.16484375 0.34375 0.0921875 0.090625
3 0.203125 0.89140625 0.0921875 0.090625
3 0.6796875 0.0421875 0.0828125 0.0828125
3 0.1703125 0.096875 0.09375 0.09375
3 0.1578125 0.175 0.103125 0.08125
3 0.740625 0.09609375 0.103125 0.0859375
5 0.5734375 0.38359375 0.1078125 0.10625
3 0.2890625 0.78515625 0.090625 0.0921875
3 0.87734375 0.8421875 0.08125 0.08125
3 0.8515625 0.75703125 0.0984375 0.0984375
3 0.14765625 0.853125 0.0859375 0.0875
3 0.234375 0.85703125 0.1015625 0.1
3 0.3125 0.86328125 0.090625 0.0765625