3 0.69765625 0.4078125 0.065625 0.1
3 0.40078125 0.096875 0.0875 0.0875
3 0.7640625 0.1953125 0.096875 0.096875
3 0.2984375 0.70859375 0.0875 0.0875
3 0.39453125 0.2109375 0.0859375 0.0875
3 0.85859375 0.5203125 0.0859375 0.09375
3 0.046875 0.93359375 0.08125 0.1109375
3 0.3796875 0.38125 0.071875 0.1125
3 0.09765625 0.4296875 0.0828125 0.10625
3 0.4671875 0.53671875 0.090625 0.0890625
3 0.7203125 0.0953125 0.078125 0.125
3 0.5359375 0.534375 0.0796875 0.0796875
3 0.3421875 0.46640625 0.09375 0.09375
3 0.53515625 0.3515625 0.09375 0.09375
3 0.65625 0.83515625 0.090625 0.0921875
3 0.10859375 0.796875 0.090625 0.0921875
3 0.9578125 0.3203125 0.0828125 0.0828125
3 0.903125 0.8296875 0.09375 0.09375
3 0.825 0.8421875 0.0921875 0.0921875
3 0.90390625 0.259375 0.09375 0.09375
5 0.61640625 0.4265625 0.0984375 0.115625
3 0.21484375 0.7109375 0.0921875 0.090625
3 0.1578125 0.12265625 0.08125 0.08125
3 0.24296875 0.1484375 0.0984375 0.0984375
3 0.146875 0.85234375 0.071875 0.1015625
3 0.14296875 0.765625 0.0890625 0.1125
3 0.13671875 0.6875 0.0828125 0.084375