2 0.18515625 0.47890625 0.0703125 0.0703125
2 0.50859375 0.3625 0.0921875 0.0625
2 0.63984375 0.0671875 0.0828125 0.08125
2 0.890625 0.34921875 0.078125 0.078125
2 0.90625 0.2109375 0.090625 0.071875
2 0.61015625 0.19765625 0.0984375 0.0703125
2 0.84765625 0.0625 0.0828125 0.0828125
2 0.28359375 0.2203125 0.0859375 0.0859375
2 0.46171875 0.20546875 0.0984375 0.071875
2 0.43203125 0.38828125 0.0953125 0.0609375
2 0.5171875 0.7828125 0.090625 0.065625
2 0.28828125 0.8828125 0.078125 0.0796875
2 0.25703125 0.3796875 0.1015625 0.078125
2 0.44609375 0.5625 0.071875 0.071875
2 0.6125 0.53984375 0.09375 0.071875
2 0.3203125 0.428125 0.096875 0.06875
2 0.371875 0.246875 0.0828125 0.0828125
2 0.6890625 0.49921875 0.0828125 0.0828125
2 0.1234375 0.525 0.078125 0.05625
2 0.80625 0.8765625 0.084375 0.071875
2 0.53203125 0.409375 0.1015625 0.065625
2 0.2203125 0.95078125 0.084375 0.0734375
2 0.6046875 0.1296875 0.103125 0.075
2 0.9390625 0.80234375 0.0796875 0.08125
2 0.87109375 0.4734375 0.0890625 0.06875
2 0.53359375 0.5 0.0828125 0.08125
2 0.92890625 0.10625 0.1015625 0.075
2 0.53359375 0.6671875 0.071875 0.071875
2 0.6203125 0.459375 0.090625 0.071875
2 0.0453125 0.81796875 0.084375 0.0578125
2 0.44140625 0.1046875 0.0953125 0.084375
2 0.2078125 0.12734375 0.090625 0.0921875
2 0.33984375 0.04609375 0.0921875 0.0921875
2 0.5 0.63671875 0.071875 0.0515625
2 0.10859375 0.4640625 0.075 0.075
2 0.9359375 0.43984375 0.059375 0.059375
2 0.740625 0.4125 0.0578125 0.0578125
2 0.33515625 0.54375 0.0640625 0.0640625
2 0.065625 0.45390625 0.08125 0.053125
2 0.5703125 0.46484375 0.0875 0.0578125
1 0.8265625 0.4296875 0.096875 0.096875
5 0.18046875 0.8703125 0.0765625 0.065625
5 0.3515625 0.5828125 0.0734375 0.0734375