3 0.9265625 0.928125 0.065625 0.096875
3 0.07265625 0.596875 0.0796875 0.0796875
3 0.28203125 0.865625 0.090625 0.0890625
3 0.46015625 0.63046875 0.090625 0.090625
3 0.9328125 0.06953125 0.071875 0.1
3 0.81796875 0.25546875 0.0703125 0.0953125
3 0.2078125 0.4953125 0.0875 0.0875
3 0.3703125 0.6921875 0.065625 0.096875
3 0.64140625 0.31796875 0.0859375 0.0875
3 0.171875 0.95703125 0.059375 0.084375
3 0.3453125 0.2078125 0.084375 0.084375
3 0.4390625 0.34140625 0.071875 0.1078125
3 0.759375 0.79375 0.084375 0.084375
3 0.64296875 0.21875 0.0640625 0.0875
3 0.38125 0.04921875 0.0796875 0.08125
3 0.03359375 0.5078125 0.0671875 0.09375
3 0.3296875 0.584375 0.071875 0.09375
3 0.125 0.76015625 0.08125 0.103125
3 0.83046875 0.65859375 0.078125 0.1046875
3 0.375 0.47578125 0.05625 0.090625
3 0.0578125 0.3953125 0.075 0.09375
3 0.065625 0.94765625 0.075 0.0953125
3 0.2546875 0.56328125 0.078125 0.078125
3 0.8609375 0.7609375 0.078125 0.0984375
3 0.5515625 0.1171875 0.0875 0.0875
3 0.6 0.6515625 0.0875 0.0875
3 0.48984375 0.80078125 0.0859375 0.0859375
3 0.7015625 0.41171875 0.075 0.0921875
3 0.68984375 0.8734375 0.0734375 0.121875
3 0.89609375 0.2703125 0.0890625 0.0890625
3 0.5484375 0.43359375 0.071875 0.0921875
3 0.42578125 0.909375 0.08125 0.08125
3 0.93359375 0.76796875 0.0765625 0.0765625
3 0.60546875 0.4453125 0.0703125 0.103125
3 0.21640625 0.821875 0.0734375 0.11875
5 0.4421875 0.48203125 0.1140625 0.1140625
3 0.66328125 0.64375 0.0828125 0.08125
3 0.7234375 0.1421875 0.071875 0.1125
3 0.74765625 0.16171875 0.0703125 0.0859375
3 0.1671875 0.27265625 0.05 0.134375