3 0.553125 0.38671875 0.06875 0.096875
3 0.4703125 0.48828125 0.06875 0.1015625
3 0.16875 0.403125 0.0890625 0.0890625
3 0.15703125 0.834375 0.078125 0.0796875
3 0.87734375 0.38984375 0.0890625 0.0875
3 0.2 0.77890625 0.075 0.1015625
3 0.3359375 0.13828125 0.084375 0.084375
3 0.4828125 0.7359375 0.078125 0.078125
3 0.65390625 0.43203125 0.0890625 0.0890625
3 0.2921875 0.47265625 0.0796875 0.0796875
3 0.90234375 0.621875 0.09375 0.09375
3 0.4140625 0.52109375 0.090625 0.090625
3 0.28984375 0.553125 0.0859375 0.0875
3 0.2171875 0.85703125 0.078125 0.078125
3 0.4046875 0.8640625 0.08125 0.08125
3 0.3578125 0.51015625 0.065625 0.1046875
3 0.428125 0.71328125 0.0828125 0.08125
3 0.26640625 0.78515625 0.0578125 0.1359375
3 0.053125 0.640625 0.05625 0.10625
3 0.37578125 0.3421875 0.0546875 0.1125
3 0.4546875 0.85703125 0.1046875 0.10625
3 0.10546875 0.62265625 0.05625 0.1125
3 0.74453125 0.096875 0.0875 0.0875
3 0.21640625 0.640625 0.0578125 0.1125
3 0.83125 0.67109375 0.08125 0.1
3 0.6421875 0.1078125 0.071875 0.096875
3 0.6640625 0.9234375 0.0890625 0.0890625
3 0.38125 0.7328125 0.0796875 0.078125
3 0.48984375 0.246875 0.0953125 0.0953125
3 0.04921875 0.43203125 0.078125 0.1046875
3 0.15859375 0.6140625 0.096875 0.0953125
3 0.2859375 0.33515625 0.1 0.1
3 0.4875 0.60234375 0.0984375 0.1
3 0.446875 0.79765625 0.078125 0.0765625
3 0.33203125 0.35703125 0.0484375 0.1109375
3 0.06640625 0.85625 0.078125 0.078125
3 0.721875 0.92734375 0.0625 0.1171875
3 0.56875 0.8046875 0.0859375 0.0859375
3 0.775 0.584375 0.06875 0.08125
3 0.8703125 0.890625 0.046875 0.1625
3 0.89140625 0.76640625 0.0640625 0.078125
3 0.06796875 0.1109375 0.0703125 0.103125
3 0.43203125 0.3453125 0.06875 0.121875
3 0.7375 0.8375 0.0625 0.109375
3 0.82890625 0.8859375 0.059375 0.128125
3 0.7734375 0.86875 0.0953125 0.0953125