3 0.9109375 0.17421875 0.090625 0.0640625
3 0.7046875 0.55390625 0.0765625 0.075
3 0.2078125 0.56875 0.096875 0.06875
3 0.07890625 0.4671875 0.078125 0.078125
3 0.16171875 0.278125 0.075 0.0734375
3 0.35625 0.6984375 0.0765625 0.078125
3 0.3734375 0.6328125 0.084375 0.059375
3 0.6 0.246875 0.096875 0.0625
3 0.78671875 0.9046875 0.0703125 0.0703125
3 0.1765625 0.35078125 0.084375 0.0703125
3 0.68046875 0.43125 0.0734375 0.0734375
3 0.69921875 0.24375 0.071875 0.071875
3 0.89453125 0.4578125 0.0953125 0.065625
3 0.76953125 0.7109375 0.084375 0.0859375
3 0.60390625 0.58984375 0.0859375 0.059375
3 0.8296875 0.5046875 0.078125 0.078125
3 0.29296875 0.54140625 0.0890625 0.0703125
3 0.3890625 0.29375 0.078125 0.05625
3 0.265625 0.25 0.075 0.05625
3 0.18515625 0.778125 0.1015625 0.065625
3 0.75078125 0.4859375 0.084375 0.0828125
3 0.1078125 0.596875 0.0796875 0.0796875
3 0.53828125 0.88125 0.0875 0.0875
3 0.8921875 0.56171875 0.065625 0.0671875
3 0.30703125 0.759375 0.0765625 0.0625
3 0.68046875 0.6265625 0.071875 0.071875
3 0.08828125 0.83046875 0.078125 0.078125
3 0.2390625 0.15546875 0.08125 0.0546875
3 0.47265625 0.65546875 0.0890625 0.0609375
3 0.1515625 0.4203125 0.08125 0.08125
3 0.19140625 0.884375 0.0734375 0.071875
3 0.90703125 0.69921875 0.059375 0.059375
3 0.3140625 0.4953125 0.0765625 0.0765625
3 0.16328125 0.928125 0.0890625 0.06875
3 0.7609375 0.0671875 0.065625 0.065625
3 0.07578125 0.0390625 0.0890625 0.065625
3 0.11328125 0.7859375 0.0984375 0.075
3 0.5484375 0.6921875 0.0625 0.0625
3 0.49296875 0.91875 0.0921875 0.0625
3 0.31875 0.96171875 0.0640625 0.0625
3 0.07734375 0.39921875 0.0875 0.0609375
3 0.40234375 0.35703125 0.078125 0.0609375
3 0.34453125 0.18359375 0.08125 0.08125
3 0.590625 0.42578125 0.08125 0.0625
3 0.6859375 0.31640625 0.065625 0.065625
3 0.5453125 0.51015625 0.078125 0.0609375
3 0.3890625 0.76015625 0.075 0.0546875
3 0.56953125 0.1421875 0.071875 0.071875
3 0.9265625 0.3453125 0.096875 0.065625
3 0.30859375 0.34453125 0.0921875 0.0765625
3 0.59140625 0.96015625 0.0703125 0.0703125
3 0.25078125 0.92421875 0.0734375 0.0640625
3 0.446875 0.1671875 0.06875 0.06875
3 0.21328125 0.49609375 0.1015625 0.065625
3 0.446875 0.9671875 0.090625 0.0625
3 0.634375 0.49375 0.0671875 0.0671875
3 0.23671875 0.221875 0.078125 0.078125
3 0.24609375 0.42421875 0.0703125 0.0703125
3 0.45234375 0.4859375 0.075 0.065625
3 0.3953125 0.8734375 0.0671875 0.0671875
3 0.73046875 0.36640625 0.06875 0.06875
3 0.75703125 0.81875 0.065625 0.0640625
3 0.17421875 0.06640625 0.0859375 0.0578125
3 0.83359375 0.371875 0.0890625 0.075
3 0.76484375 0.41015625 0.071875 0.071875
3 0.509375 0.60625 0.078125 0.078125
3 0.58359375 0.071875 0.075 0.075
3 0.83046875 0.23515625 0.0796875 0.0546875
3 0.4515625 0.0796875 0.0703125 0.0703125
3 0.09375 0.22578125 0.0765625 0.078125
3 0.87421875 0.78515625 0.0859375 0.0640625
3 0.0609375 0.62890625 0.09375 0.0578125
3 0.95859375 0.2453125 0.06875 0.0671875
3 0.7890625 0.1203125 0.0765625 0.0765625
3 0.64921875 0.17421875 0.084375 0.0578125
3 0.6765625 0.771875 0.078125 0.0640625
3 0.42265625 0.525 0.0796875 0.078125
3 0.8625 0.07734375 0.065625 0.0671875
3 0.1296875 0.134375 0.09375 0.05
3 0.2734375 0.6796875 0.0625 0.053125
3 0.90703125 0.91640625 0.0828125 0.0734375
3 0.88046875 0.41015625 0.0828125 0.0734375
3 0.63828125 0.7109375 0.0953125 0.05625
3 0.80546875 0.5828125 0.0859375 0.059375
3 0.05234375 0.88046875 0.0734375 0.0734375
3 0.77265625 0.7921875 0.0734375 0.06875
3 0.696875 0.478125 0.08125 0.0625
3 0.54375 0.16640625 0.0703125 0.06875
3 0.86328125 0.86171875 0.06875 0.06875
3 0.46484375 0.2546875 0.06875 0.06875
3 0.36796875 0.92421875 0.059375 0.059375
3 0.94765625 0.3859375 0.078125 0.078125
3 0.31484375 0.83046875 0.0765625 0.0484375
3 0.503125 0.3953125 0.06875 0.059375
3 0.809375 0.171875 0.084375 0.0625
3 0.2546875 0.3109375 0.08125 0.08125
3 0.81328125 0.43671875 0.0703125 0.0796875
3 0.06328125 0.67734375 0.0765625 0.0578125
3 0.4328125 0.571875 0.0734375 0.0734375
3 0.56015625 0.321875 0.0796875 0.0625
6 0.675 0.93515625 0.078125 0.0796875
3 0.340625 0.12109375 0.075 0.0546875
3 0.28203125 0.61640625 0.0828125 0.053125
3 0.08359375 0.3 0.0875 0.065625
3 0.48046875 0.41328125 0.06875 0.06875
3 0.703125 0.1140625 0.0640625 0.0640625
3 0.32421875 0.1546875 0.06875 0.06875
3 0.21640625 0.1359375 0.0859375 0.053125
3 0.20234375 0.040625 0.0734375 0.0625
3 0.0984375 0.05390625 0.053125 0.065625
3 0.1328125 0.16875 0.06875 0.06875
3 0.11171875 0.15390625 0.0875 0.0578125
3 0.2078125 0.1625 0.078125 0.0625
3 0.2078125 0.3359375 0.071875 0.046875
3 0.27578125 0.36875 0.06875 0.06875
3 0.26171875 0.44921875 0.0828125 0.053125
3 0.27890625 0.63984375 0.0671875 0.0671875
3 0.56484375 0.76796875 0.0625 0.0625
3 0.45078125 0.665625 0.0734375 0.05625
3 0.42578125 0.85234375 0.0703125 0.0703125
3 0.27890625 0.7734375 0.078125 0.065625
3 0.2921875 0.85 0.090625 0.065625
3 0.25703125 0.86484375 0.06875 0.06875
3 0.29296875 0.8921875 0.078125 0.0765625
3 0.3515625 0.90625 0.0734375 0.0734375
3 0.57109375 0.828125 0.06875 0.06875
3 0.54765625 0.79375 0.0765625 0.0765625
3 0.5875 0.8 0.0796875 0.0796875
3 0.71015625 0.88125 0.065625 0.0671875
3 0.85703125 0.95390625 0.071875 0.071875
3 0.9234375 0.7359375 0.071875 0.065625
3 0.8 0.61015625 0.0671875 0.06875
3 0.909375 0.575 0.078125 0.05625
3 0.865625 0.66484375 0.096875 0.0453125
3 0.815625 0.634375 0.071875 0.0625
3 0.86484375 0.8453125 0.065625 0.0640625
3 0.90390625 0.8640625 0.0828125 0.05625
3 0.83671875 0.77734375 0.0765625 0.059375
3 0.7015625 0.8375 0.0703125 0.0703125
3 0.58515625 0.6953125 0.0796875 0.065625
3 0.68671875 0.740625 0.0859375 0.0625
3 0.73359375 0.74921875 0.0796875 0.0796875
3 0.965625 0.89921875 0.05625 0.0421875
3 0.953125 0.96796875 0.065625 0.0640625
3 0.653125 0.88515625 0.071875 0.0515625
3 0.61171875 0.83515625 0.0828125 0.0484375
3 0.66328125 0.8640625 0.09375 0.09375
3 0.6640625 0.64609375 0.0640625 0.0640625
3 0.61796875 0.73046875 0.0671875 0.0671875
3 0.5296875 0.621875 0.071875 0.071875
3 0.51640625 0.53046875 0.06875 0.06875
3 0.53671875 0.59765625 0.0796875 0.0578125
3 0.46171875 0.59140625 0.078125 0.0578125
3 0.50859375 0.51328125 0.0703125 0.0703125
3 0.63046875 0.5234375 0.0625 0.0625
3 0.5890625 0.390625 0.075 0.0625
3 0.66171875 0.3421875 0.1046875 0.0625
3 0.44296875 0.35078125 0.0515625 0.0671875
3 0.42265625 0.1578125 0.0796875 0.059375
3 0.49140625 0.25390625 0.075 0.0734375
3 0.78671875 0.29296875 0.0734375 0.0640625
3 0.8078125 0.32578125 0.059375 0.0578125
3 0.825 0.265625 0.0734375 0.0734375
3 0.80234375 0.2578125 0.0671875 0.05
3 0.5828125 0.3140625 0.071875 0.059375
3 0.53203125 0.2453125 0.071875 0.0703125
3 0.5140625 0.2 0.084375 0.065625
3 0.4453125 0.2875 0.075 0.0625
3 0.80078125 0.05625 0.075 0.0625
3 0.95859375 0.328125 0.0625 0.0625
3 0.9265625 0.0953125 0.078125 0.053125
3 0.89453125 0.08125 0.075 0.075
3 0.84375 0.13515625 0.071875 0.071875
3 0.76796875 0.18984375 0.0828125 0.0546875
3 0.79921875 0.1890625 0.059375 0.0578125
3 0.75078125 0.1125 0.0703125 0.0703125
3 0.68984375 0.14609375 0.059375 0.059375
3 0.54609375 0.08046875 0.0921875 0.0609375
3 0.46875 0.09453125 0.078125 0.078125
3 0.04140625 0.23359375 0.0796875 0.0578125
3 0.053125 0.30234375 0.0875 0.0578125
3 0.06015625 0.2765625 0.078125 0.065625