3 0.6078125 0.565625 0.065625 0.10625
3 0.82421875 0.5171875 0.0625 0.071875
3 0.44609375 0.65390625 0.0765625 0.0765625
3 0.5453125 0.5484375 0.065625 0.084375
3 0.89609375 0.5296875 0.075 0.0734375
3 0.7046875 0.7078125 0.0734375 0.0734375
3 0.89609375 0.7046875 0.078125 0.078125
3 0.284375 0.82734375 0.059375 0.0890625
3 0.5046875 0.38125 0.059375 0.084375
3 0.86328125 0.6296875 0.075 0.0765625
3 0.6203125 0.7046875 0.065625 0.078125
3 0.578125 0.371875 0.071875 0.071875
3 0.93046875 0.61875 0.08125 0.0796875
3 0.221875 0.80390625 0.0625 0.0875
3 0.73125 0.42265625 0.0625 0.0859375
3 0.74375 0.34609375 0.06875 0.0984375
3 0.11015625 0.08984375 0.0609375 0.0828125
3 0.784375 0.703125 0.075 0.096875
3 0.175 0.20625 0.06875 0.08125
3 0.50234375 0.715625 0.0671875 0.075
3 0.65859375 0.63046875 0.0828125 0.0734375
3 0.546875 0.2828125 0.0625 0.08125
3 0.6546875 0.38203125 0.071875 0.0828125
3 0.84296875 0.4328125 0.06875 0.078125
3 0.7015625 0.1671875 0.078125 0.090625
3 0.95234375 0.5671875 0.075 0.075
3 0.18359375 0.90625 0.0703125 0.10625
3 0.68125 0.54765625 0.0765625 0.075
3 0.44296875 0.559375 0.0765625 0.090625
3 0.465625 0.78671875 0.075 0.075
3 0.1671875 0.3796875 0.0828125 0.0828125
3 0.6125 0.17890625 0.06875 0.0765625
3 0.034375 0.78046875 0.053125 0.0984375
3 0.1875 0.478125 0.06875 0.075
3 0.5359375 0.078125 0.0703125 0.0703125
3 0.534375 0.17421875 0.06875 0.090625
3 0.121875 0.7671875 0.05625 0.08125
3 0.32578125 0.46328125 0.0796875 0.0796875
3 0.20625 0.37890625 0.065625 0.0890625
3 0.8703125 0.7859375 0.0625 0.08125
3 0.68203125 0.26328125 0.0578125 0.075
3 0.796875 0.41875 0.06875 0.0875
3 0.33125 0.2765625 0.05625 0.078125
3 0.58125 0.759375 0.0625 0.09375
3 0.6140625 0.25703125 0.06875 0.06875
3 0.9046875 0.28125 0.075 0.075
3 0.29296875 0.209375 0.0578125 0.0875
3 0.909375 0.91328125 0.0625 0.0734375
3 0.659375 0.4671875 0.0625 0.078125
3 0.21875 0.1703125 0.0640625 0.0640625
3 0.528125 0.88671875 0.06875 0.0859375
3 0.74921875 0.61484375 0.0734375 0.0890625
3 0.2359375 0.05859375 0.0640625 0.0640625
3 0.35546875 0.615625 0.071875 0.0734375
3 0.728125 0.5109375 0.075 0.075
3 0.4125 0.31328125 0.0796875 0.078125
3 0.678125 0.83203125 0.06875 0.0890625
3 0.13203125 0.6671875 0.0734375 0.090625
3 0.22421875 0.2734375 0.0578125 0.084375
3 0.13828125 0.5640625 0.0671875 0.0875
3 0.50625 0.475 0.0625 0.090625
3 0.1890625 0.2984375 0.078125 0.078125
3 0.44140625 0.74765625 0.06875 0.0953125
3 0.39375 0.89765625 0.0734375 0.0734375
3 0.3640625 0.384375 0.08125 0.08125
3 0.10078125 0.4 0.08125 0.08125
3 0.765625 0.05703125 0.0859375 0.0859375
3 0.3828125 0.696875 0.059375 0.0875
3 0.1796875 0.72578125 0.065625 0.065625
3 0.9640625 0.6921875 0.071875 0.0875
3 0.42265625 0.21953125 0.0703125 0.0703125
3 0.278125 0.34609375 0.0625 0.078125
3 0.42578125 0.125 0.0609375 0.109375
3 0.2453125 0.46171875 0.075 0.0828125
3 0.5984375 0.80859375 0.06875 0.06875
3 0.05625 0.08515625 0.0796875 0.078125
3 0.17578125 0.10859375 0.06875 0.06875
3 0.94140625 0.3671875 0.0703125 0.0703125
3 0.6234375 0.471875 0.0734375 0.0734375
3 0.52265625 0.65234375 0.084375 0.0828125
3 0.4734375 0.06171875 0.059375 0.071875
3 0.77421875 0.2734375 0.0734375 0.078125
3 0.09765625 0.25859375 0.071875 0.071875
3 0.2328125 0.8953125 0.071875 0.0703125
3 0.32734375 0.196875 0.0609375 0.078125
3 0.09375 0.1953125 0.06875 0.065625
3 0.67578125 0.94609375 0.075 0.075
3 0.55703125 0.66640625 0.06875 0.06875
3 0.7875 0.6125 0.06875 0.0875
3 0.75 0.928125 0.0765625 0.0765625
3 0.48046875 0.27890625 0.0796875 0.0796875
3 0.76875 0.80078125 0.0625 0.0734375
3 0.16484375 0.65234375 0.0734375 0.071875
3 0.74453125 0.7859375 0.0765625 0.0875
3 0.83671875 0.7640625 0.075 0.078125
3 0.834375 0.140625 0.065625 0.084375
3 0.3578125 0.78359375 0.06875 0.0828125
3 0.93359375 0.77578125 0.0609375 0.0609375
3 0.96640625 0.84609375 0.0609375 0.0859375
3 0.759375 0.14453125 0.0734375 0.071875
3 0.04453125 0.65390625 0.0671875 0.0984375
3 0.9390625 0.11171875 0.065625 0.0671875
3 0.08828125 0.596875 0.0640625 0.1
3 0.253125 0.71015625 0.09375 0.09375
3 0.659375 0.07421875 0.06875 0.1046875
3 0.034375 0.87734375 0.06875 0.0796875
3 0.315625 0.5078125 0.0734375 0.0734375
3 0.0578125 0.93828125 0.059375 0.0796875
3 0.28984375 0.73515625 0.08125 0.08125
3 0.846875 0.959375 0.059375 0.075
3 0.44140625 0.42890625 0.065625 0.0765625
3 0.9109375 0.09296875 0.0625 0.0984375
3 0.9109375 0.19140625 0.0625 0.0625
3 0.71953125 0.05703125 0.075 0.075
3 0.8875 0.33671875 0.05625 0.0734375
3 0.08125 0.5046875 0.06875 0.090625
3 0.2265625 0.546875 0.0734375 0.0734375
3 0.58515625 0.09453125 0.0671875 0.0796875
3 0.034375 0.5375 0.06875 0.075
6 0.84375 0.240625 0.08125 0.128125
6 0.4359375 0.36171875 0.084375 0.0984375
6 0.24921875 0.6390625 0.1265625 0.1375
3 0.07109375 0.434375 0.0609375 0.0875
3 0.0328125 0.49140625 0.065625 0.0765625
3 0.12109375 0.18203125 0.0765625 0.0765625
3 0.03125 0.25390625 0.0625 0.0671875
3 0.1140625 0.27890625 0.065625 0.065625
3 0.2015625 0.10546875 0.059375 0.059375
3 0.3328125 0.0796875 0.059375 0.078125
3 0.24765625 0.07890625 0.0640625 0.0640625
3 0.3484375 0.10859375 0.053125 0.0765625
3 0.48515625 0.08984375 0.0515625 0.0765625
3 0.353125 0.1921875 0.053125 0.084375
3 0.51015625 0.26953125 0.0484375 0.0984375
3 0.4234375 0.17734375 0.059375 0.0796875
3 0.38359375 0.403125 0.0625 0.0625
3 0.453125 0.4578125 0.075 0.071875
3 0.2640625 0.4296875 0.0640625 0.0640625
3 0.1171875 0.4953125 0.0625 0.0625
3 0.06015625 0.63046875 0.0578125 0.0796875
3 0.0546875 0.7875 0.065625 0.065625
3 0.10078125 0.953125 0.0640625 0.0875
3 0.2421875 0.92890625 0.06875 0.06875
3 0.2828125 0.9453125 0.059375 0.071875
3 0.37734375 0.6546875 0.0546875 0.078125
3 0.321875 0.55078125 0.0640625 0.0640625
3 0.2609375 0.54921875 0.059375 0.0671875
3 0.41796875 0.87734375 0.0625 0.0625
3 0.353125 0.8234375 0.0703125 0.0703125
3 0.3875 0.7953125 0.0671875 0.0671875
3 0.70078125 0.86015625 0.0703125 0.0703125
3 0.7703125 0.83828125 0.065625 0.0734375
3 0.559375 0.9171875 0.053125 0.078125
3 0.5953125 0.83828125 0.065625 0.0796875
3 0.5140625 0.74140625 0.0671875 0.065625
3 0.46640625 0.8234375 0.071875 0.0703125
3 0.7515625 0.5234375 0.06875 0.06875
3 0.821875 0.54296875 0.075 0.075
3 0.8375 0.92578125 0.05625 0.0953125
3 0.90390625 0.88515625 0.078125 0.078125
3 0.77421875 0.90234375 0.0640625 0.0640625
3 0.928125 0.81171875 0.0625 0.0625
3 0.865625 0.446875 0.05625 0.075
3 0.921875 0.26484375 0.05 0.0703125
3 0.8875 0.0453125 0.05 0.071875
3 0.57265625 0.13671875 0.0546875 0.0640625
3 0.771875 0.1640625 0.0859375 0.0859375
3 0.79375 0.2546875 0.05625 0.075
3 0.61171875 0.28359375 0.0578125 0.0875
3 0.68203125 0.29765625 0.071875 0.071875
3 0.675 0.3703125 0.0609375 0.0609375
3 0.96328125 0.3546875 0.0609375 0.075
3 0.23828125 0.253125 0.0625 0.0625
3 0.2796875 0.31484375 0.053125 0.0765625
3 0.3046875 0.95625 0.06875 0.06875
3 0.51484375 0.453125 0.065625 0.065625
3 0.68046875 0.07890625 0.065625 0.0859375
3 0.62890625 0.16640625 0.0546875 0.0828125