3 0.94140625 0.43671875 0.0984375 0.0671875
3 0.2578125 0.67109375 0.078125 0.078125
3 0.884375 0.47734375 0.090625 0.0703125
3 0.58359375 0.5015625 0.1015625 0.084375
3 0.93828125 0.8265625 0.1015625 0.065625
3 0.8078125 0.38828125 0.0859375 0.084375
3 0.64296875 0.778125 0.0828125 0.08125
3 0.72734375 0.69453125 0.078125 0.078125
3 0.22265625 0.96328125 0.1015625 0.0734375
3 0.56015625 0.28125 0.0984375 0.075
3 0.15703125 0.33671875 0.0875 0.0875
3 0.41953125 0.36015625 0.0796875 0.0796875
3 0.74609375 0.21875 0.1046875 0.06875
3 0.459375 0.6765625 0.08125 0.0828125
3 0.69375 0.1140625 0.1 0.071875
3 0.7609375 0.765625 0.0953125 0.09375
3 0.753125 0.08671875 0.10625 0.0828125
3 0.94609375 0.08203125 0.0890625 0.0703125
3 0.209375 0.64296875 0.0828125 0.08125
3 0.3328125 0.04296875 0.096875 0.0703125
3 0.8390625 0.8515625 0.0921875 0.0921875
3 0.5875 0.10859375 0.09375 0.0703125
3 0.35234375 0.44453125 0.084375 0.084375
3 0.1921875 0.55625 0.109375 0.071875
3 0.0984375 0.66171875 0.0890625 0.0875
3 0.08125 0.94609375 0.096875 0.08125
3 0.4640625 0.8 0.090625 0.090625
3 0.86796875 0.13671875 0.1046875 0.0796875
3 0.6453125 0.9328125 0.09375 0.09375
3 0.73203125 0.87578125 0.0890625 0.06875
3 0.26015625 0.09453125 0.103125 0.0796875
3 0.12734375 0.13828125 0.1140625 0.0875
3 0.29921875 0.1296875 0.090625 0.090625
3 0.946875 0.8828125 0.10625 0.075
3 0.49296875 0.415625 0.0984375 0.075
5 0.6546875 0.42109375 0.115625 0.1171875
3 0.29296875 0.25859375 0.0859375 0.0859375
3 0.71484375 0.25546875 0.1 0.08125
3 0.39453125 0.17421875 0.109375 0.0734375
3 0.25234375 0.9265625 0.1078125 0.06875
3 0.1265625 0.23125 0.0859375 0.0859375
3 0.64765625 0.17890625 0.0984375 0.0984375
3 0.05625 0.86796875 0.0796875 0.08125
3 0.14296875 0.728125 0.1171875 0.0625
3 0.7359375 0.63125 0.090625 0.06875
3 0.72109375 0.2921875 0.090625 0.075
3 0.06953125 0.07421875 0.1140625 0.075
5 0.4640625 0.125 0.10625 0.10625
3 0.49765625 0.1484375 0.0875 0.075
3 0.48046875 0.3984375 0.09375 0.0921875
3 0.05 0.8421875 0.08125 0.1