3 0.05859375 0.56328125 0.0828125 0.0828125
3 0.7421875 0.32890625 0.078125 0.0765625
3 0.115625 0.52265625 0.090625 0.0703125
3 0.41640625 0.4984375 0.09375 0.0921875
3 0.06171875 0.1734375 0.084375 0.0828125
3 0.1921875 0.61171875 0.0859375 0.084375
3 0.35703125 0.221875 0.0953125 0.06875
3 0.27265625 0.30546875 0.078125 0.078125
3 0.77734375 0.03671875 0.1015625 0.0734375
3 0.43984375 0.71875 0.0984375 0.075
3 0.84296875 0.66328125 0.0984375 0.0765625
3 0.58046875 0.63984375 0.0796875 0.0796875
3 0.25390625 0.78125 0.1046875 0.06875
3 0.540625 0.3234375 0.08125 0.0828125
3 0.30625 0.8859375 0.0859375 0.0875
3 0.2390625 0.234375 0.0953125 0.0953125
3 0.246875 0.91328125 0.10625 0.0828125
3 0.05390625 0.91796875 0.0796875 0.0796875
3 0.790625 0.35703125 0.0828125 0.08125
3 0.6671875 0.95703125 0.096875 0.0703125
3 0.1609375 0.1484375 0.0921875 0.0921875
3 0.4125 0.89140625 0.0828125 0.0828125
3 0.64765625 0.55546875 0.084375 0.084375
3 0.8078125 0.44375 0.109375 0.071875
3 0.9015625 0.33828125 0.103125 0.0734375
3 0.91875 0.05390625 0.096875 0.08125
3 0.5359375 0.2 0.090625 0.090625
3 0.13203125 0.86328125 0.1046875 0.0796875
3 0.3546875 0.0671875 0.09375 0.09375
3 0.26796875 0.12421875 0.078125 0.078125
3 0.73984375 0.90546875 0.103125 0.0796875
3 0.87265625 0.86171875 0.1 0.1
3 0.70078125 0.8703125 0.1078125 0.071875
3 0.053125 0.1171875 0.090625 0.090625
3 0.50703125 0.584375 0.0875 0.0859375
5 0.3453125 0.57890625 0.115625 0.1171875
3 0.70703125 0.74140625 0.0953125 0.0765625
3 0.28515625 0.74453125 0.090625 0.090625
3 0.60546875 0.82578125 0.090625 0.090625
3 0.74765625 0.0734375 0.1078125 0.06875
3 0.8734375 0.76875 0.0859375 0.0859375
3 0.35234375 0.82109375 0.0984375 0.0984375
3 0.94375 0.13203125 0.0796875 0.08125
3 0.85703125 0.271875 0.1171875 0.0625
3 0.2640625 0.36875 0.0796875 0.0796875
3 0.27890625 0.7078125 0.090625 0.075
3 0.93046875 0.92578125 0.0953125 0.09375
5 0.5359375 0.875 0.1375 0.075
3 0.50234375 0.8515625 0.08125 0.08125
3 0.51953125 0.6015625 0.09375 0.0921875
3 0.95 0.1578125 0.08125 0.1