3 0.115625 0.10078125 0.08125 0.1109375
3 0.05078125 0.5984375 0.0734375 0.09375
3 0.284375 0.24921875 0.0953125 0.0953125
3 0.93125 0.27578125 0.075 0.1046875
3 0.9390625 0.50546875 0.075 0.1015625
3 0.4703125 0.2953125 0.0953125 0.0953125
3 0.30859375 0.9515625 0.090625 0.090625
3 0.38046875 0.91640625 0.0890625 0.0890625
3 0.26484375 0.7328125 0.0796875 0.103125
3 0.1875 0.5703125 0.08125 0.115625
3 0.2296875 0.4640625 0.0875 0.109375
3 0.278125 0.50078125 0.096875 0.0953125
3 0.44296875 0.4375 0.1015625 0.1015625
3 0.51953125 0.49140625 0.090625 0.090625
3 0.44375 0.5625 0.0875 0.109375
3 0.54140625 0.57265625 0.0859375 0.0859375
3 0.728125 0.78828125 0.075 0.0921875