3 0.884375 0.89921875 0.096875 0.096875
3 0.94921875 0.4015625 0.0734375 0.09375
3 0.715625 0.75078125 0.0953125 0.0953125
3 0.06875 0.72421875 0.075 0.1046875
3 0.0609375 0.49453125 0.0875 0.0875
3 0.5296875 0.7046875 0.0953125 0.0953125
3 0.69140625 0.0484375 0.090625 0.090625
3 0.61953125 0.08359375 0.0734375 0.1046875
3 0.73515625 0.2671875 0.0796875 0.103125
3 0.8125 0.4296875 0.0984375 0.0984375
3 0.7703125 0.5359375 0.0984375 0.0984375
3 0.721875 0.49921875 0.0875 0.1046875
3 0.55703125 0.5625 0.1015625 0.1015625
3 0.48046875 0.50859375 0.090625 0.090625
3 0.55625 0.4375 0.0875 0.109375
3 0.45859375 0.42734375 0.0859375 0.0859375
3 0.271875 0.21171875 0.084375 0.084375