3 0.92421875 0.5625 0.08125 0.0796875
0 0.78515625 0.83828125 0.1296875 0.1046875
3 0.09296875 0.6703125 0.071875 0.0734375
3 0.42421875 0.83671875 0.0921875 0.0640625
3 0.92890625 0.946875 0.078125 0.078125
3 0.46953125 0.7078125 0.1015625 0.078125
3 0.85546875 0.3515625 0.1046875 0.078125
3 0.81015625 0.31171875 0.0890625 0.0890625
3 0.82890625 0.5 0.0953125 0.0953125
3 0.90390625 0.45234375 0.103125 0.0796875
3 0.70078125 0.7296875 0.0890625 0.06875
3 0.80078125 0.721875 0.0875 0.0890625
3 0.3078125 0.24453125 0.09375 0.0921875
3 0.47578125 0.0953125 0.08125 0.0796875
3 0.91953125 0.1140625 0.0953125 0.078125
3 0.34609375 0.1578125 0.0921875 0.090625
3 0.940625 0.2171875 0.10625 0.071875
3 0.1828125 0.825 0.0921875 0.0921875
3 0.06015625 0.61484375 0.1171875 0.0765625
3 0.17109375 0.59140625 0.0859375 0.0859375
3 0.13515625 0.271875 0.0953125 0.065625
3 0.2828125 0.9203125 0.125 0.0609375
3 0.17734375 0.3203125 0.0859375 0.0859375
3 0.09765625 0.5625 0.1015625 0.071875
3 0.61171875 0.6171875 0.0875 0.0890625
3 0.52578125 0.80703125 0.08125 0.08125
3 0.71171875 0.2296875 0.090625 0.090625
3 0.703125 0.553125 0.09375 0.08125
3 0.64140625 0.68671875 0.1109375 0.059375
3 0.9421875 0.825 0.1 0.075
3 0.6171875 0.52734375 0.090625 0.090625
3 0.59140625 0.0640625 0.1109375 0.078125
3 0.16953125 0.2328125 0.090625 0.0890625
3 0.1984375 0.5203125 0.0828125 0.0828125
3 0.3015625 0.51328125 0.125 0.0578125
3 0.67109375 0.6296875 0.084375 0.084375
3 0.3484375 0.74921875 0.084375 0.084375
3 0.29921875 0.7875 0.1078125 0.08125
3 0.13125 0.928125 0.15 0.06875