3 0.92421875 0.4375 0.1015625 0.059375
0 0.78515625 0.16171875 0.1296875 0.1046875
3 0.09296875 0.3296875 0.071875 0.0734375
3 0.42421875 0.16328125 0.0921875 0.0640625
3 0.92890625 0.053125 0.078125 0.078125
3 0.46953125 0.2921875 0.090625 0.090625
3 0.85546875 0.6484375 0.090625 0.0921875
3 0.81015625 0.68828125 0.0890625 0.0890625
3 0.82890625 0.5 0.0953125 0.0953125
3 0.90390625 0.54765625 0.090625 0.090625
3 0.70078125 0.2703125 0.078125 0.078125
3 0.80078125 0.278125 0.0875 0.0890625
3 0.3078125 0.75546875 0.09375 0.0921875
3 0.47578125 0.9046875 0.0953125 0.065625
3 0.91953125 0.8859375 0.0875 0.0859375
3 0.34609375 0.8421875 0.0921875 0.090625
3 0.940625 0.7828125 0.10625 0.071875
3 0.1828125 0.175 0.103125 0.08125
3 0.06015625 0.38515625 0.096875 0.096875
3 0.17109375 0.40859375 0.0859375 0.0859375
3 0.13515625 0.728125 0.0796875 0.08125
3 0.2828125 0.0796875 0.0921875 0.0921875
3 0.17734375 0.6796875 0.0859375 0.0859375
3 0.09765625 0.4375 0.1015625 0.071875
3 0.61171875 0.3828125 0.0875 0.0890625
3 0.52578125 0.19296875 0.08125 0.08125
3 0.71171875 0.7703125 0.1078125 0.071875
3 0.703125 0.446875 0.09375 0.08125
3 0.64140625 0.31328125 0.0859375 0.084375
3 0.9421875 0.175 0.0875 0.0875
3 0.6171875 0.47265625 0.090625 0.090625
3 0.59140625 0.9359375 0.1109375 0.078125
3 0.16953125 0.7671875 0.1015625 0.078125
3 0.1984375 0.4796875 0.0828125 0.084375
3 0.3015625 0.48671875 0.0921875 0.0921875
3 0.67109375 0.3703125 0.084375 0.084375
3 0.3484375 0.25078125 0.084375 0.084375
3 0.29921875 0.2125 0.1078125 0.08125
3 0.13125 0.071875 0.15 0.06875