2 0.9375 0.7265625 0.065625 0.09375
2 0.35546875 0.85078125 0.078125 0.078125
2 0.67578125 0.2953125 0.0734375 0.071875
2 0.75625 0.4015625 0.071875 0.090625
2 0.2890625 0.603125 0.065625 0.09375
2 0.3984375 0.10859375 0.071875 0.0921875
2 0.66796875 0.5640625 0.065625 0.096875
2 0.4046875 0.346875 0.0765625 0.0765625
2 0.1359375 0.11484375 0.0765625 0.0765625
2 0.46796875 0.22265625 0.084375 0.084375
2 0.55078125 0.90625 0.071875 0.1
2 0.5265625 0.453125 0.071875 0.1
2 0.875 0.67109375 0.071875 0.0984375
2 0.1109375 0.24140625 0.0765625 0.0765625
2 0.66640625 0.06953125 0.0703125 0.096875
2 0.1515625 0.30625 0.08125 0.0875
2 0.7265625 0.84921875 0.071875 0.0953125
2 0.24453125 0.415625 0.0796875 0.0796875
2 0.79140625 0.76328125 0.084375 0.084375
2 0.125 0.5765625 0.075 0.09375
2 0.20078125 0.62265625 0.0703125 0.10625
2 0.9578125 0.85859375 0.08125 0.0953125
2 0.278125 0.33046875 0.08125 0.0828125
2 0.28515625 0.93828125 0.0828125 0.0953125
2 0.3359375 0.35546875 0.0859375 0.0859375
2 0.340625 0.49609375 0.090625 0.090625
2 0.359375 0.5953125 0.078125 0.1
2 0.30078125 0.44921875 0.0734375 0.1078125
2 0.87265625 0.58671875 0.0875 0.0875
2 0.23828125 0.3046875 0.0640625 0.08125
2 0.88984375 0.40078125 0.0859375 0.1015625
2 0.18359375 0.9578125 0.06875 0.084375