3 0.146875 0.48671875 0.0765625 0.0765625
3 0.4125 0.58359375 0.084375 0.0640625
3 0.29453125 0.2453125 0.075 0.075
3 0.38828125 0.24375 0.0953125 0.0625
3 0.33359375 0.1140625 0.0765625 0.075
3 0.759375 0.696875 0.0796875 0.0796875
3 0.37890625 0.83984375 0.0984375 0.0703125
3 0.89375 0.34765625 0.084375 0.0765625
3 0.90703125 0.0796875 0.08125 0.08125
3 0.7578125 0.2953125 0.0796875 0.0796875
3 0.6140625 0.703125 0.078125 0.0796875
3 0.75234375 0.553125 0.0921875 0.065625
3 0.06875 0.71328125 0.084375 0.0796875
3 0.52265625 0.621875 0.084375 0.06875
3 0.72109375 0.79375 0.0828125 0.075
3 0.33984375 0.69375 0.078125 0.078125
3 0.14921875 0.109375 0.0859375 0.0625
3 0.390625 0.0578125 0.090625 0.071875
3 0.86328125 0.68984375 0.0921875 0.0640625
3 0.07421875 0.14921875 0.075 0.075
3 0.27578125 0.83125 0.0921875 0.06875
3 0.30859375 0.9015625 0.0796875 0.0796875
3 0.45390625 0.1421875 0.071875 0.0734375
3 0.06640625 0.2828125 0.08125 0.0828125
3 0.7234375 0.6265625 0.096875 0.071875
3 0.27109375 0.1703125 0.0796875 0.078125
3 0.53671875 0.8640625 0.096875 0.0625
3 0.7703125 0.2109375 0.08125 0.065625
3 0.26484375 0.46796875 0.078125 0.078125
3 0.85390625 0.16484375 0.0921875 0.0703125
3 0.4453125 0.65859375 0.075 0.059375
3 0.20390625 0.540625 0.0953125 0.0625
3 0.48125 0.0703125 0.0875 0.071875
3 0.6890625 0.05 0.071875 0.0625
3 0.41953125 0.4703125 0.084375 0.084375
3 0.85078125 0.4609375 0.0859375 0.071875
3 0.4359375 0.8984375 0.0796875 0.0796875
3 0.92890625 0.6296875 0.0796875 0.078125
3 0.30390625 0.76328125 0.0828125 0.0578125
3 0.76328125 0.4765625 0.071875 0.0734375
3 0.615625 0.6296875 0.0734375 0.0734375
3 0.8828125 0.571875 0.090625 0.0625
3 0.121875 0.65234375 0.075 0.0765625
3 0.24375 0.59765625 0.08125 0.0640625
3 0.203125 0.3328125 0.08125 0.065625
3 0.2109375 0.4171875 0.078125 0.0796875
3 0.48125 0.5328125 0.09375 0.065625
3 0.8078125 0.3875 0.084375 0.06875
3 0.65859375 0.3703125 0.0953125 0.06875
3 0.26171875 0.075 0.0828125 0.0828125
3 0.3125 0.534375 0.1 0.071875
3 0.53515625 0.46171875 0.0828125 0.08125
3 0.06328125 0.53046875 0.084375 0.084375
3 0.60390625 0.559375 0.0984375 0.065625
3 0.3296875 0.61875 0.090625 0.06875
3 0.09921875 0.43203125 0.071875 0.071875
3 0.10546875 0.58828125 0.096875 0.0640625
3 0.8953125 0.83515625 0.084375 0.06875
3 0.8015625 0.93984375 0.08125 0.08125
3 0.6625 0.103125 0.09375 0.05
3 0.89921875 0.92265625 0.0828125 0.0828125
3 0.6046875 0.2609375 0.09375 0.065625
3 0.83984375 0.28671875 0.071875 0.071875
3 0.9421875 0.4109375 0.075 0.075
3 0.80859375 0.75859375 0.0890625 0.0734375
3 0.8234375 0.63046875 0.090625 0.0640625
3 0.50703125 0.3953125 0.075 0.065625
3 0.69609375 0.440625 0.075 0.075
3 0.06015625 0.87109375 0.0984375 0.0640625
3 0.3671875 0.18125 0.0734375 0.0734375
3 0.471875 0.21015625 0.0703125 0.071875
3 0.13671875 0.82109375 0.078125 0.078125
3 0.184375 0.2671875 0.0859375 0.0859375
3 0.16953125 0.171875 0.075 0.075
3 0.51875 0.3171875 0.0765625 0.0765625
3 0.66328125 0.315625 0.0921875 0.06875
3 0.915625 0.5015625 0.078125 0.078125
3 0.57734375 0.52421875 0.0703125 0.06875
3 0.0453125 0.06796875 0.08125 0.08125
3 0.4015625 0.75546875 0.075 0.075
3 0.5625 0.2296875 0.090625 0.071875
3 0.371875 0.9609375 0.0875 0.06875
3 0.36875 0.446875 0.1 0.065625
3 0.63515625 0.81875 0.071875 0.071875
3 0.5546875 0.03359375 0.075 0.0671875
3 0.81015625 0.12578125 0.0890625 0.06875
3 0.93203125 0.19921875 0.0796875 0.0796875
3 0.3421875 0.38046875 0.071875 0.0703125
3 0.24140625 0.70234375 0.0796875 0.08125
3 0.56484375 0.36015625 0.071875 0.071875
3 0.68359375 0.19765625 0.0734375 0.0734375
3 0.10546875 0.92578125 0.0703125 0.053125
3 0.78828125 0.89140625 0.0921875 0.0703125
3 0.88984375 0.79375 0.0859375 0.0875
3 0.5 0.9703125 0.09375 0.059375
6 0.68203125 0.4984375 0.0796875 0.08125
6 0.5953125 0.77109375 0.084375 0.0640625
3 0.9453125 0.22265625 0.084375 0.05
3 0.69453125 0.1625 0.071875 0.0703125
3 0.1578125 0.8015625 0.071875 0.071875
3 0.25078125 0.671875 0.0765625 0.0625
3 0.42421875 0.73125 0.084375 0.05625
3 0.584375 0.81796875 0.0625 0.0625