3 0.51328125 0.853125 0.0765625 0.0765625
3 0.41640625 0.5875 0.0734375 0.0734375
3 0.7546875 0.70546875 0.075 0.075
3 0.75625 0.61171875 0.0625 0.0953125
3 0.8859375 0.66640625 0.075 0.0765625
3 0.303125 0.240625 0.0796875 0.0796875
3 0.16015625 0.62109375 0.084375 0.084375
3 0.65234375 0.10625 0.08125 0.08125
3 0.9203125 0.09296875 0.08125 0.08125
3 0.7046875 0.2421875 0.0796875 0.0796875
3 0.296875 0.3859375 0.075 0.084375
3 0.446875 0.24765625 0.065625 0.0921875
3 0.28671875 0.93125 0.08125 0.08125
3 0.378125 0.47734375 0.06875 0.084375
3 0.20625 0.27890625 0.078125 0.078125
3 0.30625 0.66015625 0.06875 0.0875
3 0.890625 0.85078125 0.0734375 0.0734375
3 0.9421875 0.609375 0.08125 0.08125
3 0.31015625 0.13671875 0.078125 0.078125
3 0.85078125 0.92578125 0.0703125 0.0796875
3 0.16875 0.72421875 0.0796875 0.08125
3 0.0984375 0.69140625 0.065625 0.0921875
3 0.8578125 0.54609375 0.0734375 0.071875
3 0.7171875 0.93359375 0.0828125 0.08125
3 0.3734375 0.2765625 0.071875 0.096875
3 0.8296875 0.72890625 0.06875 0.0890625
3 0.1359375 0.46328125 0.0625 0.096875
3 0.7890625 0.2296875 0.065625 0.08125
3 0.53203125 0.73515625 0.078125 0.078125
3 0.83515625 0.14609375 0.08125 0.08125
3 0.34140625 0.5546875 0.0671875 0.0671875
3 0.459375 0.79609375 0.078125 0.078125
3 0.9296875 0.51875 0.071875 0.0875
3 0.95 0.3109375 0.0671875 0.0671875
3 0.5296875 0.58046875 0.084375 0.084375
3 0.5390625 0.14921875 0.0734375 0.0859375
3 0.1015625 0.5640625 0.0796875 0.0796875
3 0.3703125 0.07109375 0.078125 0.0796875
3 0.23671875 0.69609375 0.0578125 0.0828125
3 0.5234375 0.23671875 0.0734375 0.071875
3 0.3703125 0.384375 0.0734375 0.0734375
3 0.428125 0.1171875 0.0765625 0.0765625
3 0.34765625 0.878125 0.0671875 0.084375
3 0.40234375 0.75625 0.071875 0.071875
3 0.6671875 0.796875 0.065625 0.08125
3 0.5828125 0.7890625 0.0796875 0.0796875
3 0.4671875 0.51875 0.065625 0.09375
3 0.6125 0.1921875 0.0765625 0.0765625
3 0.6296875 0.34140625 0.06875 0.0953125
3 0.925 0.73828125 0.075 0.090625
3 0.465625 0.6875 0.0859375 0.0859375
3 0.53828125 0.46484375 0.08125 0.0828125
3 0.46953125 0.93671875 0.084375 0.084375
3 0.440625 0.39609375 0.065625 0.0984375
3 0.38125 0.6703125 0.06875 0.090625
3 0.56796875 0.90078125 0.071875 0.071875
3 0.41171875 0.89453125 0.0640625 0.096875
3 0.16484375 0.1046875 0.0765625 0.0765625
3 0.06015625 0.1984375 0.08125 0.08125
3 0.896875 0.3375 0.071875 0.071875
3 0.07734375 0.10078125 0.0765625 0.0890625
3 0.7390625 0.3953125 0.065625 0.09375
3 0.71328125 0.16015625 0.071875 0.071875
3 0.5890625 0.0578125 0.075 0.075
3 0.24140625 0.19140625 0.0734375 0.0890625
3 0.36953125 0.1765625 0.0765625 0.0765625
3 0.6046875 0.49296875 0.0703125 0.0703125
3 0.559375 0.30390625 0.0625 0.0875
3 0.12890625 0.93984375 0.08125 0.08125
3 0.81875 0.6328125 0.0734375 0.0734375
3 0.78984375 0.528125 0.0609375 0.08125
3 0.17890625 0.86328125 0.078125 0.078125
3 0.7328125 0.815625 0.078125 0.09375
3 0.828125 0.83046875 0.0625 0.0859375
3 0.6828125 0.48125 0.0765625 0.0765625
3 0.684375 0.33671875 0.06875 0.0921875
3 0.4984375 0.084375 0.078125 0.078125
3 0.47578125 0.42265625 0.06875 0.0703125
3 0.93203125 0.9546875 0.08125 0.08125
3 0.24453125 0.5984375 0.0609375 0.0875
3 0.7703125 0.4375 0.08125 0.08125
3 0.0390625 0.628125 0.06875 0.0875
3 0.553125 0.63125 0.065625 0.1
3 0.18125 0.36484375 0.065625 0.0765625
3 0.96640625 0.4453125 0.0671875 0.075
3 0.87421875 0.18984375 0.06875 0.0890625
3 0.80078125 0.06796875 0.0578125 0.1015625
3 0.61953125 0.6578125 0.0703125 0.071875
3 0.29765625 0.75859375 0.08125 0.0796875
3 0.63984375 0.43515625 0.0671875 0.0765625
3 0.80234375 0.31640625 0.0734375 0.0734375
3 0.07421875 0.89453125 0.0625 0.0625
3 0.10859375 0.21171875 0.08125 0.08125
3 0.20625 0.11015625 0.075 0.0984375
3 0.034375 0.50078125 0.06875 0.0765625
6 0.5015625 0.31796875 0.08125 0.0796875
6 0.22890625 0.4046875 0.0640625 0.084375
3 0.77734375 0.0546875 0.05 0.084375
3 0.8375 0.30546875 0.05 0.0921875
3 0.1984375 0.8421875 0.059375 0.084375
3 0.328125 0.74921875 0.0703125 0.0703125
3 0.26875 0.57578125 0.0703125 0.0703125
3 0.18203125 0.415625 0.0484375 0.075