3 0.64765625 0.94140625 0.075 0.0984375
3 0.77578125 0.89609375 0.096875 0.096875
3 0.94296875 0.934375 0.084375 0.084375
3 0.69765625 0.88671875 0.0828125 0.0828125
3 0.58984375 0.92421875 0.075 0.1
3 0.690625 0.7921875 0.0828125 0.0828125
3 0.946875 0.51640625 0.0890625 0.0890625
3 0.9203125 0.35390625 0.090625 0.0984375
3 0.86484375 0.06953125 0.084375 0.096875
3 0.790625 0.45859375 0.09375 0.0921875
3 0.7203125 0.44765625 0.065625 0.0953125
3 0.62734375 0.62890625 0.0796875 0.1015625
3 0.71953125 0.60390625 0.0796875 0.0890625
3 0.72421875 0.18125 0.0875 0.0875
3 0.734375 0.05390625 0.084375 0.084375
3 0.65703125 0.0546875 0.084375 0.084375
3 0.6609375 0.2265625 0.06875 0.090625
3 0.53671875 0.51171875 0.0796875 0.0953125
3 0.5578125 0.6796875 0.0875 0.0875
3 0.51015625 0.76015625 0.0890625 0.0890625
3 0.94140625 0.69921875 0.0875 0.0875
3 0.91875 0.17890625 0.0953125 0.0953125
3 0.45 0.8328125 0.08125 0.109375
3 0.37265625 0.84453125 0.0890625 0.0890625
3 0.43828125 0.725 0.08125 0.0796875
3 0.43359375 0.62890625 0.0734375 0.0953125
3 0.346875 0.58203125 0.078125 0.078125
3 0.5171875 0.409375 0.0890625 0.0890625
3 0.3234375 0.3109375 0.065625 0.1125
3 0.45 0.434375 0.06875 0.103125
3 0.3625 0.47265625 0.075 0.109375
3 0.290625 0.50078125 0.06875 0.0921875
3 0.359375 0.69609375 0.0921875 0.090625
3 0.32421875 0.68359375 0.08125 0.0796875
3 0.26796875 0.5625 0.078125 0.078125
3 0.6375 0.3203125 0.08125 0.109375
3 0.56015625 0.28046875 0.0703125 0.0984375
3 0.5953125 0.1859375 0.084375 0.0875
3 0.4984375 0.26171875 0.084375 0.1015625
3 0.403125 0.20546875 0.0734375 0.0734375
3 0.58125 0.046875 0.06875 0.0875
3 0.54375 0.090625 0.08125 0.084375
3 0.484375 0.1234375 0.0765625 0.0765625
3 0.27109375 0.13203125 0.0890625 0.090625
3 0.17734375 0.15859375 0.0796875 0.1046875
3 0.23203125 0.18828125 0.071875 0.0984375
3 0.16484375 0.05078125 0.084375 0.084375
3 0.07578125 0.12265625 0.0671875 0.0984375
3 0.1828125 0.49765625 0.071875 0.1140625
3 0.24921875 0.64921875 0.084375 0.084375
3 0.16171875 0.90703125 0.0765625 0.1078125
3 0.1328125 0.8484375 0.0859375 0.0859375
3 0.08828125 0.76171875 0.0703125 0.0859375
3 0.1515625 0.64140625 0.0875 0.0875
3 0.09296875 0.678125 0.0609375 0.071875
3 0.0546875 0.590625 0.071875 0.09375
3 0.0765625 0.51953125 0.078125 0.0859375
3 0.1265625 0.4484375 0.0828125 0.0828125
3 0.07421875 0.3609375 0.0765625 0.103125
3 0.13125 0.3515625 0.0953125 0.0953125
3 0.07734375 0.2484375 0.084375 0.0859375
3 0.3046875 0.78125 0.078125 0.1125