3 0.94140625 0.35234375 0.0859375 0.0875
3 0.89609375 0.22421875 0.096875 0.096875
3 0.934375 0.05703125 0.090625 0.0765625
3 0.88671875 0.30234375 0.0890625 0.0765625
3 0.92421875 0.41015625 0.1 0.075
3 0.7921875 0.309375 0.0828125 0.0828125
3 0.51640625 0.053125 0.0890625 0.0890625
3 0.35390625 0.0796875 0.0953125 0.09375
3 0.06953125 0.13515625 0.096875 0.084375
3 0.45859375 0.209375 0.1109375 0.075
3 0.44765625 0.2796875 0.08125 0.0796875
3 0.62890625 0.37265625 0.090625 0.090625
3 0.60390625 0.28046875 0.084375 0.084375
3 0.18125 0.27578125 0.0875 0.0875
3 0.05390625 0.265625 0.1015625 0.06875
3 0.0546875 0.34296875 0.1 0.06875
3 0.2265625 0.3390625 0.0796875 0.0796875
3 0.51171875 0.46328125 0.0953125 0.0796875
3 0.6796875 0.4421875 0.096875 0.078125
3 0.76015625 0.48984375 0.1046875 0.0734375
3 0.69921875 0.05859375 0.0875 0.0875
3 0.17890625 0.08125 0.0953125 0.0953125
3 0.8328125 0.55 0.0953125 0.0953125
3 0.84453125 0.62734375 0.096875 0.08125
3 0.725 0.56171875 0.0796875 0.08125
3 0.62890625 0.56640625 0.0953125 0.0734375
3 0.58203125 0.653125 0.0953125 0.0625
3 0.409375 0.4828125 0.103125 0.075
3 0.3109375 0.6765625 0.0890625 0.0890625
3 0.434375 0.55 0.103125 0.06875
3 0.47265625 0.6375 0.0921875 0.0921875
3 0.50078125 0.709375 0.0921875 0.06875
3 0.69609375 0.640625 0.090625 0.0921875
3 0.68359375 0.67578125 0.0890625 0.071875
3 0.5625 0.73203125 0.084375 0.071875
3 0.3203125 0.3625 0.109375 0.08125
3 0.28046875 0.43984375 0.0984375 0.0703125
3 0.1859375 0.4046875 0.0875 0.084375
3 0.26171875 0.5015625 0.1015625 0.084375
3 0.20546875 0.596875 0.0734375 0.0734375
3 0.046875 0.41875 0.078125 0.078125
3 0.090625 0.45625 0.0828125 0.0828125
3 0.1234375 0.515625 0.0765625 0.0765625
3 0.13203125 0.72890625 0.103125 0.0765625
3 0.15859375 0.82265625 0.0921875 0.0921875
3 0.18828125 0.76796875 0.0984375 0.071875
3 0.05078125 0.83515625 0.1015625 0.0671875
3 0.12265625 0.92421875 0.0984375 0.0671875
3 0.49765625 0.8171875 0.1140625 0.071875
3 0.64921875 0.75078125 0.0921875 0.0765625
3 0.90703125 0.83828125 0.0921875 0.0921875
3 0.8484375 0.8671875 0.0859375 0.0859375
3 0.76171875 0.91171875 0.078125 0.078125
3 0.64140625 0.8484375 0.0875 0.0875
3 0.678125 0.90703125 0.071875 0.0609375
3 0.590625 0.9453125 0.0828125 0.0828125
3 0.51953125 0.9234375 0.0859375 0.078125
3 0.4484375 0.8734375 0.0875 0.078125
3 0.3609375 0.92578125 0.103125 0.0765625
3 0.3515625 0.86875 0.109375 0.08125
3 0.2484375 0.92265625 0.096875 0.0734375
3 0.78125 0.6953125 0.0953125 0.0953125