3 0.70390625 0.26015625 0.0828125 0.0828125
3 0.55 0.090625 0.0828125 0.0828125
3 0.596875 0.61953125 0.06875 0.0921875
3 0.7328125 0.16171875 0.06875 0.0859375
3 0.84375 0.6421875 0.06875 0.090625
3 0.6046875 0.4140625 0.059375 0.08125
3 0.4078125 0.58046875 0.0625 0.084375
3 0.0578125 0.64140625 0.06875 0.0875
3 0.0375 0.13515625 0.0625 0.0828125
3 0.92109375 0.89140625 0.08125 0.08125
3 0.45625 0.78046875 0.090625 0.0921875
3 0.5421875 0.3390625 0.0625 0.084375
3 0.64921875 0.1546875 0.0734375 0.096875
3 0.56875 0.77578125 0.084375 0.084375
3 0.95078125 0.21953125 0.06875 0.0828125
3 0.8375 0.7734375 0.078125 0.103125
3 0.415625 0.3515625 0.071875 0.071875
3 0.2546875 0.65390625 0.075 0.075
3 0.03828125 0.2796875 0.0671875 0.090625
3 0.859375 0.37578125 0.075 0.0734375
3 0.3046875 0.09921875 0.09375 0.09375
3 0.45859375 0.48125 0.0765625 0.08125
3 0.1796875 0.66015625 0.0859375 0.084375
3 0.5171875 0.865625 0.0875 0.0875
3 0.46640625 0.11953125 0.0796875 0.096875
3 0.83984375 0.08046875 0.0828125 0.0828125
3 0.9546875 0.6640625 0.0765625 0.0765625
3 0.1546875 0.89921875 0.084375 0.1078125
3 0.4734375 0.22109375 0.071875 0.0796875
3 0.84921875 0.20234375 0.0875 0.1109375
3 0.634375 0.9203125 0.0703125 0.0703125
3 0.73671875 0.065625 0.08125 0.08125
3 0.396875 0.26015625 0.0625 0.0734375
3 0.5046875 0.70078125 0.05625 0.0734375
3 0.67890625 0.48203125 0.0671875 0.0984375
3 0.465625 0.36640625 0.071875 0.0984375
3 0.5140625 0.93046875 0.06875 0.0953125
3 0.48203125 0.27578125 0.071875 0.071875
3 0.940625 0.7609375 0.065625 0.09375
3 0.32265625 0.6046875 0.0828125 0.0828125
3 0.7609375 0.86953125 0.0609375 0.0796875
3 0.11328125 0.553125 0.0828125 0.0828125
3 0.21328125 0.5203125 0.084375 0.084375
3 0.1421875 0.38046875 0.071875 0.0921875
3 0.271875 0.5484375 0.0828125 0.0828125
3 0.36640625 0.8296875 0.0953125 0.09375
3 0.3203125 0.78359375 0.1015625 0.103125
3 0.44765625 0.42109375 0.0875 0.0875
3 0.21328125 0.45234375 0.078125 0.078125
6 0.4875 0.5828125 0.08125 0.146875
3 0.7765625 0.52578125 0.078125 0.078125