3 0.4546875 0.503125 0.084375 0.096875
3 0.44921875 0.9453125 0.09375 0.09375
3 0.1984375 0.7046875 0.0890625 0.0890625
3 0.82890625 0.5953125 0.0671875 0.06875
3 0.95703125 0.740625 0.0859375 0.090625
3 0.6546875 0.84609375 0.078125 0.0890625
3 0.72734375 0.38984375 0.084375 0.084375
3 0.1921875 0.0734375 0.0890625 0.0890625
3 0.0859375 0.24765625 0.0875 0.0875
3 0.35234375 0.9359375 0.084375 0.084375
3 0.24609375 0.571875 0.0671875 0.09375
3 0.92109375 0.3921875 0.0828125 0.103125
3 0.11875 0.67734375 0.08125 0.1
3 0.58828125 0.35703125 0.08125 0.08125
3 0.16796875 0.56875 0.0875 0.0890625
3 0.8875 0.93828125 0.0875 0.0859375
3 0.8625 0.30546875 0.0921875 0.0921875
3 0.3390625 0.5171875 0.071875 0.103125
3 0.934375 0.60859375 0.0921875 0.0921875
3 0.67734375 0.559375 0.0734375 0.0875
3 0.615625 0.509375 0.0875 0.0875
3 0.87578125 0.43359375 0.0609375 0.0828125
3 0.91015625 0.11328125 0.0796875 0.103125
3 0.79140625 0.1703125 0.0796875 0.084375
3 0.88203125 0.53515625 0.065625 0.0859375
3 0.38125 0.05 0.075 0.1
3 0.79609375 0.2828125 0.0828125 0.090625
3 0.2765625 0.95 0.071875 0.084375
6 0.48828125 0.259375 0.0734375 0.1125
3 0.7234375 0.54453125 0.065625 0.1203125
3 0.6859375 0.3234375 0.0828125 0.0828125
3 0.29375 0.48046875 0.08125 0.0921875
3 0.09375 0.51328125 0.075 0.1140625
3 0.4140625 0.4046875 0.0875 0.0875
3 0.378125 0.2015625 0.0828125 0.0828125
3 0.16328125 0.32265625 0.0890625 0.0890625
3 0.53359375 0.46953125 0.0796875 0.109375
0 0.2796875 0.63359375 0.08125 0.1109375
3 0.68046875 0.76015625 0.0671875 0.0921875
3 0.046875 0.74765625 0.0921875 0.090625
3 0.5265625 0.11953125 0.078125 0.0921875
3 0.74296875 0.78828125 0.078125 0.078125
3 0.63984375 0.64296875 0.084375 0.084375
3 0.31171875 0.32109375 0.0765625 0.096875
3 0.5515625 0.5359375 0.075 0.103125
3 0.2421875 0.26953125 0.059375 0.0984375
3 0.603125 0.29453125 0.06875 0.0921875
3 0.31171875 0.16328125 0.09375 0.09375
3 0.609375 0.7671875 0.08125 0.08125
3 0.0375 0.13671875 0.075 0.0984375
3 0.0890625 0.840625 0.0890625 0.0890625
3 0.7609375 0.24453125 0.075 0.0859375
3 0.50859375 0.6046875 0.0859375 0.084375
3 0.8890625 0.8859375 0.071875 0.103125
3 0.31484375 0.234375 0.096875 0.0953125
3 0.509375 0.78515625 0.075 0.0734375
3 0.48125 0.39921875 0.08125 0.08125
3 0.928125 0.784375 0.065625 0.1125
3 0.1546875 0.43515625 0.071875 0.1078125
3 0.45 0.3140625 0.0796875 0.0796875
3 0.56640625 0.84765625 0.0609375 0.1015625
3 0.11171875 0.565625 0.0828125 0.08125
3 0.36953125 0.29296875 0.0703125 0.0921875
3 0.7015625 0.28515625 0.06875 0.0890625
3 0.421875 0.83984375 0.075 0.0953125
3 0.7890625 0.65234375 0.0734375 0.0734375
3 0.13125 0.8671875 0.0875 0.0875
3 0.04921875 0.86796875 0.065625 0.0921875
3 0.2140625 0.8578125 0.06875 0.096875
3 0.7890625 0.2 0.0828125 0.0828125
3 0.48046875 0.775 0.0671875 0.096875
3 0.453125 0.17578125 0.078125 0.0953125
3 0.0515625 0.040625 0.08125 0.08125
3 0.24296875 0.87421875 0.0828125 0.0828125
3 0.7484375 0.13203125 0.08125 0.0796875
3 0.67421875 0.18828125 0.0875 0.0875
3 0.446875 0.12265625 0.090625 0.090625
3 0.7171875 0.0984375 0.084375 0.084375
3 0.6671875 0.0890625 0.084375 0.096875
3 0.43203125 0.353125 0.0734375 0.1
3 0.43125 0.146875 0.0890625 0.0890625
3 0.20546875 0.93671875 0.075 0.075
3 0.64375 0.1890625 0.0921875 0.0921875
3 0.74765625 0.6515625 0.084375 0.084375
3 0.55 0.25390625 0.08125 0.08125
3 0.48984375 0.8671875 0.0734375 0.0734375
3 0.86953125 0.55703125 0.084375 0.084375
3 0.959375 0.1265625 0.06875 0.096875
3 0.3859375 0.0828125 0.084375 0.084375
3 0.646875 0.26328125 0.075 0.1015625
3 0.70234375 0.64609375 0.0578125 0.0890625
3 0.0328125 0.91953125 0.053125 0.1015625