3 0.84765625 0.25703125 0.0703125 0.1046875
3 0.59375 0.27109375 0.0875 0.0875
3 0.5359375 0.34140625 0.0875 0.0859375
3 0.9328125 0.41640625 0.0828125 0.084375
3 0.15546875 0.6578125 0.0671875 0.090625
3 0.8078125 0.5671875 0.075 0.096875
3 0.3265625 0.15 0.08125 0.1125
3 0.49375 0.21484375 0.08125 0.08125
3 0.1859375 0.2484375 0.071875 0.09375
3 0.45546875 0.059375 0.0859375 0.084375
3 0.91015625 0.11640625 0.0734375 0.0984375
3 0.659375 0.3421875 0.0734375 0.0734375
3 0.19140625 0.35234375 0.08125 0.08125
3 0.7546875 0.47421875 0.0765625 0.078125
3 0.7015625 0.20234375 0.078125 0.1046875
3 0.1171875 0.57109375 0.0734375 0.075
3 0.5375 0.12890625 0.075 0.075
3 0.41640625 0.1546875 0.090625 0.090625
3 0.371875 0.440625 0.0796875 0.0796875
3 0.6359375 0.15 0.078125 0.1
3 0.5765625 0.646875 0.0625 0.084375
3 0.23203125 0.84765625 0.06875 0.0984375
3 0.65078125 0.628125 0.0640625 0.096875
3 0.7109375 0.659375 0.065625 0.09375
3 0.803125 0.325 0.06875 0.090625
3 0.65625 0.82890625 0.0625 0.1015625
3 0.12890625 0.32578125 0.0671875 0.1046875
3 0.92265625 0.7765625 0.0703125 0.084375
3 0.85 0.72578125 0.0890625 0.090625
3 0.8921875 0.63671875 0.071875 0.0703125
3 0.6390625 0.4796875 0.059375 0.08125
3 0.590625 0.41640625 0.084375 0.0828125
3 0.21875 0.7390625 0.0953125 0.0953125
3 0.33359375 0.8859375 0.0640625 0.078125
3 0.11796875 0.10078125 0.0828125 0.1046875
3 0.05 0.521875 0.071875 0.090625
3 0.37109375 0.68203125 0.0703125 0.0921875
3 0.9640625 0.66015625 0.06875 0.0921875
3 0.203125 0.5796875 0.0828125 0.0828125
3 0.7640625 0.2578125 0.09375 0.09375
3 0.5046875 0.90234375 0.065625 0.0984375
3 0.33359375 0.63046875 0.0671875 0.0875
3 0.475 0.7078125 0.075 0.09375
3 0.053125 0.28515625 0.078125 0.0921875
3 0.4890625 0.50625 0.071875 0.10625
3 0.95390625 0.30546875 0.090625 0.090625
3 0.11015625 0.47265625 0.08125 0.08125
3 0.7453125 0.95859375 0.071875 0.0703125
3 0.81796875 0.76328125 0.06875 0.1015625
3 0.54609375 0.88125 0.078125 0.078125
3 0.52109375 0.5328125 0.0765625 0.096875
3 0.0703125 0.6125 0.065625 0.078125
3 0.27421875 0.48046875 0.090625 0.090625
3 0.2234375 0.15234375 0.0859375 0.0859375
3 0.08125 0.675 0.06875 0.06875
3 0.0375 0.76171875 0.075 0.0984375
3 0.41875 0.4921875 0.05625 0.090625
3 0.71796875 0.8296875 0.0671875 0.115625
3 0.87890625 0.50234375 0.0765625 0.1015625
3 0.228125 0.65859375 0.05625 0.05625
3 0.36875 0.04765625 0.071875 0.0953125
3 0.2109375 0.9546875 0.0796875 0.0796875
3 0.26875 0.63671875 0.08125 0.08125
3 0.615625 0.053125 0.065625 0.1
3 0.0359375 0.41953125 0.071875 0.0828125
6 0.35625 0.53515625 0.096875 0.0984375