3 0.15234375 0.25703125 0.0875 0.0875
3 0.40625 0.27109375 0.075 0.1
3 0.4640625 0.34140625 0.075 0.0984375
3 0.0671875 0.41640625 0.071875 0.0953125
3 0.84453125 0.6578125 0.0671875 0.090625
3 0.1921875 0.5671875 0.075 0.096875
3 0.6734375 0.15 0.096875 0.096875
3 0.50625 0.21484375 0.08125 0.08125
3 0.8140625 0.2484375 0.0828125 0.0828125
3 0.54453125 0.059375 0.0734375 0.096875
3 0.08984375 0.11640625 0.0734375 0.0984375
3 0.340625 0.3421875 0.0734375 0.0734375
3 0.80859375 0.35234375 0.08125 0.08125
3 0.2453125 0.47421875 0.0765625 0.078125
3 0.2984375 0.20234375 0.090625 0.090625
3 0.8828125 0.57109375 0.065625 0.0828125
3 0.4625 0.12890625 0.075 0.075
3 0.58359375 0.1546875 0.078125 0.103125
3 0.628125 0.440625 0.071875 0.0875
3 0.3640625 0.15 0.078125 0.1
3 0.4234375 0.646875 0.0734375 0.0734375
3 0.76796875 0.84765625 0.084375 0.084375
3 0.34921875 0.628125 0.0640625 0.096875
3 0.2890625 0.659375 0.065625 0.09375
3 0.196875 0.325 0.06875 0.090625
3 0.34375 0.82890625 0.0625 0.1015625
3 0.87109375 0.32578125 0.0671875 0.1046875
3 0.07734375 0.7765625 0.078125 0.078125
3 0.15 0.72578125 0.0890625 0.090625
3 0.1078125 0.63671875 0.059375 0.0828125
3 0.3609375 0.4796875 0.06875 0.0703125
3 0.409375 0.41640625 0.071875 0.0953125
3 0.78125 0.7390625 0.0953125 0.0953125
3 0.66640625 0.8859375 0.071875 0.071875
3 0.88203125 0.10078125 0.0828125 0.1046875
3 0.95 0.521875 0.071875 0.090625
3 0.62890625 0.68203125 0.0703125 0.0921875
3 0.0359375 0.66015625 0.06875 0.0921875
3 0.796875 0.5796875 0.06875 0.096875
3 0.2359375 0.2578125 0.078125 0.109375
3 0.4953125 0.90234375 0.065625 0.0984375
3 0.66640625 0.63046875 0.078125 0.078125
3 0.525 0.7078125 0.075 0.09375
3 0.946875 0.28515625 0.078125 0.0921875
3 0.5109375 0.50625 0.0890625 0.0890625
3 0.04609375 0.30546875 0.090625 0.090625
3 0.88984375 0.47265625 0.0703125 0.0921875
3 0.2546875 0.95859375 0.059375 0.0828125
3 0.18203125 0.76328125 0.0859375 0.084375
3 0.45390625 0.88125 0.075 0.08125
3 0.47890625 0.5328125 0.0765625 0.096875
3 0.9296875 0.6125 0.071875 0.071875
3 0.72578125 0.48046875 0.090625 0.090625
3 0.7765625 0.15234375 0.071875 0.1
3 0.91875 0.675 0.06875 0.06875
3 0.96015625 0.7609375 0.0796875 0.0875
3 0.58125 0.4921875 0.0734375 0.0734375
3 0.28203125 0.8296875 0.0671875 0.115625
3 0.12109375 0.50234375 0.0765625 0.1015625
3 0.771875 0.65859375 0.05625 0.05625
3 0.63125 0.04765625 0.084375 0.084375
3 0.7890625 0.9546875 0.0703125 0.0875
3 0.73125 0.63671875 0.0625 0.0984375
3 0.384375 0.053125 0.065625 0.1
3 0.9671875 0.4203125 0.065625 0.096875
6 0.64375 0.53515625 0.09375 0.103125