3 0.67265625 0.41015625 0.0984375 0.0828125
3 0.2578125 0.45 0.1 0.075
3 0.51171875 0.8859375 0.090625 0.0921875
3 0.43515625 0.56953125 0.0875 0.0875
3 0.5828125 0.4484375 0.10625 0.078125
3 0.65703125 0.60625 0.08125 0.08125
3 0.72421875 0.21640625 0.1109375 0.0828125
3 0.79140625 0.04375 0.084375 0.0859375
3 0.8796875 0.89140625 0.0890625 0.0875
3 0.21015625 0.7984375 0.0890625 0.08125
3 0.12734375 0.828125 0.0984375 0.08125
3 0.50078125 0.80078125 0.1140625 0.0859375
3 0.6875 0.68203125 0.0875 0.0859375
3 0.61640625 0.81171875 0.0921875 0.0921875
3 0.65234375 0.1765625 0.1140625 0.078125
3 0.38515625 0.04765625 0.0984375 0.0953125
3 0.0859375 0.078125 0.109375 0.08125
3 0.1953125 0.5515625 0.115625 0.084375
3 0.21328125 0.334375 0.0953125 0.0875
3 0.2015625 0.9515625 0.0875 0.0875
3 0.53125 0.07578125 0.0765625 0.075
3 0.44296875 0.4390625 0.0890625 0.096875
3 0.809375 0.10703125 0.0875 0.0859375
3 0.40546875 0.82109375 0.084375 0.084375
3 0.89921875 0.6875 0.096875 0.096875
3 0.18828125 0.67421875 0.103125 0.1046875
0 0.3078125 0.809375 0.1125 0.1125
3 0.3703125 0.11640625 0.084375 0.0953125
3 0.36328125 0.90546875 0.0953125 0.0953125
3 0.9140625 0.8015625 0.0953125 0.0953125
3 0.36640625 0.234375 0.090625 0.0921875
3 0.47890625 0.71484375 0.121875 0.0796875
3 0.43359375 0.91875 0.1046875 0.08125
3 0.61796875 0.89296875 0.0796875 0.078125
3 0.6203125 0.9390625 0.0875 0.0875
3 0.453125 0.1984375 0.0765625 0.0765625
3 0.4453125 0.2375 0.06875 0.06875