3 0.359375 0.678125 0.084375 0.0625
3 0.80703125 0.428125 0.078125 0.078125
3 0.71953125 0.5890625 0.0828125 0.059375
3 0.8625 0.3484375 0.0875 0.078125
3 0.5359375 0.7328125 0.0765625 0.0765625
3 0.4453125 0.76171875 0.0875 0.0796875
3 0.4 0.3046875 0.084375 0.071875
3 0.30234375 0.55859375 0.0984375 0.06875
3 0.8078125 0.93203125 0.0859375 0.0859375
3 0.71484375 0.10390625 0.0859375 0.0859375
3 0.5296875 0.5953125 0.109375 0.078125
3 0.2359375 0.43515625 0.08125 0.0578125
3 0.20078125 0.3421875 0.1 0.06875
3 0.89296875 0.575 0.071875 0.0734375
3 0.27109375 0.2703125 0.078125 0.0765625
3 0.47734375 0.83671875 0.0921875 0.0625
3 0.8265625 0.72265625 0.090625 0.065625
3 0.128125 0.5875 0.0828125 0.084375
3 0.27421875 0.6609375 0.0765625 0.06875
3 0.36953125 0.14140625 0.0734375 0.0734375
3 0.05546875 0.7578125 0.0890625 0.0625
3 0.9078125 0.4078125 0.090625 0.065625
3 0.53203125 0.8015625 0.0859375 0.0625
3 0.20625 0.75078125 0.0734375 0.071875
3 0.6203125 0.871875 0.084375 0.06875
3 0.36328125 0.9453125 0.071875 0.071875
3 0.3140625 0.4125 0.0875 0.06875
3 0.2359375 0.209375 0.090625 0.05
3 0.22890625 0.815625 0.075 0.075
0 0.1359375 0.8015625 0.09375 0.09375
3 0.4328125 0.17890625 0.0625 0.0625
3 0.11015625 0.259375 0.0953125 0.06875
3 0.571875 0.3140625 0.0671875 0.0671875
3 0.94453125 0.278125 0.078125 0.0765625
4 0.48671875 0.33125 0.1015625 0.071875
3 0.4953125 0.5375 0.0765625 0.0765625
3 0.940625 0.72109375 0.0796875 0.0796875
3 0.89609375 0.875 0.071875 0.071875
3 0.8953125 0.03984375 0.0734375 0.071875
3 0.5765625 0.69375 0.09375 0.0625
6 0.5984375 0.08828125 0.134375 0.0671875
3 0.31328125 0.8140625 0.0828125 0.05625
3 0.5296875 0.265625 0.1 0.06875
3 0.51171875 0.45 0.0765625 0.075
3 0.8984375 0.8265625 0.0734375 0.0734375
3 0.91796875 0.09609375 0.0734375 0.0515625
3 0.4390625 0.5140625 0.065625 0.053125
3 0.90078125 0.96484375 0.0640625 0.0640625
3 0.93984375 0.4734375 0.06875 0.0703125
3 0.8 0.4875 0.0828125 0.0828125
4 0.89296875 0.7703125 0.103125 0.071875
3 0.525 0.37421875 0.08125 0.08125
3 0.90546875 0.9328125 0.08125 0.08125
3 0.4234375 0.065625 0.065625 0.0625
3 0.95703125 0.5328125 0.071875 0.0734375
3 0.42421875 0.03984375 0.1046875 0.0671875