3 0.640625 0.678125 0.0734375 0.075
3 0.19296875 0.428125 0.0953125 0.0625
3 0.28046875 0.5890625 0.0703125 0.071875
3 0.1375 0.3484375 0.0828125 0.0828125
3 0.4640625 0.7328125 0.0765625 0.0765625
3 0.5546875 0.76171875 0.084375 0.0828125
3 0.6 0.3046875 0.078125 0.078125
3 0.69765625 0.55859375 0.0984375 0.06875
3 0.1921875 0.93203125 0.0859375 0.0859375
3 0.28515625 0.10390625 0.0859375 0.0859375
3 0.4703125 0.5953125 0.109375 0.078125
3 0.7640625 0.43515625 0.08125 0.0578125
3 0.79921875 0.3421875 0.084375 0.084375
3 0.10703125 0.575 0.0828125 0.0625
3 0.72890625 0.2703125 0.078125 0.0765625
3 0.52265625 0.83671875 0.0921875 0.0625
3 0.1734375 0.72265625 0.078125 0.078125
3 0.871875 0.5875 0.096875 0.06875
3 0.72578125 0.6609375 0.0734375 0.071875
3 0.63046875 0.14140625 0.0859375 0.0609375
3 0.94453125 0.7578125 0.0890625 0.0625
3 0.0921875 0.4078125 0.090625 0.065625
3 0.46796875 0.8015625 0.0734375 0.0734375
3 0.79375 0.75078125 0.0734375 0.071875
3 0.3796875 0.871875 0.084375 0.06875
3 0.63671875 0.9453125 0.084375 0.059375
3 0.6859375 0.4125 0.078125 0.078125
3 0.7640625 0.209375 0.090625 0.05
3 0.77109375 0.815625 0.075 0.075
0 0.8640625 0.8015625 0.09375 0.09375
3 0.5671875 0.17890625 0.071875 0.053125
3 0.88984375 0.259375 0.0953125 0.06875
3 0.428125 0.3140625 0.0671875 0.0671875
3 0.05546875 0.278125 0.078125 0.0765625
4 0.51328125 0.33125 0.0875 0.0875
3 0.5046875 0.5375 0.0765625 0.0765625
3 0.059375 0.72109375 0.0796875 0.0796875
3 0.10390625 0.875 0.071875 0.071875
3 0.1046875 0.03984375 0.0734375 0.071875
3 0.4234375 0.69375 0.078125 0.078125
6 0.4015625 0.08828125 0.1 0.1
3 0.68671875 0.8140625 0.0828125 0.05625
3 0.4703125 0.265625 0.084375 0.084375
3 0.48828125 0.45 0.0765625 0.075
3 0.1015625 0.8265625 0.0734375 0.0734375
3 0.08203125 0.09609375 0.0625 0.0625
3 0.5609375 0.5140625 0.059375 0.059375
3 0.09921875 0.96484375 0.0640625 0.0640625
3 0.06015625 0.4734375 0.0828125 0.05625
3 0.2 0.4875 0.0828125 0.0828125
4 0.10703125 0.7703125 0.0875 0.0875
3 0.475 0.37421875 0.096875 0.0640625
3 0.09453125 0.9328125 0.0984375 0.065625
3 0.5765625 0.065625 0.0640625 0.0640625
3 0.04296875 0.5328125 0.071875 0.0734375
3 0.575 0.0421875 0.084375 0.084375