3 0.2734375 0.30078125 0.0859375 0.084375
3 0.10390625 0.046875 0.0953125 0.078125
3 0.18984375 0.890625 0.1015625 0.08125
3 0.41640625 0.60234375 0.1140625 0.0796875
3 0.64453125 0.121875 0.0953125 0.06875
3 0.5328125 0.09375 0.090625 0.06875
3 0.95 0.64140625 0.1 0.0765625
3 0.7296875 0.4625 0.1 0.084375
3 0.5359375 0.19921875 0.0921875 0.09375
3 0.5171875 0.846875 0.103125 0.075
3 0.515625 0.74921875 0.084375 0.084375
3 0.09296875 0.42109375 0.0875 0.0875
3 0.28671875 0.59375 0.090625 0.0890625
3 0.8640625 0.36015625 0.084375 0.084375
3 0.6953125 0.753125 0.1125 0.075
3 0.7125 0.89609375 0.078125 0.078125
3 0.62890625 0.309375 0.1015625 0.06875
0 0.5609375 0.371875 0.10625 0.10625
3 0.115625 0.1640625 0.0828125 0.0828125
3 0.7953125 0.959375 0.096875 0.075
3 0.10078125 0.92734375 0.0921875 0.0921875
3 0.184375 0.54609375 0.084375 0.084375
3 0.3734375 0.8703125 0.0875 0.0875
3 0.68515625 0.8265625 0.090625 0.090625
3 0.85546875 0.478125 0.1046875 0.06875
3 0.9296875 0.33203125 0.09375 0.09375
3 0.4828125 0.046875 0.09375 0.09375
3 0.76171875 0.3671875 0.0828125 0.084375
3 0.80390625 0.534375 0.096875 0.0953125
3 0.3625 0.38515625 0.0890625 0.090625
3 0.415625 0.703125 0.0859375 0.0859375
3 0.065625 0.565625 0.0828125 0.0828125
3 0.859375 0.16953125 0.0921875 0.0921875
3 0.24140625 0.20234375 0.09375 0.0921875
3 0.17890625 0.8265625 0.1140625 0.0625
3 0.64921875 0.5453125 0.09375 0.09375
3 0.2125 0.25625 0.090625 0.090625
3 0.6390625 0.875 0.090625 0.0625
3 0.18984375 0.63984375 0.1078125 0.0671875
3 0.459375 0.246875 0.084375 0.084375
3 0.37578125 0.1375 0.1046875 0.071875
3 0.3796875 0.1078125 0.096875 0.096875
3 0.47265625 0.24765625 0.0734375 0.1109375
3 0.18046875 0.58828125 0.1171875 0.0640625