3 0.0453125 0.77734375 0.071875 0.1015625
3 0.284375 0.2046875 0.0875 0.0875
3 0.33359375 0.30078125 0.0796875 0.1046875
3 0.42421875 0.11328125 0.0890625 0.0890625
3 0.0578125 0.15390625 0.0796875 0.08125
3 0.190625 0.6859375 0.06875 0.09375
3 0.6484375 0.43671875 0.0859375 0.0859375
3 0.8796875 0.40390625 0.078125 0.1078125
3 0.31953125 0.8828125 0.0890625 0.090625
3 0.5625 0.484375 0.075 0.10625
3 0.190625 0.32890625 0.078125 0.0859375
3 0.690625 0.3515625 0.0875 0.0875
3 0.715625 0.534375 0.065625 0.1
3 0.1546875 0.40859375 0.071875 0.1078125
3 0.346875 0.10234375 0.075 0.1015625
3 0.6125 0.93828125 0.078125 0.078125
3 0.62265625 0.56640625 0.08125 0.1046875
3 0.95390625 0.8578125 0.0921875 0.090625
3 0.6515625 0.940625 0.0890625 0.0890625
0 0.078125 0.40546875 0.1 0.1
3 0.76953125 0.94375 0.0796875 0.09375
3 0.53671875 0.28671875 0.084375 0.1078125
3 0.51875 0.3765625 0.0828125 0.0828125
3 0.67578125 0.78515625 0.0796875 0.0796875
3 0.23125 0.76875 0.0703125 0.0703125
3 0.5203125 0.83984375 0.075 0.0953125
3 0.85390625 0.5578125 0.0765625 0.109375
3 0.4796875 0.7671875 0.0796875 0.0796875
3 0.53125 0.18515625 0.084375 0.084375
3 0.8 0.85546875 0.078125 0.0796875
3 0.23515625 0.47734375 0.078125 0.078125
3 0.03671875 0.5953125 0.0734375 0.084375
3 0.34921875 0.51015625 0.0734375 0.1015625
3 0.78203125 0.6515625 0.08125 0.08125
3 0.1265625 0.76171875 0.059375 0.0953125
3 0.88125 0.05625 0.075 0.075
3 0.9125 0.1734375 0.0828125 0.0828125
3 0.3796875 0.65390625 0.0859375 0.0875
3 0.0625 0.23515625 0.05625 0.0734375
3 0.07890625 0.6546875 0.078125 0.0765625
3 0.45 0.33984375 0.06875 0.0921875
3 0.45625 0.38125 0.0828125 0.0828125
3 0.49921875 0.66796875 0.0890625 0.090625