3 0.4859375 0.5953125 0.0625 0.096875
3 0.72734375 0.3234375 0.0734375 0.075
3 0.740625 0.5453125 0.078125 0.078125
3 0.69765625 0.25546875 0.071875 0.0984375
3 0.79609375 0.8953125 0.0671875 0.096875
3 0.32265625 0.89375 0.0609375 0.0875
3 0.8984375 0.2546875 0.075 0.08125
3 0.4546875 0.78515625 0.0875 0.0890625
3 0.5109375 0.740625 0.0625 0.0875
3 0.68046875 0.41640625 0.0828125 0.0828125
3 0.265625 0.87421875 0.0625 0.109375
3 0.865625 0.18515625 0.0625 0.0921875
3 0.96484375 0.94296875 0.0671875 0.0921875
3 0.41640625 0.87265625 0.0671875 0.1046875
3 0.22421875 0.3421875 0.084375 0.084375
3 0.95859375 0.3125 0.0828125 0.0875
3 0.78203125 0.61953125 0.0734375 0.103125
3 0.8 0.16484375 0.0796875 0.0796875
3 0.26875 0.2765625 0.075 0.08125
3 0.615625 0.9546875 0.06875 0.090625
3 0.8453125 0.55703125 0.065625 0.1078125
3 0.1328125 0.50078125 0.071875 0.109375
3 0.07421875 0.53515625 0.08125 0.0796875
3 0.925 0.59921875 0.0625 0.0984375
3 0.1375 0.2046875 0.090625 0.090625
3 0.3078125 0.5453125 0.071875 0.109375
3 0.18125 0.61953125 0.084375 0.084375
3 0.76484375 0.2203125 0.0890625 0.0890625
3 0.95 0.06796875 0.078125 0.0765625
3 0.384375 0.72890625 0.0890625 0.0875
3 0.63125 0.60859375 0.0625 0.0828125
3 0.9046875 0.12421875 0.06875 0.0984375
3 0.3828125 0.20546875 0.0828125 0.0828125
3 0.57421875 0.80703125 0.0859375 0.0859375
3 0.80078125 0.06796875 0.0734375 0.0828125
3 0.56875 0.87265625 0.075 0.0890625
3 0.6515625 0.7484375 0.071875 0.090625
3 0.553125 0.571875 0.078125 0.09375
3 0.4640625 0.39609375 0.0890625 0.0875
3 0.45078125 0.07578125 0.0765625 0.0765625
3 0.50625 0.84296875 0.0625 0.1109375
3 0.9171875 0.7484375 0.078125 0.078125
3 0.6671875 0.14765625 0.08125 0.1046875
3 0.36640625 0.440625 0.090625 0.090625
3 0.0828125 0.303125 0.0625 0.1125
3 0.35859375 0.353125 0.09375 0.0875
3 0.284375 0.1921875 0.08125 0.08125
3 0.8390625 0.2984375 0.059375 0.109375
3 0.13671875 0.36640625 0.090625 0.090625
3 0.4421875 0.14296875 0.0828125 0.084375
3 0.146875 0.69765625 0.08125 0.0796875
3 0.11171875 0.6453125 0.090625 0.090625
3 0.53125 0.66328125 0.0921875 0.09375
3 0.70625 0.1 0.09375 0.09375
3 0.0328125 0.4734375 0.065625 0.090625
3 0.4046875 0.58046875 0.078125 0.0875
3 0.6859375 0.59140625 0.059375 0.1328125
3 0.46796875 0.475 0.084375 0.084375
3 0.30859375 0.4171875 0.0515625 0.103125
3 0.46953125 0.89765625 0.0703125 0.1140625
3 0.8875 0.56640625 0.0625 0.1296875
3 0.88984375 0.32734375 0.08125 0.08125
3 0.4171875 0.46171875 0.05625 0.1171875
3 0.0453125 0.584375 0.078125 0.096875
3 0.1546875 0.7578125 0.0890625 0.0890625
3 0.85390625 0.365625 0.075 0.06875
3 0.19375 0.2265625 0.090625 0.078125
3 0.75390625 0.07890625 0.0609375 0.0984375
3 0.96171875 0.74609375 0.0765625 0.0890625
3 0.19765625 0.79765625 0.0921875 0.0875
3 0.20625 0.14921875 0.084375 0.084375
3 0.275 0.40859375 0.0984375 0.0984375
3 0.17265625 0.28203125 0.0875 0.0875