3 0.86796875 0.6375 0.0796875 0.05625
3 0.19140625 0.14140625 0.0921875 0.0625
3 0.58125 0.41484375 0.090625 0.0734375
3 0.178125 0.359375 0.09375 0.071875
3 0.30703125 0.59921875 0.071875 0.071875
3 0.76015625 0.07109375 0.08125 0.08125
3 0.45703125 0.90390625 0.0828125 0.0828125
3 0.85859375 0.84140625 0.06875 0.06875
3 0.07890625 0.9609375 0.0796875 0.059375
3 0.56875 0.8203125 0.0875 0.078125
3 0.87421875 0.5078125 0.0796875 0.071875
3 0.25234375 0.8375 0.0703125 0.0703125
3 0.62890625 0.58671875 0.0828125 0.0828125
3 0.73671875 0.134375 0.071875 0.0703125
3 0.1078125 0.28828125 0.0828125 0.08125
3 0.6515625 0.82109375 0.078125 0.0625
3 0.3328125 0.8671875 0.0796875 0.0796875
3 0.43828125 0.65625 0.0703125 0.071875
3 0.76796875 0.4640625 0.0796875 0.06875
3 0.90625 0.3546875 0.1 0.078125
3 0.39609375 0.0421875 0.0765625 0.078125
3 0.04765625 0.44375 0.0828125 0.065625
3 0.734375 0.3984375 0.09375 0.075
3 0.49296875 0.38515625 0.078125 0.078125
3 0.66640625 0.7203125 0.0953125 0.071875
3 0.45703125 0.14765625 0.0796875 0.0796875
3 0.15078125 0.90625 0.0765625 0.0765625
3 0.546875 0.67734375 0.084375 0.084375
3 0.20546875 0.54609375 0.0859375 0.065625
3 0.6859375 0.9078125 0.08125 0.08125
3 0.81953125 0.92109375 0.0859375 0.0578125
3 0.8640625 0.28828125 0.084375 0.0640625
3 0.61328125 0.878125 0.078125 0.078125
3 0.16640625 0.51875 0.0765625 0.078125
3 0.08515625 0.56875 0.075 0.0765625
3 0.6640625 0.4484375 0.0875 0.06875
3 0.71796875 0.63515625 0.0984375 0.08125
3 0.75546875 0.884375 0.0875 0.0640625
3 0.61015625 0.03359375 0.0953125 0.0640625
3 0.69609375 0.77578125 0.0734375 0.0734375
3 0.41796875 0.1890625 0.1015625 0.071875
3 0.60703125 0.084375 0.0765625 0.075
3 0.5015625 0.70546875 0.0875 0.0765625
3 0.946875 0.5234375 0.08125 0.071875
3 0.93828125 0.275 0.0890625 0.075
3 0.9359375 0.85546875 0.0875 0.059375
3 0.89609375 0.04296875 0.078125 0.0765625
3 0.83125 0.11875 0.084375 0.06875
3 0.89921875 0.57421875 0.0859375 0.0625
3 0.88515625 0.77421875 0.0828125 0.0828125
3 0.9171875 0.79765625 0.078125 0.078125
3 0.253125 0.96796875 0.065625 0.0640625
3 0.89765625 0.96328125 0.0984375 0.0640625