2 0.20078125 0.09140625 0.0609375 0.0765625
2 0.33359375 0.1328125 0.071875 0.09375
2 0.071875 0.68046875 0.06875 0.103125
2 0.05078125 0.20390625 0.0578125 0.08125
2 0.81953125 0.24765625 0.075 0.075
2 0.22734375 0.2109375 0.059375 0.090625
2 0.27421875 0.8890625 0.0765625 0.096875
2 0.4265625 0.875 0.06875 0.09375
2 0.196875 0.38046875 0.084375 0.084375
2 0.73125 0.69765625 0.0796875 0.0796875
2 0.14453125 0.86875 0.0640625 0.090625
2 0.1625 0.20546875 0.078125 0.0796875
2 0.85703125 0.82109375 0.0765625 0.0765625
2 0.8765625 0.5046875 0.065625 0.096875
2 0.3421875 0.84765625 0.0734375 0.075
2 0.18515625 0.47109375 0.0671875 0.0921875
2 0.2390625 0.7859375 0.084375 0.0828125
2 0.16875 0.5671875 0.0796875 0.0796875
2 0.2109375 0.878125 0.0703125 0.0703125
2 0.56171875 0.94765625 0.0796875 0.0796875
2 0.75390625 0.36640625 0.0890625 0.0890625
2 0.66796875 0.21796875 0.090625 0.090625
2 0.3578125 0.6640625 0.0859375 0.0875
2 0.08515625 0.59453125 0.0625 0.0765625
2 0.88046875 0.73203125 0.084375 0.084375
2 0.73359375 0.25234375 0.084375 0.084375
2 0.76484375 0.19140625 0.0734375 0.0734375
2 0.7609375 0.79140625 0.078125 0.078125
2 0.81328125 0.71171875 0.075 0.075
2 0.66484375 0.35546875 0.0921875 0.0921875
2 0.69765625 0.31796875 0.0734375 0.090625
2 0.69140625 0.11796875 0.071875 0.084375
2 0.79765625 0.14453125 0.05 0.0640625
2 0.378125 0.07890625 0.053125 0.0640625
4 0.4921875 0.6703125 0.0671875 0.0671875