3 0.909375 0.75234375 0.0828125 0.0828125
3 0.8046875 0.76640625 0.08125 0.08125
3 0.9078125 0.42421875 0.096875 0.0625
3 0.75859375 0.7125 0.0875 0.0890625
3 0.428125 0.5828125 0.0859375 0.0859375
3 0.65234375 0.28203125 0.0953125 0.0703125
3 0.25 0.70703125 0.0734375 0.0734375
3 0.084375 0.65078125 0.09375 0.0671875
3 0.27109375 0.75859375 0.103125 0.0625
3 0.3046875 0.81796875 0.0828125 0.084375
3 0.46875 0.18671875 0.103125 0.0640625
3 0.4828125 0.4875 0.084375 0.084375
3 0.4328125 0.415625 0.0859375 0.0859375
3 0.06484375 0.76953125 0.09375 0.0921875
3 0.8421875 0.11953125 0.103125 0.1046875
3 0.89453125 0.0390625 0.0828125 0.078125
3 0.58984375 0.16875 0.1015625 0.075
1 0.3203125 0.6859375 0.1015625 0.1