3 0.76875 0.26640625 0.0703125 0.071875
3 0.38125 0.56640625 0.08125 0.0828125
3 0.31171875 0.66171875 0.06875 0.06875
3 0.75625 0.57734375 0.0796875 0.0796875
3 0.675 0.734375 0.0703125 0.0703125
3 0.12421875 0.1328125 0.078125 0.0796875
3 0.5046875 0.62734375 0.084375 0.084375
3 0.67734375 0.40078125 0.08125 0.08125
3 0.7640625 0.3453125 0.06875 0.084375
3 0.403125 0.8578125 0.0765625 0.0765625
3 0.5078125 0.4671875 0.0625 0.09375
3 0.06640625 0.70078125 0.0671875 0.0890625
3 0.62265625 0.90703125 0.065625 0.0875
3 0.4421875 0.33125 0.0734375 0.0734375
3 0.35234375 0.11328125 0.0734375 0.0734375
3 0.934375 0.1921875 0.0625 0.084375
3 0.3546875 0.76875 0.065625 0.0875
3 0.77265625 0.82578125 0.0703125 0.0875
3 0.38828125 0.67421875 0.0640625 0.0859375
3 0.6171875 0.82734375 0.0734375 0.0734375
3 0.79609375 0.71171875 0.0671875 0.0890625
3 0.74375 0.953125 0.06875 0.084375
3 0.0765625 0.48671875 0.065625 0.084375
3 0.23515625 0.865625 0.0734375 0.090625
3 0.08125 0.5609375 0.071875 0.084375
3 0.5 0.95078125 0.075 0.084375
3 0.04140625 0.42109375 0.0828125 0.0828125
3 0.4953125 0.878125 0.078125 0.084375
3 0.234375 0.546875 0.08125 0.10625
3 0.5078125 0.79140625 0.08125 0.0796875
3 0.08671875 0.79296875 0.0828125 0.0828125
3 0.553125 0.78984375 0.065625 0.1015625
3 0.6546875 0.46015625 0.071875 0.071875
3 0.1671875 0.5375 0.065625 0.090625
3 0.9328125 0.865625 0.078125 0.1
3 0.7421875 0.15390625 0.078125 0.078125
3 0.50859375 0.16328125 0.0828125 0.090625
3 0.0484375 0.2 0.05625 0.078125
3 0.534375 0.06484375 0.075 0.0703125