3 0.23125 0.26640625 0.0703125 0.071875
3 0.61875 0.56640625 0.08125 0.0828125
3 0.68828125 0.66171875 0.0609375 0.078125
3 0.24375 0.57734375 0.075 0.0859375
3 0.325 0.734375 0.0625 0.078125
3 0.87578125 0.1328125 0.078125 0.0796875
3 0.4953125 0.62734375 0.084375 0.084375
3 0.32265625 0.40078125 0.08125 0.08125
3 0.2359375 0.3453125 0.0765625 0.0765625
3 0.596875 0.8578125 0.06875 0.084375
3 0.4921875 0.4671875 0.078125 0.078125
3 0.93359375 0.70078125 0.0671875 0.0890625
3 0.37734375 0.90703125 0.0765625 0.0765625
3 0.5578125 0.33125 0.059375 0.0875
3 0.64765625 0.11328125 0.0640625 0.0828125
3 0.065625 0.1921875 0.071875 0.0734375
3 0.6453125 0.76875 0.0765625 0.0765625
3 0.22734375 0.82578125 0.078125 0.078125
3 0.61171875 0.67421875 0.0640625 0.0859375
3 0.3828125 0.82734375 0.0734375 0.0734375
3 0.20390625 0.71171875 0.078125 0.078125
3 0.25625 0.953125 0.06875 0.084375
3 0.9234375 0.48671875 0.065625 0.084375
3 0.76484375 0.865625 0.08125 0.08125
3 0.91875 0.5609375 0.071875 0.084375
3 0.5 0.95078125 0.0796875 0.0796875
3 0.959375 0.421875 0.06875 0.096875
3 0.5046875 0.878125 0.078125 0.084375
3 0.765625 0.546875 0.08125 0.10625
3 0.4921875 0.79140625 0.08125 0.0796875
3 0.91328125 0.79296875 0.0796875 0.0859375
3 0.446875 0.78984375 0.065625 0.1015625
3 0.3453125 0.46015625 0.071875 0.071875
3 0.8328125 0.5375 0.065625 0.090625
3 0.0671875 0.865625 0.0890625 0.0890625
3 0.2578125 0.15390625 0.078125 0.078125
3 0.49140625 0.16328125 0.0828125 0.090625
3 0.9515625 0.2 0.0671875 0.0671875
3 0.465625 0.06484375 0.0734375 0.071875