2 0.47109375 0.75390625 0.0703125 0.0921875
2 0.91015625 0.9203125 0.0625 0.084375
2 0.63515625 0.809375 0.0875 0.0859375
2 0.8703125 0.58984375 0.065625 0.0828125
2 0.34765625 0.9328125 0.0609375 0.090625
2 0.8046875 0.834375 0.06875 0.075
2 0.76328125 0.7703125 0.059375 0.090625
2 0.7140625 0.83125 0.078125 0.090625
2 0.290625 0.84296875 0.0953125 0.09375
2 0.58359375 0.94921875 0.084375 0.084375
2 0.6734375 0.1609375 0.078125 0.103125
2 0.75390625 0.61796875 0.0765625 0.103125
2 0.2171875 0.859375 0.078125 0.078125
2 0.82890625 0.4875 0.084375 0.084375
2 0.5859375 0.459375 0.0875 0.0875
2 0.771875 0.703125 0.06875 0.090625
2 0.665625 0.69140625 0.08125 0.0984375
2 0.178125 0.725 0.075 0.084375
2 0.59375 0.3734375 0.0875 0.0875
2 0.1640625 0.88671875 0.059375 0.1109375
2 0.121875 0.8640625 0.065625 0.08125
2 0.05625 0.13125 0.0953125 0.0953125
2 0.04765625 0.85 0.0734375 0.1
2 0.44921875 0.66484375 0.090625 0.090625
2 0.65078125 0.5984375 0.0671875 0.1125
2 0.0515625 0.63515625 0.071875 0.109375
2 0.759375 0.37265625 0.078125 0.078125
2 0.23671875 0.340625 0.0734375 0.109375
2 0.16015625 0.21796875 0.090625 0.0921875
2 0.11875 0.79453125 0.0796875 0.0796875
2 0.38125 0.5609375 0.071875 0.096875
2 0.19765625 0.60546875 0.0953125 0.0953125
2 0.0828125 0.72890625 0.078125 0.078125
2 0.25859375 0.63046875 0.0703125 0.1234375
2 0.57578125 0.8640625 0.071875 0.071875
2 0.89921875 0.18203125 0.090625 0.090625
2 0.0640625 0.36015625 0.0875 0.0859375
2 0.90234375 0.4828125 0.0609375 0.090625
2 0.0453125 0.23125 0.090625 0.090625
2 0.709375 0.40703125 0.096875 0.096875
2 0.90546875 0.253125 0.0921875 0.09375
2 0.60546875 0.5796875 0.0921875 0.0921875
2 0.396875 0.7296875 0.084375 0.084375
2 0.84140625 0.184375 0.0890625 0.0875
2 0.11484375 0.66015625 0.0890625 0.090625
2 0.54765625 0.21328125 0.0734375 0.1078125
2 0.3625 0.05703125 0.0828125 0.0828125
2 0.39140625 0.63828125 0.0765625 0.1
2 0.1578125 0.09921875 0.10625 0.1078125
2 0.4859375 0.4984375 0.0953125 0.0953125
2 0.1078125 0.28515625 0.0921875 0.0921875
2 0.21953125 0.07421875 0.0828125 0.1109375
2 0.45625 0.14140625 0.090625 0.0890625
2 0.55390625 0.1265625 0.08125 0.0828125
2 0.22421875 0.76328125 0.0828125 0.0828125
2 0.31328125 0.590625 0.0703125 0.103125
2 0.81953125 0.35546875 0.09375 0.09375
2 0.58671875 0.2546875 0.0796875 0.0796875
2 0.43984375 0.56015625 0.0578125 0.0875
2 0.79140625 0.26328125 0.096875 0.096875
2 0.7390625 0.28046875 0.065625 0.125
2 0.41015625 0.1015625 0.0921875 0.09375
2 0.48828125 0.4375 0.0671875 0.09375
2 0.3640625 0.271875 0.090625 0.09375
2 0.2484375 0.44296875 0.09375 0.0953125
2 0.26171875 0.1390625 0.0796875 0.109375
2 0.42109375 0.52109375 0.059375 0.0828125
2 0.32421875 0.71640625 0.09375 0.09375
2 0.55625 0.81640625 0.065625 0.0703125
2 0.134375 0.41171875 0.08125 0.0828125
2 0.825 0.23203125 0.090625 0.090625
3 0.8265625 0.6484375 0.096875 0.096875
5 0.61328125 0.1609375 0.0734375 0.140625
5 0.91328125 0.35 0.0828125 0.153125
2 0.6796875 0.25078125 0.090625 0.0890625
2 0.43359375 0.41796875 0.1 0.1
2 0.86796875 0.478125 0.075 0.075
2 0.496875 0.18203125 0.096875 0.096875
2 0.4984375 0.08046875 0.075 0.1109375