3 0.890625 0.4296875 0.075 0.075
3 0.2953125 0.928125 0.0703125 0.0703125
3 0.37109375 0.80078125 0.078125 0.078125
3 0.45 0.9453125 0.0625 0.08125
3 0.23515625 0.3796875 0.084375 0.084375
3 0.22109375 0.78203125 0.0671875 0.0890625
3 0.78515625 0.25234375 0.071875 0.071875
3 0.9546875 0.70078125 0.065625 0.0921875
3 0.1671875 0.45390625 0.065625 0.0859375
3 0.8640625 0.58984375 0.0875 0.0875
6 0.3921875 0.68359375 0.0765625 0.0765625
3 0.25625 0.13203125 0.059375 0.0671875
3 0.79140625 0.478125 0.0578125 0.075
3 0.46875 0.86484375 0.06875 0.06875
2 0.5875 0.57890625 0.0875 0.115625
3 0.596875 0.06484375 0.071875 0.071875
3 0.5703125 0.36640625 0.071875 0.0703125
3 0.75625 0.86640625 0.071875 0.0953125
3 0.46640625 0.70390625 0.0703125 0.096875
3 0.409375 0.36640625 0.0703125 0.0703125
3 0.49140625 0.31484375 0.0734375 0.1140625
0 0.14375 0.8734375 0.0890625 0.0890625
3 0.1859375 0.62265625 0.071875 0.071875
3 0.8375 0.940625 0.071875 0.071875
3 0.6515625 0.19921875 0.059375 0.0734375
3 0.67421875 0.93203125 0.0640625 0.0734375
3 0.42109375 0.5328125 0.0640625 0.078125
3 0.53359375 0.71015625 0.0609375 0.0765625
3 0.484375 0.56171875 0.0640625 0.0640625
3 0.9265625 0.340625 0.053125 0.08125
3 0.84765625 0.66484375 0.084375 0.0859375
3 0.2921875 0.515625 0.0671875 0.0671875
3 0.340625 0.52265625 0.071875 0.071875
3 0.19375 0.19453125 0.05625 0.0765625
3 0.6046875 0.78125 0.065625 0.065625
3 0.509375 0.7828125 0.078125 0.078125
3 0.696875 0.19609375 0.05625 0.084375
3 0.52890625 0.1203125 0.0890625 0.0890625
3 0.66953125 0.48515625 0.0703125 0.0859375
3 0.33046875 0.696875 0.0640625 0.09375
3 0.6109375 0.15 0.0796875 0.0796875
3 0.5453125 0.8859375 0.05 0.075
3 0.40390625 0.61328125 0.05625 0.0703125
3 0.78984375 0.1765625 0.0703125 0.078125
6 0.071875 0.51796875 0.0859375 0.084375
3 0.4796875 0.1265625 0.071875 0.078125
3 0.2265625 0.67421875 0.0625 0.0765625
3 0.409375 0.1 0.071875 0.075
3 0.89921875 0.94140625 0.0703125 0.0859375
3 0.1296875 0.25859375 0.0640625 0.065625
3 0.325 0.4359375 0.065625 0.065625
3 0.30078125 0.63828125 0.0609375 0.071875
3 0.5546875 0.5015625 0.0625 0.0625
3 0.35625 0.4140625 0.075 0.1
3 0.57578125 0.19921875 0.0625 0.0625
3 0.46875 0.41171875 0.065625 0.065625
3 0.6890625 0.54296875 0.059375 0.0734375
3 0.44453125 0.23203125 0.0515625 0.0640625
3 0.04765625 0.903125 0.0609375 0.078125
3 0.8765625 0.13046875 0.053125 0.0765625
3 0.5734375 0.44375 0.071875 0.0625
3 0.7140625 0.73203125 0.059375 0.059375
3 0.29375 0.3578125 0.05 0.071875
3 0.2890625 0.57421875 0.065625 0.065625
3 0.5953125 0.8703125 0.053125 0.053125
3 0.56796875 0.39453125 0.0703125 0.0703125