3 0.63125 0.79296875 0.075 0.075
3 0.06328125 0.67265625 0.0578125 0.090625
3 0.91015625 0.79765625 0.0578125 0.0828125
3 0.74296875 0.740625 0.0609375 0.084375
3 0.5046875 0.4890625 0.084375 0.084375
3 0.7125 0.50078125 0.075 0.0921875
3 0.3328125 0.65859375 0.0734375 0.075
3 0.925 0.1953125 0.0828125 0.08125
3 0.884375 0.428125 0.065625 0.08125
3 0.13671875 0.60625 0.071875 0.071875
3 0.15 0.47578125 0.0828125 0.08125
3 0.80859375 0.4546875 0.0703125 0.084375
3 0.90625 0.3609375 0.0734375 0.0734375
3 0.803125 0.75859375 0.059375 0.0859375
3 0.865625 0.0515625 0.0625 0.084375
3 0.07421875 0.5703125 0.078125 0.0765625
3 0.678125 0.23359375 0.0703125 0.071875
3 0.115625 0.77578125 0.0890625 0.0875
3 0.48984375 0.14140625 0.08125 0.08125
3 0.8234375 0.19375 0.0703125 0.0703125
3 0.521875 0.3921875 0.0734375 0.0734375
3 0.65546875 0.42421875 0.0703125 0.0796875
3 0.703125 0.5765625 0.06875 0.1
3 0.540625 0.6578125 0.06875 0.06875
3 0.60703125 0.1296875 0.0703125 0.08125
3 0.934375 0.64921875 0.075 0.075
3 0.35703125 0.52734375 0.0703125 0.0828125
3 0.725 0.82578125 0.08125 0.0953125
3 0.4609375 0.734375 0.06875 0.096875
3 0.42578125 0.46796875 0.0734375 0.0984375
3 0.3484375 0.90625 0.065625 0.065625
3 0.75625 0.3921875 0.065625 0.08125
3 0.3546875 0.196875 0.065625 0.090625
4 0.515625 0.72421875 0.06875 0.103125
3 0.4546875 0.553125 0.071875 0.0734375
3 0.64609375 0.290625 0.071875 0.0734375
3 0.3703125 0.8609375 0.0703125 0.0703125
3 0.80390625 0.91171875 0.0578125 0.071875
3 0.61640625 0.06171875 0.078125 0.078125
3 0.371875 0.1390625 0.071875 0.109375
3 0.625 0.35546875 0.06875 0.0796875
3 0.24375 0.87265625 0.1 0.1
3 0.77421875 0.6046875 0.0609375 0.115625
3 0.49140625 0.9515625 0.0609375 0.0875
3 0.76796875 0.2 0.0625 0.0625
3 0.153125 0.0515625 0.071875 0.1
3 0.9046875 0.29296875 0.065625 0.0828125
3 0.321875 0.36953125 0.059375 0.0859375
3 0.55625 0.43984375 0.075 0.075
3 0.3359375 0.41796875 0.071875 0.071875
3 0.60078125 0.95859375 0.0578125 0.0828125
3 0.2921875 0.2109375 0.096875 0.096875
3 0.05703125 0.884375 0.059375 0.10625
3 0.4015625 0.31015625 0.084375 0.1046875
3 0.95546875 0.07421875 0.084375 0.084375
3 0.9453125 0.0484375 0.065625 0.084375
3 0.37734375 0.3625 0.0578125 0.10625