3 0.42109375 0.10078125 0.0828125 0.1046875
3 0.5828125 0.59375 0.090625 0.090625
3 0.6875 0.33828125 0.0875 0.0921875
3 0.2109375 0.90390625 0.08125 0.1015625
3 0.37265625 0.296875 0.0765625 0.09375
3 0.0390625 0.2234375 0.065625 0.115625
0 0.5375 0.86328125 0.1 0.1
3 0.90703125 0.321875 0.08125 0.103125
3 0.1328125 0.12578125 0.078125 0.1078125
3 0.1015625 0.21640625 0.1015625 0.1015625
3 0.796875 0.778125 0.075 0.09375
3 0.07109375 0.415625 0.0703125 0.1
3 0.21640625 0.7171875 0.09375 0.0953125
3 0.90546875 0.0765625 0.0859375 0.090625
3 0.046875 0.69296875 0.078125 0.1078125
3 0.12578125 0.58515625 0.0734375 0.0921875
3 0.3359375 0.859375 0.065625 0.1
3 0.89375 0.17109375 0.071875 0.103125
3 0.12421875 0.77265625 0.0875 0.103125
3 0.49296875 0.1359375 0.065625 0.0875
3 0.7390625 0.87734375 0.090625 0.1078125
3 0.44375 0.44140625 0.08125 0.0953125
3 0.0734375 0.91015625 0.084375 0.1015625
3 0.246875 0.28359375 0.0890625 0.090625
3 0.8921875 0.57109375 0.084375 0.0859375
3 0.14765625 0.4359375 0.0859375 0.090625
3 0.2140625 0.1109375 0.0984375 0.0984375
3 0.8078125 0.334375 0.096875 0.1
3 0.6890625 0.2578125 0.0875 0.0875
3 0.66640625 0.11953125 0.0859375 0.0859375
3 0.14375 0.4984375 0.0859375 0.0859375