3 0.134375 0.7328125 0.0875 0.0671875
3 0.3703125 0.45859375 0.103125 0.0640625
3 0.68828125 0.4015625 0.0734375 0.0734375
3 0.6484375 0.22109375 0.075 0.0765625
3 0.83828125 0.62421875 0.0890625 0.0625
3 0.64609375 0.07265625 0.0921875 0.06875
3 0.34375 0.77421875 0.096875 0.0515625
3 0.9203125 0.62578125 0.075 0.075
3 0.45625 0.6859375 0.090625 0.059375
3 0.4015625 0.7359375 0.090625 0.059375
3 0.32890625 0.6359375 0.0953125 0.065625
3 0.096875 0.54921875 0.0640625 0.0640625
3 0.06015625 0.6859375 0.0890625 0.0890625
3 0.64921875 0.14453125 0.08125 0.08125
3 0.22421875 0.82109375 0.0734375 0.071875
3 0.734375 0.075 0.0640625 0.0640625
3 0.56015625 0.3734375 0.0796875 0.08125
3 0.18671875 0.1734375 0.084375 0.084375
3 0.5421875 0.3125 0.08125 0.08125
3 0.95234375 0.4546875 0.06875 0.06875
3 0.4765625 0.0765625 0.06875 0.059375
3 0.16171875 0.33515625 0.08125 0.08125
3 0.5609375 0.0421875 0.0875 0.059375
3 0.77734375 0.8359375 0.0828125 0.059375
3 0.88203125 0.50859375 0.084375 0.084375
3 0.47578125 0.353125 0.065625 0.065625
3 0.6453125 0.3484375 0.084375 0.065625
3 0.303125 0.1484375 0.0765625 0.0765625
3 0.23046875 0.49375 0.0765625 0.0765625
3 0.940625 0.1234375 0.075 0.075
3 0.2421875 0.30234375 0.078125 0.0546875
3 0.3265625 0.396875 0.0875 0.0625
3 0.1734375 0.50390625 0.0765625 0.0765625
3 0.48515625 0.14375 0.090625 0.0890625
3 0.7453125 0.2421875 0.084375 0.05625
3 0.76015625 0.365625 0.071875 0.05625
3 0.39921875 0.171875 0.0703125 0.0703125
3 0.05234375 0.6015625 0.0890625 0.078125
3 0.60546875 0.44140625 0.071875 0.071875
3 0.5125 0.5953125 0.075 0.075
3 0.5125 0.41015625 0.071875 0.071875
3 0.92734375 0.25390625 0.0875 0.0875
3 0.06796875 0.3203125 0.0625 0.0609375
3 0.63828125 0.7953125 0.0703125 0.0703125
3 0.74453125 0.615625 0.0734375 0.0734375
3 0.81796875 0.075 0.06875 0.0671875
3 0.8015625 0.8859375 0.084375 0.071875
3 0.7703125 0.1765625 0.0828125 0.0828125
3 0.28828125 0.7078125 0.084375 0.0828125
3 0.321875 0.95234375 0.06875 0.06875
3 0.37578125 0.24140625 0.06875 0.06875
3 0.19453125 0.91796875 0.084375 0.084375
3 0.40234375 0.1015625 0.06875 0.06875
3 0.7546875 0.73125 0.0765625 0.0765625
3 0.659375 0.72578125 0.08125 0.0609375
3 0.203125 0.1015625 0.06875 0.06875
3 0.8890625 0.39609375 0.065625 0.065625
3 0.5328125 0.8109375 0.084375 0.059375
3 0.115625 0.803125 0.06875 0.06875
3 0.0984375 0.16640625 0.0765625 0.0765625
3 0.5984375 0.66171875 0.078125 0.0671875
3 0.3171875 0.28984375 0.0734375 0.071875
3 0.1796875 0.228125 0.08125 0.08125
3 0.63046875 0.5953125 0.0890625 0.0890625
3 0.40703125 0.3984375 0.078125 0.053125
3 0.0953125 0.8671875 0.090625 0.06875
3 0.859375 0.259375 0.075 0.053125
3 0.91484375 0.54140625 0.078125 0.0640625
3 0.23828125 0.75 0.065625 0.0640625
3 0.7890625 0.1171875 0.0875 0.065625
3 0.69375 0.84140625 0.06875 0.06875
3 0.0453125 0.753125 0.0875 0.059375
3 0.88046875 0.9390625 0.0875 0.065625
3 0.88359375 0.69921875 0.0828125 0.0828125
3 0.77890625 0.29375 0.06875 0.0671875
3 0.4234375 0.853125 0.078125 0.0625
3 0.37421875 0.34609375 0.0609375 0.0609375
3 0.57109375 0.25625 0.0859375 0.05625
3 0.64609375 0.6828125 0.0703125 0.0703125
3 0.48671875 0.51484375 0.078125 0.078125
3 0.70703125 0.9328125 0.096875 0.071875
3 0.40859375 0.3203125 0.0703125 0.075
3 0.88828125 0.20703125 0.0703125 0.0640625
3 0.21484375 0.0609375 0.0890625 0.0625
3 0.7015625 0.2875 0.071875 0.059375
3 0.4140625 0.21171875 0.08125 0.0671875
3 0.6171875 0.54375 0.078125 0.078125
3 0.4265625 0.2859375 0.078125 0.078125
3 0.0890625 0.4796875 0.075 0.059375
3 0.22734375 0.57734375 0.0859375 0.0578125
3 0.52265625 0.2046875 0.0671875 0.065625
3 0.58359375 0.5109375 0.071875 0.071875
3 0.40703125 0.96875 0.0703125 0.0625
3 0.1421875 0.86796875 0.071875 0.071875
3 0.5515625 0.15703125 0.084375 0.059375
3 0.26953125 0.58671875 0.0765625 0.075
3 0.5453125 0.9640625 0.06875 0.06875
3 0.834375 0.76875 0.084375 0.05625
3 0.53671875 0.7203125 0.06875 0.0703125
3 0.27421875 0.8734375 0.0796875 0.065625
3 0.0671875 0.128125 0.075 0.075
6 0.28359375 0.21171875 0.08125 0.08125
3 0.8125 0.43828125 0.071875 0.0703125
3 0.48515625 0.91875 0.0703125 0.05625
3 0.30546875 0.86328125 0.0828125 0.0640625
3 0.44765625 0.78359375 0.065625 0.065625
3 0.55234375 0.73984375 0.0671875 0.0609375
3 0.84609375 0.69921875 0.0859375 0.0609375
3 0.2546875 0.6828125 0.084375 0.059375
3 0.21640625 0.77109375 0.0953125 0.0671875
3 0.06953125 0.83125 0.0828125 0.065625
3 0.0890625 0.8078125 0.06875 0.06875
3 0.425 0.65078125 0.075 0.0734375
3 0.5609375 0.65390625 0.0625 0.0625
3 0.43671875 0.61875 0.059375 0.0625
3 0.51953125 0.578125 0.078125 0.05625
3 0.559375 0.5875 0.06875 0.05625
3 0.07265625 0.303125 0.071875 0.05625
3 0.09921875 0.45078125 0.0921875 0.0640625
3 0.1796875 0.565625 0.0671875 0.0671875
3 0.353125 0.58203125 0.0625 0.0625
3 0.31875 0.58828125 0.071875 0.0734375
3 0.17265625 0.86171875 0.075 0.075
3 0.56953125 0.828125 0.071875 0.0703125
3 0.60234375 0.859375 0.078125 0.0796875
3 0.66953125 0.9109375 0.06875 0.06875
3 0.61328125 0.934375 0.0984375 0.059375
3 0.62265625 0.90859375 0.0765625 0.0765625
3 0.6921875 0.8078125 0.065625 0.065625
3 0.85234375 0.8 0.06875 0.06875
3 0.8171875 0.9046875 0.078125 0.0625
3 0.9515625 0.89140625 0.0734375 0.0734375
3 0.9046875 0.91796875 0.06875 0.06875
3 0.86171875 0.7703125 0.078125 0.05625
3 0.81640625 0.565625 0.0953125 0.04375
3 0.715625 0.59296875 0.0671875 0.0671875
3 0.846875 0.71875 0.059375 0.059375
3 0.69765625 0.74375 0.0859375 0.0859375
3 0.9515625 0.34375 0.053125 0.08125
3 0.91015625 0.5765625 0.0765625 0.059375
3 0.8734375 0.1890625 0.0640625 0.0640625
3 0.91328125 0.034375 0.078125 0.05625
3 0.93046875 0.13828125 0.0671875 0.0671875
3 0.86015625 0.15859375 0.0609375 0.06875
3 0.8296875 0.05 0.0671875 0.0671875
3 0.7390625 0.05703125 0.0625 0.0625
3 0.70234375 0.1453125 0.065625 0.065625
3 0.7453125 0.15625 0.0734375 0.075
3 0.71953125 0.17578125 0.065625 0.065625
3 0.6078125 0.25625 0.075 0.075
3 0.7796875 0.35859375 0.065625 0.065625
3 0.871875 0.35703125 0.075 0.0609375
3 0.915625 0.32890625 0.075 0.075
3 0.82578125 0.321875 0.08125 0.08125
3 0.70859375 0.32421875 0.065625 0.065625
3 0.5796875 0.47421875 0.065625 0.0546875
3 0.58046875 0.44765625 0.0859375 0.0515625
3 0.634375 0.5296875 0.0640625 0.0640625
3 0.478125 0.26328125 0.084375 0.0484375
3 0.50234375 0.24296875 0.0796875 0.0609375
3 0.38046875 0.721875 0.071875 0.05625
3 0.43984375 0.88125 0.075 0.075
3 0.51484375 0.95078125 0.071875 0.071875
3 0.46953125 0.95 0.0734375 0.065625
3 0.4921875 0.9390625 0.065625 0.065625
3 0.41171875 0.609375 0.0828125 0.065625
3 0.3390625 0.7890625 0.078125 0.05625
3 0.409375 0.8328125 0.059375 0.059375
3 0.3296875 0.859375 0.08125 0.0640625
3 0.3234375 0.83828125 0.08125 0.0578125
3 0.30546875 0.03046875 0.0859375 0.0609375
3 0.228125 0.03125 0.096875 0.05
3 0.1921875 0.2546875 0.071875 0.059375
3 0.2078125 0.2375 0.084375 0.065625
3 0.071875 0.42734375 0.090625 0.090625
3 0.04609375 0.3796875 0.065625 0.065625
3 0.13125 0.34453125 0.0875 0.0765625
3 0.2828125 0.38671875 0.084375 0.0671875
3 0.334375 0.26171875 0.084375 0.0484375
3 0.45078125 0.0625 0.0703125 0.06875
3 0.48671875 0.4328125 0.0765625 0.0765625
3 0.796875 0.6984375 0.109375 0.046875
3 0.80859375 0.29296875 0.0921875 0.0609375
3 0.30234375 0.9359375 0.071875 0.0734375
3 0.11171875 0.96875 0.078125 0.05625
3 0.4859375 0.4875 0.0765625 0.0765625