3 0.26484375 0.6015625 0.0890625 0.0890625
3 0.3390625 0.5921875 0.0625 0.08125
3 0.44375 0.11875 0.0765625 0.0765625
3 0.26875 0.85703125 0.0625 0.090625
3 0.259375 0.1265625 0.06875 0.090625
3 0.8828125 0.4765625 0.065625 0.084375
3 0.60234375 0.60546875 0.06875 0.0875
3 0.8359375 0.3796875 0.071875 0.09375
3 0.88671875 0.096875 0.06875 0.0875
3 0.77265625 0.8015625 0.065625 0.065625
3 0.71015625 0.4359375 0.0609375 0.078125
3 0.60703125 0.865625 0.0765625 0.0765625
3 0.73046875 0.93515625 0.0625 0.0890625
3 0.046875 0.74375 0.0625 0.08125
3 0.16484375 0.62890625 0.0671875 0.0953125
3 0.45234375 0.653125 0.065625 0.090625
3 0.053125 0.32109375 0.06875 0.0703125
3 0.621875 0.35546875 0.075 0.0734375
3 0.7265625 0.509375 0.071875 0.090625
3 0.40234375 0.703125 0.0703125 0.0875
3 0.0921875 0.19921875 0.05625 0.0765625
3 0.196875 0.54453125 0.078125 0.0796875
3 0.10390625 0.87734375 0.06875 0.06875
1 0.93359375 0.784375 0.084375 0.084375
3 0.19375 0.82890625 0.071875 0.0828125
3 0.41796875 0.2265625 0.0734375 0.096875
3 0.3671875 0.10390625 0.071875 0.0921875
3 0.5765625 0.25390625 0.06875 0.0828125
3 0.3859375 0.7984375 0.06875 0.096875
3 0.55078125 0.9140625 0.0734375 0.096875
3 0.67265625 0.20859375 0.0671875 0.0828125
3 0.59765625 0.7703125 0.0703125 0.0703125
3 0.359375 0.92109375 0.0609375 0.059375
3 0.3453125 0.51484375 0.071875 0.071875
3 0.475 0.51015625 0.06875 0.0875
3 0.646875 0.7796875 0.08125 0.08125
3 0.84921875 0.6421875 0.0609375 0.090625
3 0.915625 0.6828125 0.06875 0.078125
3 0.67578125 0.12421875 0.08125 0.08125
3 0.68828125 0.053125 0.0609375 0.0875
3 0.76328125 0.3046875 0.0609375 0.090625
3 0.175 0.05078125 0.071875 0.071875
3 0.3140625 0.8875 0.053125 0.071875
3 0.4390625 0.034375 0.059375 0.06875
3 0.8609375 0.62109375 0.059375 0.084375
3 0.81484375 0.8359375 0.0609375 0.0609375
3 0.1734375 0.75390625 0.059375 0.059375
3 0.9359375 0.91015625 0.06875 0.06875
3 0.04453125 0.04765625 0.075 0.075
3 0.175 0.91328125 0.05 0.0796875
3 0.60078125 0.96015625 0.0640625 0.0796875
3 0.8890625 0.87734375 0.0734375 0.071875
6 0.0921875 0.53984375 0.1421875 0.140625
3 0.9515625 0.046875 0.065625 0.08125
3 0.89609375 0.93828125 0.065625 0.0640625
3 0.1296875 0.93828125 0.05625 0.0953125
3 0.58515625 0.42578125 0.071875 0.071875