3 0.6015625 0.73515625 0.10625 0.071875
3 0.5921875 0.6609375 0.071875 0.071875
3 0.11875 0.55625 0.08125 0.071875
3 0.85703125 0.73125 0.0765625 0.0765625
3 0.1265625 0.740625 0.090625 0.06875
3 0.4765625 0.1171875 0.075 0.075
3 0.60546875 0.39765625 0.0875 0.06875
3 0.3796875 0.1640625 0.09375 0.071875
3 0.096875 0.11328125 0.0875 0.06875
3 0.8015625 0.22734375 0.075 0.0578125
3 0.4359375 0.28984375 0.078125 0.0609375
3 0.865625 0.39296875 0.0765625 0.0765625
3 0.93515625 0.26953125 0.0890625 0.0625
3 0.74375 0.953125 0.071875 0.071875
3 0.62890625 0.83515625 0.08125 0.08125
3 0.653125 0.54765625 0.078125 0.078125
3 0.32109375 0.946875 0.0703125 0.06875
3 0.35546875 0.378125 0.084375 0.0625
3 0.509375 0.2734375 0.08125 0.08125
3 0.703125 0.59765625 0.0875 0.0703125
3 0.19921875 0.9078125 0.0765625 0.05625
3 0.54453125 0.803125 0.0953125 0.0625
3 0.87734375 0.89609375 0.0765625 0.0609375
1 0.784375 0.06640625 0.1 0.0703125
3 0.82890625 0.80625 0.078125 0.078125
3 0.2265625 0.58203125 0.096875 0.0734375
3 0.10390625 0.6328125 0.0921875 0.071875
3 0.25390625 0.4234375 0.0828125 0.06875
3 0.7984375 0.6140625 0.096875 0.06875
3 0.9140625 0.44921875 0.096875 0.0734375
3 0.20859375 0.32734375 0.0828125 0.0671875
3 0.7703125 0.40234375 0.0703125 0.0703125
3 0.92109375 0.640625 0.059375 0.0609375
3 0.51484375 0.6546875 0.084375 0.059375
3 0.51015625 0.525 0.078125 0.078125
3 0.7796875 0.353125 0.090625 0.071875
3 0.6421875 0.15078125 0.090625 0.0609375
3 0.6828125 0.084375 0.078125 0.06875
3 0.12421875 0.32421875 0.0796875 0.0828125
3 0.053125 0.31171875 0.0875 0.0609375
3 0.3046875 0.23671875 0.0765625 0.075
3 0.05078125 0.825 0.071875 0.071875
3 0.8875 0.6859375 0.071875 0.053125
3 0.034375 0.5609375 0.0640625 0.0640625
3 0.62109375 0.1390625 0.084375 0.059375
3 0.8359375 0.18515625 0.071875 0.05
3 0.75390625 0.8265625 0.0671875 0.05
3 0.91015625 0.0640625 0.0796875 0.059375
3 0.04765625 0.95546875 0.075 0.075
3 0.91328125 0.825 0.065625 0.0640625
3 0.96015625 0.39921875 0.0796875 0.0640625
3 0.87734375 0.1109375 0.071875 0.0734375
6 0.53984375 0.9078125 0.140625 0.1421875
3 0.046875 0.0484375 0.0734375 0.071875
3 0.93828125 0.10390625 0.0640625 0.065625
3 0.93828125 0.8703125 0.0953125 0.05625
3 0.42578125 0.41484375 0.0796875 0.0640625