3 0.42109375 0.43515625 0.08125 0.08125
3 0.390625 0.50078125 0.071875 0.0734375
3 0.3515625 0.934375 0.0765625 0.0765625
3 0.32109375 0.63125 0.0890625 0.065625
3 0.3390625 0.77890625 0.075 0.0515625
3 0.934375 0.7828125 0.084375 0.0625
3 0.484375 0.78984375 0.0796875 0.078125
3 0.87890625 0.8265625 0.0859375 0.065625
3 0.090625 0.725 0.109375 0.08125
3 0.33046875 0.8671875 0.0890625 0.071875
3 0.490625 0.50703125 0.0828125 0.0828125
3 0.92890625 0.93359375 0.0796875 0.059375
3 0.24609375 0.575 0.0875 0.0890625
3 0.0953125 0.85 0.09375 0.09375
3 0.2765625 0.7234375 0.084375 0.06875
3 0.8390625 0.91171875 0.1 0.0640625
3 0.39765625 0.553125 0.090625 0.090625
3 0.16796875 0.76796875 0.0953125 0.0734375
6 0.44296875 0.63125 0.1 0.1
3 0.25390625 0.79609375 0.0921875 0.0625
3 0.3828125 0.73203125 0.0734375 0.075
3 0.365625 0.09296875 0.090625 0.090625
3 0.5359375 0.846875 0.075 0.075
3 0.8078125 0.68828125 0.096875 0.06875
3 0.08984375 0.5640625 0.1078125 0.078125
3 0.21875 0.52109375 0.08125 0.05625
3 0.509375 0.1703125 0.0765625 0.0765625
3 0.684375 0.928125 0.08125 0.08125
3 0.396875 0.6703125 0.084375 0.0859375
3 0.9203125 0.7125 0.084375 0.084375
6 0.76796875 0.83203125 0.121875 0.075
3 0.75234375 0.9546875 0.0875 0.0875
3 0.59609375 0.1140625 0.0953125 0.08125
3 0.07734375 0.453125 0.075 0.0734375
3 0.52734375 0.5421875 0.0953125 0.071875
3 0.7796875 0.7921875 0.0859375 0.0859375
3 0.7125 0.63125 0.0796875 0.078125
3 0.37109375 0.59140625 0.0828125 0.0828125
3 0.4234375 0.37421875 0.09375 0.09375
6 0.3046875 0.3125 0.109375 0.0875
6 0.61953125 0.78828125 0.1078125 0.1078125
6 0.16796875 0.64375 0.128125 0.1265625
6 0.61484375 0.62109375 0.1578125 0.0921875
3 0.87421875 0.7328125 0.1140625 0.0625
3 0.7546875 0.88984375 0.090625 0.0578125
3 0.90546875 0.86328125 0.078125 0.078125
3 0.93828125 0.865625 0.06875 0.06875
3 0.61484375 0.8265625 0.0890625 0.065625
3 0.80546875 0.52734375 0.0921875 0.0625
3 0.83515625 0.34375 0.090625 0.0625
3 0.91953125 0.40703125 0.06875 0.06875
3 0.4765625 0.0953125 0.0828125 0.0828125
3 0.8265625 0.0625 0.090625 0.0625
3 0.678125 0.20703125 0.0875 0.059375
3 0.8359375 0.44609375 0.08125 0.08125
3 0.6859375 0.1390625 0.06875 0.06875
3 0.61875 0.1703125 0.071875 0.05625
3 0.05625 0.890625 0.0875 0.0875