3 0.42109375 0.56484375 0.0875 0.0734375
3 0.390625 0.49921875 0.08125 0.0640625
3 0.3515625 0.065625 0.090625 0.0625
3 0.32109375 0.36875 0.0890625 0.065625
3 0.3390625 0.22109375 0.0625 0.0625
3 0.934375 0.2171875 0.0734375 0.0734375
3 0.484375 0.21015625 0.0796875 0.078125
3 0.87890625 0.1734375 0.0859375 0.065625
3 0.090625 0.275 0.109375 0.08125
3 0.33046875 0.1328125 0.08125 0.0796875
3 0.490625 0.49296875 0.0828125 0.0828125
3 0.92890625 0.06640625 0.0796875 0.059375
3 0.24609375 0.425 0.0875 0.0890625
3 0.0953125 0.15 0.103125 0.084375
3 0.2765625 0.2765625 0.084375 0.06875
3 0.8390625 0.08828125 0.1 0.0640625
3 0.39765625 0.446875 0.1078125 0.075
3 0.16796875 0.23203125 0.0953125 0.0734375
6 0.44296875 0.36875 0.1140625 0.0875
3 0.25390625 0.20390625 0.0921875 0.0625
3 0.3828125 0.26796875 0.0734375 0.075
3 0.365625 0.90703125 0.090625 0.090625
3 0.5359375 0.153125 0.075 0.075
3 0.8078125 0.31171875 0.096875 0.06875
3 0.08984375 0.4359375 0.1078125 0.078125
3 0.21875 0.47890625 0.08125 0.05625
3 0.509375 0.8296875 0.0875 0.065625
3 0.684375 0.071875 0.08125 0.08125
3 0.396875 0.3296875 0.0859375 0.0859375
3 0.9203125 0.2875 0.084375 0.084375
6 0.76796875 0.16796875 0.0984375 0.0984375
3 0.75234375 0.0453125 0.0984375 0.078125
3 0.59609375 0.8859375 0.0875 0.0890625
3 0.07734375 0.546875 0.0859375 0.0625
3 0.52734375 0.4578125 0.0953125 0.071875
3 0.7796875 0.2078125 0.0875 0.0859375
3 0.7125 0.36875 0.090625 0.06875
3 0.37109375 0.40859375 0.0953125 0.0703125
3 0.4234375 0.62578125 0.109375 0.078125
6 0.3046875 0.6875 0.109375 0.0875
6 0.61953125 0.21171875 0.1484375 0.0671875
6 0.16796875 0.35625 0.128125 0.1265625
6 0.61484375 0.37890625 0.1578125 0.0921875
3 0.87421875 0.2671875 0.0875 0.0875
3 0.7546875 0.11015625 0.075 0.075
3 0.90546875 0.13671875 0.0859375 0.0703125
3 0.93828125 0.134375 0.0859375 0.053125
3 0.61484375 0.1734375 0.0890625 0.065625
3 0.80546875 0.47265625 0.078125 0.078125
3 0.83515625 0.65625 0.090625 0.0625
3 0.91953125 0.59296875 0.06875 0.06875
3 0.4765625 0.9046875 0.090625 0.075
3 0.8265625 0.9375 0.0765625 0.0765625
3 0.678125 0.79296875 0.0875 0.059375
3 0.8359375 0.55390625 0.08125 0.0796875
3 0.6859375 0.8609375 0.06875 0.06875
3 0.61875 0.8296875 0.0640625 0.0640625
3 0.05625 0.109375 0.0875 0.0875