3 0.703125 0.13046875 0.071875 0.071875
3 0.684375 0.8125 0.0875 0.0625
3 0.21796875 0.5125 0.0859375 0.0625
3 0.6515625 0.60078125 0.090625 0.0671875
3 0.30546875 0.12890625 0.0828125 0.0625
3 0.4890625 0.53359375 0.0703125 0.071875
3 0.67890625 0.9109375 0.0859375 0.065625
3 0.91015625 0.0796875 0.0765625 0.0765625
3 0.65390625 0.42890625 0.078125 0.078125
3 0.090625 0.43515625 0.0828125 0.0828125
3 0.453125 0.42421875 0.0671875 0.06875
3 0.53984375 0.7046875 0.090625 0.06875
3 0.284375 0.8453125 0.08125 0.08125
3 0.665625 0.71171875 0.09375 0.0765625
3 0.70390625 0.3109375 0.0828125 0.084375
3 0.878125 0.19453125 0.090625 0.090625
3 0.07578125 0.5734375 0.0890625 0.0625
3 0.603125 0.0828125 0.1 0.065625
3 0.91640625 0.27734375 0.08125 0.08125
3 0.78984375 0.665625 0.0859375 0.065625
3 0.91015625 0.5421875 0.0921875 0.090625
6 0.4890625 0.8796875 0.090625 0.071875
3 0.05390625 0.24921875 0.0875 0.0875
3 0.86953125 0.6625 0.0734375 0.0734375
3 0.0625 0.63828125 0.0671875 0.0671875
3 0.25390625 0.65078125 0.0984375 0.0671875
3 0.92109375 0.88828125 0.075 0.075
3 0.053125 0.75625 0.075 0.075
3 0.7890625 0.31640625 0.084375 0.084375
3 0.60234375 0.96015625 0.0734375 0.0734375
3 0.396875 0.4625 0.08125 0.0625
3 0.89296875 0.809375 0.0671875 0.0671875
3 0.11015625 0.28984375 0.084375 0.0609375
4 0.1875 0.315625 0.103125 0.08125
3 0.2640625 0.953125 0.109375 0.075
3 0.578125 0.32734375 0.075 0.075
3 0.84296875 0.428125 0.084375 0.084375
3 0.46796875 0.30625 0.0796875 0.0625
3 0.11796875 0.8140625 0.0859375 0.05625
3 0.12265625 0.5203125 0.065625 0.065625
3 0.13984375 0.7671875 0.0859375 0.05625
3 0.64140625 0.22890625 0.0859375 0.0640625
3 0.3171875 0.29921875 0.0796875 0.08125
3 0.8984375 0.46328125 0.0671875 0.0671875
3 0.35859375 0.75546875 0.078125 0.078125
3 0.9375 0.4140625 0.08125 0.059375
3 0.74140625 0.446875 0.078125 0.0765625
3 0.2125 0.09140625 0.090625 0.0578125
3 0.81796875 0.5609375 0.0765625 0.0765625
3 0.57109375 0.63828125 0.0828125 0.0828125
3 0.8203125 0.353125 0.075 0.0625
3 0.60234375 0.66015625 0.0984375 0.0734375
3 0.8046875 0.784375 0.0640625 0.0640625
3 0.71953125 0.2234375 0.078125 0.059375
3 0.6390625 0.2703125 0.075 0.0625
3 0.453125 0.79296875 0.1 0.0640625
3 0.08984375 0.07265625 0.0796875 0.0578125
3 0.30234375 0.35625 0.06875 0.06875
3 0.45078125 0.0765625 0.0828125 0.06875
3 0.896875 0.38828125 0.0875 0.0703125
3 0.75859375 0.534375 0.071875 0.0703125
3 0.81640625 0.9234375 0.0734375 0.059375
3 0.07734375 0.96015625 0.0796875 0.0796875
3 0.2875 0.41484375 0.0734375 0.071875
3 0.415625 0.67421875 0.0875 0.05625
3 0.20859375 0.140625 0.071875 0.071875
3 0.68671875 0.484375 0.0765625 0.05
3 0.15703125 0.86171875 0.0640625 0.0640625
6 0.1328125 0.19296875 0.0921875 0.09375
3 0.5875 0.90390625 0.0734375 0.075
3 0.36328125 0.8625 0.075 0.065625
3 0.4296875 0.86875 0.059375 0.059375
3 0.4234375 0.81015625 0.0625 0.0625
3 0.053125 0.82109375 0.075 0.075
3 0.13046875 0.15546875 0.078125 0.0578125
3 0.1140625 0.8828125 0.0609375 0.0609375
3 0.040625 0.6953125 0.0703125 0.06875
3 0.3359375 0.659375 0.0625 0.05
3 0.046875 0.85703125 0.075 0.075
3 0.35390625 0.7921875 0.0796875 0.059375
3 0.82578125 0.59765625 0.0765625 0.0546875
3 0.9421875 0.65546875 0.0671875 0.06875
3 0.896875 0.97109375 0.0625 0.0578125