3 0.296875 0.86953125 0.071875 0.071875
3 0.315625 0.1875 0.075 0.075
3 0.78203125 0.4875 0.0859375 0.0625
3 0.3484375 0.39921875 0.078125 0.078125
3 0.69453125 0.87109375 0.0828125 0.0625
3 0.5109375 0.46640625 0.0703125 0.071875
3 0.32109375 0.0890625 0.0859375 0.065625
3 0.08984375 0.9203125 0.0765625 0.0765625
3 0.34609375 0.57109375 0.078125 0.078125
3 0.909375 0.56484375 0.0828125 0.0828125
3 0.546875 0.57578125 0.0671875 0.06875
3 0.46015625 0.2953125 0.0796875 0.0796875
3 0.715625 0.1546875 0.08125 0.08125
3 0.334375 0.28828125 0.09375 0.0765625
3 0.29609375 0.6890625 0.0828125 0.084375
3 0.121875 0.80546875 0.090625 0.090625
3 0.92421875 0.4265625 0.075 0.075
3 0.396875 0.9171875 0.0828125 0.0828125
3 0.08359375 0.72265625 0.08125 0.08125
3 0.21015625 0.334375 0.0859375 0.065625
3 0.08984375 0.4578125 0.0953125 0.0875
6 0.5109375 0.1203125 0.08125 0.08125
3 0.94609375 0.75078125 0.0875 0.0875
3 0.13046875 0.3375 0.0734375 0.0734375
3 0.9375 0.36171875 0.075 0.059375
3 0.74609375 0.34921875 0.0984375 0.0671875
3 0.07890625 0.11171875 0.0765625 0.0734375
3 0.946875 0.24375 0.0875 0.0625
3 0.2109375 0.68359375 0.084375 0.084375
3 0.39765625 0.03984375 0.0828125 0.0640625
3 0.603125 0.5375 0.08125 0.0625
3 0.10703125 0.190625 0.0796875 0.05625
3 0.88984375 0.71015625 0.084375 0.0609375
4 0.8125 0.684375 0.0921875 0.0921875
3 0.7359375 0.046875 0.109375 0.075
3 0.421875 0.67265625 0.084375 0.0671875
3 0.15703125 0.571875 0.1015625 0.06875
3 0.53203125 0.69375 0.0703125 0.0703125
3 0.88203125 0.1859375 0.0859375 0.05625
3 0.87734375 0.4796875 0.065625 0.065625
3 0.86015625 0.2328125 0.0859375 0.05625
3 0.35859375 0.77109375 0.075 0.075
3 0.6828125 0.70078125 0.0796875 0.08125
3 0.1015625 0.53671875 0.078125 0.0546875
3 0.64140625 0.24453125 0.078125 0.078125
3 0.0625 0.5859375 0.08125 0.059375
3 0.25859375 0.553125 0.078125 0.0765625
3 0.7875 0.90859375 0.090625 0.0578125
3 0.18203125 0.4390625 0.0765625 0.075
3 0.42890625 0.36171875 0.0953125 0.0703125
3 0.1796875 0.646875 0.075 0.0625
3 0.39765625 0.33984375 0.0984375 0.0734375
3 0.1953125 0.215625 0.0640625 0.0640625
3 0.28046875 0.7765625 0.078125 0.059375
3 0.3609375 0.7296875 0.06875 0.06875
3 0.546875 0.20703125 0.08125 0.0828125
3 0.91015625 0.92734375 0.06875 0.06875
3 0.69765625 0.64375 0.084375 0.053125
3 0.54921875 0.9234375 0.075 0.0765625
3 0.103125 0.61171875 0.0875 0.0703125
3 0.24140625 0.465625 0.071875 0.0703125
3 0.18359375 0.0765625 0.0734375 0.059375
3 0.921875 0.0390625 0.1 0.059375
3 0.7125 0.58515625 0.0734375 0.071875
3 0.584375 0.32578125 0.071875 0.071875
3 0.79140625 0.859375 0.071875 0.071875
3 0.31328125 0.515625 0.0640625 0.0640625
3 0.84296875 0.13828125 0.0734375 0.0546875
6 0.8671875 0.80703125 0.115625 0.0703125
3 0.4125 0.09609375 0.0734375 0.075
3 0.63671875 0.1375 0.0703125 0.0703125
3 0.5703125 0.13125 0.059375 0.059375
3 0.5765625 0.18984375 0.071875 0.0546875
3 0.946875 0.17890625 0.0875 0.0640625
3 0.86953125 0.84453125 0.06875 0.06875
3 0.8859375 0.1171875 0.0609375 0.0609375
3 0.959375 0.3046875 0.0703125 0.0703125
3 0.6640625 0.340625 0.0625 0.05
3 0.953125 0.14296875 0.075 0.075
3 0.64609375 0.2078125 0.0796875 0.059375
3 0.17421875 0.40234375 0.0765625 0.0546875
3 0.0578125 0.34453125 0.0671875 0.06875
3 0.103125 0.02890625 0.0625 0.0578125