3 0.84921875 0.90546875 0.0578125 0.0859375
3 0.14296875 0.63125 0.084375 0.084375
3 0.92109375 0.934375 0.075 0.075
3 0.46015625 0.8796875 0.0828125 0.0828125
3 0.4890625 0.36171875 0.08125 0.08125
3 0.490625 0.7015625 0.0828125 0.0828125
3 0.35859375 0.32734375 0.0671875 0.103125
3 0.7 0.296875 0.075 0.1
3 0.415625 0.74296875 0.075 0.075
3 0.61328125 0.259375 0.084375 0.084375
3 0.328125 0.6515625 0.065625 0.090625
3 0.8375 0.6328125 0.075 0.09375
3 0.32890625 0.5421875 0.0703125 0.090625
3 0.628125 0.5203125 0.06875 0.09375
3 0.0515625 0.35234375 0.08125 0.0921875
3 0.715625 0.07578125 0.075 0.0890625
3 0.6890625 0.74609375 0.084375 0.0828125
3 0.221875 0.09140625 0.075 0.0734375
3 0.340625 0.86796875 0.0671875 0.0671875
3 0.671875 0.6578125 0.0703125 0.0703125
3 0.80078125 0.27421875 0.0671875 0.096875
3 0.615625 0.72734375 0.075 0.103125
3 0.65859375 0.17109375 0.0859375 0.0859375
3 0.9140625 0.70859375 0.065625 0.0890625
3 0.71328125 0.50703125 0.0609375 0.0796875
3 0.31171875 0.92265625 0.078125 0.078125
3 0.76328125 0.55859375 0.0796875 0.0796875
3 0.7921875 0.35390625 0.0875 0.0875
3 0.91875 0.31953125 0.084375 0.084375
3 0.59453125 0.88125 0.0703125 0.0703125
3 0.1453125 0.10625 0.0828125 0.0828125
3 0.27109375 0.45234375 0.0875 0.0875
3 0.703125 0.59765625 0.075 0.075
3 0.43359375 0.496875 0.0796875 0.1
3 0.203125 0.3421875 0.0671875 0.0671875
3 0.65 0.909375 0.0625 0.10625
3 0.7953125 0.9515625 0.065625 0.065625
3 0.54140625 0.30703125 0.08125 0.08125
3 0.2 0.41796875 0.0859375 0.084375
3 0.63125 0.3671875 0.065625 0.10625
3 0.14921875 0.384375 0.065625 0.1
3 0.4171875 0.36953125 0.0828125 0.08125
3 0.80390625 0.43671875 0.0828125 0.0828125
3 0.5859375 0.8046875 0.05625 0.078125
3 0.26796875 0.603125 0.0640625 0.0875
3 0.83828125 0.10390625 0.096875 0.096875
4 0.28125 0.71484375 0.0953125 0.0953125
3 0.76875 0.87578125 0.075 0.1015625
3 0.875 0.0796875 0.08125 0.08125
3 0.215625 0.21328125 0.078125 0.0984375
3 0.41875 0.95078125 0.078125 0.0765625
3 0.584375 0.9515625 0.0625 0.09375
0 0.1421875 0.4875 0.1046875 0.1046875
3 0.69140625 0.88984375 0.08125 0.08125
3 0.6 0.390625 0.06875 0.1
6 0.5078125 0.18984375 0.1046875 0.1046875