3 0.38046875 0.8484375 0.0859375 0.0859375
3 0.184375 0.69375 0.0828125 0.0828125
3 0.74921875 0.68203125 0.1078125 0.08125
3 0.290625 0.78828125 0.0875 0.0890625
3 0.746875 0.215625 0.0921875 0.0921875
3 0.84765625 0.1125 0.084375 0.0859375
3 0.8625 0.503125 0.109375 0.08125
3 0.48828125 0.4125 0.0921875 0.075
3 0.11484375 0.72109375 0.0921875 0.0828125
3 0.25078125 0.3703125 0.1125 0.071875
3 0.56171875 0.440625 0.0859375 0.0859375
3 0.1890625 0.95 0.103125 0.078125
3 0.73203125 0.8640625 0.0890625 0.084375
3 0.78125 0.8078125 0.084375 0.084375
3 0.47265625 0.88828125 0.1109375 0.0828125
3 0.22890625 0.740625 0.0890625 0.075
3 0.3890625 0.3859375 0.084375 0.084375
3 0.21875 0.525 0.09375 0.09375
3 0.4796875 0.7953125 0.10625 0.08125
3 0.5015625 0.18125 0.09375 0.06875
3 0.40859375 0.44921875 0.0921875 0.084375
3 0.4703125 0.615625 0.08125 0.08125
3 0.32734375 0.465625 0.0859375 0.096875
3 0.453125 0.646875 0.096875 0.096875