3 0.61953125 0.8484375 0.0921875 0.078125
3 0.815625 0.69375 0.09375 0.071875
3 0.25078125 0.68203125 0.1078125 0.08125
3 0.709375 0.78828125 0.0875 0.0875
3 0.253125 0.215625 0.103125 0.08125
3 0.15234375 0.1125 0.084375 0.0859375
3 0.1375 0.503125 0.0953125 0.0953125
3 0.51171875 0.4125 0.084375 0.084375
3 0.88515625 0.72109375 0.0921875 0.0828125
3 0.74921875 0.3703125 0.0921875 0.0921875
3 0.43828125 0.440625 0.090625 0.08125
3 0.8109375 0.95 0.103125 0.078125
3 0.26796875 0.8640625 0.0859375 0.0875
3 0.21875 0.8078125 0.096875 0.071875
3 0.52734375 0.88828125 0.096875 0.096875
3 0.77109375 0.740625 0.08125 0.0828125
3 0.6109375 0.3859375 0.084375 0.084375
3 0.78125 0.525 0.10625 0.08125
3 0.5203125 0.7953125 0.10625 0.08125
3 0.4984375 0.18125 0.09375 0.06875
3 0.59140625 0.44921875 0.0875 0.0875
3 0.5296875 0.615625 0.08125 0.08125
3 0.67265625 0.465625 0.0859375 0.096875
3 0.546875 0.646875 0.096875 0.096875