3 0.1359375 0.62734375 0.06875 0.0828125
3 0.10234375 0.825 0.078125 0.0765625
3 0.784375 0.86484375 0.078125 0.0796875
3 0.596875 0.74765625 0.0859375 0.0859375
3 0.63828125 0.66171875 0.0546875 0.0796875
3 0.90625 0.44140625 0.0875 0.0859375
3 0.7 0.3078125 0.06875 0.096875
3 0.14609375 0.05234375 0.0734375 0.090625
3 0.815625 0.3921875 0.0828125 0.0828125
3 0.25703125 0.1609375 0.0765625 0.0875
3 0.640625 0.2328125 0.084375 0.10625
3 0.878125 0.5828125 0.0875 0.103125
3 0.4671875 0.409375 0.09375 0.09375
3 0.48359375 0.5296875 0.078125 0.0796875
3 0.7875 0.17890625 0.075 0.0953125
3 0.2578125 0.06953125 0.0890625 0.0890625
3 0.86796875 0.22578125 0.0671875 0.084375
3 0.090625 0.17734375 0.0921875 0.09375
3 0.25078125 0.83984375 0.0640625 0.0765625
3 0.875 0.3296875 0.078125 0.096875
3 0.184375 0.221875 0.071875 0.09375
3 0.50078125 0.72890625 0.075 0.075
3 0.85703125 0.696875 0.084375 0.103125
3 0.33828125 0.7765625 0.0609375 0.075
3 0.7421875 0.65703125 0.065625 0.0921875
3 0.4234375 0.50390625 0.065625 0.0859375
3 0.57578125 0.6515625 0.0640625 0.090625
3 0.57578125 0.4171875 0.0671875 0.084375
3 0.79375 0.515625 0.059375 0.08125
3 0.60234375 0.52890625 0.06875 0.0859375
3 0.5109375 0.646875 0.071875 0.090625
3 0.33671875 0.3609375 0.08125 0.1
3 0.51875 0.05625 0.084375 0.084375
3 0.54921875 0.8328125 0.0875 0.0859375
3 0.61953125 0.13828125 0.075 0.075
3 0.809375 0.771875 0.071875 0.071875
3 0.90390625 0.0765625 0.0671875 0.0875
3 0.159375 0.76640625 0.0796875 0.078125
3 0.7375 0.57578125 0.075 0.0890625
3 0.37734375 0.71015625 0.0796875 0.0796875
3 0.1109375 0.27890625 0.0828125 0.0828125
3 0.2625 0.27421875 0.075 0.0890625
3 0.671875 0.0796875 0.090625 0.090625
3 0.54453125 0.5578125 0.075 0.084375
3 0.865625 0.7953125 0.075 0.09375
3 0.05625 0.78125 0.05625 0.078125
3 0.4390625 0.69140625 0.0625 0.0890625
3 0.1703125 0.453125 0.09375 0.09375
3 0.86875 0.0953125 0.075 0.09375
6 0.734375 0.46796875 0.0875 0.0875
3 0.0578125 0.08515625 0.065625 0.0890625
3 0.95 0.31328125 0.075 0.0828125
3 0.771875 0.71640625 0.0734375 0.075
3 0.7265625 0.115625 0.06875 0.096875
3 0.896875 0.1640625 0.0625 0.084375
3 0.7546875 0.403125 0.071875 0.0703125
3 0.8265625 0.48828125 0.078125 0.090625
3 0.18359375 0.77890625 0.071875 0.0921875
3 0.95546875 0.1796875 0.065625 0.065625
3 0.034375 0.853125 0.0609375 0.0609375
3 0.9421875 0.7765625 0.071875 0.084375
3 0.3953125 0.6015625 0.096875 0.096875
3 0.41796875 0.95859375 0.075 0.075
3 0.3515625 0.86015625 0.078125 0.0796875
3 0.2171875 0.33515625 0.0875 0.0875
3 0.315625 0.55078125 0.075 0.090625
6 0.84375 0.95 0.0875 0.1
3 0.13515625 0.5171875 0.0734375 0.0734375
3 0.3734375 0.55390625 0.065625 0.0953125
3 0.38125 0.4796875 0.06875 0.090625
6 0.16484375 0.3734375 0.096875 0.096875
3 0.35546875 0.921875 0.059375 0.084375
3 0.31953125 0.39921875 0.078125 0.078125
3 0.278125 0.421875 0.0765625 0.078125
3 0.64453125 0.93984375 0.0734375 0.0828125
3 0.14765625 0.29453125 0.0640625 0.0890625
3 0.040625 0.159375 0.0734375 0.0734375
3 0.6171875 0.88984375 0.0671875 0.0671875