3 0.8640625 0.37265625 0.06875 0.0828125
3 0.89765625 0.175 0.0671875 0.0875
3 0.215625 0.13515625 0.071875 0.0859375
3 0.403125 0.25234375 0.075 0.0984375
3 0.36171875 0.33828125 0.0671875 0.0671875
3 0.09375 0.55859375 0.078125 0.0953125
3 0.3 0.6921875 0.0828125 0.0828125
3 0.85390625 0.94765625 0.08125 0.08125
3 0.184375 0.6078125 0.0828125 0.0828125
3 0.74296875 0.8390625 0.0765625 0.0875
3 0.359375 0.7671875 0.0953125 0.0953125
3 0.121875 0.4171875 0.0875 0.103125
3 0.5328125 0.590625 0.078125 0.109375
3 0.51640625 0.4703125 0.0703125 0.0875
3 0.2125 0.82109375 0.075 0.0953125
3 0.7421875 0.93046875 0.078125 0.0984375
3 0.13203125 0.77421875 0.0671875 0.084375
3 0.909375 0.82265625 0.08125 0.1046875
3 0.74921875 0.16015625 0.0703125 0.0703125
3 0.125 0.6703125 0.0875 0.0875
3 0.815625 0.778125 0.071875 0.09375
3 0.49921875 0.27109375 0.075 0.075
3 0.14296875 0.303125 0.09375 0.09375
3 0.66171875 0.2234375 0.0609375 0.075
3 0.2578125 0.34296875 0.078125 0.078125
3 0.5765625 0.49609375 0.075 0.0765625
3 0.42421875 0.3484375 0.078125 0.0765625
3 0.42421875 0.5828125 0.0671875 0.084375
3 0.20625 0.484375 0.059375 0.08125
3 0.39765625 0.47109375 0.06875 0.0859375
3 0.4890625 0.353125 0.071875 0.090625
3 0.66328125 0.6390625 0.090625 0.090625
3 0.48125 0.94375 0.084375 0.084375
3 0.45078125 0.1671875 0.0734375 0.1
3 0.38046875 0.86171875 0.075 0.075
3 0.190625 0.228125 0.071875 0.071875
3 0.09609375 0.9234375 0.078125 0.0765625
3 0.840625 0.23359375 0.0796875 0.078125
3 0.2625 0.42421875 0.0828125 0.0828125
3 0.62265625 0.28984375 0.0703125 0.0890625
3 0.8890625 0.72109375 0.06875 0.096875
3 0.7375 0.72578125 0.075 0.0890625
3 0.328125 0.9203125 0.090625 0.090625
3 0.45546875 0.4421875 0.0796875 0.0796875
3 0.134375 0.2046875 0.084375 0.084375
3 0.94375 0.21875 0.05625 0.078125
3 0.5609375 0.30859375 0.0625 0.0890625
3 0.8296875 0.546875 0.084375 0.103125
3 0.13125 0.9046875 0.075 0.09375
6 0.265625 0.53203125 0.084375 0.0921875
3 0.9421875 0.91484375 0.0765625 0.0765625
3 0.05 0.68671875 0.078125 0.0796875
3 0.228125 0.28359375 0.0734375 0.075
3 0.2734375 0.884375 0.06875 0.096875
3 0.103125 0.8359375 0.0625 0.084375
3 0.2453125 0.596875 0.059375 0.08125
3 0.1734375 0.51171875 0.078125 0.090625
3 0.81640625 0.22109375 0.08125 0.0828125
3 0.04453125 0.8203125 0.0578125 0.075
3 0.965625 0.146875 0.0609375 0.0609375
3 0.0578125 0.2234375 0.071875 0.084375
3 0.6046875 0.3984375 0.096875 0.096875
3 0.58203125 0.04140625 0.075 0.075
3 0.6484375 0.13984375 0.0796875 0.078125
3 0.7828125 0.66484375 0.0875 0.0875
3 0.684375 0.44921875 0.0828125 0.0828125
6 0.15625 0.05 0.09375 0.09375
3 0.86484375 0.4828125 0.0703125 0.075
3 0.6265625 0.44609375 0.0796875 0.08125
3 0.61875 0.5203125 0.0796875 0.0796875
6 0.83515625 0.6265625 0.0953125 0.096875
3 0.64453125 0.078125 0.071875 0.071875
3 0.68046875 0.60078125 0.078125 0.078125
3 0.721875 0.578125 0.0765625 0.0765625
3 0.35546875 0.06015625 0.0734375 0.0828125
3 0.85234375 0.70546875 0.0765625 0.0765625
3 0.959375 0.840625 0.0734375 0.0734375
3 0.3828125 0.11015625 0.053125 0.0796875