3 0.56015625 0.32890625 0.0796875 0.0796875
3 0.509375 0.63828125 0.06875 0.06875
3 0.64140625 0.89765625 0.08125 0.0796875
3 0.78125 0.67421875 0.09375 0.09375
3 0.0546875 0.703125 0.078125 0.0875
3 0.7703125 0.425 0.0796875 0.0796875
3 0.1875 0.86796875 0.06875 0.0890625
3 0.24140625 0.75078125 0.0703125 0.0703125
3 0.87578125 0.734375 0.0703125 0.0875
3 0.5171875 0.2296875 0.08125 0.08125
3 0.2796875 0.5984375 0.0875 0.0875
3 0.5875 0.06171875 0.075 0.1046875
3 0.3765625 0.39453125 0.065625 0.0859375
3 0.86171875 0.915625 0.06875 0.0671875
3 0.8453125 0.81015625 0.078125 0.0796875
3 0.50546875 0.8453125 0.078125 0.078125
3 0.09609375 0.49453125 0.084375 0.084375
3 0.66484375 0.11015625 0.0765625 0.0765625
3 0.72421875 0.9515625 0.0609375 0.08125
6 0.4375 0.7640625 0.096875 0.096875
3 0.34296875 0.315625 0.06875 0.0703125
3 0.7421875 0.58984375 0.06875 0.0828125
3 0.16796875 0.06484375 0.078125 0.078125
3 0.64453125 0.6453125 0.059375 0.084375
3 0.24375 0.909375 0.065625 0.096875
3 0.184375 0.25859375 0.06875 0.0890625
3 0.5671875 0.81171875 0.06875 0.06875
3 0.26640625 0.13828125 0.075 0.075
3 0.71796875 0.51171875 0.0734375 0.0859375
3 0.571875 0.5796875 0.0625 0.0875
3 0.83671875 0.28046875 0.0578125 0.0828125
3 0.265625 0.6828125 0.075 0.075
3 0.46171875 0.94375 0.078125 0.078125
3 0.63359375 0.54453125 0.0796875 0.0796875
3 0.95703125 0.24296875 0.0765625 0.1
3 0.4421875 0.865625 0.059375 0.075
3 0.4828125 0.046875 0.05625 0.08125
3 0.815625 0.215625 0.0765625 0.0765625
3 0.7484375 0.334375 0.08125 0.08125
3 0.77578125 0.09140625 0.0765625 0.075
3 0.7203125 0.12578125 0.0890625 0.0890625
3 0.1015625 0.2265625 0.0765625 0.0765625
3 0.0734375 0.1515625 0.078125 0.090625
3 0.0421875 0.24765625 0.071875 0.071875
6 0.1734375 0.15703125 0.0921875 0.0921875
3 0.3515625 0.94765625 0.06875 0.096875
3 0.95859375 0.9265625 0.078125 0.078125
3 0.43671875 0.08359375 0.0671875 0.0890625
3 0.7765625 0.890625 0.071875 0.090625
3 0.36875 0.49296875 0.06875 0.1015625
3 0.59765625 0.6234375 0.06875 0.06875
3 0.165625 0.95078125 0.078125 0.0875
3 0.84375 0.06015625 0.075 0.0765625
3 0.33984375 0.50390625 0.06875 0.06875
3 0.76796875 0.29765625 0.0671875 0.0671875
3 0.92890625 0.0375 0.0625 0.0625