3 0.6546875 0.42734375 0.0875 0.0734375
3 0.39296875 0.2953125 0.084375 0.084375
3 0.82734375 0.05859375 0.103125 0.0828125
3 0.24765625 0.4578125 0.1078125 0.08125
3 0.28671875 0.70859375 0.0921875 0.0796875
3 0.5296875 0.08203125 0.0734375 0.0734375
3 0.73203125 0.38125 0.078125 0.05625
3 0.53359375 0.278125 0.1015625 0.075
3 0.853125 0.54375 0.084375 0.084375
3 0.065625 0.3359375 0.084375 0.065625
3 0.61796875 0.55390625 0.08125 0.08125
3 0.425 0.6265625 0.0828125 0.0828125
3 0.12265625 0.525 0.0984375 0.075
3 0.73515625 0.45078125 0.0875 0.0875
3 0.5921875 0.33125 0.084375 0.0625
3 0.19921875 0.59140625 0.0890625 0.0671875
3 0.32265625 0.146875 0.1140625 0.08125
3 0.1375 0.77890625 0.09375 0.0953125
3 0.7015625 0.515625 0.075 0.075
3 0.2828125 0.89140625 0.09375 0.0953125
3 0.1359375 0.62109375 0.078125 0.0796875
3 0.73828125 0.75546875 0.0875 0.0609375
3 0.8484375 0.159375 0.0796875 0.08125
3 0.25078125 0.11015625 0.1 0.0765625
3 0.83359375 0.4609375 0.075 0.075
3 0.7046875 0.571875 0.0875 0.0625
3 0.8421875 0.22578125 0.078125 0.078125
3 0.928125 0.14140625 0.08125 0.0703125
3 0.1359375 0.13984375 0.1 0.0671875
3 0.89375 0.38125 0.08125 0.06875
3 0.81640625 0.6953125 0.1046875 0.075
3 0.56015625 0.61640625 0.075 0.075
3 0.253125 0.53671875 0.096875 0.0765625
3 0.6953125 0.796875 0.090625 0.075
3 0.10234375 0.93671875 0.0875 0.0875
3 0.08828125 0.71484375 0.1015625 0.0703125
3 0.653125 0.7546875 0.071875 0.0703125
3 0.89609375 0.7703125 0.0921875 0.065625
3 0.6671875 0.8609375 0.0890625 0.0890625
3 0.81640625 0.778125 0.096875 0.096875
3 0.66015625 0.921875 0.1015625 0.08125
3 0.7828125 0.60859375 0.0953125 0.0953125
3 0.3171875 0.04140625 0.084375 0.0828125
3 0.55546875 0.95234375 0.0828125 0.0828125
3 0.54921875 0.440625 0.0859375 0.065625
3 0.91796875 0.45 0.0828125 0.0828125
3 0.77890625 0.7109375 0.0921875 0.065625
3 0.434375 0.503125 0.090625 0.0625
3 0.48046875 0.45 0.0875 0.0875
3 0.86328125 0.3234375 0.075 0.075
3 0.46328125 0.28828125 0.0609375 0.0734375
3 0.9375 0.82421875 0.084375 0.0578125
3 0.053125 0.65859375 0.10625 0.0765625
3 0.04609375 0.209375 0.0796875 0.065625
6 0.65078125 0.20546875 0.121875 0.121875
4 0.3265625 0.50703125 0.134375 0.090625
3 0.58046875 0.925 0.0828125 0.065625