3 0.42734375 0.3453125 0.0734375 0.0875
3 0.2953125 0.60703125 0.06875 0.1015625
3 0.05859375 0.17265625 0.0828125 0.103125
3 0.4578125 0.75234375 0.08125 0.1078125
3 0.70859375 0.71328125 0.0796875 0.0921875
3 0.08203125 0.4703125 0.0734375 0.0734375
3 0.38125 0.26796875 0.05625 0.078125
3 0.278125 0.46640625 0.075 0.1015625
3 0.54375 0.146875 0.084375 0.084375
3 0.3359375 0.934375 0.075 0.075
3 0.55390625 0.38203125 0.08125 0.08125
3 0.6265625 0.575 0.0828125 0.0828125
3 0.525 0.87734375 0.0859375 0.0875
3 0.45078125 0.26484375 0.0875 0.0875
3 0.33125 0.4078125 0.0625 0.084375
3 0.59140625 0.80078125 0.078125 0.078125
3 0.146875 0.67734375 0.0984375 0.0984375
3 0.77890625 0.8625 0.0953125 0.09375
3 0.515625 0.2984375 0.065625 0.084375
3 0.89140625 0.7171875 0.0765625 0.1125
3 0.62109375 0.8640625 0.0734375 0.084375
3 0.75546875 0.26171875 0.0609375 0.0875
3 0.159375 0.1515625 0.06875 0.090625
3 0.11015625 0.74921875 0.0765625 0.1
3 0.4609375 0.16640625 0.075 0.075
3 0.571875 0.2953125 0.0625 0.0875
3 0.22578125 0.1578125 0.078125 0.078125
3 0.14140625 0.071875 0.0703125 0.08125
3 0.13984375 0.8640625 0.084375 0.0828125
3 0.38125 0.10625 0.06875 0.08125
3 0.6953125 0.18359375 0.090625 0.090625
3 0.61640625 0.43984375 0.075 0.075
3 0.53671875 0.746875 0.0859375 0.0875
3 0.796875 0.3046875 0.075 0.090625
3 0.93671875 0.89765625 0.0875 0.0875
3 0.71484375 0.91171875 0.0859375 0.0859375
3 0.7546875 0.346875 0.059375 0.08125
3 0.7703125 0.10390625 0.078125 0.0796875
3 0.8609375 0.3328125 0.075 0.103125
3 0.778125 0.18359375 0.08125 0.1125
3 0.921875 0.33984375 0.08125 0.1015625
3 0.60859375 0.2171875 0.071875 0.11875
3 0.040625 0.68203125 0.075 0.0921875
3 0.95234375 0.44453125 0.0828125 0.0828125
3 0.440625 0.45078125 0.065625 0.0859375
3 0.45 0.08203125 0.0828125 0.0828125
3 0.7109375 0.22109375 0.065625 0.0921875
3 0.503125 0.565625 0.0625 0.090625
3 0.45 0.51953125 0.0875 0.0875
3 0.3234375 0.13671875 0.075 0.075
3 0.28828125 0.53671875 0.0671875 0.0671875
3 0.82421875 0.0625 0.071875 0.071875
3 0.65859375 0.946875 0.090625 0.090625
3 0.209375 0.95390625 0.071875 0.0734375
6 0.20546875 0.34921875 0.1015625 0.1421875
4 0.50703125 0.6734375 0.090625 0.134375
3 0.925 0.41953125 0.065625 0.0828125