3 0.16953125 0.87265625 0.0890625 0.0640625
3 0.31796875 0.26875 0.0890625 0.065625
3 0.3453125 0.753125 0.090625 0.0625
3 0.28203125 0.70703125 0.0640625 0.053125
3 0.0671875 0.9046875 0.0828125 0.0828125
3 0.3609375 0.14140625 0.084375 0.0640625
3 0.62578125 0.440625 0.0828125 0.0828125
3 0.89921875 0.5015625 0.084375 0.084375
3 0.76015625 0.4984375 0.084375 0.0859375
3 0.2421875 0.20078125 0.103125 0.0640625
3 0.41171875 0.853125 0.0796875 0.0796875
3 0.46953125 0.5125 0.0984375 0.06875
3 0.67734375 0.83359375 0.0875 0.0671875
3 0.85703125 0.746875 0.084375 0.0828125
3 0.48984375 0.95625 0.075 0.059375
2 0.72890625 0.24921875 0.090625 0.090625
3 0.63359375 0.5078125 0.0796875 0.065625
3 0.59453125 0.73515625 0.0875 0.0703125
3 0.26484375 0.903125 0.0734375 0.0625
3 0.3953125 0.678125 0.0765625 0.0765625
3 0.14453125 0.68359375 0.071875 0.0703125
3 0.084375 0.19765625 0.06875 0.06875
3 0.48828125 0.8578125 0.075 0.0625
3 0.72421875 0.909375 0.0765625 0.065625
3 0.2140625 0.72890625 0.075 0.075
3 0.76640625 0.85390625 0.0734375 0.0734375
3 0.7234375 0.428125 0.096875 0.065625
3 0.20390625 0.93515625 0.0796875 0.0625
3 0.22109375 0.82421875 0.078125 0.065625
3 0.51875 0.6546875 0.084375 0.084375
3 0.596875 0.81328125 0.0765625 0.075
3 0.49453125 0.58515625 0.0703125 0.0765625
3 0.6859375 0.77421875 0.078125 0.059375
3 0.6703125 0.6546875 0.090625 0.071875
3 0.203125 0.63203125 0.078125 0.0578125
3 0.2609375 0.37890625 0.0828125 0.084375
3 0.92265625 0.665625 0.0953125 0.06875
3 0.409375 0.065625 0.1 0.06875
3 0.43515625 0.61875 0.071875 0.0734375
3 0.8109375 0.65078125 0.071875 0.071875
3 0.540625 0.8890625 0.06875 0.053125
3 0.1953125 0.3453125 0.0875 0.0875
4 0.77578125 0.7890625 0.090625 0.0921875
3 0.55078125 0.53359375 0.0859375 0.0671875
3 0.48125 0.7859375 0.06875 0.059375
3 0.1203125 0.3140625 0.0703125 0.0703125
3 0.59765625 0.2328125 0.0703125 0.065625
3 0.08203125 0.0765625 0.0734375 0.0734375
3 0.2609375 0.5984375 0.0671875 0.0671875
3 0.24609375 0.26796875 0.0859375 0.0859375
3 0.68203125 0.58125 0.0765625 0.078125
3 0.08046875 0.61484375 0.0734375 0.0703125
2 0.54140625 0.40546875 0.0859375 0.0875
3 0.32265625 0.65625 0.059375 0.059375
4 0.48203125 0.734375 0.1 0.1
3 0.34453125 0.2046875 0.0859375 0.053125
3 0.90390625 0.2203125 0.084375 0.0828125
3 0.3921875 0.76640625 0.090625 0.065625
3 0.415625 0.45703125 0.0875 0.0875
3 0.1140625 0.775 0.084375 0.075
3 0.33046875 0.33125 0.065625 0.05625
3 0.346875 0.5984375 0.071875 0.071875
3 0.89921875 0.27734375 0.075 0.0734375
3 0.43515625 0.134375 0.0796875 0.0796875
3 0.8640625 0.1625 0.0796875 0.0796875
3 0.77109375 0.5828125 0.0796875 0.065625
3 0.896875 0.8484375 0.1 0.05625
3 0.70390625 0.54765625 0.0890625 0.06875
3 0.77265625 0.33515625 0.0859375 0.0859375
3 0.0421875 0.70625 0.0671875 0.0671875
3 0.45 0.3140625 0.09375 0.059375
3 0.06484375 0.79375 0.0765625 0.078125
3 0.36796875 0.51875 0.0734375 0.078125
3 0.61875 0.7109375 0.0875 0.053125
3 0.80390625 0.18125 0.0828125 0.06875
3 0.846875 0.484375 0.084375 0.06875
3 0.5296875 0.1953125 0.078125 0.078125
3 0.91015625 0.8078125 0.0828125 0.08125
3 0.09765625 0.27578125 0.084375 0.084375
6 0.1296875 0.60234375 0.090625 0.090625
6 0.415625 0.21328125 0.0984375 0.0984375
3 0.3046875 0.47734375 0.075 0.0765625
3 0.046875 0.15625 0.0875 0.04375
3 0.52890625 0.2515625 0.0703125 0.0703125
3 0.7203125 0.31640625 0.0703125 0.071875
3 0.39921875 0.3421875 0.075 0.0765625
3 0.4625 0.42109375 0.090625 0.0734375
3 0.2953125 0.51953125 0.0875 0.0640625
3 0.5671875 0.85390625 0.096875 0.0703125
3 0.2984375 0.553125 0.075 0.075