3 0.34296875 0.584375 0.0734375 0.090625
2 0.6390625 0.559375 0.0625 0.090625
3 0.5390625 0.546875 0.08125 0.1
3 0.634375 0.16015625 0.06875 0.0828125
3 0.5859375 0.915625 0.0859375 0.0859375
3 0.19765625 0.6984375 0.0828125 0.0828125
3 0.7875 0.803125 0.0625 0.084375
3 0.25546875 0.63359375 0.0796875 0.0953125
3 0.45234375 0.72265625 0.0671875 0.0984375
3 0.45703125 0.08828125 0.0765625 0.1
3 0.68828125 0.4921875 0.0765625 0.084375
3 0.43046875 0.6296875 0.0875 0.0890625
3 0.3046875 0.91796875 0.071875 0.0859375
3 0.32421875 0.75234375 0.0765625 0.075
3 0.6421875 0.8328125 0.090625 0.090625
3 0.671875 0.40546875 0.08125 0.08125
3 0.80546875 0.32265625 0.08125 0.08125
3 0.7578125 0.87578125 0.071875 0.0921875
3 0.7875 0.58515625 0.084375 0.0828125
3 0.75078125 0.734375 0.078125 0.078125
3 0.0921875 0.90078125 0.06875 0.0703125
3 0.88515625 0.34140625 0.06875 0.06875
3 0.9 0.434375 0.0875 0.0875
3 0.36171875 0.66484375 0.075 0.075
3 0.6546875 0.07578125 0.084375 0.0859375
3 0.81640625 0.46875 0.0578125 0.078125
3 0.33359375 0.83515625 0.084375 0.084375
3 0.08828125 0.20703125 0.090625 0.090625
3 0.1 0.5015625 0.0796875 0.0796875
3 0.4171875 0.540625 0.0796875 0.0796875
3 0.33984375 0.13515625 0.0765625 0.1015625
3 0.60859375 0.4390625 0.0703125 0.090625
3 0.85078125 0.69765625 0.0671875 0.0890625
3 0.9421875 0.9171875 0.059375 0.096875
3 0.44140625 0.2078125 0.06875 0.0703125
3 0.56953125 0.80703125 0.0875 0.0875
3 0.0890625 0.14140625 0.0859375 0.0859375
3 0.9359375 0.0921875 0.0734375 0.0734375
3 0.51171875 0.8078125 0.0546875 0.071875
3 0.509375 0.2359375 0.0890625 0.0890625
2 0.2984375 0.515625 0.065625 0.090625
3 0.421875 0.32578125 0.0875 0.0875
3 0.63203125 0.2734375 0.08125 0.0828125
3 0.0765625 0.8390625 0.059375 0.071875
3 0.471875 0.6 0.090625 0.090625
3 0.39140625 0.88671875 0.090625 0.090625
3 0.196875 0.8546875 0.0828125 0.0828125
3 0.9125 0.55859375 0.0890625 0.0890625
3 0.38046875 0.46015625 0.0640625 0.1046875
3 0.17421875 0.7921875 0.0453125 0.078125
3 0.72890625 0.5578125 0.075 0.075
3 0.7875 0.5234375 0.065625 0.078125
3 0.5484375 0.44296875 0.059375 0.0953125
3 0.8640625 0.4984375 0.071875 0.071875
3 0.73515625 0.42265625 0.065625 0.065625
3 0.70703125 0.62734375 0.08125 0.08125
3 0.525 0.09453125 0.0765625 0.075
3 0.73671875 0.353125 0.0703125 0.071875
3 0.70546875 0.2765625 0.075 0.0765625
3 0.8828125 0.61796875 0.075 0.075
3 0.9375 0.69296875 0.06875 0.0890625
3 0.39921875 0.15390625 0.078125 0.078125
3 0.12421875 0.8171875 0.0453125 0.071875
3 0.3875 0.2453125 0.075 0.084375
3 0.56484375 0.359375 0.0625 0.09375
3 0.4921875 0.915625 0.08125 0.08125
3 0.5 0.38046875 0.06875 0.0765625
3 0.48671875 0.465625 0.0703125 0.09375
3 0.69375 0.8359375 0.075 0.1125
3 0.85234375 0.77109375 0.0734375 0.1015625
3 0.665625 0.2453125 0.0875 0.0875
3 0.7046875 0.490625 0.0859375 0.0859375
3 0.56875 0.321875 0.0625 0.06875
3 0.08984375 0.30625 0.078125 0.078125
3 0.0796875 0.04765625 0.065625 0.0953125
3 0.25703125 0.85 0.075 0.0765625
3 0.7390625 0.2796875 0.0796875 0.0796875
3 0.3609375 0.46328125 0.0625 0.090625
3 0.43671875 0.3703125 0.0859375 0.0859375
3 0.55859375 0.18984375 0.08125 0.1015625
3 0.12890625 0.353125 0.075 0.0765625
3 0.78125 0.3859375 0.05 0.078125
3 0.6953125 0.9453125 0.0875 0.0875
3 0.14375 0.43203125 0.06875 0.109375
3 0.909375 0.22578125 0.071875 0.0953125
3 0.2328125 0.77578125 0.06875 0.0703125
3 0.4578125 0.86484375 0.059375 0.0890625
6 0.08984375 0.73828125 0.0859375 0.0828125
3 0.9078125 0.89765625 0.0734375 0.0734375
3 0.8109375 0.14765625 0.078125 0.078125
3 0.84921875 0.1765625 0.0703125 0.084375
3 0.95546875 0.17578125 0.05625 0.0765625
3 0.90859375 0.15234375 0.0578125 0.065625
3 0.5140625 0.1390625 0.0765625 0.0765625
3 0.14140625 0.046875 0.0609375 0.090625
3 0.51796875 0.9296875 0.078125 0.078125
3 0.04453125 0.69609375 0.059375 0.059375
3 0.7546875 0.9609375 0.05625 0.078125
3 0.20859375 0.4546875 0.0609375 0.090625
3 0.2359375 0.409375 0.08125 0.08125
3 0.2640625 0.4265625 0.0875 0.0875
3 0.29375 0.43828125 0.065625 0.065625
3 0.35625 0.95078125 0.0625 0.0953125