3 0.7328125 0.934375 0.090625 0.090625
3 0.61953125 0.70546875 0.08125 0.08125
3 0.4828125 0.12421875 0.078125 0.0765625
3 0.665625 0.58046875 0.0796875 0.0796875
3 0.715625 0.315625 0.053125 0.103125
3 0.36796875 0.15859375 0.0609375 0.1015625
3 0.83125 0.3578125 0.0859375 0.0859375
3 0.9328125 0.66796875 0.071875 0.071875
3 0.603125 0.4828125 0.090625 0.090625
3 0.44765625 0.21328125 0.08125 0.08125
3 0.728125 0.47578125 0.09375 0.09375
3 0.8796875 0.13046875 0.0875 0.0890625
3 0.7671875 0.2203125 0.071875 0.109375
3 0.69453125 0.125 0.06875 0.109375
3 0.5234375 0.20078125 0.0890625 0.090625
3 0.74375 0.5640625 0.0875 0.078125
3 0.93515625 0.7421875 0.0828125 0.084375
3 0.3296875 0.34296875 0.08125 0.0796875
3 0.0859375 0.43359375 0.078125 0.0921875
3 0.06796875 0.3484375 0.0875 0.0875
3 0.95390625 0.32109375 0.075 0.075
3 0.1859375 0.18984375 0.078125 0.078125
3 0.1375 0.34296875 0.078125 0.078125
3 0.87890625 0.2390625 0.09375 0.0921875
3 0.759375 0.64765625 0.078125 0.090625
3 0.90546875 0.95390625 0.0859375 0.071875
3 0.4953125 0.565625 0.06875 0.096875
3 0.3515625 0.0734375 0.0890625 0.0890625
3 0.83359375 0.76015625 0.0890625 0.0890625
3 0.15703125 0.76796875 0.0890625 0.0890625
3 0.3171875 0.4265625 0.090625 0.090625
3 0.6640625 0.3890625 0.078125 0.078125
3 0.18984375 0.58046875 0.075 0.1015625
3 0.76796875 0.340625 0.0921875 0.09375
3 0.81328125 0.13671875 0.0734375 0.128125
3 0.1765625 0.36953125 0.065625 0.0859375
3 0.5453125 0.05546875 0.06875 0.1078125
3 0.28125 0.065625 0.0921875 0.0921875
3 0.1703125 0.45 0.071875 0.090625
3 0.490625 0.35703125 0.078125 0.1046875
3 0.43828125 0.0859375 0.0640625 0.15625
3 0.584375 0.815625 0.075 0.090625
3 0.31171875 0.2375 0.0796875 0.1
3 0.2765625 0.51640625 0.08125 0.08125
3 0.62890625 0.33046875 0.090625 0.090625
3 0.31875 0.6578125 0.075 0.103125
3 0.5546875 0.60390625 0.06875 0.0984375
3 0.1171875 0.27109375 0.0890625 0.0890625
3 0.3234375 0.94375 0.0953125 0.0953125
3 0.45546875 0.8640625 0.0765625 0.090625
3 0.15 0.91796875 0.08125 0.0828125
3 0.38203125 0.8234375 0.0859375 0.0859375
3 0.3328125 0.753125 0.078125 0.096875
3 0.275 0.87890625 0.0859375 0.084375
3 0.24375 0.3921875 0.0859375 0.0859375
3 0.11484375 0.7078125 0.0875 0.0875
3 0.096875 0.890625 0.0890625 0.0890625
3 0.91875 0.45078125 0.1046875 0.1046875
3 0.06875 0.77421875 0.0890625 0.0875
3 0.553125 0.38984375 0.0625 0.1203125