3 0.26484375 0.2671875 0.0703125 0.084375
3 0.3625 0.20234375 0.071875 0.0734375
3 0.7609375 0.81171875 0.0703125 0.06875
3 0.05 0.359375 0.084375 0.084375
3 0.7203125 0.30234375 0.065625 0.0796875
3 0.1484375 0.61640625 0.075 0.075
3 0.45390625 0.36875 0.06875 0.084375
3 0.60390625 0.57265625 0.08125 0.08125
3 0.43125 0.5859375 0.078125 0.1
3 0.64140625 0.7328125 0.0859375 0.0875
3 0.24453125 0.42734375 0.078125 0.078125
6 0.925 0.1390625 0.09375 0.09375
3 0.0625 0.9484375 0.06875 0.084375
3 0.2015625 0.3546875 0.084375 0.084375
3 0.04765625 0.4640625 0.0875 0.0875
3 0.71875 0.70859375 0.0765625 0.078125
3 0.721875 0.18828125 0.06875 0.0984375
3 0.37578125 0.72890625 0.0578125 0.0796875
3 0.353125 0.56171875 0.071875 0.0953125
3 0.21875 0.88828125 0.071875 0.071875
3 0.334375 0.08671875 0.08125 0.08125
3 0.43984375 0.91484375 0.078125 0.078125
3 0.490625 0.2390625 0.075 0.0875
3 0.553125 0.71015625 0.0828125 0.0828125
3 0.696875 0.37265625 0.05625 0.078125
3 0.1109375 0.8875 0.0859375 0.084375
3 0.4796875 0.82578125 0.071875 0.1015625
3 0.353125 0.47890625 0.0703125 0.071875
3 0.078125 0.1890625 0.0703125 0.0703125
3 0.64296875 0.9328125 0.0578125 0.075
3 0.85234375 0.36953125 0.065625 0.0890625
6 0.44453125 0.17890625 0.0765625 0.0984375
3 0.1546875 0.29609375 0.059375 0.0875
3 0.05625 0.0484375 0.0625 0.084375
3 0.15625 0.9296875 0.075 0.075
3 0.7375 0.50546875 0.05625 0.0765625
3 0.31796875 0.76796875 0.078125 0.0796875
3 0.9640625 0.484375 0.0703125 0.0703125
3 0.115625 0.084375 0.075 0.075
3 0.74375 0.89453125 0.0625 0.0859375
3 0.2 0.778125 0.0859375 0.0859375
3 0.69296875 0.65 0.0609375 0.0609375
3 0.140625 0.19375 0.06875 0.08125
3 0.2484375 0.12578125 0.065625 0.0859375
0 0.09140625 0.7265625 0.0796875 0.08125
3 0.47578125 0.0796875 0.0578125 0.06875
0 0.615625 0.1484375 0.09375 0.096875
3 0.553125 0.74765625 0.071875 0.0703125
3 0.56953125 0.8328125 0.065625 0.065625
3 0.5921875 0.0578125 0.071875 0.071875
3 0.62421875 0.621875 0.06875 0.0671875
6 0.56875 0.32421875 0.0953125 0.096875
3 0.334375 0.64921875 0.071875 0.071875
3 0.06796875 0.2703125 0.0671875 0.08125
3 0.35390625 0.91484375 0.0484375 0.0703125
3 0.62265625 0.49296875 0.0609375 0.065625
3 0.80625 0.2796875 0.0640625 0.0640625
3 0.71015625 0.459375 0.065625 0.065625
3 0.1453125 0.7609375 0.0625 0.090625
3 0.7421875 0.07734375 0.059375 0.0578125
3 0.90625 0.7140625 0.0671875 0.0671875
3 0.865625 0.9484375 0.05625 0.05625
3 0.5140625 0.13828125 0.065625 0.065625
3 0.175 0.69296875 0.053125 0.0671875
3 0.1921875 0.1140625 0.053125 0.084375
3 0.27109375 0.05 0.0671875 0.0875
3 0.9375 0.31015625 0.05625 0.059375
3 0.9359375 0.7515625 0.059375 0.078125
3 0.28515625 0.5640625 0.0828125 0.103125
3 0.9546875 0.6859375 0.05625 0.071875
3 0.4515625 0.45546875 0.053125 0.0859375
3 0.08125 0.6171875 0.0625 0.078125
3 0.25546875 0.5484375 0.0546875 0.08125
3 0.265625 0.865625 0.05 0.06875
3 0.88125 0.08671875 0.0578125 0.0578125
6 0.53203125 0.40859375 0.1 0.109375
6 0.27578125 0.8140625 0.096875 0.096875
3 0.83203125 0.06015625 0.05625 0.05625
3 0.2375 0.93359375 0.0609375 0.0625
3 0.2375 0.0703125 0.071875 0.071875
3 0.2875 0.484375 0.0578125 0.059375
3 0.565625 0.115625 0.05 0.0625
3 0.97734375 0.3328125 0.0421875 0.071875