3 0.68671875 0.7359375 0.09375 0.0921875
3 0.45625 0.47109375 0.0953125 0.0953125
3 0.0921875 0.4703125 0.08125 0.10625
3 0.23359375 0.1390625 0.084375 0.084375
3 0.88203125 0.43046875 0.075 0.1078125
3 0.2625 0.25078125 0.075 0.1109375
3 0.3234375 0.21015625 0.090625 0.0890625
6 0.5171875 0.34296875 0.08125 0.0984375
3 0.353125 0.06640625 0.0828125 0.084375
3 0.94765625 0.08984375 0.0875 0.0875
3 0.05859375 0.103125 0.0796875 0.078125
3 0.06640625 0.246875 0.08125 0.08125
3 0.95859375 0.840625 0.065625 0.0875
6 0.12265625 0.18359375 0.0921875 0.125
3 0.52578125 0.8125 0.0875 0.0875
3 0.075 0.859375 0.09375 0.09375
6 0.8875 0.27265625 0.1109375 0.1109375
3 0.03671875 0.35234375 0.0703125 0.1015625
3 0.2984375 0.1515625 0.071875 0.090625
3 0.40546875 0.1453125 0.075 0.075
3 0.5671875 0.11328125 0.071875 0.0953125
3 0.46328125 0.121875 0.0640625 0.096875
3 0.5671875 0.875 0.084375 0.084375
3 0.5 0.22421875 0.05625 0.0828125
3 0.27109375 0.44765625 0.0671875 0.078125
3 0.56328125 0.409375 0.065625 0.084375
3 0.653125 0.34296875 0.075 0.0765625
3 0.7140625 0.4140625 0.075 0.075
3 0.32734375 0.29453125 0.075 0.075
3 0.2734375 0.30703125 0.071875 0.0859375
3 0.290625 0.39296875 0.075 0.075
3 0.609375 0.52734375 0.06875 0.075
3 0.628125 0.41328125 0.084375 0.084375
3 0.6765625 0.36796875 0.065625 0.0828125
3 0.6546875 0.48359375 0.0734375 0.0734375
3 0.68125 0.55625 0.065625 0.09375
3 0.940625 0.59921875 0.0765625 0.075
3 0.9140625 0.5671875 0.0828125 0.0828125
3 0.875 0.6078125 0.0765625 0.0765625
3 0.7734375 0.5734375 0.059375 0.078125
3 0.71796875 0.60234375 0.06875 0.06875
3 0.36328125 0.903125 0.0703125 0.096875
3 0.38203125 0.38359375 0.0609375 0.090625
3 0.1484375 0.603125 0.078125 0.078125
3 0.1265625 0.77109375 0.08125 0.0953125
3 0.25625 0.896875 0.05625 0.0875
3 0.3125 0.92734375 0.0734375 0.071875
3 0.26328125 0.9359375 0.0765625 0.075
3 0.1359375 0.3859375 0.078125 0.078125
3 0.2046875 0.43984375 0.078125 0.078125
3 0.1734375 0.40703125 0.078125 0.0765625
3 0.36953125 0.1515625 0.0765625 0.0765625
3 0.296875 0.08203125 0.0734375 0.0734375
3 0.41171875 0.053125 0.0734375 0.071875
3 0.828125 0.6015625 0.065625 0.090625
3 0.93046875 0.759375 0.0734375 0.096875
6 0.3359375 0.8375 0.1 0.1
3 0.5109375 0.93203125 0.071875 0.0765625
3 0.19140625 0.8546875 0.059375 0.059375