3 0.31328125 0.2640625 0.09375 0.0921875
3 0.54375 0.52890625 0.0953125 0.0953125
3 0.9078125 0.5296875 0.08125 0.10625
3 0.76640625 0.8609375 0.084375 0.084375
3 0.11796875 0.56953125 0.075 0.1078125
3 0.7375 0.74921875 0.09375 0.09375
3 0.6765625 0.78984375 0.090625 0.0890625
6 0.4828125 0.65703125 0.08125 0.0984375
3 0.646875 0.93359375 0.075 0.0921875
3 0.05234375 0.91015625 0.0875 0.0875
3 0.94140625 0.896875 0.0671875 0.090625
3 0.93359375 0.753125 0.0734375 0.0875
3 0.04140625 0.159375 0.0765625 0.0765625
6 0.87734375 0.81640625 0.0921875 0.125
3 0.47421875 0.1875 0.0875 0.0875
3 0.925 0.140625 0.09375 0.09375
6 0.1125 0.72734375 0.11875 0.103125
3 0.96328125 0.64765625 0.0703125 0.1015625
3 0.7015625 0.8484375 0.08125 0.08125
3 0.59453125 0.8546875 0.075 0.075
3 0.4328125 0.88671875 0.071875 0.0953125
3 0.53671875 0.878125 0.0796875 0.08125
3 0.4328125 0.125 0.065625 0.103125
3 0.5 0.77578125 0.06875 0.0703125
3 0.72890625 0.55234375 0.0671875 0.078125
3 0.43671875 0.590625 0.065625 0.084375
3 0.346875 0.65703125 0.0765625 0.075
3 0.2859375 0.5859375 0.071875 0.078125
3 0.67265625 0.70546875 0.0609375 0.0890625
3 0.7265625 0.69296875 0.071875 0.0859375
3 0.709375 0.60703125 0.06875 0.0796875
3 0.390625 0.47265625 0.071875 0.071875
3 0.371875 0.58671875 0.084375 0.084375
3 0.3234375 0.63203125 0.065625 0.0828125
3 0.3453125 0.51640625 0.0734375 0.0734375
3 0.31875 0.44375 0.065625 0.09375
3 0.059375 0.40078125 0.0765625 0.075
3 0.0859375 0.4328125 0.06875 0.096875
3 0.125 0.3921875 0.0765625 0.078125
3 0.2265625 0.4265625 0.06875 0.06875
3 0.28203125 0.39765625 0.06875 0.06875
3 0.63671875 0.096875 0.0703125 0.096875
3 0.61796875 0.61640625 0.0609375 0.090625
3 0.8515625 0.396875 0.078125 0.078125
3 0.8734375 0.22890625 0.08125 0.0953125
3 0.74375 0.103125 0.05625 0.0875
3 0.6875 0.07265625 0.0625 0.0828125
3 0.73671875 0.0640625 0.0765625 0.075
3 0.8640625 0.6140625 0.078125 0.078125
3 0.7953125 0.56015625 0.059375 0.0953125
3 0.8265625 0.59296875 0.059375 0.0953125
3 0.63046875 0.8484375 0.0765625 0.0765625
3 0.703125 0.91796875 0.0734375 0.0734375
3 0.58828125 0.946875 0.0578125 0.0875
3 0.171875 0.3984375 0.078125 0.078125
3 0.06953125 0.240625 0.0734375 0.096875
6 0.6640625 0.1625 0.1 0.1
3 0.4890625 0.06796875 0.071875 0.0765625
3 0.80859375 0.1453125 0.059375 0.059375