3 0.54140625 0.8328125 0.08125 0.103125
3 0.75859375 0.78828125 0.0796875 0.096875
3 0.22109375 0.6140625 0.0828125 0.11875
0 0.078125 0.74765625 0.090625 0.1453125
3 0.84375 0.534375 0.075 0.075
3 0.496875 0.4859375 0.090625 0.090625
3 0.7484375 0.5390625 0.08125 0.1
3 0.84921875 0.18984375 0.0859375 0.0859375
3 0.60703125 0.87734375 0.084375 0.084375
3 0.8171875 0.66015625 0.0984375 0.096875
3 0.5390625 0.54765625 0.075 0.096875
3 0.93125 0.13515625 0.0828125 0.084375
3 0.9 0.71015625 0.075 0.103125
3 0.2359375 0.0796875 0.059375 0.084375
3 0.69921875 0.85 0.0796875 0.096875
3 0.34453125 0.646875 0.0765625 0.10625
3 0.21328125 0.9296875 0.0765625 0.1
3 0.68515625 0.05078125 0.0734375 0.0921875
3 0.61875 0.1 0.0953125 0.0953125
0 0.35 0.203125 0.090625 0.1
3 0.6609375 0.49296875 0.0859375 0.084375
3 0.04609375 0.440625 0.078125 0.0796875
3 0.315625 0.06796875 0.0859375 0.084375
3 0.875 0.90703125 0.06875 0.0953125
3 0.49296875 0.7421875 0.0828125 0.08125
3 0.30078125 0.14765625 0.0828125 0.0828125
3 0.82578125 0.84140625 0.0796875 0.0953125
3 0.1203125 0.4671875 0.071875 0.115625
3 0.87578125 0.39609375 0.075 0.1046875
3 0.3140625 0.32421875 0.06875 0.1015625
3 0.5640625 0.428125 0.078125 0.1
3 0.14296875 0.921875 0.090625 0.090625
3 0.23671875 0.25390625 0.078125 0.078125
3 0.66171875 0.3078125 0.0734375 0.103125
3 0.2734375 0.3921875 0.078125 0.103125
3 0.4765625 0.56953125 0.09375 0.0953125
3 0.41015625 0.3828125 0.1015625 0.1015625
3 0.32890625 0.88359375 0.08125 0.08125
3 0.41953125 0.2 0.0703125 0.109375
3 0.6796875 0.9046875 0.0765625 0.0765625
3 0.071875 0.95546875 0.06875 0.0859375
3 0.1234375 0.07734375 0.0796875 0.0796875
3 0.3453125 0.434375 0.0953125 0.0953125
3 0.81875 0.9390625 0.075 0.075
3 0.47734375 0.21640625 0.0671875 0.1265625
3 0.80078125 0.4671875 0.09375 0.0921875