3 0.78125 0.60390625 0.059375 0.0859375
3 0.93046875 0.2359375 0.0609375 0.0875
3 0.7953125 0.44296875 0.075 0.090625
3 0.2015625 0.63359375 0.0765625 0.078125
3 0.45859375 0.9484375 0.0609375 0.08125
3 0.10078125 0.58125 0.06875 0.0703125
3 0.3703125 0.83515625 0.0734375 0.075
3 0.25859375 0.80390625 0.0765625 0.0953125
3 0.51875 0.2328125 0.065625 0.090625
3 0.89296875 0.55859375 0.0703125 0.0703125
3 0.05546875 0.38671875 0.0640625 0.075
3 0.06953125 0.6671875 0.078125 0.078125
3 0.7265625 0.3515625 0.078125 0.078125
3 0.5265625 0.8890625 0.071875 0.071875
3 0.8734375 0.18671875 0.0875 0.0875
3 0.45390625 0.7203125 0.0625 0.084375
3 0.6640625 0.2328125 0.065625 0.0875
3 0.0765625 0.83515625 0.0796875 0.0796875
3 0.4015625 0.6953125 0.053125 0.0875
3 0.2390625 0.9265625 0.071875 0.1
3 0.60390625 0.3390625 0.075 0.075
3 0.278125 0.24765625 0.0828125 0.084375
3 0.24453125 0.42890625 0.0609375 0.0734375
3 0.8046875 0.72578125 0.078125 0.0796875
3 0.6609375 0.390625 0.071875 0.071875
3 0.915625 0.76953125 0.0765625 0.0765625
3 0.81875 0.0953125 0.05625 0.075
3 0.42578125 0.5484375 0.0484375 0.090625
3 0.15234375 0.47578125 0.0703125 0.0875
3 0.53046875 0.4484375 0.0703125 0.0875
3 0.91875 0.32421875 0.06875 0.06875
3 0.59140625 0.1203125 0.0640625 0.103125
3 0.6796875 0.815625 0.075 0.075
3 0.58046875 0.7203125 0.0546875 0.08125
3 0.14140625 0.71796875 0.071875 0.071875
3 0.934375 0.0703125 0.0703125 0.0703125
3 0.71171875 0.8765625 0.078125 0.078125
3 0.3453125 0.59609375 0.071875 0.0796875
3 0.51875 0.3515625 0.0625 0.090625
3 0.478125 0.7921875 0.08125 0.08125
3 0.73671875 0.24140625 0.0609375 0.0828125
3 0.209375 0.2140625 0.0765625 0.0765625
3 0.73828125 0.7578125 0.0578125 0.103125
3 0.359375 0.15390625 0.05625 0.0828125
3 0.8015625 0.23671875 0.0671875 0.065625
3 0.609375 0.63359375 0.075 0.0765625
6 0.6734375 0.10859375 0.1 0.0984375
3 0.925 0.48125 0.0625 0.08125
3 0.52421875 0.73046875 0.0578125 0.096875
3 0.415625 0.275 0.071875 0.0703125
3 0.2171875 0.08046875 0.053125 0.0671875
3 0.5453125 0.5546875 0.075 0.075
3 0.2875 0.48828125 0.0625 0.0640625
3 0.665625 0.72421875 0.05 0.075
3 0.58359375 0.23515625 0.06875 0.0765625
3 0.67265625 0.46953125 0.0640625 0.0828125
3 0.28828125 0.32421875 0.065625 0.065625
3 0.73984375 0.56171875 0.0546875 0.0703125
3 0.64609375 0.58671875 0.0578125 0.0765625
6 0.7296875 0.4515625 0.059375 0.103125
3 0.2359375 0.24375 0.075 0.075
3 0.16796875 0.86171875 0.0609375 0.0828125
3 0.8546875 0.6328125 0.059375 0.08125
0 0.7484375 0.11796875 0.06875 0.125
3 0.175 0.9265625 0.059375 0.059375
3 0.11015625 0.071875 0.065625 0.065625
3 0.78359375 0.81328125 0.06875 0.06875
3 0.23359375 0.13984375 0.0734375 0.0734375
6 0.4578125 0.24375 0.10625 0.10625
3 0.828125 0.871875 0.075 0.090625
3 0.6625 0.5203125 0.06875 0.06875
3 0.553125 0.30234375 0.0625 0.078125
3 0.57265625 0.5015625 0.06875 0.06875
3 0.68125 0.65546875 0.05625 0.0984375
3 0.37734375 0.53828125 0.071875 0.071875
3 0.13515625 0.81015625 0.0703125 0.0703125
3 0.91484375 0.40390625 0.0546875 0.0734375
3 0.34140625 0.4984375 0.0421875 0.084375
3 0.15234375 0.11640625 0.0796875 0.1109375
3 0.875 0.95859375 0.0578125 0.0578125
3 0.1921875 0.7953125 0.059375 0.059375
3 0.9453125 0.5484375 0.0640625 0.0640625
3 0.15546875 0.32890625 0.075 0.075
3 0.8421875 0.9234375 0.0671875 0.0671875
3 0.73125 0.95078125 0.0625 0.084375
3 0.71640625 0.51875 0.059375 0.059375
3 0.7703125 0.20703125 0.075 0.0765625
6 0.35546875 0.6953125 0.0671875 0.15
3 0.971875 0.48671875 0.05625 0.0609375
3 0.60546875 0.034375 0.053125 0.06875