3 0.21875 0.39609375 0.0734375 0.071875
3 0.06953125 0.7640625 0.0734375 0.0734375
3 0.2046875 0.55703125 0.0828125 0.0828125
3 0.7984375 0.36640625 0.065625 0.0890625
3 0.54140625 0.0515625 0.0609375 0.08125
3 0.89921875 0.41875 0.06875 0.0703125
3 0.6296875 0.16484375 0.0734375 0.075
3 0.74140625 0.19609375 0.0765625 0.0953125
3 0.48125 0.7671875 0.065625 0.090625
3 0.10703125 0.44140625 0.0703125 0.0703125
3 0.94453125 0.61328125 0.0703125 0.06875
3 0.93046875 0.3328125 0.0703125 0.0875
3 0.2734375 0.6484375 0.078125 0.078125
3 0.4734375 0.1109375 0.065625 0.078125
3 0.1265625 0.81328125 0.071875 0.1046875
3 0.54609375 0.2796875 0.0734375 0.0734375
3 0.3359375 0.7671875 0.0765625 0.0765625
3 0.9234375 0.16484375 0.0796875 0.0796875
3 0.5984375 0.3046875 0.053125 0.0875
3 0.7609375 0.0734375 0.0859375 0.0859375
3 0.39609375 0.6609375 0.075 0.075
3 0.721875 0.75234375 0.0828125 0.084375
3 0.75546875 0.57109375 0.0671875 0.0671875
3 0.1953125 0.27421875 0.06875 0.0890625
3 0.3390625 0.609375 0.071875 0.071875
3 0.084375 0.23046875 0.06875 0.084375
3 0.18125 0.9046875 0.05625 0.075
3 0.57421875 0.4515625 0.0703125 0.06875
3 0.84765625 0.52421875 0.0703125 0.0875
3 0.46953125 0.5515625 0.0703125 0.0875
3 0.08125 0.67578125 0.065625 0.0734375
3 0.40859375 0.8796875 0.0640625 0.103125
3 0.3203125 0.184375 0.075 0.075
3 0.41953125 0.2796875 0.0671875 0.06875
3 0.85859375 0.28203125 0.071875 0.0734375
3 0.065625 0.9296875 0.0703125 0.071875
3 0.28828125 0.1234375 0.078125 0.078125
3 0.6546875 0.40390625 0.075 0.0765625
3 0.48125 0.6484375 0.0625 0.090625
3 0.521875 0.2078125 0.06875 0.09375
3 0.26328125 0.75859375 0.071875 0.071875
3 0.790625 0.7859375 0.0625 0.090625
3 0.26171875 0.2421875 0.0578125 0.103125
3 0.640625 0.84609375 0.05625 0.0828125
3 0.1984375 0.76328125 0.0609375 0.0734375
3 0.390625 0.36640625 0.075 0.0765625
6 0.3265625 0.89140625 0.078125 0.1203125
3 0.075 0.51875 0.071875 0.071875
3 0.47578125 0.26953125 0.0578125 0.096875
3 0.584375 0.725 0.05625 0.084375
3 0.7828125 0.91953125 0.053125 0.0671875
3 0.4546875 0.4453125 0.059375 0.090625
3 0.7125 0.51171875 0.0625 0.065625
3 0.334375 0.27578125 0.0625 0.0625
3 0.41640625 0.76484375 0.06875 0.0765625
3 0.32734375 0.53046875 0.0734375 0.0734375
3 0.71171875 0.67578125 0.065625 0.065625
3 0.26015625 0.43828125 0.0625 0.0625
3 0.35390625 0.41328125 0.0578125 0.0765625
6 0.2703125 0.5484375 0.059375 0.103125
3 0.7640625 0.75625 0.075 0.075
3 0.83203125 0.13828125 0.0609375 0.0828125
3 0.1453125 0.3671875 0.0703125 0.0703125
0 0.2515625 0.88203125 0.096875 0.096875
3 0.825 0.0734375 0.059375 0.059375
3 0.88984375 0.928125 0.065625 0.065625
3 0.21640625 0.18671875 0.06875 0.06875
3 0.76640625 0.86015625 0.0734375 0.0734375
6 0.5421875 0.75625 0.10625 0.10625
3 0.171875 0.128125 0.084375 0.0828125
3 0.3375 0.4796875 0.05625 0.08125
3 0.446875 0.69765625 0.0625 0.078125
3 0.42734375 0.4984375 0.053125 0.084375
3 0.31875 0.34453125 0.0765625 0.078125
3 0.62265625 0.46171875 0.071875 0.071875
3 0.86484375 0.18984375 0.0703125 0.0703125
3 0.08515625 0.59609375 0.0546875 0.0734375
3 0.65859375 0.5015625 0.0625 0.0625
3 0.84765625 0.88359375 0.0953125 0.0953125
3 0.125 0.04140625 0.0578125 0.0578125
3 0.8078125 0.2046875 0.053125 0.065625
3 0.0546875 0.4515625 0.05 0.078125
3 0.84453125 0.67109375 0.0375 0.1125
3 0.1578125 0.0765625 0.0625 0.071875
3 0.26875 0.04921875 0.0625 0.084375
3 0.28359375 0.48125 0.0484375 0.06875
3 0.2296875 0.79296875 0.05 0.1015625
6 0.64453125 0.3046875 0.1078125 0.109375
3 0.02421875 0.5140625 0.0484375 0.075
3 0.39453125 0.965625 0.053125 0.06875