3 0.25859375 0.228125 0.0796875 0.1
3 0.5796875 0.46796875 0.096875 0.096875
3 0.68125 0.15625 0.0875 0.0875
3 0.2171875 0.503125 0.06875 0.096875
3 0.47109375 0.4765625 0.0828125 0.1
3 0.1609375 0.26171875 0.0875 0.0875
3 0.55625 0.80859375 0.0890625 0.0890625
3 0.5640625 0.2734375 0.078125 0.0875
3 0.6328125 0.70546875 0.06875 0.1046875
3 0.7296875 0.8015625 0.078125 0.096875
3 0.640625 0.415625 0.075 0.1125
3 0.7859375 0.08125 0.078125 0.075
3 0.1484375 0.5578125 0.075 0.103125
3 0.48125 0.74375 0.075 0.1125
3 0.3078125 0.3484375 0.078125 0.1125
3 0.75234375 0.43203125 0.0796875 0.0796875
3 0.88203125 0.26328125 0.0765625 0.1078125
3 0.33359375 0.8109375 0.08125 0.103125
3 0.3703125 0.51796875 0.084375 0.0828125
3 0.4203125 0.0859375 0.071875 0.096875
3 0.48515625 0.0609375 0.0921875 0.0921875
3 0.07265625 0.43671875 0.078125 0.078125
3 0.909375 0.4765625 0.0859375 0.0859375
3 0.04921875 0.34296875 0.0765625 0.103125
3 0.4078125 0.703125 0.08125 0.08125
3 0.2671875 0.79140625 0.08125 0.0828125
3 0.6265625 0.24375 0.078125 0.090625
3 0.0609375 0.8015625 0.090625 0.090625
3 0.7109375 0.21328125 0.071875 0.0984375
3 0.37109375 0.61171875 0.08125 0.1
3 0.40859375 0.803125 0.0765625 0.10625
3 0.19375 0.69296875 0.065625 0.1171875
3 0.22421875 0.40390625 0.0890625 0.0890625
3 0.90703125 0.68828125 0.0765625 0.078125
3 0.88125 0.06640625 0.06875 0.0953125
3 0.034375 0.50703125 0.06875 0.1046875
3 0.09453125 0.55390625 0.0890625 0.0890625
3 0.17421875 0.64453125 0.084375 0.084375
3 0.15859375 0.725 0.0875 0.0875
3 0.553125 0.06484375 0.078125 0.115625
3 0.7765625 0.86875 0.0828125 0.0828125
3 0.83671875 0.8234375 0.0921875 0.090625
3 0.553125 0.18984375 0.0875 0.0859375
3 0.47421875 0.2875 0.0796875 0.09375
3 0.18828125 0.80078125 0.0734375 0.0890625
3 0.12109375 0.9078125 0.0734375 0.084375
3 0.18203125 0.16015625 0.0859375 0.0859375
3 0.728125 0.3359375 0.0828125 0.0828125
3 0.26640625 0.7328125 0.0765625 0.096875
3 0.4546875 0.86328125 0.078125 0.1015625
3 0.70625 0.31640625 0.0875 0.0859375
3 0.95546875 0.7578125 0.0875 0.0875
3 0.7578125 0.6890625 0.071875 0.084375
0 0.57734375 0.5671875 0.109375 0.109375
3 0.77890625 0.56640625 0.0671875 0.109375
3 0.428125 0.16875 0.06875 0.08125
3 0.3390625 0.759375 0.0859375 0.0859375
3 0.96171875 0.86484375 0.0671875 0.1078125
3 0.45234375 0.384375 0.0640625 0.08125
3 0.828125 0.4921875 0.075 0.090625
3 0.12734375 0.3265625 0.065625 0.1
3 0.8921875 0.8828125 0.075 0.096875
3 0.59921875 0.096875 0.0546875 0.103125
3 0.72734375 0.603125 0.078125 0.078125
3 0.86875 0.85234375 0.084375 0.0859375
0 0.69375 0.49765625 0.08125 0.1453125
3 0.840625 0.51875 0.08125 0.0828125
3 0.49296875 0.196875 0.071875 0.10625
3 0.459375 0.1734375 0.065625 0.103125
3 0.11171875 0.8609375 0.0609375 0.128125
3 0.1140625 0.34296875 0.0828125 0.0828125