3 0.5015625 0.6515625 0.1 0.078125
3 0.29453125 0.046875 0.0734375 0.06875
3 0.7859375 0.38984375 0.08125 0.08125
3 0.075 0.0609375 0.0828125 0.0828125
3 0.88515625 0.70078125 0.084375 0.084375
3 0.7796875 0.70703125 0.09375 0.0734375
3 0.20703125 0.27578125 0.084375 0.084375
3 0.534375 0.1921875 0.1125 0.065625
3 0.21015625 0.05234375 0.1015625 0.065625
3 0.6734375 0.23203125 0.0859375 0.0859375
3 0.940625 0.884375 0.078125 0.078125
3 0.834375 0.58828125 0.10625 0.0640625
3 0.45390625 0.78671875 0.1078125 0.0609375
3 0.671875 0.46640625 0.103125 0.0578125
3 0.071875 0.1078125 0.1125 0.0625
3 0.76328125 0.92109375 0.090625 0.090625
3 0.646875 0.509375 0.10625 0.06875
3 0.52578125 0.8328125 0.109375 0.075
3 0.796875 0.64765625 0.084375 0.084375
3 0.9078125 0.815625 0.08125 0.08125
3 0.72421875 0.3375 0.0828125 0.0828125
3 0.534375 0.0984375 0.075 0.075
3 0.6484375 0.10859375 0.084375 0.090625
3 0.30390625 0.12578125 0.075 0.0828125
3 0.29453125 0.39296875 0.0828125 0.0828125
3 0.43359375 0.103125 0.1203125 0.06875
3 0.21015625 0.88203125 0.0984375 0.0640625
3 0.38359375 0.94375 0.1109375 0.0625
3 0.61484375 0.83515625 0.08125 0.08125
3 0.33984375 0.321875 0.1328125 0.059375
3 0.253125 0.41953125 0.121875 0.0578125
3 0.65390625 0.4140625 0.1390625 0.053125
3 0.7484375 0.49296875 0.090625 0.090625
3 0.26015625 0.8078125 0.0984375 0.08125
3 0.590625 0.084375 0.071875 0.1
3 0.3953125 0.7671875 0.090625 0.078125
3 0.228125 0.46171875 0.096875 0.096875
3 0.0921875 0.946875 0.115625 0.075
3 0.40390625 0.05234375 0.09375 0.09375
3 0.55 0.25546875 0.14375 0.0625
3 0.6140625 0.78984375 0.13125 0.0625
3 0.38046875 0.26875 0.0828125 0.0828125
3 0.54609375 0.38671875 0.1078125 0.0796875
3 0.9015625 0.05 0.121875 0.05625
3 0.69765625 0.609375 0.1421875 0.053125
3 0.13046875 0.5109375 0.1546875 0.059375