3 0.20546875 0.70703125 0.103125 0.0765625
3 0.75390625 0.1703125 0.090625 0.090625
3 0.759375 0.45859375 0.090625 0.090625
3 0.5015625 0.778125 0.0890625 0.0890625
3 0.8296875 0.86484375 0.1 0.06875
3 0.6265625 0.11796875 0.109375 0.084375
3 0.9390625 0.840625 0.090625 0.090625
3 0.88515625 0.7 0.0921875 0.09375
3 0.3078125 0.7390625 0.096875 0.071875
3 0.85078125 0.2640625 0.090625 0.090625
3 0.253125 0.43125 0.103125 0.08125
3 0.296875 0.09296875 0.1 0.0796875
3 0.74921875 0.5859375 0.0984375 0.071875
3 0.13046875 0.353125 0.096875 0.096875
3 0.0640625 0.6609375 0.0921875 0.0921875
3 0.065625 0.04296875 0.090625 0.0859375
3 0.3421875 0.3046875 0.084375 0.071875
3 0.16953125 0.9578125 0.1015625 0.084375
3 0.903125 0.34375 0.0890625 0.0890625
3 0.92265625 0.58515625 0.0875 0.0875
3 0.2296875 0.23046875 0.1 0.1
3 0.47734375 0.29609375 0.1 0.0859375
3 0.115625 0.103125 0.096875 0.096875
3 0.4859375 0.96015625 0.0875 0.0796875
3 0.07734375 0.184375 0.090625 0.0921875
3 0.39609375 0.134375 0.0765625 0.0765625
3 0.6828125 0.4640625 0.096875 0.075
3 0.47421875 0.89140625 0.0828125 0.0671875
3 0.40859375 0.59921875 0.0890625 0.0890625
3 0.3796875 0.184375 0.0953125 0.0953125
3 0.39140625 0.5578125 0.1 0.071875
3 0.8125 0.35546875 0.0953125 0.0953125
5 0.6078125 0.75625 0.1234375 0.1234375
3 0.496875 0.565625 0.0796875 0.0796875
3 0.51015625 0.89765625 0.1046875 0.059375