3 0.79453125 0.70703125 0.090625 0.090625
3 0.24609375 0.1703125 0.090625 0.090625
3 0.240625 0.45859375 0.1 0.08125
3 0.4984375 0.778125 0.090625 0.0875
3 0.1703125 0.86484375 0.084375 0.084375
3 0.3734375 0.11796875 0.109375 0.084375
3 0.0609375 0.840625 0.090625 0.090625
3 0.11484375 0.7 0.1078125 0.078125
3 0.6921875 0.7390625 0.084375 0.084375
3 0.14921875 0.2640625 0.1046875 0.078125
3 0.746875 0.43125 0.103125 0.08125
3 0.703125 0.09296875 0.1 0.0796875
3 0.25078125 0.5859375 0.0984375 0.071875
3 0.86953125 0.353125 0.096875 0.096875
3 0.9359375 0.6609375 0.0921875 0.0921875
3 0.934375 0.04296875 0.090625 0.0859375
3 0.6578125 0.3046875 0.078125 0.078125
3 0.83046875 0.9578125 0.1015625 0.084375
3 0.096875 0.34375 0.0875 0.090625
3 0.07734375 0.58515625 0.0875 0.0875
3 0.7703125 0.23046875 0.1 0.1
3 0.52265625 0.29609375 0.1 0.0859375
3 0.884375 0.103125 0.10625 0.0875
3 0.51328125 0.9640625 0.1046875 0.071875
3 0.92265625 0.184375 0.1015625 0.08125
3 0.60390625 0.134375 0.0765625 0.0765625
3 0.3171875 0.4640625 0.096875 0.075
3 0.52578125 0.89140625 0.075 0.075
3 0.59140625 0.59921875 0.0890625 0.0890625
3 0.6203125 0.184375 0.13125 0.059375
3 0.60859375 0.5578125 0.1 0.071875
3 0.1875 0.35546875 0.0953125 0.0953125
5 0.3921875 0.75625 0.1234375 0.1234375
3 0.503125 0.565625 0.090625 0.06875
3 0.48984375 0.89765625 0.08125 0.08125