3 0.471875 0.53984375 0.0625 0.0828125
3 0.39609375 0.740625 0.0640625 0.096875
3 0.90625 0.66171875 0.08125 0.0828125
3 0.19140625 0.090625 0.075 0.075
4 0.3109375 0.90625 0.084375 0.084375
3 0.78125 0.196875 0.053125 0.090625
3 0.734375 0.88984375 0.065625 0.0859375
3 0.709375 0.5125 0.0828125 0.0828125
3 0.3765625 0.39609375 0.078125 0.078125
3 0.93125 0.88828125 0.0796875 0.08125
3 0.88125 0.76171875 0.0890625 0.0890625
3 0.55703125 0.7703125 0.0734375 0.0734375
3 0.1984375 0.4609375 0.0734375 0.0734375
4 0.25546875 0.15390625 0.071875 0.1046875
3 0.15625 0.81328125 0.075 0.0890625
3 0.51875 0.21875 0.078125 0.078125
3 0.09453125 0.47421875 0.0640625 0.084375
3 0.284375 0.23984375 0.078125 0.0765625
3 0.846875 0.103125 0.06875 0.103125
3 0.46953125 0.4359375 0.084375 0.084375
3 0.7734375 0.32734375 0.0703125 0.071875
3 0.528125 0.39765625 0.0796875 0.08125
3 0.17578125 0.575 0.071875 0.071875
3 0.78984375 0.50546875 0.0703125 0.0921875
3 0.66015625 0.75078125 0.0765625 0.0765625
3 0.334375 0.665625 0.075 0.075
3 0.575 0.19140625 0.0734375 0.0734375
3 0.73046875 0.16953125 0.0578125 0.0890625
3 0.3453125 0.14921875 0.08125 0.08125
3 0.478125 0.3015625 0.0765625 0.0765625
3 0.55625 0.6921875 0.0765625 0.0765625
3 0.5984375 0.66875 0.059375 0.084375
3 0.5765625 0.49140625 0.065625 0.0953125
3 0.5953125 0.40546875 0.0625 0.0875
3 0.72109375 0.4 0.06875 0.09375
3 0.24453125 0.5046875 0.075 0.0875
3 0.61875 0.90078125 0.06875 0.0828125
3 0.72578125 0.27578125 0.0765625 0.0765625
3 0.25625 0.95078125 0.06875 0.0796875
3 0.42578125 0.9265625 0.0640625 0.071875
3 0.6609375 0.83359375 0.059375 0.0859375
3 0.959375 0.2359375 0.065625 0.071875
3 0.359375 0.1859375 0.0625 0.084375
3 0.515625 0.8453125 0.0703125 0.0703125
3 0.6765625 0.15546875 0.090625 0.090625
3 0.57578125 0.1109375 0.0609375 0.08125
3 0.809375 0.12109375 0.08125 0.08125
3 0.04375 0.51640625 0.0875 0.0859375
3 0.278125 0.77890625 0.084375 0.084375
3 0.91875 0.525 0.08125 0.08125
3 0.91796875 0.4828125 0.0625 0.090625
3 0.0375 0.21171875 0.075 0.0796875
3 0.32265625 0.8140625 0.075 0.075
3 0.89453125 0.9453125 0.0515625 0.1
3 0.49375 0.88203125 0.0625 0.0765625
3 0.06953125 0.2734375 0.084375 0.0859375
3 0.6484375 0.47734375 0.05 0.1390625
3 0.6265625 0.82734375 0.065625 0.0953125
3 0.446875 0.23984375 0.090625 0.090625