3 0.528125 0.46015625 0.071875 0.0734375
3 0.60390625 0.259375 0.08125 0.0796875
3 0.09375 0.33828125 0.075 0.0890625
3 0.80859375 0.909375 0.075 0.075
4 0.6890625 0.09375 0.084375 0.084375
3 0.21875 0.803125 0.071875 0.071875
3 0.265625 0.11015625 0.075 0.0765625
3 0.290625 0.4875 0.06875 0.096875
3 0.6234375 0.60390625 0.078125 0.078125
3 0.06875 0.11171875 0.0796875 0.08125
3 0.11875 0.23828125 0.075 0.103125
3 0.44296875 0.2296875 0.0734375 0.0734375
3 0.8015625 0.5390625 0.0734375 0.0734375
4 0.74453125 0.84609375 0.0875 0.0875
3 0.84375 0.18671875 0.08125 0.08125
3 0.48125 0.78125 0.0625 0.09375
3 0.90546875 0.52578125 0.0640625 0.084375
3 0.715625 0.76015625 0.06875 0.0859375
3 0.153125 0.896875 0.06875 0.103125
3 0.53046875 0.5640625 0.0734375 0.096875
3 0.2265625 0.67265625 0.0703125 0.071875
3 0.471875 0.60234375 0.0625 0.0984375
3 0.82421875 0.425 0.071875 0.071875
3 0.21015625 0.49453125 0.08125 0.08125
3 0.33984375 0.24921875 0.0734375 0.0796875
3 0.665625 0.334375 0.0625 0.0875
3 0.425 0.80859375 0.0625 0.0828125
3 0.26953125 0.83046875 0.0734375 0.0734375
3 0.6546875 0.85078125 0.065625 0.0953125
3 0.521875 0.6984375 0.0765625 0.0765625
3 0.44375 0.3078125 0.071875 0.08125
3 0.4015625 0.33125 0.059375 0.084375
3 0.4234375 0.50859375 0.065625 0.0953125
3 0.4046875 0.59453125 0.0625 0.0875
3 0.27890625 0.6 0.08125 0.08125
3 0.75546875 0.4953125 0.08125 0.08125
3 0.38125 0.09921875 0.06875 0.0828125
3 0.27421875 0.72421875 0.0765625 0.0765625
3 0.74375 0.04921875 0.06875 0.0796875
3 0.57421875 0.0734375 0.0671875 0.06875
3 0.3390625 0.16640625 0.071875 0.0734375
3 0.040625 0.7640625 0.06875 0.06875
3 0.640625 0.8140625 0.0625 0.084375
3 0.484375 0.1546875 0.05625 0.084375
3 0.3234375 0.84453125 0.053125 0.1296875
3 0.42421875 0.8890625 0.0609375 0.08125
3 0.190625 0.87890625 0.071875 0.0890625
3 0.95625 0.4828125 0.075 0.1
3 0.721875 0.22109375 0.084375 0.084375
3 0.08125 0.475 0.08125 0.08125
3 0.08203125 0.5171875 0.0765625 0.0765625
3 0.9625 0.78828125 0.075 0.0796875
3 0.67734375 0.1859375 0.0609375 0.090625
3 0.10546875 0.0546875 0.0765625 0.075
3 0.50625 0.11796875 0.0625 0.0765625
3 0.93046875 0.7265625 0.084375 0.0859375
3 0.3515625 0.52265625 0.05 0.1390625
3 0.3734375 0.17265625 0.065625 0.0953125
3 0.553125 0.76015625 0.090625 0.090625