3 0.07734375 0.68203125 0.0859375 0.0671875
3 0.3125 0.20078125 0.0734375 0.0734375
3 0.159375 0.209375 0.084375 0.0625
3 0.7109375 0.1328125 0.0875 0.071875
3 0.6640625 0.075 0.08125 0.075
3 0.53828125 0.3390625 0.0765625 0.06875
3 0.83984375 0.19765625 0.084375 0.084375
3 0.3796875 0.74609375 0.084375 0.06875
3 0.14140625 0.5765625 0.0765625 0.059375
3 0.9109375 0.85 0.0734375 0.0734375
3 0.05390625 0.14609375 0.0796875 0.0640625
3 0.93046875 0.153125 0.0703125 0.0703125
3 0.90546875 0.9125 0.0796875 0.0796875
3 0.25546875 0.63125 0.0859375 0.0875
4 0.15 0.0828125 0.0890625 0.0890625
3 0.06328125 0.07578125 0.0875 0.06875
3 0.4046875 0.91640625 0.0671875 0.06875
3 0.246875 0.2421875 0.08125 0.08125
3 0.3703125 0.14375 0.075 0.075
3 0.4 0.05546875 0.0828125 0.0828125
3 0.37578125 0.5328125 0.08125 0.08125
3 0.45546875 0.14296875 0.0875 0.0734375
3 0.84375 0.4609375 0.0875 0.0875
3 0.13671875 0.1515625 0.0859375 0.0859375
3 0.065625 0.615625 0.0875 0.0625
3 0.64140625 0.7359375 0.0828125 0.084375
3 0.065625 0.5515625 0.0765625 0.0765625
3 0.85859375 0.71015625 0.075 0.075
3 0.33515625 0.678125 0.078125 0.059375
6 0.65390625 0.35234375 0.103125 0.103125
3 0.55234375 0.9015625 0.0953125 0.0953125
3 0.6578125 0.87265625 0.0734375 0.0734375
3 0.67265625 0.9328125 0.078125 0.078125
3 0.3046875 0.10078125 0.090625 0.0890625
3 0.3796875 0.81796875 0.096875 0.075
3 0.82109375 0.6296875 0.090625 0.0921875
3 0.22578125 0.15546875 0.078125 0.078125
3 0.7375 0.8953125 0.08125 0.059375
3 0.10078125 0.4734375 0.071875 0.071875
3 0.109375 0.88046875 0.1125 0.0859375
3 0.565625 0.834375 0.078125 0.05
3 0.5671875 0.7765625 0.0734375 0.0734375
3 0.29609375 0.4109375 0.0796875 0.0796875
3 0.60546875 0.44609375 0.0765625 0.0765625
3 0.83515625 0.12578125 0.0828125 0.0671875
3 0.90234375 0.740625 0.075 0.075
3 0.7578125 0.2546875 0.0765625 0.0765625
3 0.7234375 0.30390625 0.075 0.075
3 0.86328125 0.8078125 0.0796875 0.0625
3 0.9015625 0.06640625 0.0671875 0.0671875
3 0.5828125 0.0921875 0.08125 0.06875
3 0.09765625 0.23984375 0.09375 0.09375
3 0.446875 0.5 0.084375 0.084375
3 0.75546875 0.93125 0.0828125 0.0625
3 0.9265625 0.628125 0.0796875 0.0796875
3 0.7515625 0.49140625 0.103125 0.071875
3 0.80234375 0.828125 0.06875 0.06875
3 0.115625 0.4875 0.075 0.075
3 0.2796875 0.525 0.090625 0.071875
3 0.94609375 0.478125 0.0828125 0.071875
3 0.2140625 0.07421875 0.0796875 0.0796875
3 0.9359375 0.4328125 0.075 0.075
3 0.646875 0.49609375 0.0796875 0.08125
3 0.10390625 0.32109375 0.0984375 0.0734375
3 0.278125 0.8875 0.084375 0.0765625
3 0.8734375 0.2609375 0.0765625 0.0765625
3 0.7734375 0.5390625 0.078125 0.078125
3 0.7453125 0.77109375 0.0875 0.0640625
3 0.4625 0.8203125 0.08125 0.059375
3 0.93828125 0.5375 0.0828125 0.0625
3 0.61328125 0.9625 0.0734375 0.075
3 0.1671875 0.3921875 0.090625 0.065625
3 0.18359375 0.46171875 0.090625 0.0765625
3 0.8546875 0.5546875 0.084375 0.084375
3 0.25703125 0.4546875 0.071875 0.071875
6 0.515625 0.178125 0.096875 0.0875
3 0.25390625 0.57734375 0.0890625 0.0625
3 0.809375 0.76796875 0.090625 0.0671875
3 0.52890625 0.4296875 0.0671875 0.065625
3 0.825 0.959375 0.0875 0.08125
3 0.48125 0.80390625 0.09375 0.06875
3 0.88046875 0.10390625 0.0625 0.0625
6 0.94921875 0.23828125 0.0890625 0.0890625
3 0.478125 0.4375 0.075 0.075
3 0.18203125 0.3734375 0.078125 0.071875
3 0.15859375 0.32421875 0.0625 0.0625
3 0.04375 0.41328125 0.075 0.075