3 0.5234375 0.2296875 0.1 0.078125
3 0.51015625 0.4515625 0.0890625 0.0890625
3 0.87734375 0.54921875 0.1046875 0.08125
3 0.434375 0.8921875 0.0890625 0.090625
3 0.140625 0.4609375 0.0921875 0.0921875
3 0.65078125 0.9234375 0.1046875 0.084375
3 0.4640625 0.75625 0.1125 0.078125
3 0.20703125 0.58046875 0.0765625 0.0765625
3 0.271875 0.91640625 0.103125 0.0640625
3 0.4640625 0.5640625 0.1 0.1
3 0.50078125 0.34296875 0.1046875 0.0828125
3 0.2078125 0.803125 0.0890625 0.0875
3 0.57734375 0.8171875 0.0828125 0.0828125
3 0.1140625 0.24609375 0.090625 0.08125
3 0.7375 0.70234375 0.109375 0.0828125
3 0.05703125 0.38125 0.1015625 0.08125
3 0.28984375 0.3234375 0.0921875 0.065625
3 0.38828125 0.3 0.1140625 0.0875
6 0.2625 0.48515625 0.115625 0.0828125
3 0.659375 0.8484375 0.078125 0.078125
3 0.2078125 0.5203125 0.090625 0.065625
3 0.303125 0.1953125 0.090625 0.090625
3 0.65625 0.25390625 0.103125 0.0765625
3 0.409375 0.8203125 0.0875 0.065625
3 0.79375 0.065625 0.1125 0.0875
3 0.78984375 0.65390625 0.1015625 0.0828125
3 0.74765625 0.8953125 0.1234375 0.075
3 0.8515625 0.10859375 0.109375 0.0859375
3 0.8953125 0.83125 0.0953125 0.0953125
3 0.15703125 0.8640625 0.0828125 0.084375
3 0.69140625 0.6375 0.0890625 0.0890625
3 0.31953125 0.85078125 0.0890625 0.090625
3 0.865625 0.315625 0.0859375 0.0859375
3 0.32578125 0.534375 0.1171875 0.078125