3 0.5234375 0.7703125 0.0890625 0.0890625
3 0.51015625 0.5484375 0.0984375 0.078125
3 0.87734375 0.45078125 0.09375 0.09375
3 0.434375 0.1078125 0.0890625 0.0890625
3 0.140625 0.5390625 0.0921875 0.0921875
3 0.65078125 0.0765625 0.0953125 0.09375
3 0.4640625 0.24375 0.0953125 0.0953125
3 0.20703125 0.41953125 0.0765625 0.0765625
3 0.271875 0.08359375 0.084375 0.084375
3 0.4640625 0.4359375 0.115625 0.084375
3 0.50078125 0.65703125 0.09375 0.09375
3 0.2078125 0.196875 0.103125 0.075
3 0.57734375 0.1828125 0.0875 0.078125
3 0.1140625 0.75390625 0.090625 0.08125
3 0.7375 0.29765625 0.096875 0.096875
3 0.05703125 0.61875 0.090625 0.090625
3 0.28984375 0.6765625 0.078125 0.078125
3 0.38828125 0.7 0.1 0.1015625
6 0.2625 0.51484375 0.115625 0.0828125
3 0.659375 0.1515625 0.078125 0.078125
3 0.2078125 0.4796875 0.090625 0.065625
3 0.303125 0.8046875 0.103125 0.078125
3 0.65625 0.74609375 0.0890625 0.090625
3 0.409375 0.1796875 0.0875 0.065625
3 0.79375 0.934375 0.1125 0.0875
3 0.78984375 0.34609375 0.0921875 0.0921875
3 0.74765625 0.1046875 0.1 0.1
3 0.8515625 0.89140625 0.109375 0.0859375
3 0.8953125 0.16875 0.109375 0.08125
3 0.15703125 0.1359375 0.0828125 0.084375
3 0.69140625 0.3625 0.0890625 0.0890625
3 0.31953125 0.14921875 0.0890625 0.090625
3 0.865625 0.684375 0.09375 0.078125
3 0.32578125 0.465625 0.1171875 0.078125