3 0.68203125 0.83203125 0.06875 0.06875
3 0.37421875 0.0859375 0.075 0.0765625
3 0.1515625 0.3703125 0.075 0.075
3 0.4890625 0.20078125 0.09375 0.06875
3 0.65 0.6921875 0.0875 0.071875
3 0.9140625 0.94375 0.090625 0.065625
3 0.3359375 0.6734375 0.08125 0.08125
3 0.71875 0.93359375 0.096875 0.0796875
3 0.4953125 0.1234375 0.090625 0.08125
3 0.8953125 0.6328125 0.0875 0.0875
3 0.25234375 0.8 0.1046875 0.059375
3 0.13828125 0.44296875 0.08125 0.08125
3 0.1171875 0.9515625 0.0921875 0.0921875
3 0.63203125 0.92734375 0.0828125 0.0828125
3 0.528125 0.6578125 0.09375 0.090625
3 0.94140625 0.1 0.0875 0.0875
3 0.590625 0.965625 0.10625 0.065625
3 0.9453125 0.340625 0.096875 0.096875
0 0.34921875 0.28671875 0.0984375 0.0984375