3 0.740625 0.15234375 0.0890625 0.090625
3 0.37578125 0.38359375 0.0703125 0.0921875
3 0.0453125 0.52578125 0.084375 0.084375
3 0.06328125 0.45390625 0.0796875 0.103125
3 0.08046875 0.18515625 0.0921875 0.0921875
3 0.2328125 0.63515625 0.078125 0.1046875
3 0.7671875 0.33203125 0.0796875 0.08125
3 0.18125 0.3984375 0.08125 0.109375
3 0.265625 0.83828125 0.075 0.1046875
3 0.9625 0.55546875 0.075 0.0765625
3 0.0859375 0.778125 0.084375 0.10625
3 0.2078125 0.5515625 0.084375 0.1125
3 0.61640625 0.78046875 0.0875 0.0890625
3 0.09375 0.315625 0.075 0.10625
3 0.96015625 0.40234375 0.0796875 0.1015625
3 0.8078125 0.6 0.0875 0.0875
3 0.40546875 0.61171875 0.09375 0.09375
3 0.83359375 0.44453125 0.075 0.1078125
3 0.6265625 0.15703125 0.065625 0.1015625
3 0.66640625 0.22421875 0.078125 0.1078125
2 0.74140625 0.67265625 0.09375 0.1203125
3 0.83359375 0.221875 0.09375 0.09375
3 0.17421875 0.92734375 0.0796875 0.0796875