3 0.740625 0.84765625 0.08125 0.0984375
3 0.37578125 0.61640625 0.0703125 0.0921875
3 0.0453125 0.47421875 0.071875 0.0984375
3 0.06328125 0.54609375 0.0921875 0.090625
3 0.08046875 0.81484375 0.0921875 0.0921875
3 0.2328125 0.36484375 0.0921875 0.090625
3 0.7671875 0.66796875 0.0796875 0.08125
3 0.18125 0.6015625 0.08125 0.109375
3 0.265625 0.16171875 0.090625 0.090625
3 0.9625 0.44453125 0.075 0.0765625
3 0.0859375 0.221875 0.084375 0.10625
3 0.2078125 0.4484375 0.084375 0.1125
3 0.61640625 0.21953125 0.0875 0.0890625
3 0.09375 0.684375 0.075 0.10625
3 0.96015625 0.59765625 0.0796875 0.1015625
3 0.8078125 0.4 0.0875 0.0875
3 0.40546875 0.38828125 0.0984375 0.0890625
3 0.83359375 0.55546875 0.075 0.1078125
3 0.6265625 0.84296875 0.0828125 0.084375
3 0.66640625 0.77578125 0.078125 0.1078125
2 0.74140625 0.32734375 0.09375 0.1203125
3 0.83359375 0.778125 0.09375 0.09375
3 0.17421875 0.07265625 0.0609375 0.0984375