3 0.696875 0.7828125 0.0828125 0.0828125
3 0.40546875 0.39453125 0.0734375 0.0984375
3 0.0546875 0.65234375 0.071875 0.1046875
3 0.35546875 0.3078125 0.0734375 0.103125
3 0.6671875 0.06796875 0.078125 0.1109375
3 0.8140625 0.353125 0.078125 0.103125
3 0.44296875 0.840625 0.0765625 0.09375
3 0.234375 0.55 0.0796875 0.0796875
3 0.7484375 0.1203125 0.084375 0.115625
3 0.140625 0.9390625 0.075 0.10625
3 0.11640625 0.79296875 0.075 0.1015625
3 0.06640625 0.31953125 0.084375 0.0921875
3 0.278125 0.8953125 0.0859375 0.0859375
3 0.496875 0.3015625 0.071875 0.096875
3 0.1171875 0.51953125 0.071875 0.1
3 0.1328125 0.634375 0.084375 0.0875
3 0.6171875 0.16796875 0.071875 0.0953125
3 0.6828125 0.3609375 0.078125 0.0875
3 0.86796875 0.46484375 0.084375 0.084375
3 0.89140625 0.15859375 0.0890625 0.090625
3 0.428125 0.934375 0.08125 0.0875
3 0.8765625 0.2953125 0.059375 0.1125
3 0.44765625 0.55625 0.0890625 0.0890625
3 0.6515625 0.21953125 0.078125 0.0921875
3 0.44375 0.1171875 0.0859375 0.0859375
3 0.0484375 0.509375 0.0890625 0.0890625
3 0.1609375 0.68671875 0.090625 0.0890625
3 0.175 0.7703125 0.08125 0.0875
3 0.50390625 0.58828125 0.10625 0.0890625
3 0.459375 0.21171875 0.0875 0.096875
3 0.2703125 0.78984375 0.065625 0.0828125
3 0.1125 0.11171875 0.0875 0.0875
3 0.7578125 0.24453125 0.090625 0.0890625
3 0.8953125 0.39453125 0.0859375 0.0859375
3 0.82421875 0.26484375 0.0609375 0.1078125
3 0.35390625 0.746875 0.0828125 0.084375
3 0.9484375 0.3078125 0.084375 0.096875
3 0.5859375 0.92109375 0.103125 0.071875