3 0.3984375 0.36171875 0.0703125 0.071875
3 0.6921875 0.4703125 0.065625 0.0875
3 0.5609375 0.72734375 0.0890625 0.0890625
3 0.196875 0.09921875 0.08125 0.0796875
3 0.9359375 0.4546875 0.0859375 0.0859375
3 0.25390625 0.2765625 0.0703125 0.071875
3 0.55859375 0.8765625 0.059375 0.084375
3 0.79140625 0.6203125 0.0546875 0.084375
3 0.7328125 0.61484375 0.059375 0.0796875
3 0.63125 0.1734375 0.06875 0.06875
3 0.85625 0.35859375 0.071875 0.071875
3 0.1140625 0.2171875 0.084375 0.084375
3 0.95 0.04921875 0.0703125 0.071875
3 0.3578125 0.46015625 0.0625 0.078125
3 0.6359375 0.5421875 0.071875 0.071875
3 0.8 0.16875 0.065625 0.065625
3 0.46328125 0.878125 0.0859375 0.0859375
6 0.534375 0.26640625 0.078125 0.103125
3 0.41953125 0.12421875 0.071875 0.071875
3 0.08125 0.14140625 0.08125 0.08125
3 0.8828125 0.13125 0.06875 0.065625
3 0.203125 0.90390625 0.08125 0.08125
3 0.1375 0.72265625 0.065625 0.0875
3 0.678125 0.69296875 0.06875 0.0921875
3 0.44140625 0.5078125 0.084375 0.084375
6 0.3359375 0.1640625 0.0875 0.0875
3 0.74453125 0.890625 0.0703125 0.0875
3 0.134375 0.37890625 0.065625 0.0859375
3 0.49375 0.725 0.0828125 0.0828125
3 0.11328125 0.80390625 0.0765625 0.075
3 0.4140625 0.5796875 0.071875 0.084375
3 0.0640625 0.64921875 0.059375 0.0828125
3 0.95 0.31015625 0.0734375 0.0734375
3 0.19296875 0.275 0.071875 0.071875
3 0.8796875 0.51171875 0.059375 0.0828125
3 0.1640625 0.56171875 0.065625 0.065625
3 0.278125 0.365625 0.0734375 0.0734375
3 0.56796875 0.17734375 0.0578125 0.078125
3 0.23359375 0.5921875 0.0609375 0.084375
3 0.4625 0.26484375 0.0703125 0.0703125
3 0.78984375 0.903125 0.08125 0.08125
3 0.3234375 0.30703125 0.065625 0.0828125
3 0.39453125 0.4921875 0.0703125 0.090625
3 0.8890625 0.06484375 0.0703125 0.06875
3 0.4546875 0.4265625 0.059375 0.0875
3 0.34140625 0.70546875 0.0640625 0.0796875
3 0.525 0.52265625 0.0625 0.0984375
3 0.5984375 0.07734375 0.0671875 0.06875
3 0.96796875 0.74375 0.0640625 0.071875
3 0.2875 0.4359375 0.0640625 0.0640625
3 0.3265625 0.73359375 0.071875 0.0984375
3 0.43828125 0.74921875 0.06875 0.0828125
3 0.0546875 0.2359375 0.0671875 0.0875
3 0.3546875 0.60703125 0.046875 0.0703125
3 0.4296875 0.20703125 0.0796875 0.0703125
3 0.5453125 0.1078125 0.05 0.078125
3 0.840625 0.06171875 0.0671875 0.0671875
3 0.04375 0.3390625 0.0625 0.078125
3 0.88359375 0.19453125 0.0734375 0.0734375
3 0.075 0.2953125 0.05625 0.078125
3 0.29609375 0.196875 0.0546875 0.078125
3 0.45859375 0.03828125 0.06875 0.075
3 0.75234375 0.52578125 0.0578125 0.090625