3 0.63828125 0.3984375 0.0765625 0.065625
3 0.5296875 0.6921875 0.0875 0.065625
3 0.27265625 0.5609375 0.0890625 0.0890625
3 0.90078125 0.196875 0.0890625 0.071875
3 0.5453125 0.9359375 0.0859375 0.0859375
3 0.7234375 0.25390625 0.078125 0.0640625
3 0.1234375 0.55859375 0.071875 0.071875
3 0.3796875 0.79140625 0.084375 0.0546875
3 0.38515625 0.7328125 0.06875 0.0703125
3 0.8265625 0.63125 0.075 0.0625
3 0.64140625 0.85625 0.0765625 0.065625
3 0.7828125 0.1140625 0.084375 0.084375
3 0.95078125 0.95 0.0796875 0.0625
3 0.53984375 0.3578125 0.078125 0.0625
3 0.4578125 0.6359375 0.071875 0.071875
3 0.83125 0.8 0.075 0.05625
3 0.121875 0.46328125 0.1 0.071875
6 0.73359375 0.534375 0.090625 0.090625
3 0.87578125 0.41953125 0.071875 0.071875
3 0.85859375 0.08125 0.0875 0.075
3 0.86875 0.8828125 0.0671875 0.0671875
3 0.09609375 0.203125 0.08125 0.08125
3 0.27734375 0.1375 0.0765625 0.0765625
3 0.30703125 0.678125 0.0921875 0.06875
3 0.4921875 0.44140625 0.084375 0.084375
6 0.8359375 0.3359375 0.090625 0.084375
3 0.109375 0.74453125 0.0796875 0.0796875
3 0.62109375 0.134375 0.075 0.075
3 0.275 0.49375 0.0828125 0.0828125
3 0.19609375 0.11328125 0.0859375 0.065625
3 0.4203125 0.4140625 0.084375 0.071875
3 0.35078125 0.0640625 0.0828125 0.059375
3 0.68984375 0.95 0.071875 0.075
3 0.725 0.19296875 0.071875 0.071875
3 0.48828125 0.8796875 0.0828125 0.059375
3 0.43828125 0.1640625 0.071875 0.059375
3 0.634375 0.278125 0.0734375 0.0734375
3 0.82265625 0.56796875 0.078125 0.0578125
3 0.4078125 0.23359375 0.084375 0.0609375
3 0.73515625 0.4625 0.071875 0.06875
3 0.096875 0.78984375 0.08125 0.08125
3 0.69296875 0.3234375 0.0828125 0.065625
3 0.5078125 0.39453125 0.08125 0.08125
3 0.93515625 0.8890625 0.06875 0.0703125
3 0.5734375 0.4546875 0.0875 0.059375
3 0.29453125 0.34140625 0.0796875 0.0640625
3 0.47734375 0.525 0.08125 0.0796875
3 0.92265625 0.5984375 0.0671875 0.06875
3 0.25703125 0.9734375 0.0921875 0.053125
3 0.5640625 0.2875 0.071875 0.05625
3 0.26640625 0.3265625 0.0984375 0.071875
3 0.25078125 0.43828125 0.0765625 0.075
3 0.7640625 0.0546875 0.0875 0.065625
3 0.39296875 0.3546875 0.0703125 0.046875
3 0.79296875 0.4296875 0.0734375 0.075
3 0.8921875 0.5453125 0.0640625 0.0640625
3 0.93828125 0.840625 0.0671875 0.0671875
3 0.6609375 0.04375 0.0703125 0.0703125
3 0.80546875 0.88359375 0.0828125 0.0640625
3 0.7046875 0.075 0.0671875 0.0671875
3 0.803125 0.29609375 0.078125 0.0546875
3 0.96171875 0.45859375 0.075 0.06875
3 0.47421875 0.75234375 0.090625 0.0578125