3 0.084375 0.51875 0.090625 0.05625
3 0.23203125 0.3734375 0.075 0.075
3 0.3890625 0.67890625 0.075 0.075
3 0.33046875 0.884375 0.0921875 0.075
3 0.7265625 0.51328125 0.090625 0.0703125
3 0.61484375 0.84375 0.0890625 0.053125
3 0.14609375 0.11328125 0.0796875 0.0796875
6 0.72109375 0.4375 0.0921875 0.0921875
3 0.8390625 0.30625 0.0703125 0.0703125
3 0.090625 0.340625 0.0859375 0.0859375
3 0.16640625 0.7 0.075 0.0734375
3 0.3484375 0.24765625 0.0765625 0.078125
3 0.415625 0.8734375 0.0734375 0.075
3 0.76484375 0.059375 0.075 0.0765625
3 0.90390625 0.82265625 0.1015625 0.0734375
3 0.290625 0.034375 0.075 0.06875
3 0.20859375 0.04609375 0.0703125 0.0703125
3 0.32265625 0.3640625 0.1015625 0.078125
3 0.71171875 0.23515625 0.0796875 0.05625
3 0.3171875 0.0890625 0.075 0.075
3 0.79453125 0.2578125 0.084375 0.084375
3 0.8046875 0.58203125 0.096875 0.0734375
3 0.828125 0.76328125 0.0765625 0.078125
3 0.3390625 0.603125 0.075 0.075
3 0.471875 0.09453125 0.0875 0.0703125
3 0.3359375 0.18359375 0.096875 0.0765625
3 0.07890625 0.915625 0.08125 0.08125
3 0.25078125 0.22265625 0.0796875 0.078125
3 0.76796875 0.7953125 0.075 0.075
3 0.70234375 0.77890625 0.0765625 0.0765625
3 0.440625 0.38671875 0.0765625 0.075
3 0.2265625 0.52421875 0.090625 0.0578125
3 0.071875 0.146875 0.0796875 0.0796875
3 0.52578125 0.67734375 0.0734375 0.0734375
3 0.90546875 0.753125 0.071875 0.071875
3 0.8734375 0.49375 0.08125 0.0625
3 0.55078125 0.26640625 0.0953125 0.0609375
3 0.57578125 0.1046875 0.0828125 0.065625
3 0.60703125 0.66328125 0.0703125 0.0703125
3 0.8125 0.20703125 0.0734375 0.071875
3 0.55390625 0.75625 0.084375 0.0859375
3 0.95078125 0.48515625 0.084375 0.084375
3 0.84375 0.66953125 0.078125 0.0734375
0 0.59765625 0.603125 0.09375 0.0921875
3 0.92421875 0.60078125 0.0703125 0.0671875
3 0.47578125 0.16484375 0.08125 0.08125
3 0.56484375 0.71328125 0.0859375 0.0609375
3 0.4046875 0.1296875 0.084375 0.071875
3 0.53046875 0.178125 0.0625 0.0640625
3 0.06484375 0.84453125 0.0953125 0.0796875
3 0.6546875 0.54375 0.078125 0.08125
6 0.4171875 0.575 0.11875 0.071875
3 0.20234375 0.5515625 0.0703125 0.071875
3 0.95078125 0.70703125 0.0796875 0.0796875
3 0.88515625 0.6484375 0.0921875 0.065625