3 0.43046875 0.7390625 0.078125 0.0796875
3 0.27890625 0.81640625 0.0953125 0.0671875
3 0.19921875 0.6859375 0.0921875 0.071875
3 0.4390625 0.225 0.08125 0.08125
3 0.2390625 0.190625 0.090625 0.078125
3 0.26328125 0.04765625 0.090625 0.071875
3 0.78203125 0.4796875 0.0890625 0.0875
3 0.47265625 0.83984375 0.0828125 0.0828125
3 0.821875 0.8671875 0.09375 0.065625
3 0.72265625 0.184375 0.084375 0.084375
3 0.4078125 0.88984375 0.0828125 0.0828125
3 0.89921875 0.1453125 0.096875 0.078125
3 0.09921875 0.36796875 0.0875 0.0859375
3 0.6359375 0.8546875 0.109375 0.06875
3 0.10390625 0.24296875 0.0921875 0.065625
3 0.21640625 0.371875 0.1015625 0.06875
3 0.43984375 0.46796875 0.0859375 0.0859375
3 0.13984375 0.30546875 0.0828125 0.0828125
3 0.7953125 0.08984375 0.0921875 0.09375
3 0.31640625 0.16796875 0.1015625 0.0734375
3 0.14296875 0.9078125 0.08125 0.08125
3 0.3234375 0.70390625 0.0890625 0.0875
3 0.825 0.27734375 0.0796875 0.08125
3 0.45859375 0.6046875 0.0796875 0.078125
3 0.509375 0.37109375 0.09375 0.0796875
3 0.77265625 0.2375 0.078125 0.0796875
3 0.3671875 0.51328125 0.06875 0.06875
3 0.4296875 0.3578125 0.078125 0.06875
3 0.5265625 0.77890625 0.109375 0.0546875
3 0.05703125 0.175 0.0765625 0.075
3 0.659375 0.55234375 0.09375 0.0671875
3 0.4328125 0.29296875 0.0921875 0.0921875
3 0.4421875 0.55234375 0.096875 0.0625
3 0.2078125 0.9546875 0.1125 0.078125
3 0.71796875 0.65859375 0.1078125 0.0609375
3 0.51640625 0.27421875 0.084375 0.0703125
3 0.24140625 0.3125 0.0796875 0.08125
3 0.0921875 0.7171875 0.0921875 0.0921875
3 0.5421875 0.62421875 0.0875 0.0890625
3 0.73046875 0.8046875 0.1015625 0.053125
3 0.840625 0.421875 0.09375 0.059375
3 0.6453125 0.24296875 0.078125 0.078125
6 0.15859375 0.8109375 0.084375 0.0859375
3 0.5609375 0.225 0.0765625 0.0765625
3 0.884375 0.4 0.078125 0.078125
3 0.94453125 0.74453125 0.1015625 0.0765625
3 0.36484375 0.84375 0.0859375 0.05625
3 0.3328125 0.3515625 0.0875 0.06875
3 0.67578125 0.38359375 0.09375 0.09375
3 0.29296875 0.37265625 0.084375 0.084375
3 0.8890625 0.8328125 0.08125 0.08125
3 0.7078125 0.71875 0.084375 0.06875
3 0.8984375 0.49765625 0.08125 0.08125
3 0.25703125 0.4890625 0.1453125 0.046875
3 0.09921875 0.05625 0.096875 0.06875
3 0.71796875 0.75390625 0.096875 0.0640625
3 0.58359375 0.9234375 0.1203125 0.065625
3 0.73359375 0.30234375 0.0765625 0.0765625
3 0.671875 0.5125 0.1375 0.05
3 0.19921875 0.7515625 0.0984375 0.0625
3 0.38046875 0.8078125 0.1078125 0.0625
3 0.70078125 0.60390625 0.1 0.1
3 0.32421875 0.59921875 0.159375 0.046875
3 0.16015625 0.740625 0.0734375 0.059375
3 0.7046875 0.33515625 0.10625 0.059375
3 0.78203125 0.63984375 0.0796875 0.0796875
3 0.84140625 0.6359375 0.0859375 0.071875
3 0.615625 0.4796875 0.1375 0.059375
3 0.57578125 0.2859375 0.0890625 0.046875
3 0.228125 0.28515625 0.096875 0.0640625
3 0.08046875 0.0359375 0.0828125 0.059375