3 0.2609375 0.43046875 0.0796875 0.078125
3 0.18359375 0.27890625 0.08125 0.08125
3 0.3140625 0.19921875 0.08125 0.08125
3 0.775 0.4390625 0.065625 0.096875
3 0.809375 0.2390625 0.084375 0.084375
3 0.95234375 0.26328125 0.071875 0.090625
3 0.5203125 0.78203125 0.0875 0.0890625
3 0.16015625 0.47265625 0.0828125 0.0828125
3 0.1328125 0.821875 0.0796875 0.0796875
3 0.815625 0.72265625 0.084375 0.084375
3 0.11015625 0.4078125 0.0828125 0.084375
3 0.8546875 0.89921875 0.0875 0.0875
3 0.63203125 0.09921875 0.0765625 0.096875
3 0.1453125 0.6359375 0.0890625 0.0890625
3 0.75703125 0.10390625 0.065625 0.0921875
3 0.628125 0.21640625 0.06875 0.1015625
3 0.53203125 0.43984375 0.0859375 0.0859375
3 0.69453125 0.13984375 0.0828125 0.0828125
3 0.91015625 0.7953125 0.0703125 0.115625
3 0.83203125 0.31640625 0.0875 0.0875
3 0.0921875 0.14296875 0.071875 0.0890625
3 0.29609375 0.3234375 0.0875 0.0890625
3 0.72265625 0.825 0.0609375 0.1
3 0.3953125 0.45859375 0.059375 0.0984375
3 0.62890625 0.509375 0.0875 0.0859375
3 0.7625 0.77265625 0.0796875 0.078125
3 0.48671875 0.3671875 0.06875 0.06875
3 0.6421875 0.4296875 0.0734375 0.0734375
3 0.22109375 0.5265625 0.0546875 0.109375
3 0.825 0.05703125 0.0625 0.0890625
3 0.44765625 0.659375 0.0671875 0.09375
3 0.70703125 0.4328125 0.075 0.109375
3 0.44765625 0.4421875 0.0796875 0.0796875
3 0.0453125 0.2078125 0.078125 0.1125
3 0.34140625 0.71796875 0.084375 0.084375
3 0.72578125 0.51640625 0.0703125 0.084375
3 0.6875 0.24140625 0.08125 0.0796875
3 0.2828125 0.0921875 0.0921875 0.0921875
3 0.37578125 0.5421875 0.0609375 0.115625
3 0.1953125 0.73046875 0.053125 0.1015625
3 0.578125 0.840625 0.0765625 0.0765625
3 0.75703125 0.6453125 0.0703125 0.084375
6 0.1890625 0.15859375 0.084375 0.084375
3 0.775 0.5609375 0.0765625 0.0765625
3 0.6 0.884375 0.06875 0.0875
3 0.25546875 0.94453125 0.0890625 0.0890625
3 0.15625 0.36484375 0.071875 0.071875
3 0.6484375 0.3328125 0.078125 0.078125
3 0.61640625 0.67578125 0.06875 0.1171875
3 0.62734375 0.29296875 0.084375 0.084375
3 0.1671875 0.8890625 0.071875 0.090625
3 0.28125 0.7078125 0.06875 0.084375
3 0.50234375 0.8984375 0.08125 0.08125
3 0.5109375 0.25703125 0.096875 0.096875
3 0.94375 0.09921875 0.06875 0.096875
3 0.24609375 0.71796875 0.0640625 0.096875
3 0.0765625 0.58359375 0.09375 0.0921875
3 0.69765625 0.73359375 0.0578125 0.0953125
3 0.4875 0.671875 0.05 0.1375
3 0.2484375 0.19921875 0.08125 0.0796875
3 0.1921875 0.38046875 0.0625 0.1078125
3 0.39609375 0.70078125 0.059375 0.140625
3 0.40078125 0.32421875 0.103125 0.103125
3 0.259375 0.16015625 0.059375 0.0734375
3 0.66484375 0.7046875 0.059375 0.10625
3 0.36015625 0.78203125 0.0796875 0.0796875
3 0.3640625 0.84140625 0.078125 0.078125
3 0.5203125 0.615625 0.1 0.0984375
3 0.7140625 0.57578125 0.046875 0.0890625
3 0.71484375 0.228125 0.0640625 0.096875
3 0.9640625 0.08046875 0.059375 0.0828125