3 0.32109375 0.1265625 0.0859375 0.06875
3 0.7046875 0.65703125 0.0890625 0.0890625
3 0.571875 0.50390625 0.090625 0.090625
3 0.53515625 0.34140625 0.0953125 0.0734375
3 0.296875 0.45546875 0.0859375 0.0875
3 0.15 0.2484375 0.096875 0.071875
3 0.82890625 0.23671875 0.0921875 0.0703125
3 0.3609375 0.64296875 0.0828125 0.084375
3 0.51484375 0.5984375 0.0984375 0.071875
3 0.8609375 0.88671875 0.0875 0.0875
3 0.921875 0.1671875 0.0875 0.0875
3 0.23125 0.703125 0.0875 0.075
3 0.64921875 0.546875 0.0671875 0.0671875
3 0.0734375 0.58359375 0.0875 0.0890625
3 0.503125 0.40234375 0.0875 0.0875
3 0.5984375 0.60078125 0.090625 0.0640625
3 0.68046875 0.40078125 0.0859375 0.0640625
3 0.6171875 0.8109375 0.096875 0.08125
3 0.1421875 0.7359375 0.0859375 0.0859375
3 0.6125 0.93828125 0.09375 0.0953125
3 0.30625 0.315625 0.0859375 0.0859375
3 0.5890625 0.40234375 0.0875 0.05625
3 0.259375 0.178125 0.09375 0.08125
3 0.20859375 0.3078125 0.0875 0.0875
3 0.234375 0.24921875 0.08125 0.0640625
3 0.56953125 0.065625 0.0859375 0.071875
3 0.37734375 0.57265625 0.0984375 0.0640625
3 0.546875 0.8921875 0.09375 0.075
3 0.715625 0.10859375 0.090625 0.0734375
3 0.72734375 0.5359375 0.0953125 0.071875
3 0.3703125 0.39140625 0.075 0.075
3 0.7421875 0.3203125 0.078125 0.078125
3 0.728125 0.2453125 0.1 0.075
3 0.75078125 0.19375 0.1015625 0.06875
3 0.15546875 0.553125 0.0890625 0.0875
3 0.75390625 0.9296875 0.0828125 0.065625
3 0.2796875 0.5640625 0.090625 0.090625
3 0.10546875 0.67109375 0.0734375 0.0734375
3 0.20234375 0.93203125 0.0875 0.0765625
3 0.7453125 0.828125 0.08125 0.08125
3 0.44765625 0.459375 0.0984375 0.071875
3 0.125 0.80234375 0.0765625 0.075
3 0.365625 0.36015625 0.06875 0.06875
3 0.3390625 0.04140625 0.103125 0.0796875
3 0.1953125 0.60703125 0.0796875 0.0796875
6 0.56953125 0.20078125 0.1359375 0.0953125
3 0.296875 0.35390625 0.0859375 0.0859375
3 0.7328125 0.884375 0.0734375 0.0734375
6 0.653125 0.86875 0.0875 0.0875
3 0.61328125 0.6625 0.0953125 0.06875
3 0.7234375 0.7859375 0.08125 0.08125
3 0.7 0.35 0.0828125 0.0828125
3 0.70078125 0.7515625 0.0703125 0.075
2 0.83828125 0.5890625 0.10625 0.1078125
6 0.3015625 0.6109375 0.115625 0.071875
3 0.21796875 0.625 0.078125 0.078125
3 0.05 0.7359375 0.0875 0.065625
3 0.42734375 0.43515625 0.0765625 0.0578125
3 0.6109375 0.76484375 0.096875 0.0734375
3 0.57578125 0.70703125 0.075 0.075
3 0.54453125 0.76875 0.0765625 0.078125
3 0.52734375 0.82421875 0.0890625 0.0671875
3 0.5953125 0.68046875 0.0765625 0.075
3 0.08984375 0.19921875 0.0671875 0.0671875
3 0.0578125 0.221875 0.090625 0.06875
3 0.80703125 0.5484375 0.1 0.059375