3 0.15078125 0.1671875 0.0640625 0.0875
3 0.7921875 0.6328125 0.071875 0.096875
3 0.64453125 0.084375 0.084375 0.084375
3 0.5078125 0.30078125 0.071875 0.0953125
3 0.88984375 0.6625 0.0734375 0.0734375
3 0.56953125 0.37265625 0.06875 0.1015625
3 0.1515625 0.41328125 0.0875 0.0875
3 0.21015625 0.065625 0.0703125 0.084375
3 0.2390625 0.278125 0.08125 0.08125
4 0.2375 0.671875 0.0921875 0.09375
3 0.5234375 0.546875 0.071875 0.096875
3 0.9328125 0.278125 0.065625 0.09375
3 0.540625 0.1078125 0.06875 0.096875
3 0.08359375 0.05703125 0.078125 0.078125
3 0.91640625 0.0703125 0.0828125 0.0828125
3 0.109375 0.82265625 0.0828125 0.0828125
3 0.60546875 0.72421875 0.0671875 0.0890625
3 0.89140625 0.49609375 0.0859375 0.0859375
3 0.63125 0.921875 0.06875 0.090625
3 0.77265625 0.146875 0.0734375 0.084375
3 0.91484375 0.41015625 0.0796875 0.0953125
4 0.73984375 0.76484375 0.0984375 0.0984375
3 0.8625 0.1546875 0.0828125 0.0828125
3 0.446875 0.3359375 0.0640625 0.0640625
3 0.5828125 0.20546875 0.08125 0.08125
3 0.346875 0.3203125 0.08125 0.090625
3 0.32421875 0.2671875 0.084375 0.084375
3 0.2140625 0.78984375 0.059375 0.103125
3 0.78984375 0.11171875 0.078125 0.078125
3 0.59921875 0.25390625 0.078125 0.078125
3 0.8453125 0.22265625 0.059375 0.0890625
3 0.03203125 0.3578125 0.0640625 0.096875
3 0.778125 0.21640625 0.0796875 0.08125
3 0.15859375 0.74921875 0.0796875 0.1203125
3 0.93125 0.5859375 0.0828125 0.0828125
3 0.1796875 0.7109375 0.071875 0.0875
3 0.771875 0.46015625 0.0875 0.0890625