3 0.8328125 0.84921875 0.0875 0.0640625
3 0.3671875 0.2078125 0.096875 0.071875
3 0.915625 0.35546875 0.090625 0.078125
3 0.69921875 0.4921875 0.0953125 0.071875
3 0.3375 0.11015625 0.0734375 0.0734375
3 0.62734375 0.43046875 0.1015625 0.06875
3 0.58671875 0.8484375 0.0875 0.0875
3 0.934375 0.78984375 0.078125 0.078125
3 0.721875 0.7609375 0.090625 0.071875
4 0.328125 0.7625 0.1125 0.071875
3 0.453125 0.4765625 0.084375 0.084375
3 0.721875 0.0671875 0.0796875 0.0796875
3 0.8921875 0.459375 0.0828125 0.0828125
3 0.94296875 0.91640625 0.078125 0.078125
3 0.9296875 0.08359375 0.0828125 0.0828125
3 0.17734375 0.890625 0.096875 0.06875
3 0.27578125 0.39453125 0.078125 0.078125
3 0.50390625 0.10859375 0.0859375 0.0859375
3 0.078125 0.36875 0.0796875 0.08125
3 0.853125 0.22734375 0.084375 0.0734375
3 0.58984375 0.08515625 0.0953125 0.0796875
4 0.23515625 0.26015625 0.0984375 0.0984375
3 0.8453125 0.1375 0.0828125 0.0828125
3 0.6640625 0.553125 0.071875 0.05625
3 0.79453125 0.4171875 0.08125 0.08125
3 0.6796875 0.653125 0.0859375 0.0859375
3 0.7328125 0.67578125 0.084375 0.084375
3 0.21015625 0.7859375 0.103125 0.059375
3 0.88828125 0.21015625 0.0859375 0.06875
3 0.74609375 0.40078125 0.0875 0.0671875
3 0.77734375 0.1546875 0.0890625 0.059375
3 0.64296875 0.9640625 0.0796875 0.071875
3 0.78359375 0.221875 0.0859375 0.075
3 0.25078125 0.84140625 0.1203125 0.0796875
3 0.4140625 0.06875 0.0828125 0.0828125
3 0.2890625 0.8203125 0.0875 0.071875
3 0.53984375 0.228125 0.0890625 0.0890625