3 0.94140625 0.9375 0.0859375 0.071875
3 0.87265625 0.32109375 0.0953125 0.0765625
3 0.05078125 0.94375 0.084375 0.0828125
3 0.425 0.41015625 0.0875 0.0875
3 0.15078125 0.77890625 0.0921875 0.08125
3 0.42578125 0.31796875 0.1046875 0.0828125
3 0.1765625 0.0375 0.103125 0.06875
3 0.9421875 0.67421875 0.084375 0.084375
3 0.39375 0.53046875 0.09375 0.0671875
3 0.2171875 0.9421875 0.0859375 0.084375
3 0.2625 0.21640625 0.0875 0.0875
3 0.40625 0.90625 0.1 0.075
3 0.30546875 0.73671875 0.0953125 0.071875
3 0.084375 0.496875 0.103125 0.075
3 0.32734375 0.83203125 0.0890625 0.0734375
3 0.38125 0.63359375 0.084375 0.084375
3 0.590625 0.76875 0.084375 0.084375
3 0.5453125 0.44453125 0.1 0.0765625
3 0.75546875 0.89609375 0.1046875 0.0796875
3 0.6453125 0.0921875 0.084375 0.065625
3 0.74296875 0.71875 0.0765625 0.0765625
3 0.34375 0.609375 0.1 0.078125
3 0.23671875 0.53359375 0.1 0.0828125
3 0.803125 0.79453125 0.084375 0.0828125
3 0.0515625 0.7140625 0.084375 0.071875
3 0.10390625 0.55625 0.1046875 0.075
3 0.7046875 0.63046875 0.078125 0.078125
3 0.36171875 0.3765625 0.1046875 0.071875
3 0.48125 0.6109375 0.0875 0.0875
3 0.696875 0.2515625 0.0890625 0.0890625
0 0.86875 0.37265625 0.096875 0.0640625
3 0.56015625 0.2765625 0.06875 0.0703125
3 0.4234375 0.0625 0.0859375 0.0859375
3 0.4921875 0.84921875 0.0859375 0.0875
3 0.834375 0.53125 0.10625 0.06875
3 0.54140625 0.096875 0.0796875 0.08125
3 0.9203125 0.065625 0.071875 0.071875
3 0.8234375 0.1125 0.0828125 0.0828125
3 0.6953125 0.14921875 0.0859375 0.0859375
3 0.62265625 0.3171875 0.0828125 0.084375
3 0.853125 0.6265625 0.09375 0.075
0 0.1625 0.45546875 0.13125 0.0828125
3 0.69140625 0.484375 0.0953125 0.071875
3 0.14921875 0.8859375 0.0859375 0.0859375
3 0.21015625 0.83125 0.08125 0.08125
3 0.6421875 0.353125 0.1 0.071875
3 0.5359375 0.86484375 0.103125 0.0734375
3 0.78984375 0.04609375 0.084375 0.084375
3 0.759375 0.29609375 0.0890625 0.090625
3 0.63359375 0.8609375 0.0859375 0.0859375
3 0.4796875 0.68828125 0.078125 0.078125
3 0.81640625 0.0546875 0.0921875 0.065625
0 0.3390625 0.253125 0.109375 0.075
5 0.1515625 0.23828125 0.1125 0.1125
3 0.2890625 0.1375 0.0734375 0.075
3 0.79296875 0.27890625 0.078125 0.0796875
3 0.578125 0.84609375 0.08125 0.08125
3 0.62109375 0.90390625 0.1140625 0.0671875
6 0.3859375 0.790625 0.146875 0.075
3 0.51171875 0.10859375 0.0953125 0.0625
3 0.66484375 0.48359375 0.1 0.0640625