3 0.05859375 0.0625 0.0859375 0.071875
3 0.12734375 0.67890625 0.0953125 0.0765625
3 0.94921875 0.05625 0.084375 0.0828125
3 0.575 0.58984375 0.0875 0.0875
3 0.84921875 0.22109375 0.0859375 0.0875
3 0.57421875 0.68203125 0.09375 0.09375
3 0.82265625 0.96015625 0.0859375 0.0796875
3 0.0578125 0.32578125 0.0875 0.0796875
3 0.60625 0.46953125 0.09375 0.0671875
3 0.7828125 0.0578125 0.1 0.071875
3 0.7375 0.78359375 0.0875 0.0875
3 0.59375 0.09375 0.0875 0.0875
3 0.69453125 0.26328125 0.0828125 0.084375
3 0.915625 0.503125 0.103125 0.075
3 0.67265625 0.16796875 0.0890625 0.0734375
3 0.61875 0.36640625 0.09375 0.075
3 0.409375 0.23125 0.084375 0.084375
3 0.4546875 0.55546875 0.0875 0.0890625
3 0.24453125 0.10390625 0.0921875 0.0921875
3 0.3546875 0.9078125 0.075 0.075
3 0.25703125 0.28125 0.0765625 0.0765625
3 0.65625 0.390625 0.1 0.078125
3 0.76328125 0.46640625 0.090625 0.090625
3 0.196875 0.20546875 0.084375 0.084375
3 0.9484375 0.2859375 0.078125 0.078125
3 0.89609375 0.44375 0.1046875 0.075
3 0.2953125 0.36953125 0.090625 0.0671875
3 0.63828125 0.6234375 0.1046875 0.071875
3 0.51875 0.3890625 0.1 0.075
3 0.303125 0.7484375 0.1 0.078125
0 0.13125 0.62734375 0.08125 0.08125
3 0.43984375 0.7234375 0.06875 0.0703125
3 0.5765625 0.9375 0.096875 0.075
3 0.5078125 0.15078125 0.0859375 0.0875
3 0.165625 0.46875 0.10625 0.06875
3 0.45859375 0.903125 0.0921875 0.06875
3 0.0796875 0.934375 0.075 0.06875
3 0.1765625 0.8875 0.090625 0.075
3 0.3046875 0.85078125 0.1 0.0734375
3 0.37734375 0.6828125 0.0984375 0.06875
3 0.146875 0.3734375 0.084375 0.084375
0 0.8375 0.54453125 0.10625 0.10625
3 0.30859375 0.515625 0.084375 0.084375
3 0.85078125 0.1140625 0.0859375 0.0859375
3 0.78984375 0.16875 0.08125 0.08125
3 0.3578125 0.646875 0.0859375 0.0859375
3 0.4640625 0.13515625 0.103125 0.0734375
3 0.21015625 0.95390625 0.084375 0.084375
3 0.240625 0.70390625 0.10625 0.0734375
3 0.36640625 0.1390625 0.0859375 0.0859375
3 0.5203125 0.31171875 0.0875 0.0703125
3 0.18359375 0.9453125 0.0921875 0.0671875
0 0.6609375 0.746875 0.109375 0.075
5 0.8484375 0.76171875 0.153125 0.0734375
3 0.7109375 0.8625 0.096875 0.05
3 0.20703125 0.72109375 0.0875 0.0703125
3 0.421875 0.15390625 0.090625 0.0703125
3 0.37890625 0.09609375 0.090625 0.090625
6 0.6140625 0.209375 0.146875 0.075
3 0.48828125 0.89140625 0.0953125 0.0625
3 0.33515625 0.51640625 0.1 0.0640625