3 0.42890625 0.10703125 0.071875 0.071875
3 0.5515625 0.46015625 0.084375 0.0828125
3 0.578125 0.3796875 0.0703125 0.0703125
3 0.64921875 0.85234375 0.0609375 0.0796875
3 0.56328125 0.15078125 0.0671875 0.096875
3 0.59140625 0.9515625 0.071875 0.071875
3 0.4703125 0.7703125 0.078125 0.1
3 0.8046875 0.21953125 0.09375 0.09375
3 0.31875 0.30390625 0.0796875 0.0796875
3 0.0953125 0.61484375 0.071875 0.1
3 0.6796875 0.1546875 0.065625 0.08125
3 0.6125 0.546875 0.075 0.096875
0 0.1234375 0.940625 0.0921875 0.0921875
3 0.70859375 0.39296875 0.0765625 0.1015625
3 0.5671875 0.29921875 0.059375 0.0796875
3 0.33046875 0.390625 0.075 0.075
3 0.72109375 0.578125 0.06875 0.06875
3 0.5 0.57734375 0.0796875 0.0796875
3 0.871875 0.89453125 0.065625 0.0828125
3 0.2359375 0.61640625 0.0765625 0.078125
3 0.42890625 0.3265625 0.06875 0.096875
6 0.553125 0.659375 0.096875 0.0984375
3 0.64921875 0.075 0.0875 0.0875
6 0.378125 0.54609375 0.1 0.1
3 0.89140625 0.24765625 0.0703125 0.1046875
3 0.87265625 0.5953125 0.0671875 0.090625
6 0.19296875 0.70234375 0.0796875 0.121875
3 0.21171875 0.06640625 0.0515625 0.0984375
3 0.9125 0.95078125 0.071875 0.071875
3 0.14453125 0.65 0.084375 0.084375
1 0.91171875 0.78828125 0.0921875 0.1078125
3 0.9515625 0.68671875 0.0828125 0.0828125
3 0.696875 0.0609375 0.075 0.075
3 0.375 0.640625 0.1015625 0.1015625
3 0.31953125 0.60390625 0.078125 0.078125
3 0.2203125 0.190625 0.084375 0.084375
6 0.44375 0.69453125 0.08125 0.1109375
3 0.10859375 0.06484375 0.0640625 0.1078125
3 0.6578125 0.615625 0.075 0.10625
3 0.15625 0.084375 0.075 0.075