3 0.20625 0.31171875 0.0875 0.0578125
3 0.18359375 0.7296875 0.0859375 0.059375
3 0.8453125 0.6296875 0.071875 0.071875
3 0.88203125 0.5703125 0.06875 0.0703125
3 0.5 0.44140625 0.09375 0.0609375
3 0.76953125 0.13984375 0.0765625 0.0578125
3 0.1796875 0.44375 0.075 0.0625
3 0.6984375 0.47109375 0.09375 0.0765625
3 0.28984375 0.7578125 0.08125 0.08125
3 0.06953125 0.61328125 0.071875 0.071875
3 0.88984375 0.82421875 0.0875 0.0875
3 0.1203125 0.215625 0.078125 0.06875
3 0.46171875 0.37890625 0.084375 0.0671875
3 0.603125 0.4703125 0.0796875 0.0796875
3 0.321875 0.53359375 0.084375 0.0640625
3 0.73203125 0.2859375 0.078125 0.0765625
3 0.61015625 0.665625 0.0796875 0.0625
3 0.22734375 0.1890625 0.08125 0.08125
3 0.8578125 0.3796875 0.071875 0.071875
3 0.671875 0.18984375 0.08125 0.0640625
3 0.3703125 0.63671875 0.0796875 0.08125
3 0.67265625 0.384375 0.078125 0.078125
4 0.0921875 0.515625 0.103125 0.078125
3 0.22421875 0.49375 0.0828125 0.0625
3 0.29375 0.23046875 0.084375 0.0859375
3 0.1140625 0.10390625 0.084375 0.0625
3 0.15390625 0.9359375 0.0796875 0.059375
3 0.56015625 0.71953125 0.0875 0.0875
3 0.46796875 0.1859375 0.0796875 0.0796875
3 0.46484375 0.85625 0.0796875 0.0796875
3 0.93203125 0.215625 0.0921875 0.075
3 0.3421875 0.36484375 0.0875 0.0640625
3 0.74140625 0.940625 0.0859375 0.06875
3 0.528125 0.80390625 0.0765625 0.0765625
3 0.4296875 0.1328125 0.075 0.075
3 0.0484375 0.2328125 0.0734375 0.0734375
3 0.84609375 0.08515625 0.06875 0.06875
3 0.60546875 0.83125 0.0890625 0.065625
3 0.8015625 0.5796875 0.0671875 0.065625
3 0.79609375 0.44140625 0.1015625 0.0578125
3 0.94453125 0.753125 0.0921875 0.078125
3 0.37890625 0.71875 0.0796875 0.05625
3 0.05078125 0.76953125 0.0921875 0.0796875
3 0.31484375 0.1578125 0.084375 0.065625
3 0.10859375 0.8484375 0.0828125 0.06875
3 0.5109375 0.053125 0.090625 0.05625
3 0.6640625 0.771875 0.0828125 0.0828125
3 0.1328125 0.5640625 0.078125 0.0625
3 0.68203125 0.84765625 0.0828125 0.0828125
3 0.234375 0.875 0.0625 0.0640625
3 0.378125 0.60234375 0.0796875 0.0796875
3 0.60078125 0.1546875 0.075 0.0765625
3 0.93359375 0.10546875 0.090625 0.090625
3 0.21875 0.04140625 0.0875 0.0828125
3 0.30078125 0.95390625 0.0890625 0.0609375
3 0.77890625 0.48828125 0.078125 0.078125
3 0.5359375 0.959375 0.08125 0.08125
3 0.50390625 0.1046875 0.0703125 0.0703125
3 0.1 0.80625 0.0875 0.06875
3 0.28359375 0.9125 0.084375 0.05625
3 0.80390625 0.525 0.0921875 0.059375
3 0.7734375 0.09453125 0.075 0.075
3 0.88515625 0.53515625 0.1078125 0.059375
3 0.590625 0.03046875 0.08125 0.059375