3 0.68828125 0.20625 0.0734375 0.071875
3 0.2703125 0.18359375 0.0734375 0.071875
3 0.3703125 0.8453125 0.071875 0.071875
3 0.4296875 0.88203125 0.0703125 0.06875
3 0.55859375 0.5 0.078125 0.0765625
3 0.86015625 0.76953125 0.0578125 0.0765625
3 0.55625 0.1796875 0.0625 0.075
3 0.52890625 0.6984375 0.0765625 0.09375
3 0.2421875 0.28984375 0.078125 0.0859375
3 0.38671875 0.06953125 0.0609375 0.0828125
3 0.17578125 0.88984375 0.0765625 0.0984375
3 0.784375 0.1203125 0.06875 0.078125
3 0.62109375 0.46171875 0.0671875 0.084375
3 0.5296875 0.603125 0.0796875 0.0796875
3 0.46640625 0.321875 0.075 0.075
3 0.7140625 0.73203125 0.071875 0.0828125
3 0.334375 0.61015625 0.0625 0.0796875
3 0.8109375 0.22734375 0.065625 0.0953125
3 0.6203125 0.8578125 0.059375 0.084375
3 0.81015625 0.671875 0.071875 0.071875
3 0.36328125 0.3703125 0.08125 0.0796875
3 0.615625 0.67265625 0.078125 0.078125
4 0.484375 0.0921875 0.090625 0.090625
3 0.50625 0.22421875 0.0734375 0.071875
3 0.76953125 0.29375 0.0703125 0.1
3 0.89609375 0.1140625 0.0625 0.084375
3 0.0640625 0.15390625 0.0703125 0.06875
3 0.28046875 0.56015625 0.0875 0.0875
3 0.8140625 0.46796875 0.0796875 0.0796875
3 0.14375 0.46484375 0.06875 0.0890625
3 0.784375 0.93203125 0.075 0.0921875
3 0.63515625 0.3421875 0.075 0.075
3 0.059375 0.74140625 0.06875 0.0859375
3 0.19609375 0.528125 0.0765625 0.0765625
3 0.8671875 0.4296875 0.065625 0.084375
3 0.7671875 0.0484375 0.065625 0.08125
3 0.91484375 0.84609375 0.06875 0.06875
3 0.16875 0.60546875 0.065625 0.0890625
3 0.4203125 0.8015625 0.065625 0.0671875
3 0.55859375 0.79609375 0.0578125 0.1015625
3 0.246875 0.94453125 0.078125 0.0921875
3 0.28125 0.37890625 0.0671875 0.06875
3 0.23046875 0.05078125 0.0859375 0.0859375
3 0.8421875 0.31484375 0.075 0.075
3 0.1515625 0.10859375 0.06875 0.0828125
3 0.946875 0.5109375 0.0734375 0.0734375
3 0.228125 0.6640625 0.06875 0.096875
3 0.4359375 0.1328125 0.0625 0.078125
3 0.15234375 0.68203125 0.0734375 0.0921875
3 0.125 0.234375 0.05 0.075
3 0.39765625 0.378125 0.059375 0.1
3 0.8453125 0.60078125 0.0765625 0.0765625
3 0.89453125 0.93359375 0.090625 0.090625
3 0.959375 0.21796875 0.075 0.0984375
3 0.04609375 0.30078125 0.0609375 0.0890625
3 0.51171875 0.77890625 0.078125 0.078125
3 0.040625 0.5359375 0.075 0.0875
3 0.8953125 0.50390625 0.0703125 0.0703125
3 0.19375 0.1 0.06875 0.0875
3 0.0875 0.28359375 0.0703125 0.0703125
3 0.475 0.80390625 0.0765625 0.0765625
3 0.90546875 0.7734375 0.075 0.075
3 0.46484375 0.88515625 0.084375 0.084375
3 0.96953125 0.590625 0.059375 0.08125