3 0.5640625 0.2515625 0.0765625 0.0765625
3 0.68046875 0.93046875 0.075 0.075
3 0.5296875 0.73125 0.075 0.075
3 0.11015625 0.71015625 0.0890625 0.0625
3 0.5609375 0.165625 0.0734375 0.0734375
3 0.6984375 0.2796875 0.075 0.075
3 0.653125 0.14140625 0.0734375 0.071875
3 0.9109375 0.6421875 0.084375 0.065625
3 0.36328125 0.7140625 0.0984375 0.071875
3 0.534375 0.89140625 0.0828125 0.08125
3 0.7421875 0.5546875 0.084375 0.059375
3 0.82265625 0.51796875 0.06875 0.06875
3 0.3171875 0.19375 0.0796875 0.0796875
3 0.67265625 0.36328125 0.0890625 0.0640625
3 0.51328125 0.4234375 0.096875 0.065625
3 0.4296875 0.22421875 0.0703125 0.0703125
3 0.26640625 0.8625 0.0828125 0.065625
3 0.46171875 0.7890625 0.1015625 0.06875
3 0.78828125 0.421875 0.078125 0.078125
3 0.13984375 0.315625 0.0953125 0.059375
3 0.42109375 0.85 0.084375 0.084375
3 0.1234375 0.065625 0.0734375 0.0734375
3 0.47890625 0.225 0.08125 0.08125
3 0.88671875 0.925 0.0953125 0.06875
3 0.7328125 0.12421875 0.0875 0.0640625
3 0.83046875 0.809375 0.0875 0.05625
3 0.49921875 0.6703125 0.08125 0.08125
3 0.8125 0.21171875 0.09375 0.0921875
3 0.31484375 0.94140625 0.0703125 0.0703125
3 0.3828125 0.3140625 0.0765625 0.0765625
3 0.2890625 0.68828125 0.071875 0.071875
3 0.45234375 0.1515625 0.078125 0.078125
3 0.1046875 0.125 0.078125 0.053125
3 0.36484375 0.89140625 0.0859375 0.0859375
3 0.56796875 0.5546875 0.075 0.075
3 0.5703125 0.484375 0.078125 0.075
3 0.34296875 0.60859375 0.0859375 0.0609375
3 0.3484375 0.35 0.09375 0.071875
3 0.9015625 0.44453125 0.0671875 0.06875
3 0.45390625 0.89921875 0.078125 0.078125
3 0.25859375 0.53671875 0.0625 0.0625
3 0.8609375 0.15859375 0.096875 0.0546875
3 0.83828125 0.11015625 0.1078125 0.0640625
3 0.46640625 0.084375 0.0828125 0.084375
3 0.1078125 0.62265625 0.103125 0.0515625
3 0.28125 0.47421875 0.10625 0.0625
3 0.19453125 0.20703125 0.0671875 0.0578125
3 0.2734375 0.36640625 0.096875 0.0609375
3 0.29296875 0.64296875 0.0953125 0.05
3 0.15859375 0.2203125 0.0796875 0.08125
3 0.85234375 0.8703125 0.1046875 0.053125
3 0.0546875 0.75390625 0.0671875 0.065625
3 0.271875 0.59140625 0.075 0.0546875
3 0.0578125 0.1375 0.08125 0.08125
3 0.94375 0.825 0.078125 0.059375
2 0.8765625 0.71171875 0.134375 0.121875
3 0.71640625 0.65859375 0.090625 0.0546875
3 0.571875 0.83125 0.078125 0.078125
6 0.09140625 0.24609375 0.0953125 0.0953125
3 0.21640625 0.48359375 0.096875 0.0796875
3 0.58984375 0.6453125 0.1171875 0.04375
4 0.28203125 0.4234375 0.09375 0.09375
3 0.83984375 0.44765625 0.0703125 0.059375
3 0.7640625 0.96328125 0.0734375 0.071875
3 0.0578125 0.67421875 0.0796875 0.078125
3 0.49296875 0.03359375 0.0984375 0.0640625
3 0.203125 0.5890625 0.0625 0.0625
3 0.62578125 0.48671875 0.065625 0.065625
3 0.66953125 0.08203125 0.0875 0.0875