3 0.7484375 0.4359375 0.0765625 0.0765625
3 0.06953125 0.31953125 0.075 0.075
3 0.26875 0.4703125 0.059375 0.090625
3 0.28984375 0.88984375 0.075 0.0765625
3 0.834375 0.4390625 0.071875 0.075
3 0.7203125 0.3015625 0.065625 0.084375
3 0.85859375 0.346875 0.0578125 0.0875
3 0.3578125 0.0890625 0.065625 0.084375
3 0.2859375 0.63671875 0.084375 0.084375
3 0.10859375 0.465625 0.0703125 0.09375
3 0.4453125 0.2578125 0.071875 0.071875
3 0.48203125 0.17734375 0.06875 0.06875
3 0.80625 0.6828125 0.0796875 0.0796875
3 0.63671875 0.32734375 0.0640625 0.0890625
3 0.5765625 0.48671875 0.08125 0.08125
3 0.77578125 0.5703125 0.0703125 0.0703125
3 0.1375 0.73359375 0.0734375 0.075
3 0.2109375 0.53828125 0.084375 0.084375
3 0.578125 0.21171875 0.078125 0.078125
3 0.684375 0.86015625 0.059375 0.0953125
3 0.15 0.57890625 0.0625 0.1046875
3 0.934375 0.8765625 0.0625 0.084375
3 0.775 0.52109375 0.08125 0.08125
3 0.075 0.11328125 0.06875 0.0953125
3 0.87578125 0.2671875 0.075 0.0765625
3 0.190625 0.16953125 0.05625 0.0875
3 0.3296875 0.50078125 0.065625 0.096875
3 0.78828125 0.1875 0.0921875 0.09375
3 0.05859375 0.68515625 0.0703125 0.0703125
3 0.6859375 0.6171875 0.0765625 0.0765625
3 0.31171875 0.7109375 0.0546875 0.090625
3 0.8484375 0.54765625 0.059375 0.0953125
3 0.875 0.8953125 0.053125 0.078125
3 0.10859375 0.63515625 0.0734375 0.0984375
3 0.4453125 0.43203125 0.075 0.075
3 0.515625 0.4296875 0.075 0.078125
3 0.39140625 0.65703125 0.0734375 0.0734375
3 0.65 0.6515625 0.0828125 0.0828125
3 0.55546875 0.0984375 0.0671875 0.06875
3 0.10078125 0.54609375 0.078125 0.078125
3 0.46328125 0.74140625 0.0625 0.0625
3 0.84140625 0.1390625 0.0765625 0.075
3 0.88984375 0.16171875 0.0640625 0.1078125
3 0.915625 0.53359375 0.084375 0.0828125
3 0.37734375 0.8921875 0.078125 0.0765625
3 0.52578125 0.71875 0.0625 0.10625
3 0.79296875 0.80546875 0.0578125 0.0671875
3 0.63359375 0.7265625 0.078125 0.078125
3 0.35703125 0.70703125 0.05 0.0953125
3 0.7796875 0.84140625 0.071875 0.0890625
3 0.1296875 0.14765625 0.0796875 0.0796875
3 0.24609375 0.9453125 0.0546875 0.078125
3 0.40859375 0.728125 0.0546875 0.075
3 0.8625 0.9421875 0.075 0.0875
3 0.175 0.05625 0.06875 0.06875
2 0.28828125 0.1234375 0.121875 0.134375
3 0.34140625 0.28359375 0.0546875 0.090625
3 0.16875 0.428125 0.05625 0.1
6 0.75390625 0.90859375 0.0953125 0.0953125
3 0.51640625 0.78359375 0.0875 0.0875
3 0.3546875 0.41015625 0.04375 0.1171875
4 0.5765625 0.71796875 0.05 0.1359375
3 0.55234375 0.16015625 0.059375 0.0703125
3 0.03671875 0.2359375 0.071875 0.0734375
3 0.32578125 0.9421875 0.0640625 0.09375
3 0.96328125 0.5078125 0.0734375 0.08125
3 0.4109375 0.796875 0.05625 0.06875
3 0.51328125 0.37421875 0.065625 0.065625
3 0.91796875 0.33046875 0.0875 0.0875