3 0.4359375 0.2515625 0.090625 0.0625
3 0.31953125 0.93046875 0.075 0.075
3 0.4703125 0.73125 0.090625 0.059375
3 0.88984375 0.71015625 0.0765625 0.0765625
3 0.4390625 0.165625 0.078125 0.06875
3 0.3015625 0.2796875 0.075 0.075
3 0.346875 0.14140625 0.0875 0.0578125
3 0.0890625 0.6421875 0.075 0.075
3 0.63671875 0.7140625 0.084375 0.084375
3 0.465625 0.89140625 0.09375 0.0703125
3 0.2578125 0.5546875 0.071875 0.071875
3 0.17734375 0.51796875 0.0796875 0.05625
3 0.6828125 0.19375 0.0796875 0.0796875
3 0.32734375 0.36328125 0.0765625 0.0765625
3 0.48671875 0.4234375 0.08125 0.08125
3 0.5703125 0.22421875 0.0703125 0.0703125
3 0.73359375 0.8625 0.0828125 0.065625
3 0.53828125 0.7890625 0.1015625 0.06875
3 0.21171875 0.421875 0.078125 0.078125
3 0.86015625 0.315625 0.0765625 0.078125
3 0.57890625 0.85 0.084375 0.084375
3 0.8765625 0.065625 0.0734375 0.0734375
3 0.52109375 0.225 0.0890625 0.071875
3 0.11328125 0.925 0.0953125 0.06875
3 0.2671875 0.12421875 0.075 0.075
3 0.16953125 0.809375 0.071875 0.071875
3 0.50078125 0.6703125 0.096875 0.065625
3 0.1875 0.21171875 0.121875 0.0640625
3 0.68515625 0.94140625 0.0828125 0.0578125
3 0.6171875 0.3140625 0.090625 0.0625
3 0.7109375 0.68828125 0.090625 0.0546875
3 0.54765625 0.1515625 0.078125 0.078125
3 0.8953125 0.125 0.078125 0.053125
3 0.63515625 0.89140625 0.0859375 0.0859375
3 0.43203125 0.5546875 0.075 0.075
3 0.4296875 0.484375 0.078125 0.075
3 0.65703125 0.60859375 0.0734375 0.0734375
3 0.6515625 0.35 0.0828125 0.0828125
3 0.0984375 0.44453125 0.06875 0.0671875
3 0.54609375 0.89921875 0.0984375 0.0578125
3 0.74140625 0.53671875 0.0625 0.0625
3 0.1390625 0.15859375 0.096875 0.0546875
3 0.16171875 0.11015625 0.1078125 0.0640625
3 0.53359375 0.084375 0.1046875 0.0625
3 0.8921875 0.62265625 0.103125 0.0515625
3 0.71875 0.47421875 0.10625 0.0625
3 0.80546875 0.20703125 0.0671875 0.0578125
3 0.7265625 0.36640625 0.078125 0.078125
3 0.70703125 0.64296875 0.0953125 0.05
3 0.84140625 0.2203125 0.0890625 0.071875
3 0.14765625 0.8703125 0.0796875 0.0796875
3 0.9453125 0.75390625 0.0671875 0.065625
3 0.728125 0.59140625 0.075 0.0546875
3 0.9421875 0.1375 0.08125 0.08125
3 0.05625 0.825 0.06875 0.06875
2 0.1234375 0.71171875 0.134375 0.121875
3 0.28359375 0.65859375 0.090625 0.0546875
3 0.428125 0.83125 0.078125 0.078125
6 0.90859375 0.24609375 0.0953125 0.0953125
3 0.78359375 0.48359375 0.096875 0.0796875
3 0.41015625 0.6453125 0.1171875 0.04375
4 0.71796875 0.4234375 0.09375 0.09375
3 0.16015625 0.44765625 0.0703125 0.059375
3 0.2359375 0.96328125 0.0875 0.0578125
3 0.9421875 0.67421875 0.0796875 0.078125
3 0.50703125 0.03359375 0.0984375 0.0640625
3 0.796875 0.5890625 0.0625 0.0625
3 0.37421875 0.48671875 0.065625 0.065625
3 0.33046875 0.08203125 0.1265625 0.0484375