3 0.06171875 0.10546875 0.0765625 0.0765625
3 0.103125 0.86015625 0.06875 0.0984375
3 0.85 0.45703125 0.06875 0.06875
3 0.87265625 0.6484375 0.0578125 0.078125
3 0.41484375 0.321875 0.084375 0.0828125
3 0.5796875 0.47421875 0.065625 0.0875
3 0.12265625 0.05859375 0.0796875 0.0796875
1 0.0765625 0.73828125 0.065625 0.0671875
3 0.784375 0.48046875 0.05625 0.0765625
3 0.8140625 0.12265625 0.065625 0.0828125
3 0.0484375 0.83984375 0.053125 0.0765625
3 0.3390625 0.11875 0.065625 0.08125
3 0.20234375 0.4640625 0.0578125 0.0875
3 0.0609375 0.56171875 0.0671875 0.065625
3 0.06796875 0.22265625 0.06875 0.06875
3 0.84609375 0.29140625 0.075 0.075
3 0.26015625 0.6296875 0.0671875 0.0875
3 0.37265625 0.84609375 0.0796875 0.0796875
3 0.33125 0.37421875 0.05625 0.0828125
3 0.66328125 0.5171875 0.0703125 0.103125
3 0.596875 0.3203125 0.06875 0.090625
3 0.34453125 0.234375 0.0609375 0.078125
3 0.5765625 0.06171875 0.0734375 0.075
3 0.246875 0.5265625 0.06875 0.0671875
3 0.7453125 0.409375 0.053125 0.075
3 0.2546875 0.71484375 0.0703125 0.071875
3 0.7984375 0.3515625 0.075 0.075
3 0.59453125 0.41328125 0.06875 0.06875
3 0.6359375 0.85078125 0.071875 0.071875
3 0.4796875 0.0859375 0.059375 0.078125
3 0.54375 0.228125 0.08125 0.08125
3 0.9296875 0.42109375 0.053125 0.0796875
3 0.2359375 0.15703125 0.0765625 0.078125
3 0.6515625 0.72578125 0.059375 0.0734375
6 0.06484375 0.43046875 0.0828125 0.0828125
3 0.7484375 0.09453125 0.0703125 0.0703125
3 0.18515625 0.240625 0.06875 0.0703125
3 0.4578125 0.746875 0.059375 0.084375
3 0.584375 0.703125 0.04375 0.084375
3 0.50390625 0.15546875 0.059375 0.0734375
3 0.25625 0.37109375 0.0765625 0.0765625
3 0.8609375 0.78984375 0.06875 0.06875
3 0.30625 0.50078125 0.0625 0.071875
3 0.125 0.2109375 0.06875 0.06875
3 0.3296875 0.92578125 0.071875 0.071875
3 0.36171875 0.48828125 0.0453125 0.0734375
3 0.4 0.1015625 0.071875 0.0703125
3 0.125 0.34765625 0.0671875 0.06875
3 0.69609375 0.43984375 0.0578125 0.0859375
3 0.9015625 0.30625 0.0734375 0.0734375
3 0.86484375 0.93828125 0.053125 0.0703125
3 0.96875 0.09765625 0.0625 0.0640625
3 0.715625 0.05234375 0.0625 0.0859375
3 0.75859375 0.75703125 0.0578125 0.0734375
3 0.865625 0.20703125 0.0625 0.0609375
3 0.428125 0.5578125 0.053125 0.078125
3 0.1859375 0.8359375 0.0671875 0.0671875
3 0.9234375 0.13828125 0.065625 0.0765625
3 0.43671875 0.9 0.0640625 0.075
3 0.64453125 0.428125 0.06875 0.0703125
3 0.096875 0.6578125 0.05 0.06875
3 0.0578125 0.30078125 0.065625 0.078125
3 0.8359375 0.86015625 0.0640625 0.0625
3 0.4921875 0.27421875 0.0703125 0.06875
3 0.91640625 0.79609375 0.0484375 0.0765625
3 0.9359375 0.65859375 0.059375 0.0734375
3 0.41328125 0.47109375 0.0515625 0.078125
3 0.12578125 0.471875 0.0546875 0.08125
3 0.86875 0.08515625 0.05625 0.0671875
3 0.1125 0.5578125 0.065625 0.065625
3 0.96171875 0.72734375 0.0765625 0.0828125
3 0.9421875 0.54765625 0.065625 0.0765625
3 0.34453125 0.76796875 0.059375 0.059375
3 0.72421875 0.69453125 0.0515625 0.0671875
3 0.57421875 0.16015625 0.0609375 0.0625
3 0.3140625 0.821875 0.0921875 0.0921875
3 0.384375 0.709375 0.0578125 0.0578125
6 0.9296875 0.32734375 0.071875 0.0859375
3 0.50546875 0.53125 0.0625 0.0625
3 0.540625 0.453125 0.0703125 0.0703125
3 0.90078125 0.7171875 0.0453125 0.065625
3 0.6265625 0.65859375 0.06875 0.06875
3 0.91640625 0.22578125 0.0515625 0.0671875
3 0.0265625 0.71484375 0.053125 0.0890625
3 0.859375 0.3609375 0.05625 0.05625
3 0.40859375 0.25859375 0.0515625 0.0671875
3 0.534375 0.090625 0.05 0.078125
3 0.0359375 0.3671875 0.053125 0.059375
3 0.47265625 0.484375 0.0640625 0.1