3 0.18671875 0.8453125 0.078125 0.0765625
3 0.91015625 0.3609375 0.0859375 0.071875
3 0.7953125 0.05234375 0.075 0.075
3 0.71953125 0.7140625 0.0703125 0.071875
3 0.2359375 0.615625 0.096875 0.06875
3 0.94453125 0.1 0.0796875 0.078125
3 0.89921875 0.43671875 0.078125 0.078125
3 0.82265625 0.19375 0.078125 0.078125
3 0.590625 0.3828125 0.065625 0.065625
3 0.59453125 0.9421875 0.0734375 0.0734375
3 0.771875 0.77890625 0.08125 0.08125
3 0.38125 0.42421875 0.09375 0.078125
3 0.76484375 0.4359375 0.0859375 0.0625
3 0.28515625 0.1765625 0.0875 0.0890625
3 0.33046875 0.95546875 0.0875 0.0875
3 0.2453125 0.24140625 0.109375 0.0640625
3 0.66171875 0.96484375 0.0765625 0.0703125
3 0.85625 0.74453125 0.09375 0.0578125
3 0.86328125 0.78828125 0.0921875 0.0734375
3 0.3265625 0.04296875 0.090625 0.0859375
3 0.640625 0.4890625 0.084375 0.071875
3 0.6921875 0.47421875 0.078125 0.078125
3 0.32734375 0.8203125 0.1109375 0.08125
0 0.3890625 0.6046875 0.096875 0.096875
3 0.77421875 0.4953125 0.075 0.0765625