3 0.39921875 0.85078125 0.0875 0.0609375
3 0.7375 0.74921875 0.0828125 0.0828125
3 0.7671875 0.26640625 0.090625 0.090625
3 0.3703125 0.365625 0.078125 0.078125
3 0.44921875 0.1125 0.0796875 0.0796875
3 0.3734375 0.61640625 0.090625 0.0703125
3 0.78515625 0.534375 0.075 0.075
0 0.66640625 0.203125 0.0953125 0.08125
3 0.6484375 0.57421875 0.0875 0.0609375
3 0.86484375 0.8015625 0.0859375 0.0859375
3 0.3109375 0.0609375 0.075 0.075
3 0.3640625 0.90859375 0.0671875 0.0671875
3 0.82109375 0.4875 0.078125 0.078125
3 0.0984375 0.3609375 0.0828125 0.0828125
3 0.73359375 0.4453125 0.09375 0.09375
3 0.1234375 0.27578125 0.0734375 0.0734375
3 0.74609375 0.9140625 0.0890625 0.065625
3 0.12890625 0.69765625 0.0703125 0.0796875
3 0.465625 0.415625 0.0875 0.065625
3 0.72109375 0.34453125 0.0921875 0.0703125
3 0.90546875 0.1125 0.075 0.075
3 0.5703125 0.56171875 0.084375 0.0671875
3 0.21015625 0.93359375 0.0890625 0.0890625
3 0.9375 0.60625 0.084375 0.06875
3 0.2453125 0.0609375 0.053125 0.075
3 0.59296875 0.7234375 0.0734375 0.0734375
3 0.26875 0.71171875 0.071875 0.071875
3 0.64296875 0.653125 0.0828125 0.0828125
3 0.61171875 0.8125 0.0890625 0.06875
3 0.6984375 0.85390625 0.078125 0.0578125
3 0.89609375 0.3078125 0.071875 0.0734375
3 0.16796875 0.83203125 0.0984375 0.0640625
3 0.3234375 0.6265625 0.0765625 0.0765625
3 0.7265625 0.17265625 0.078125 0.06875
3 0.18515625 0.20078125 0.0890625 0.065625
3 0.93359375 0.5375 0.0953125 0.0625
3 0.5453125 0.3859375 0.090625 0.065625
3 0.32578125 0.4765625 0.071875 0.0734375
3 0.60546875 0.43046875 0.090625 0.090625
3 0.421875 0.2375 0.0703125 0.0703125
3 0.83515625 0.32734375 0.0890625 0.06875
3 0.7890625 0.61875 0.096875 0.0625
3 0.82109375 0.665625 0.0734375 0.059375
3 0.1453125 0.73984375 0.090625 0.090625
3 0.37265625 0.2359375 0.0796875 0.0796875
3 0.36640625 0.3015625 0.1203125 0.059375
3 0.553125 0.946875 0.090625 0.075
3 0.74296875 0.5734375 0.0921875 0.059375
3 0.1390625 0.1171875 0.090625 0.065625
3 0.240625 0.8421875 0.096875 0.071875
3 0.0578125 0.6921875 0.075 0.071875
3 0.13984375 0.9546875 0.1078125 0.065625
3 0.17265625 0.703125 0.090625 0.0640625
3 0.11484375 0.071875 0.1015625 0.065625
3 0.55859375 0.4359375 0.0859375 0.06875
3 0.05078125 0.1671875 0.0859375 0.065625
3 0.9421875 0.21015625 0.0875 0.0609375
3 0.19609375 0.10625 0.0703125 0.071875
3 0.93671875 0.078125 0.0640625 0.0640625
3 0.709375 0.96640625 0.075 0.0671875
3 0.8171875 0.9703125 0.084375 0.059375