3 0.53046875 0.278125 0.0703125 0.0703125
3 0.27890625 0.4390625 0.0828125 0.0828125
3 0.65078125 0.1578125 0.0734375 0.0734375
3 0.88828125 0.4453125 0.075 0.075
3 0.59765625 0.41171875 0.0734375 0.0984375
3 0.1703125 0.15390625 0.08125 0.0828125
3 0.8421875 0.09921875 0.065625 0.0828125
3 0.35 0.44375 0.05625 0.08125
3 0.21484375 0.815625 0.0625 0.0875
3 0.88203125 0.19609375 0.0671875 0.0953125
6 0.38671875 0.878125 0.08125 0.109375
3 0.93515625 0.91171875 0.078125 0.078125
3 0.0796875 0.3390625 0.059375 0.090625
3 0.78359375 0.50078125 0.0609375 0.0921875
3 0.075 0.8828125 0.075 0.103125
3 0.07578125 0.47734375 0.0671875 0.090625
3 0.05703125 0.5671875 0.06875 0.0703125
3 0.22890625 0.2390625 0.065625 0.08125
3 0.21171875 0.51953125 0.059375 0.0796875
3 0.2859375 0.9515625 0.071875 0.0875
3 0.5265625 0.66640625 0.0828125 0.084375
3 0.80703125 0.9375 0.084375 0.0859375
3 0.85625 0.86328125 0.078125 0.0796875
3 0.3515625 0.64609375 0.06875 0.06875
3 0.3515625 0.2015625 0.06875 0.103125
3 0.40703125 0.3390625 0.06875 0.06875
3 0.5828125 0.0609375 0.071875 0.10625
3 0.971875 0.33984375 0.05 0.0765625
3 0.4640625 0.7046875 0.078125 0.078125
3 0.88359375 0.70859375 0.078125 0.078125
3 0.64453125 0.315625 0.0671875 0.065625
3 0.73203125 0.15390625 0.0671875 0.0671875
3 0.7453125 0.94140625 0.059375 0.1078125
3 0.9328125 0.53515625 0.053125 0.0734375
3 0.77421875 0.409375 0.0546875 0.084375
3 0.171875 0.521875 0.078125 0.078125
3 0.7765625 0.6828125 0.065625 0.075
3 0.95625 0.66328125 0.0875 0.0859375
3 0.94375 0.17421875 0.084375 0.084375
3 0.8203125 0.6328125 0.06875 0.0875
3 0.13046875 0.74765625 0.0546875 0.090625
3 0.7421875 0.72890625 0.065625 0.075
3 0.64921875 0.69765625 0.0890625 0.0890625
3 0.25 0.68359375 0.06875 0.06875
6 0.13984375 0.35078125 0.0796875 0.0890625
3 0.11328125 0.8328125 0.071875 0.0703125
3 0.7046875 0.82265625 0.059375 0.1046875
3 0.35 0.08984375 0.0625 0.0609375
3 0.703125 0.3234375 0.0765625 0.0765625
3 0.16875 0.3 0.078125 0.078125
3 0.64140625 0.046875 0.0609375 0.090625
3 0.2171875 0.7109375 0.065625 0.065625
0 0.6359375 0.7828125 0.109375 0.109375
3 0.73203125 0.76953125 0.084375 0.084375