3 0.53046875 0.721875 0.0703125 0.0703125
3 0.27890625 0.5609375 0.0828125 0.0828125
3 0.65078125 0.8421875 0.0625 0.084375
3 0.88828125 0.5546875 0.0640625 0.084375
3 0.59765625 0.58828125 0.0859375 0.0859375
3 0.1703125 0.84609375 0.071875 0.0921875
3 0.8421875 0.90078125 0.0734375 0.075
3 0.35 0.55625 0.06875 0.06875
3 0.21484375 0.184375 0.0625 0.0875
3 0.88203125 0.80390625 0.08125 0.08125
6 0.38671875 0.121875 0.0953125 0.0953125
3 0.93515625 0.08828125 0.0703125 0.0859375
3 0.0796875 0.6609375 0.075 0.075
3 0.78359375 0.49921875 0.0609375 0.0921875
3 0.075 0.1171875 0.0890625 0.0890625
3 0.07578125 0.52265625 0.0796875 0.078125
3 0.05703125 0.4328125 0.0578125 0.08125
3 0.22890625 0.7609375 0.0734375 0.0734375
3 0.21171875 0.48046875 0.06875 0.0703125
3 0.2859375 0.0484375 0.071875 0.0875
3 0.5265625 0.33359375 0.071875 0.0953125
3 0.80703125 0.0625 0.084375 0.0859375
3 0.85625 0.13671875 0.078125 0.0796875
3 0.3515625 0.35390625 0.053125 0.0828125
3 0.3515625 0.7984375 0.06875 0.103125
3 0.40703125 0.6609375 0.06875 0.06875
3 0.5828125 0.9390625 0.071875 0.10625
3 0.971875 0.66015625 0.05 0.0765625
3 0.4640625 0.2953125 0.078125 0.078125
3 0.88359375 0.29140625 0.065625 0.0921875
3 0.64453125 0.684375 0.0546875 0.078125
3 0.73203125 0.84609375 0.0671875 0.0671875
3 0.7453125 0.05859375 0.084375 0.084375
3 0.9328125 0.46484375 0.0640625 0.0625
3 0.77421875 0.590625 0.0546875 0.084375
3 0.171875 0.478125 0.065625 0.090625
3 0.7765625 0.3171875 0.065625 0.075
3 0.95703125 0.3375 0.0734375 0.1
3 0.94375 0.82578125 0.059375 0.109375
3 0.8203125 0.3671875 0.06875 0.0875
3 0.13046875 0.25234375 0.0546875 0.090625
3 0.7421875 0.27109375 0.0703125 0.0703125
3 0.64921875 0.30234375 0.0890625 0.0890625
3 0.25 0.31640625 0.06875 0.06875
6 0.13984375 0.64921875 0.0796875 0.0890625
3 0.11328125 0.1671875 0.0609375 0.08125
3 0.7046875 0.17734375 0.059375 0.1046875
3 0.35 0.91015625 0.05 0.0734375
3 0.703125 0.6765625 0.06875 0.084375
3 0.16875 0.7 0.05625 0.1
3 0.64140625 0.953125 0.075 0.075
3 0.2171875 0.2890625 0.065625 0.065625
0 0.6359375 0.2171875 0.109375 0.109375
3 0.73203125 0.23046875 0.0828125 0.0875