3 0.8203125 0.46953125 0.0859375 0.0875
3 0.221875 0.14609375 0.084375 0.084375
3 0.5109375 0.1015625 0.08125 0.08125
3 0.1484375 0.8078125 0.1 0.06875
3 0.20859375 0.75625 0.0796875 0.06875
3 0.86796875 0.540625 0.0890625 0.075
3 0.278125 0.878125 0.071875 0.071875
3 0.190625 0.6359375 0.09375 0.065625
3 0.853125 0.90390625 0.084375 0.084375
3 0.484375 0.284375 0.071875 0.071875
3 0.21171875 0.31875 0.0890625 0.075
3 0.8109375 0.2609375 0.0734375 0.071875
3 0.3609375 0.06796875 0.0625 0.0625
3 0.6296875 0.084375 0.078125 0.078125
3 0.45546875 0.20234375 0.078125 0.0703125
3 0.56875 0.46640625 0.0875 0.0765625
3 0.15546875 0.0875 0.0828125 0.0828125
3 0.38828125 0.72578125 0.06875 0.06875
3 0.48984375 0.76171875 0.0734375 0.0625
3 0.271875 0.80625 0.090625 0.06875
3 0.55390625 0.815625 0.0796875 0.0625
3 0.9296875 0.2078125 0.06875 0.06875
3 0.5296875 0.70078125 0.0875 0.065625
3 0.2046875 0.2328125 0.084375 0.084375
3 0.684375 0.8734375 0.09375 0.09375
3 0.68671875 0.33125 0.0828125 0.084375
3 0.36171875 0.20703125 0.0828125 0.0828125
3 0.215625 0.9359375 0.08125 0.0625
3 0.52890625 0.3390625 0.071875 0.071875
3 0.90859375 0.0609375 0.0890625 0.0875
3 0.484375 0.50546875 0.078125 0.0546875
3 0.9421875 0.48671875 0.1 0.0625
3 0.75 0.5828125 0.06875 0.06875
3 0.62109375 0.26640625 0.075 0.0765625
3 0.3046875 0.08671875 0.084375 0.0609375
3 0.40234375 0.803125 0.0828125 0.05
3 0.94921875 0.13046875 0.084375 0.084375
3 0.6140625 0.7265625 0.090625 0.071875
3 0.75390625 0.20625 0.0875 0.0890625
3 0.259375 0.45859375 0.0875 0.071875
3 0.4234375 0.50234375 0.090625 0.0671875
3 0.58203125 0.64375 0.090625 0.0921875
3 0.871875 0.82890625 0.075 0.0609375
3 0.71484375 0.4015625 0.0859375 0.059375
3 0.06796875 0.771875 0.084375 0.084375
3 0.5015625 0.5703125 0.075 0.075
3 0.4421875 0.62890625 0.06875 0.06875
3 0.14375 0.59375 0.065625 0.065625
3 0.596875 0.36796875 0.071875 0.071875
3 0.11015625 0.14453125 0.06875 0.06875
3 0.8109375 0.63671875 0.096875 0.0703125
3 0.0921875 0.27109375 0.084375 0.0640625
3 0.60859375 0.58984375 0.0765625 0.0765625
3 0.4046875 0.10625 0.06875 0.06875
3 0.8546875 0.6796875 0.078125 0.078125
3 0.68359375 0.80546875 0.090625 0.0609375
3 0.509375 0.9046875 0.075 0.0734375
3 0.57734375 0.0453125 0.0671875 0.065625
3 0.66171875 0.6609375 0.06875 0.06875
3 0.7203125 0.08203125 0.0875 0.0765625
3 0.853125 0.16015625 0.090625 0.0484375
3 0.1421875 0.53671875 0.071875 0.071875
3 0.54140625 0.16875 0.0734375 0.0625
3 0.95234375 0.64140625 0.0953125 0.0671875
3 0.7328125 0.4875 0.071875 0.071875
3 0.7875 0.95234375 0.1 0.0671875
3 0.35234375 0.2765625 0.08125 0.08125
3 0.7078125 0.7578125 0.0890625 0.0890625
3 0.371875 0.9296875 0.0640625 0.0640625
3 0.940625 0.27734375 0.08125 0.0609375
3 0.10078125 0.67890625 0.0765625 0.0625
3 0.3296875 0.54921875 0.103125 0.0703125
3 0.64453125 0.90390625 0.1015625 0.065625
3 0.86328125 0.6359375 0.0859375 0.065625
3 0.70703125 0.21796875 0.0953125 0.0734375
3 0.05546875 0.5328125 0.0890625 0.071875
3 0.2765625 0.20859375 0.084375 0.065625
3 0.63515625 0.159375 0.075 0.075
3 0.83515625 0.7953125 0.0921875 0.06875
3 0.11796875 0.35703125 0.084375 0.084375
3 0.59921875 0.2296875 0.084375 0.071875
3 0.7265625 0.9296875 0.090625 0.08125
3 0.14765625 0.8859375 0.08125 0.08125
3 0.4640625 0.35703125 0.078125 0.0765625
3 0.68046875 0.52578125 0.0703125 0.0703125
3 0.4921875 0.83359375 0.0765625 0.078125
3 0.2578125 0.52265625 0.075 0.0609375
3 0.44296875 0.046875 0.0765625 0.0625
3 0.8609375 0.33046875 0.0890625 0.0890625
3 0.8171875 0.034375 0.078125 0.06875
3 0.36484375 0.95 0.096875 0.078125
3 0.29140625 0.70546875 0.0828125 0.0578125
3 0.20234375 0.5125 0.0765625 0.078125
3 0.090625 0.49921875 0.09375 0.09375
3 0.74609375 0.734375 0.0953125 0.0875
3 0.41875 0.328125 0.06875 0.06875
4 0.15234375 0.4375 0.071875 0.0734375
3 0.8890625 0.4078125 0.090625 0.065625
3 0.47109375 0.92734375 0.06875 0.06875
3 0.4734375 0.396875 0.0796875 0.0796875
3 0.11328125 0.64921875 0.0859375 0.0546875
3 0.08046875 0.7578125 0.0671875 0.05625
3 0.10078125 0.90859375 0.071875 0.071875
3 0.17734375 0.9625 0.0734375 0.06875
3 0.10625 0.0328125 0.06875 0.065625
3 0.2828125 0.29921875 0.09375 0.0703125
3 0.096875 0.43359375 0.06875 0.06875
3 0.0890625 0.3390625 0.0703125 0.0703125
3 0.40390625 0.13359375 0.084375 0.0671875
3 0.7234375 0.359375 0.0765625 0.0765625
3 0.946875 0.46640625 0.075 0.0578125
3 0.90390625 0.6125 0.0703125 0.06875
3 0.94296875 0.74375 0.0796875 0.06875
3 0.81015625 0.9625 0.0921875 0.065625
3 0.8484375 0.253125 0.075 0.059375
3 0.8109375 0.334375 0.0671875 0.0671875
3 0.8140625 0.1546875 0.1 0.046875
3 0.85234375 0.05703125 0.0890625 0.0671875
3 0.7265625 0.0390625 0.084375 0.065625
3 0.5875 0.15859375 0.0734375 0.071875
3 0.62109375 0.1859375 0.0703125 0.0703125
3 0.6046875 0.39140625 0.071875 0.071875
3 0.73203125 0.4234375 0.0640625 0.0640625
3 0.47421875 0.553125 0.078125 0.078125
3 0.409375 0.828125 0.084375 0.05625
3 0.44453125 0.9609375 0.0625 0.0625
3 0.84140625 0.3953125 0.1015625 0.065625
3 0.6953125 0.49453125 0.075 0.0640625
3 0.61171875 0.55859375 0.0796875 0.0640625
3 0.39296875 0.634375 0.078125 0.0625
3 0.4671875 0.4828125 0.08125 0.059375
3 0.45390625 0.43125 0.0703125 0.059375
3 0.453125 0.26640625 0.065625 0.065625
3 0.28046875 0.08125 0.06875 0.06875
3 0.31796875 0.209375 0.0796875 0.0796875
3 0.11171875 0.69921875 0.0984375 0.0640625
3 0.4578125 0.76015625 0.065625 0.065625
3 0.65234375 0.69140625 0.071875 0.071875
3 0.76171875 0.68984375 0.0640625 0.065625
3 0.95078125 0.8203125 0.0765625 0.059375
3 0.5984375 0.940625 0.0765625 0.0765625
3 0.75859375 0.72421875 0.0703125 0.0671875
3 0.89296875 0.2140625 0.0578125 0.05625
3 0.31875 0.52265625 0.0734375 0.0734375
3 0.3125 0.73125 0.075 0.071875
3 0.38828125 0.896875 0.065625 0.065625
3 0.284375 0.6765625 0.0671875 0.0671875
3 0.30859375 0.8703125 0.084375 0.059375
3 0.25546875 0.68359375 0.075 0.075
3 0.1078125 0.88359375 0.090625 0.0609375
3 0.09140625 0.46171875 0.06875 0.06875
3 0.215625 0.41328125 0.06875 0.0703125
3 0.28046875 0.553125 0.0921875 0.0625
3 0.3140625 0.2890625 0.078125 0.059375