2 0.7125 0.14765625 0.06875 0.0984375
2 0.1828125 0.70703125 0.071875 0.0953125
2 0.19296875 0.5453125 0.0859375 0.0859375
2 0.13203125 0.6640625 0.0796875 0.090625
2 0.753125 0.2203125 0.075 0.10625
2 0.0515625 0.82578125 0.06875 0.1
2 0.58203125 0.05859375 0.0921875 0.0921875
2 0.1671875 0.46171875 0.075 0.1
2 0.3734375 0.18671875 0.065625 0.1015625
2 0.1671875 0.38671875 0.05 0.0703125
2 0.19921875 0.2234375 0.0953125 0.09375
2 0.68515625 0.21640625 0.0734375 0.1109375
2 0.078125 0.36640625 0.09375 0.09375
2 0.91640625 0.2203125 0.0765625 0.115625
2 0.2546875 0.51953125 0.071875 0.1328125
2 0.35078125 0.5 0.0734375 0.1
2 0.7984375 0.3 0.09375 0.0921875
2 0.0859375 0.2546875 0.078125 0.1125
2 0.5890625 0.14296875 0.0859375 0.084375
2 0.265625 0.24609375 0.0890625 0.090625
2 0.8578125 0.31953125 0.071875 0.1015625
2 0.32734375 0.11171875 0.0828125 0.1015625
2 0.81953125 0.19765625 0.0734375 0.1015625
2 0.17890625 0.821875 0.090625 0.090625
2 0.61875 0.22265625 0.09375 0.0921875
2 0.296875 0.1859375 0.078125 0.096875
2 0.3734375 0.44765625 0.084375 0.084375
2 0.921875 0.04921875 0.0875 0.0875
2 0.86484375 0.40234375 0.0796875 0.0953125
2 0.90078125 0.44765625 0.1078125 0.1078125
2 0.22890625 0.38359375 0.0796875 0.071875
2 0.9484375 0.48828125 0.1 0.1
2 0.38515625 0.328125 0.0984375 0.084375
2 0.07265625 0.903125 0.0796875 0.11875
5 0.12109375 0.74921875 0.1015625 0.103125
5 0.653125 0.12578125 0.1046875 0.1046875
2 0.2171875 0.7921875 0.06875 0.115625
2 0.8640625 0.24375 0.1 0.1
2 0.925 0.3265625 0.103125 0.103125
2 0.36953125 0.2765625 0.096875 0.1125
2 0.33359375 0.2484375 0.0984375 0.1
2 0.378125 0.3859375 0.1 0.1
2 0.2859375 0.4796875 0.08125 0.08125
2 0.11328125 0.834375 0.0875 0.0890625