2 0.2875 0.14765625 0.06875 0.0984375
2 0.8171875 0.70703125 0.071875 0.0953125
2 0.80703125 0.5453125 0.06875 0.103125
2 0.86796875 0.6640625 0.0796875 0.090625
2 0.246875 0.2203125 0.090625 0.090625
2 0.9484375 0.82578125 0.084375 0.084375
2 0.41796875 0.05859375 0.0921875 0.0921875
2 0.8328125 0.46171875 0.0875 0.0875
2 0.6265625 0.18671875 0.084375 0.084375
2 0.8328125 0.38671875 0.05 0.0703125
2 0.80078125 0.2234375 0.0953125 0.09375
2 0.31484375 0.21640625 0.0921875 0.0921875
2 0.921875 0.36640625 0.06875 0.1171875
2 0.08359375 0.2203125 0.096875 0.096875
2 0.7453125 0.51953125 0.1015625 0.1015625
2 0.64921875 0.5 0.0734375 0.1
2 0.2015625 0.3 0.071875 0.1125
2 0.9140625 0.2546875 0.0953125 0.0953125
2 0.4109375 0.14296875 0.0859375 0.084375
2 0.734375 0.24609375 0.0890625 0.090625
2 0.1421875 0.31953125 0.0859375 0.0875
2 0.67265625 0.11171875 0.0828125 0.1015625
2 0.18046875 0.19765625 0.0875 0.0875
2 0.82109375 0.821875 0.0671875 0.1125
2 0.38125 0.22265625 0.071875 0.1140625
2 0.703125 0.1859375 0.0875 0.0875
2 0.6265625 0.44765625 0.090625 0.078125
2 0.078125 0.04921875 0.075 0.0984375
2 0.13515625 0.40234375 0.0875 0.0875
2 0.09921875 0.44765625 0.1078125 0.1078125
2 0.77109375 0.38359375 0.0765625 0.075
2 0.0515625 0.48828125 0.08125 0.1171875
2 0.61484375 0.328125 0.0984375 0.084375
2 0.92734375 0.903125 0.1 0.1
5 0.87890625 0.74921875 0.1015625 0.103125
5 0.346875 0.12578125 0.08125 0.1296875
2 0.7828125 0.7921875 0.06875 0.115625
2 0.1359375 0.24375 0.1 0.1
2 0.075 0.3265625 0.08125 0.125
2 0.63046875 0.2765625 0.1046875 0.1046875
2 0.66640625 0.2484375 0.0984375 0.1
2 0.621875 0.3859375 0.11875 0.08125
2 0.7140625 0.4796875 0.08125 0.08125
2 0.88671875 0.834375 0.0796875 0.096875