2 0.2875 0.85234375 0.084375 0.0828125
2 0.8171875 0.29296875 0.071875 0.0953125
2 0.80703125 0.4546875 0.06875 0.103125
2 0.86796875 0.3359375 0.0859375 0.0859375
2 0.246875 0.7796875 0.090625 0.090625
2 0.9484375 0.17421875 0.084375 0.084375
2 0.41796875 0.94140625 0.0734375 0.1109375
2 0.8328125 0.53828125 0.0875 0.0875
2 0.6265625 0.81328125 0.065625 0.1015625
2 0.8328125 0.61328125 0.05 0.0703125
2 0.80078125 0.7765625 0.0953125 0.09375
2 0.31484375 0.78359375 0.0921875 0.0921875
2 0.921875 0.63359375 0.06875 0.1171875
2 0.08359375 0.7796875 0.096875 0.096875
2 0.7453125 0.48046875 0.071875 0.1328125
2 0.64921875 0.5 0.0734375 0.1
2 0.2015625 0.7 0.0921875 0.0921875
2 0.9140625 0.7453125 0.078125 0.1125
2 0.4109375 0.85703125 0.0859375 0.084375
2 0.734375 0.75390625 0.0890625 0.090625
2 0.1421875 0.68046875 0.0859375 0.0875
2 0.67265625 0.88828125 0.0828125 0.1015625
2 0.18046875 0.80234375 0.0875 0.0875
2 0.82109375 0.178125 0.090625 0.090625
2 0.38125 0.77734375 0.071875 0.1140625
2 0.703125 0.8140625 0.078125 0.096875
2 0.6265625 0.55234375 0.090625 0.078125
2 0.078125 0.95078125 0.0875 0.0875
2 0.13515625 0.59765625 0.0796875 0.0953125
2 0.09921875 0.55234375 0.0859375 0.1296875
2 0.77109375 0.61640625 0.0765625 0.075
2 0.0515625 0.51171875 0.1 0.1
2 0.61484375 0.671875 0.0984375 0.084375
2 0.92734375 0.096875 0.0796875 0.11875
5 0.87890625 0.25078125 0.1015625 0.103125
5 0.346875 0.87421875 0.1046875 0.1046875
2 0.7828125 0.2078125 0.06875 0.115625
2 0.1359375 0.75625 0.090625 0.109375
2 0.075 0.6734375 0.103125 0.103125
2 0.63046875 0.7234375 0.096875 0.1125
2 0.66640625 0.7515625 0.0984375 0.1
2 0.621875 0.6140625 0.1 0.1
2 0.7140625 0.5203125 0.08125 0.08125
2 0.88671875 0.165625 0.0796875 0.096875