3 0.1171875 0.09296875 0.090625 0.0609375
3 0.6390625 0.21171875 0.071875 0.071875
3 0.78671875 0.7765625 0.078125 0.0765625
3 0.14765625 0.68203125 0.08125 0.0828125
3 0.26015625 0.253125 0.0890625 0.090625
3 0.2171875 0.16015625 0.0875 0.0671875
3 0.334375 0.70703125 0.08125 0.0640625
3 0.4109375 0.83046875 0.103125 0.0765625
3 0.58359375 0.2765625 0.0828125 0.084375
3 0.5578125 0.909375 0.084375 0.084375
3 0.52734375 0.1640625 0.0921875 0.071875
3 0.7734375 0.44765625 0.0796875 0.0796875
3 0.12265625 0.86484375 0.0953125 0.0734375
3 0.71015625 0.32890625 0.1015625 0.0765625
3 0.3296875 0.3609375 0.078125 0.0625
3 0.6859375 0.52890625 0.09375 0.06875
3 0.66171875 0.65703125 0.0703125 0.0703125
3 0.91328125 0.796875 0.109375 0.071875
3 0.1859375 0.05 0.0859375 0.0859375
3 0.23359375 0.66171875 0.06875 0.06875
3 0.2828125 0.94453125 0.078125 0.078125
3 0.096875 0.5953125 0.09375 0.09375
3 0.8984375 0.72578125 0.08125 0.0703125
3 0.58515625 0.10234375 0.1015625 0.0734375
3 0.453125 0.884375 0.075 0.05625
3 0.4734375 0.05 0.09375 0.0625
3 0.3734375 0.44765625 0.096875 0.0671875
3 0.05546875 0.43828125 0.078125 0.078125
3 0.246875 0.55 0.06875 0.06875
3 0.5078125 0.2421875 0.096875 0.071875
3 0.79453125 0.2625 0.0734375 0.0734375
3 0.70078125 0.7203125 0.06875 0.0671875
3 0.76796875 0.371875 0.0828125 0.06875
3 0.284375 0.40546875 0.0875 0.0625
3 0.84453125 0.41015625 0.09375 0.09375
3 0.56796875 0.46875 0.0703125 0.071875
3 0.64765625 0.8109375 0.075 0.0734375
3 0.2734375 0.115625 0.084375 0.06875
3 0.21328125 0.83359375 0.06875 0.0703125
3 0.2796875 0.5015625 0.065625 0.065625
3 0.72421875 0.10625 0.071875 0.071875
6 0.27578125 0.8828125 0.1046875 0.06875
3 0.82890625 0.5171875 0.0828125 0.0828125
3 0.05546875 0.26015625 0.08125 0.08125
3 0.1640625 0.2828125 0.08125 0.065625
3 0.4578125 0.046875 0.090625 0.065625
3 0.746875 0.84921875 0.08125 0.06875
3 0.7953125 0.89609375 0.075 0.075
3 0.18515625 0.390625 0.071875 0.071875
3 0.46171875 0.6453125 0.059375 0.059375
3 0.8078125 0.084375 0.0875 0.065625
3 0.3671875 0.509375 0.084375 0.06875
3 0.12734375 0.1828125 0.0671875 0.071875
3 0.46328125 0.946875 0.0734375 0.0734375
3 0.95 0.228125 0.084375 0.06875
3 0.43828125 0.178125 0.1015625 0.06875
3 0.9015625 0.4546875 0.0609375 0.0609375
3 0.6203125 0.03046875 0.065625 0.0609375
3 0.74296875 0.4375 0.0921875 0.071875
3 0.4578125 0.465625 0.075 0.065625
3 0.40859375 0.725 0.0671875 0.0625
3 0.45859375 0.76796875 0.0734375 0.0734375
3 0.35703125 0.128125 0.0796875 0.05625
3 0.190625 0.775 0.071875 0.071875
0 0.1125 0.9453125 0.10625 0.084375
3 0.16796875 0.88984375 0.0796875 0.0609375
3 0.16484375 0.4546875 0.06875 0.0671875
3 0.56328125 0.8 0.0734375 0.05625
3 0.65 0.91875 0.0609375 0.0609375
3 0.93984375 0.8796875 0.0640625 0.0640625
3 0.7953125 0.2140625 0.06875 0.046875
6 0.496875 0.4296875 0.084375 0.084375
3 0.0734375 0.3046875 0.0609375 0.0609375
3 0.95859375 0.490625 0.0734375 0.05625
3 0.88125 0.859375 0.065625 0.065625
3 0.7875 0.02734375 0.0875 0.0546875
3 0.93515625 0.5421875 0.0625 0.0625
3 0.72890625 0.675 0.075 0.075
3 0.78515625 0.6796875 0.0828125 0.059375
3 0.71640625 0.93828125 0.0875 0.046875
3 0.1109375 0.4765625 0.065625 0.059375
3 0.465625 0.7 0.06875 0.05625
3 0.54921875 0.97109375 0.0703125 0.0515625
3 0.35390625 0.92421875 0.0625 0.0625
3 0.34921875 0.21171875 0.065625 0.046875
3 0.83125 0.6921875 0.0609375 0.0609375
3 0.7015625 0.909375 0.065625 0.065625
3 0.1703125 0.97109375 0.059375 0.0578125
3 0.3625 0.1625 0.0578125 0.0578125
3 0.64921875 0.475 0.075 0.075