3 0.90703125 0.8828125 0.0609375 0.090625
3 0.78828125 0.3609375 0.071875 0.071875
3 0.2234375 0.21328125 0.078125 0.078125
3 0.31796875 0.85234375 0.08125 0.08125
3 0.746875 0.73984375 0.0890625 0.0890625
3 0.83984375 0.7828125 0.0671875 0.0875
3 0.29296875 0.665625 0.0640625 0.08125
3 0.16953125 0.5890625 0.0765625 0.103125
3 0.7234375 0.41640625 0.071875 0.0953125
3 0.090625 0.4421875 0.084375 0.084375
3 0.8359375 0.47265625 0.08125 0.0828125
3 0.55234375 0.2265625 0.0671875 0.090625
3 0.13515625 0.87734375 0.084375 0.084375
3 0.67109375 0.28984375 0.0890625 0.0890625
3 0.6390625 0.6703125 0.0625 0.078125
3 0.47109375 0.3140625 0.06875 0.09375
3 0.34296875 0.33828125 0.0640625 0.0765625
3 0.203125 0.08671875 0.071875 0.109375
3 0.95 0.8140625 0.075 0.096875
3 0.33828125 0.76640625 0.0609375 0.0765625
3 0.05546875 0.7171875 0.0671875 0.090625
3 0.4046875 0.903125 0.078125 0.10625
3 0.27421875 0.1015625 0.0703125 0.08125
3 0.89765625 0.41484375 0.0734375 0.1015625
3 0.115625 0.546875 0.065625 0.065625
3 0.95 0.5265625 0.0625 0.09375
3 0.55234375 0.6265625 0.0671875 0.096875
3 0.56171875 0.94453125 0.078125 0.078125
3 0.45 0.753125 0.06875 0.06875
3 0.7578125 0.4921875 0.084375 0.084375
3 0.7375 0.20546875 0.05 0.0984375
3 0.2796875 0.29921875 0.065625 0.0703125
3 0.628125 0.23203125 0.075 0.0765625
3 0.59453125 0.715625 0.0625 0.0875
3 0.58984375 0.15546875 0.09375 0.09375
3 0.53125 0.43203125 0.071875 0.0703125
3 0.1890625 0.35234375 0.0734375 0.075
3 0.884375 0.7265625 0.0765625 0.0765625
3 0.16640625 0.78671875 0.0703125 0.06875
3 0.4984375 0.7203125 0.053125 0.078125
3 0.89375 0.27578125 0.071875 0.071875
6 0.1171875 0.72421875 0.06875 0.1046875
3 0.4828125 0.17109375 0.0828125 0.0828125
3 0.73984375 0.94453125 0.065625 0.0953125
3 0.7171875 0.8359375 0.065625 0.08125
3 0.953125 0.5421875 0.078125 0.078125
3 0.15078125 0.253125 0.075 0.0765625
3 0.10390625 0.2046875 0.075 0.075
3 0.609375 0.81484375 0.0625 0.0796875
3 0.3546875 0.53828125 0.059375 0.059375
3 0.915625 0.1921875 0.0765625 0.0765625
3 0.490625 0.6328125 0.06875 0.084375
3 0.8171875 0.87265625 0.071875 0.0671875
3 0.053125 0.53671875 0.0625 0.0859375
3 0.771875 0.05 0.0765625 0.0765625
3 0.821875 0.56171875 0.06875 0.1015625
3 0.5453125 0.0984375 0.0609375 0.0609375
3 0.96953125 0.3796875 0.0609375 0.065625
3 0.5625 0.25703125 0.08125 0.08125
3 0.534375 0.5421875 0.0703125 0.0703125
3 0.275 0.59140625 0.065625 0.065625
3 0.23203125 0.54140625 0.0609375 0.0859375
3 0.871875 0.64296875 0.05625 0.0796875
3 0.225 0.809375 0.071875 0.071875
0 0.0546875 0.8875 0.0953125 0.0953125
3 0.11015625 0.83203125 0.0609375 0.0796875
3 0.5453125 0.83515625 0.0625 0.0734375
3 0.2 0.43671875 0.065625 0.065625
3 0.08125 0.35 0.0609375 0.0609375
3 0.1203125 0.06015625 0.053125 0.0765625
3 0.7859375 0.2046875 0.046875 0.06875
6 0.5703125 0.503125 0.084375 0.084375
3 0.6953125 0.9265625 0.0609375 0.0609375
3 0.509375 0.04140625 0.05625 0.0734375
3 0.140625 0.11875 0.065625 0.065625
3 0.96875 0.21171875 0.0625 0.0703125
3 0.4578125 0.06484375 0.0625 0.0625
3 0.325 0.27109375 0.078125 0.0734375
3 0.3203125 0.21484375 0.0703125 0.071875
3 0.06171875 0.28359375 0.0671875 0.0671875
3 0.5234375 0.8890625 0.059375 0.065625
3 0.3 0.534375 0.0625 0.0625
3 0.0296875 0.45 0.059375 0.059375
3 0.07578125 0.64609375 0.0625 0.0625
3 0.78828125 0.65078125 0.046875 0.065625
3 0.3078125 0.16875 0.059375 0.0609375
3 0.090625 0.2984375 0.065625 0.065625
3 0.02890625 0.8296875 0.0578125 0.059375
3 0.8375 0.6375 0.0578125 0.0578125
3 0.525 0.35078125 0.075 0.075