2 0.12890625 0.37578125 0.0796875 0.0796875
2 0.06484375 0.64765625 0.084375 0.084375
2 0.64375 0.2765625 0.0875 0.0875
2 0.1484375 0.4828125 0.08125 0.065625
2 0.365625 0.88203125 0.08125 0.0796875
2 0.6609375 0.73515625 0.0703125 0.0703125
2 0.16875 0.7359375 0.0796875 0.0796875
2 0.1046875 0.5453125 0.084375 0.084375
2 0.4265625 0.7375 0.109375 0.06875
2 0.5609375 0.86328125 0.078125 0.078125
2 0.73125 0.2796875 0.0796875 0.0796875
2 0.70078125 0.1609375 0.0859375 0.0625
2 0.646875 0.6328125 0.084375 0.0828125
2 0.29375 0.25546875 0.096875 0.0765625
2 0.81484375 0.36015625 0.0890625 0.06875
2 0.9171875 0.44140625 0.0796875 0.0796875
2 0.28046875 0.74140625 0.08125 0.08125
2 0.48984375 0.3953125 0.10625 0.071875
2 0.46953125 0.16796875 0.090625 0.090625
2 0.8296875 0.4640625 0.08125 0.08125
2 0.34921875 0.3265625 0.071875 0.0703125
2 0.80859375 0.61953125 0.090625 0.090625
2 0.7578125 0.4140625 0.084375 0.084375
2 0.471875 0.51328125 0.0796875 0.0796875
2 0.38828125 0.5859375 0.0765625 0.0765625
2 0.9484375 0.71484375 0.084375 0.0640625
2 0.65546875 0.90390625 0.065625 0.0671875
2 0.8109375 0.70546875 0.078125 0.059375
2 0.68515625 0.390625 0.078125 0.0796875
2 0.87578125 0.4078125 0.0953125 0.071875
2 0.92265625 0.15390625 0.090625 0.0640625
2 0.5234375 0.2359375 0.08125 0.071875
2 0.41796875 0.0328125 0.0828125 0.0625
2 0.5703125 0.28046875 0.078125 0.0765625
2 0.70390625 0.34609375 0.08125 0.08125
2 0.54375 0.428125 0.06875 0.06875
2 0.90546875 0.03984375 0.0765625 0.0734375
2 0.859375 0.71015625 0.078125 0.078125
2 0.790625 0.2234375 0.084375 0.084375
2 0.90390625 0.22890625 0.090625 0.06875
2 0.8046875 0.8359375 0.0734375 0.0734375
2 0.47109375 0.23515625 0.0703125 0.0625
2 0.28125 0.384375 0.075 0.0765625
2 0.84375 0.2515625 0.09375 0.075
3 0.2671875 0.50546875 0.0890625 0.0890625
3 0.4078125 0.2859375 0.0875 0.0875
3 0.21171875 0.1484375 0.0890625 0.0890625
3 0.490625 0.67890625 0.0921875 0.0921875
3 0.88203125 0.30234375 0.1109375 0.0765625
3 0.74765625 0.928125 0.0734375 0.075