2 0.87109375 0.37578125 0.0921875 0.0671875
2 0.93515625 0.64765625 0.084375 0.084375
2 0.35625 0.2765625 0.103125 0.071875
2 0.8515625 0.4828125 0.0734375 0.0734375
2 0.634375 0.88203125 0.09375 0.065625
2 0.3390625 0.73515625 0.0703125 0.0703125
2 0.83125 0.7359375 0.0796875 0.0796875
2 0.8953125 0.5453125 0.084375 0.084375
2 0.5734375 0.7375 0.109375 0.06875
2 0.4390625 0.86328125 0.084375 0.0703125
2 0.26875 0.2796875 0.0796875 0.0796875
2 0.29921875 0.1609375 0.075 0.075
2 0.353125 0.6328125 0.0828125 0.0828125
2 0.70625 0.25546875 0.096875 0.0765625
2 0.18515625 0.36015625 0.0890625 0.06875
2 0.0828125 0.44140625 0.090625 0.06875
2 0.71953125 0.74140625 0.0921875 0.0703125
2 0.51015625 0.3953125 0.10625 0.071875
2 0.53046875 0.16796875 0.090625 0.090625
2 0.1703125 0.4640625 0.08125 0.08125
2 0.65078125 0.3265625 0.0765625 0.065625
2 0.19140625 0.61953125 0.1078125 0.0734375
2 0.2421875 0.4140625 0.084375 0.084375
2 0.528125 0.51328125 0.09375 0.0671875
2 0.61171875 0.5859375 0.084375 0.06875
2 0.0515625 0.71484375 0.084375 0.0640625
2 0.34453125 0.90390625 0.065625 0.0671875
2 0.1890625 0.70546875 0.06875 0.06875
2 0.31484375 0.390625 0.0890625 0.06875
2 0.12421875 0.4078125 0.084375 0.0828125
2 0.07734375 0.15390625 0.078125 0.078125
2 0.4765625 0.2359375 0.08125 0.071875
2 0.58125 0.03515625 0.071875 0.0703125
2 0.4296875 0.28046875 0.0765625 0.0765625
2 0.29609375 0.34609375 0.09375 0.0703125
2 0.45625 0.428125 0.06875 0.06875
2 0.09453125 0.03984375 0.075 0.075
2 0.140625 0.71015625 0.09375 0.0609375
2 0.209375 0.2234375 0.084375 0.084375
2 0.09609375 0.22890625 0.090625 0.06875
2 0.1953125 0.8359375 0.0734375 0.0734375
2 0.52890625 0.23515625 0.0703125 0.0625
2 0.71875 0.384375 0.1 0.053125
2 0.15625 0.2515625 0.084375 0.084375
3 0.7328125 0.50546875 0.0890625 0.0890625
3 0.5921875 0.2859375 0.096875 0.078125
3 0.78828125 0.1484375 0.103125 0.075
3 0.509375 0.67890625 0.103125 0.0796875
3 0.11796875 0.30234375 0.1109375 0.0765625
3 0.25234375 0.928125 0.0796875 0.06875