3 0.3578125 0.8953125 0.084375 0.06875
3 0.13515625 0.22421875 0.075 0.075
3 0.44765625 0.915625 0.075 0.075
3 0.37421875 0.50625 0.078125 0.0765625
3 0.8109375 0.59140625 0.08125 0.08125
3 0.70546875 0.29140625 0.08125 0.08125
3 0.50703125 0.56640625 0.0890625 0.0640625
3 0.21171875 0.84921875 0.0796875 0.0796875
3 0.071875 0.3390625 0.0703125 0.0703125
3 0.784375 0.34375 0.0765625 0.0765625
3 0.728125 0.74453125 0.0734375 0.0734375
3 0.88671875 0.93359375 0.075 0.075
3 0.2046875 0.4203125 0.084375 0.065625
3 0.06875 0.83125 0.075 0.075
3 0.67265625 0.3609375 0.0828125 0.059375
3 0.696875 0.42421875 0.084375 0.0578125
3 0.16796875 0.3234375 0.078125 0.0765625
3 0.72734375 0.65859375 0.0859375 0.0640625
3 0.0953125 0.4046875 0.0765625 0.0765625
3 0.4328125 0.06796875 0.071875 0.0734375
3 0.62109375 0.07890625 0.0875 0.0671875
3 0.57890625 0.3625 0.0828125 0.0625
3 0.28671875 0.5 0.0890625 0.0625
3 0.27734375 0.56171875 0.0703125 0.0703125
3 0.21328125 0.57890625 0.075 0.075
3 0.32890625 0.4390625 0.0671875 0.06875
3 0.559375 0.45234375 0.0796875 0.08125
3 0.409375 0.55390625 0.071875 0.0640625
3 0.14765625 0.796875 0.0859375 0.075
3 0.8625 0.515625 0.075 0.075
3 0.78828125 0.95546875 0.0765625 0.0765625
3 0.9015625 0.159375 0.071875 0.071875
3 0.89375 0.253125 0.08125 0.0625
3 0.628125 0.7484375 0.078125 0.078125
3 0.91328125 0.42265625 0.0765625 0.0765625
3 0.3609375 0.3 0.071875 0.05625
3 0.3921875 0.13671875 0.06875 0.06875
3 0.3046875 0.946875 0.09375 0.06875
3 0.5125 0.41953125 0.096875 0.0625
3 0.65703125 0.171875 0.08125 0.08125
3 0.81328125 0.1625 0.0859375 0.075
3 0.43671875 0.75859375 0.0875 0.0875
3 0.24140625 0.2859375 0.0890625 0.06875
3 0.1921875 0.5109375 0.06875 0.06875
3 0.88671875 0.64609375 0.06875 0.06875
3 0.54609375 0.521875 0.0796875 0.05
3 0.42734375 0.70390625 0.0859375 0.0703125
3 0.69921875 0.82109375 0.084375 0.084375
3 0.9078125 0.8609375 0.078125 0.0625
3 0.88203125 0.74375 0.065625 0.065625
3 0.4234375 0.4140625 0.06875 0.06875
3 0.5609375 0.66015625 0.071875 0.071875
3 0.05625 0.253125 0.096875 0.05625
3 0.5328125 0.70703125 0.096875 0.0546875
3 0.3046875 0.7640625 0.109375 0.065625
3 0.84921875 0.90625 0.071875 0.0703125
3 0.3046875 0.14921875 0.075 0.0765625
3 0.85234375 0.41640625 0.0765625 0.0765625
3 0.11953125 0.5171875 0.0625 0.0625
3 0.5140625 0.9625 0.103125 0.075
3 0.49609375 0.0359375 0.0859375 0.071875
3 0.70625 0.16640625 0.096875 0.0671875
3 0.8390625 0.665625 0.078125 0.078125
4 0.1171875 0.4671875 0.078125 0.053125
3 0.409375 0.384375 0.075 0.05625
3 0.9640625 0.24296875 0.065625 0.0640625
3 0.57265625 0.621875 0.0828125 0.046875
3 0.521875 0.7390625 0.06875 0.06875