3 0.1046875 0.3578125 0.0765625 0.0765625
3 0.77578125 0.13515625 0.075 0.075
3 0.084375 0.44765625 0.065625 0.084375
3 0.49375 0.37421875 0.0765625 0.078125
3 0.40859375 0.8109375 0.0671875 0.096875
3 0.70859375 0.70546875 0.0703125 0.0921875
3 0.43359375 0.50703125 0.0765625 0.0765625
3 0.15078125 0.21171875 0.0796875 0.0796875
3 0.6609375 0.071875 0.0703125 0.0703125
3 0.65625 0.784375 0.065625 0.0875
3 0.25546875 0.728125 0.0734375 0.0734375
3 0.06640625 0.88671875 0.075 0.075
3 0.5796875 0.2046875 0.075 0.075
3 0.16875 0.06875 0.075 0.075
3 0.6390625 0.67265625 0.059375 0.0828125
3 0.57578125 0.696875 0.071875 0.071875
3 0.6765625 0.16796875 0.0765625 0.078125
3 0.34140625 0.72734375 0.075 0.075
3 0.5953125 0.0953125 0.053125 0.1
3 0.93203125 0.4328125 0.0734375 0.071875
3 0.92109375 0.62109375 0.0671875 0.0875
3 0.6375 0.57890625 0.0734375 0.071875
3 0.5 0.28671875 0.075 0.075
3 0.43828125 0.27734375 0.0703125 0.0703125
3 0.42109375 0.21328125 0.0640625 0.0859375
3 0.5609375 0.32890625 0.05625 0.0796875
3 0.54765625 0.559375 0.08125 0.0796875
3 0.44609375 0.409375 0.0640625 0.071875
3 0.203125 0.14765625 0.0796875 0.0796875
3 0.484375 0.8625 0.075 0.075
3 0.04453125 0.78828125 0.0640625 0.0890625
3 0.840625 0.9015625 0.065625 0.078125
3 0.746875 0.89375 0.0625 0.08125
3 0.2515625 0.628125 0.071875 0.084375
3 0.57734375 0.91328125 0.0765625 0.0765625
3 0.7 0.3609375 0.05625 0.071875
3 0.86328125 0.3921875 0.0640625 0.0734375
3 0.053125 0.3046875 0.06875 0.09375
3 0.58046875 0.5125 0.0625 0.096875
3 0.828125 0.65703125 0.08125 0.0828125
3 0.8375 0.81328125 0.075 0.0859375
3 0.24140625 0.43671875 0.0734375 0.1015625
3 0.7140625 0.24140625 0.06875 0.0890625
3 0.4890625 0.1921875 0.06875 0.06875
3 0.35390625 0.88671875 0.06875 0.06875
3 0.478125 0.54609375 0.05 0.0796875
3 0.29609375 0.42734375 0.0703125 0.0859375
3 0.17890625 0.69921875 0.084375 0.084375
3 0.1390625 0.9078125 0.0625 0.078125
3 0.25625 0.88203125 0.065625 0.065625
3 0.5859375 0.4234375 0.059375 0.078125
3 0.33984375 0.5609375 0.071875 0.071875
3 0.746875 0.05625 0.05625 0.096875
3 0.29296875 0.5328125 0.075 0.075
3 0.2359375 0.3046875 0.065625 0.109375
3 0.09375 0.84921875 0.0703125 0.071875
3 0.85078125 0.3046875 0.0765625 0.0765625
3 0.58359375 0.85234375 0.0765625 0.0765625
3 0.4828125 0.11953125 0.0625 0.0625
3 0.04140625 0.51484375 0.0828125 0.0890625
3 0.9640625 0.49609375 0.071875 0.0859375
3 0.83359375 0.70625 0.08125 0.08125
3 0.334375 0.8390625 0.078125 0.078125
4 0.5328125 0.1171875 0.065625 0.065625
3 0.615625 0.409375 0.065625 0.065625
3 0.75703125 0.9640625 0.0640625 0.0640625
3 0.378125 0.57265625 0.065625 0.0640625
3 0.2609375 0.521875 0.06875 0.06875