3 0.30078125 0.5640625 0.0671875 0.090625
3 0.38203125 0.565625 0.08125 0.08125
3 0.4171875 0.43671875 0.08125 0.0828125
3 0.4859375 0.63984375 0.065625 0.0859375
3 0.1703125 0.81328125 0.0734375 0.0734375
3 0.54140625 0.490625 0.08125 0.0796875
3 0.2234375 0.5984375 0.0796875 0.0796875
3 0.234375 0.85390625 0.071875 0.0953125
3 0.2328125 0.5171875 0.0734375 0.0734375
3 0.56328125 0.121875 0.0640625 0.096875
3 0.63671875 0.0984375 0.0828125 0.08125
3 0.12734375 0.41015625 0.0546875 0.0890625
3 0.8640625 0.09765625 0.071875 0.0890625
3 0.1328125 0.728125 0.075 0.084375
3 0.50625 0.06015625 0.0828125 0.084375
3 0.203125 0.34609375 0.065625 0.0953125
3 0.47421875 0.5421875 0.0640625 0.1
3 0.12265625 0.17734375 0.078125 0.078125
3 0.6734375 0.321875 0.078125 0.08125
3 0.428125 0.7234375 0.065625 0.090625
3 0.26015625 0.28515625 0.0703125 0.084375
3 0.94140625 0.56015625 0.0671875 0.0890625
3 0.1765625 0.9140625 0.065625 0.084375
3 0.7890625 0.359375 0.065625 0.0875
3 0.60625 0.7296875 0.0625 0.0875
3 0.6765625 0.74609375 0.071875 0.071875
3 0.9578125 0.75859375 0.0796875 0.0796875
3 0.61171875 0.38046875 0.0640625 0.0921875
3 0.20390625 0.140625 0.0671875 0.084375
3 0.6921875 0.165625 0.065625 0.09375
3 0.10625 0.08515625 0.06875 0.090625
3 0.896875 0.83203125 0.078125 0.078125
3 0.52578125 0.1890625 0.0765625 0.090625
3 0.1640625 0.65859375 0.0765625 0.078125
3 0.80625 0.928125 0.0765625 0.0765625
3 0.55078125 0.33671875 0.0640625 0.0859375
3 0.109375 0.8953125 0.075 0.075
3 0.31328125 0.66171875 0.084375 0.084375
3 0.73671875 0.68046875 0.0546875 0.0890625
3 0.3421875 0.4859375 0.06875 0.06875
3 0.0640625 0.7859375 0.071875 0.084375
3 0.2328125 0.76015625 0.065625 0.0828125
3 0.490625 0.3859375 0.0765625 0.0765625
3 0.1078125 0.27109375 0.078125 0.0765625
3 0.78046875 0.7578125 0.0859375 0.0875
3 0.40703125 0.21484375 0.0640625 0.0828125
3 0.728125 0.42109375 0.065625 0.0828125
3 0.3078125 0.40625 0.0796875 0.078125
3 0.453125 0.9328125 0.059375 0.0875
3 0.34765625 0.87734375 0.08125 0.08125
3 0.2046875 0.21015625 0.065625 0.0859375
3 0.93828125 0.34140625 0.071875 0.0875
3 0.20390625 0.48203125 0.0703125 0.0859375
3 0.315625 0.1265625 0.078125 0.078125
3 0.375 0.15390625 0.075 0.0765625
3 0.746875 0.87109375 0.06875 0.0734375
3 0.4078125 0.80546875 0.075 0.0765625
3 0.76015625 0.28515625 0.075 0.075
3 0.9625 0.15234375 0.075 0.0828125
3 0.053125 0.5421875 0.078125 0.078125
3 0.88984375 0.94453125 0.0796875 0.0796875
3 0.11953125 0.5640625 0.05625 0.090625
3 0.6328125 0.5234375 0.075 0.075
3 0.8265625 0.6359375 0.0734375 0.071875
3 0.7546875 0.10390625 0.0671875 0.0671875
3 0.7125 0.834375 0.065625 0.06875
3 0.55546875 0.91484375 0.0609375 0.0828125
3 0.553125 0.59140625 0.05625 0.0859375
3 0.2609375 0.4171875 0.065625 0.078125
3 0.3171875 0.22890625 0.065625 0.0765625
3 0.95625 0.4296875 0.0734375 0.0734375
3 0.0828125 0.66796875 0.06875 0.090625
3 0.06953125 0.35234375 0.084375 0.0828125
3 0.91015625 0.24375 0.0765625 0.075
3 0.88203125 0.49375 0.0609375 0.103125
3 0.74296875 0.51875 0.0578125 0.0875
3 0.84453125 0.81640625 0.0609375 0.0796875
3 0.596875 0.62890625 0.065625 0.0859375
3 0.2578125 0.67734375 0.08125 0.0828125
3 0.44453125 0.1171875 0.059375 0.084375
3 0.58125 0.228125 0.065625 0.096875
3 0.840625 0.271875 0.0703125 0.0703125
3 0.06796875 0.4265625 0.0671875 0.0875
3 0.5296875 0.715625 0.059375 0.08125
3 0.25078125 0.0796875 0.0671875 0.090625
3 0.7890625 0.15078125 0.075 0.075
3 0.06484375 0.88203125 0.075 0.0765625
3 0.303125 0.04453125 0.06875 0.0828125
3 0.61875 0.4796875 0.078125 0.078125
3 0.52421875 0.81328125 0.078125 0.078125
3 0.41875 0.04765625 0.065625 0.065625
3 0.7984375 0.603125 0.0765625 0.0765625
3 0.2140625 0.06015625 0.084375 0.075
3 0.80390625 0.0484375 0.075 0.075
3 0.4625 0.26953125 0.078125 0.0859375
3 0.03515625 0.121875 0.0703125 0.078125
3 0.36875 0.34453125 0.059375 0.059375
3 0.3859375 0.6890625 0.084375 0.0828125
6 0.3546875 0.28046875 0.078125 0.078125
3 0.0359375 0.43828125 0.06875 0.0671875
3 0.14453125 0.82109375 0.0546875 0.0828125
3 0.1296875 0.52265625 0.071875 0.071875
3 0.59609375 0.2640625 0.0640625 0.084375
3 0.38125 0.04609375 0.065625 0.065625
3 0.89921875 0.20078125 0.0578125 0.0734375
3 0.971875 0.05 0.05625 0.05625
3 0.834375 0.20625 0.053125 0.0875
3 0.81484375 0.1703125 0.0671875 0.075
3 0.70859375 0.52265625 0.065625 0.065625
3 0.7203125 0.65546875 0.0640625 0.0625
3 0.54609375 0.75078125 0.0484375 0.084375
3 0.48828125 0.8109375 0.06875 0.0703125
3 0.53125 0.91796875 0.05625 0.0765625
3 0.8171875 0.8265625 0.0625 0.0625
3 0.44453125 0.32109375 0.0390625 0.1046875
3 0.14375 0.390625 0.05 0.08125
3 0.3265625 0.321875 0.053125 0.065625
3 0.6640625 0.26796875 0.0734375 0.075
3 0.05390625 0.66015625 0.0609375 0.0890625