3 0.7125 0.88046875 0.0765625 0.078125
3 0.615625 0.83984375 0.0625 0.0640625
3 0.175 0.5140625 0.078125 0.078125
3 0.7015625 0.22109375 0.0828125 0.084375
3 0.4546875 0.15703125 0.06875 0.1046875
3 0.2546875 0.071875 0.078125 0.078125
3 0.38984375 0.87421875 0.0765625 0.075
3 0.2796875 0.89765625 0.071875 0.1078125
3 0.4921875 0.24609375 0.084375 0.084375
3 0.6515625 0.30625 0.078125 0.103125
3 0.4203125 0.31484375 0.071875 0.0984375
3 0.175 0.74765625 0.075 0.0984375
3 0.0671875 0.6453125 0.075 0.1125
3 0.92109375 0.62890625 0.0609375 0.0953125
3 0.94921875 0.575 0.0640625 0.1125
3 0.571875 0.33359375 0.078125 0.071875
3 0.1921875 0.1796875 0.0921875 0.0921875
3 0.6234375 0.2390625 0.084375 0.084375
3 0.66875 0.7296875 0.08125 0.08125
3 0.5375 0.796875 0.0625 0.0875
3 0.71953125 0.74921875 0.0734375 0.0921875
3 0.65 0.44140625 0.084375 0.084375
3 0.321875 0.04921875 0.090625 0.090625
3 0.31015625 0.77890625 0.06875 0.1046875
3 0.39296875 0.4859375 0.06875 0.078125
3 0.1875 0.63359375 0.096875 0.096875
3 0.3515625 0.4015625 0.084375 0.084375
3 0.14609375 0.278125 0.08125 0.071875
3 0.68671875 0.51953125 0.084375 0.084375
3 0.95859375 0.12109375 0.0796875 0.0796875
3 0.796875 0.196875 0.078125 0.09375
3 0.8578125 0.83515625 0.08125 0.08125
3 0.0890625 0.78515625 0.078125 0.0953125
3 0.21953125 0.4359375 0.0859375 0.0875
3 0.83125 0.22734375 0.0796875 0.08125
3 0.44921875 0.565625 0.071875 0.071875
3 0.81875 0.2828125 0.078125 0.078125
3 0.36953125 0.28203125 0.084375 0.084375
3 0.9109375 0.3046875 0.071875 0.096875
3 0.846875 0.67890625 0.1 0.0984375
3 0.446875 0.403125 0.05625 0.10625
3 0.93359375 0.871875 0.08125 0.08125
3 0.30390625 0.20078125 0.0734375 0.075
3 0.2984375 0.3234375 0.0890625 0.0890625
3 0.909375 0.71015625 0.078125 0.0765625
3 0.4671875 0.803125 0.0953125 0.0953125
3 0.3203125 0.57578125 0.0828125 0.084375
3 0.7671875 0.25703125 0.065625 0.1015625
3 0.11484375 0.84765625 0.0890625 0.0890625
3 0.29453125 0.41484375 0.0828125 0.0828125
3 0.12890625 0.42109375 0.0453125 0.1265625
3 0.309375 0.65234375 0.075 0.1140625
3 0.3234375 0.259375 0.0875 0.08125
3 0.2265625 0.52421875 0.078125 0.078125
3 0.2234375 0.33359375 0.0984375 0.1
3 0.10078125 0.553125 0.0515625 0.15
3 0.45625 0.065625 0.075 0.09375
3 0.61484375 0.63359375 0.0515625 0.1265625
3 0.76875 0.60390625 0.071875 0.1234375
3 0.834375 0.3859375 0.0890625 0.0890625
3 0.9609375 0.76484375 0.078125 0.0828125
3 0.859375 0.9453125 0.075 0.096875
3 0.56953125 0.46328125 0.046875 0.1328125
3 0.06796875 0.31328125 0.0890625 0.1046875
3 0.57734375 0.1921875 0.0953125 0.075
3 0.734375 0.54765625 0.08125 0.0828125
3 0.54453125 0.63515625 0.0875 0.0875
3 0.84140625 0.04921875 0.0890625 0.0890625
3 0.94296875 0.35625 0.084375 0.084375
3 0.88359375 0.75859375 0.078125 0.078125
3 0.453125 0.63828125 0.0859375 0.0875
3 0.0390625 0.2546875 0.078125 0.078125
3 0.75625 0.93671875 0.103125 0.0921875
3 0.7609375 0.0953125 0.078125 0.078125
3 0.5203125 0.5828125 0.0796875 0.0796875
3 0.25625 0.6234375 0.0859375 0.0859375
3 0.79140625 0.72265625 0.065625 0.115625
3 0.59296875 0.4859375 0.090625 0.090625
3 0.35625 0.5890625 0.078125 0.078125
3 0.47890625 0.4453125 0.0765625 0.084375
3 0.271875 0.54765625 0.075 0.1046875
3 0.54765625 0.41953125 0.0734375 0.0859375
3 0.37109375 0.68671875 0.0703125 0.1109375
3 0.03359375 0.54609375 0.0640625 0.1046875
3 0.04765625 0.45625 0.08125 0.0828125
3 0.9328125 0.284375 0.078125 0.078125
3 0.91015625 0.40703125 0.0671875 0.1
3 0.86171875 0.46328125 0.0421875 0.1640625
3 0.94921875 0.45703125 0.0609375 0.1140625
3 0.90625 0.46171875 0.0859375 0.0859375
3 0.77890625 0.8046875 0.0890625 0.103125
3 0.453125 0.703125 0.075 0.084375
3 0.8859375 0.84453125 0.078125 0.109375
3 0.91875 0.91953125 0.065625 0.0890625
3 0.51796875 0.36875 0.0859375 0.08125
3 0.17890625 0.3625 0.096875 0.096875
3 0.09296875 0.44375 0.1 0.0984375
3 0.22890625 0.6234375 0.0546875 0.096875
3 0.6328125 0.45859375 0.1015625 0.1015625
3 0.33203125 0.40078125 0.1015625 0.1015625
3 0.45546875 0.52734375 0.06875 0.0984375