3 0.28359375 0.578125 0.0703125 0.0703125
3 0.9265625 0.0640625 0.078125 0.078125
3 0.128125 0.4796875 0.0703125 0.0703125
3 0.64921875 0.7828125 0.0859375 0.075
3 0.72890625 0.57421875 0.0828125 0.0828125
3 0.240625 0.63984375 0.0703125 0.071875
3 0.665625 0.18828125 0.09375 0.0734375
3 0.7984375 0.16484375 0.09375 0.09375
3 0.075 0.8125 0.1 0.084375
3 0.81171875 0.559375 0.06875 0.06875
3 0.53203125 0.4390625 0.075 0.075
3 0.92265625 0.41484375 0.0640625 0.0640625
3 0.4390625 0.48046875 0.075 0.075
3 0.94609375 0.134375 0.078125 0.078125
3 0.428125 0.9546875 0.090625 0.090625
3 0.3375 0.8703125 0.0859375 0.0859375
3 0.39765625 0.5484375 0.0875 0.0859375
3 0.35546875 0.72109375 0.0734375 0.075
3 0.221875 0.46328125 0.08125 0.08125
3 0.58671875 0.2703125 0.0703125 0.053125
3 0.5734375 0.20703125 0.1 0.0703125
3 0.2921875 0.3484375 0.096875 0.078125
3 0.47265625 0.74921875 0.06875 0.06875
3 0.5625 0.33125 0.128125 0.06875
3 0.821875 0.38203125 0.078125 0.078125
3 0.771875 0.509375 0.071875 0.071875
3 0.3125 0.64296875 0.0875 0.0671875
3 0.5546875 0.80234375 0.084375 0.06875
3 0.26484375 0.7078125 0.084375 0.0828125
3 0.4765625 0.815625 0.096875 0.075
3 0.9390625 0.58515625 0.084375 0.075
3 0.890625 0.82421875 0.075 0.0546875
3 0.4078125 0.8390625 0.0671875 0.0671875
3 0.4328125 0.075 0.103125 0.075
3 0.18828125 0.1265625 0.0875 0.0875
3 0.79453125 0.80625 0.090625 0.090625
3 0.6390625 0.71171875 0.071875 0.0578125
3 0.6234375 0.96796875 0.084375 0.0625
3 0.6953125 0.39609375 0.0953125 0.0953125
3 0.096875 0.259375 0.06875 0.0625
3 0.6203125 0.49609375 0.0875 0.0890625
3 0.78125 0.4421875 0.078125 0.078125
3 0.3140625 0.11640625 0.0828125 0.084375
3 0.81171875 0.7265625 0.0921875 0.06875
3 0.88828125 0.59140625 0.103125 0.0703125
3 0.57890625 0.74921875 0.065625 0.065625
3 0.73515625 0.925 0.084375 0.0828125
3 0.2453125 0.365625 0.090625 0.090625
3 0.65546875 0.128125 0.075 0.075
3 0.74609375 0.225 0.08125 0.08125
3 0.89765625 0.1546875 0.0984375 0.078125
3 0.0765625 0.61015625 0.0765625 0.0765625
3 0.8296875 0.940625 0.084375 0.065625
3 0.78671875 0.2390625 0.0953125 0.078125
3 0.1796875 0.4234375 0.0734375 0.0734375
3 0.18515625 0.946875 0.1078125 0.0828125
3 0.7171875 0.86796875 0.084375 0.0578125
3 0.390625 0.78203125 0.11875 0.078125
3 0.85703125 0.47890625 0.09375 0.09375
3 0.4609375 0.1125 0.103125 0.075
6 0.91171875 0.66171875 0.096875 0.096875
3 0.66015625 0.859375 0.084375 0.065625
3 0.10546875 0.66171875 0.075 0.075
3 0.9296875 0.33671875 0.071875 0.071875
3 0.14765625 0.2078125 0.0890625 0.078125
3 0.11953125 0.14140625 0.096875 0.078125
3 0.22265625 0.49140625 0.08125 0.08125
3 0.7796875 0.6140625 0.071875 0.053125
3 0.41171875 0.16875 0.071875 0.071875
3 0.0546875 0.4171875 0.065625 0.065625
3 0.28046875 0.4390625 0.1015625 0.078125
3 0.22890625 0.9015625 0.0859375 0.0875
3 0.93984375 0.503125 0.0859375 0.0875
3 0.92421875 0.7796875 0.071875 0.0734375
3 0.25546875 0.21875 0.065625 0.065625
3 0.16171875 0.8 0.0796875 0.071875
3 0.81796875 0.659375 0.071875 0.0703125
3 0.1609375 0.70078125 0.075 0.059375
3 0.65859375 0.65234375 0.0859375 0.0625
3 0.31953125 0.8265625 0.1 0.078125
3 0.64140625 0.59453125 0.0640625 0.0640625
3 0.2078125 0.84609375 0.0875 0.0671875
3 0.47421875 0.525 0.071875 0.05
3 0.040625 0.121875 0.065625 0.065625
3 0.16328125 0.31796875 0.0890625 0.0890625
3 0.36015625 0.484375 0.06875 0.06875
3 0.12421875 0.596875 0.0734375 0.075
3 0.18671875 0.2703125 0.0828125 0.06875
3 0.52265625 0.2265625 0.1140625 0.078125
3 0.07421875 0.88828125 0.0703125 0.0703125
3 0.85078125 0.30703125 0.075 0.0765625
3 0.09453125 0.5453125 0.0703125 0.0703125
3 0.303125 0.521875 0.0796875 0.0796875
3 0.54765625 0.08125 0.090625 0.090625
3 0.521875 0.15078125 0.08125 0.0734375
3 0.1546875 0.53984375 0.06875 0.06875
3 0.946875 0.7234375 0.075 0.05625
3 0.27578125 0.28125 0.0796875 0.06875
3 0.4078125 0.65625 0.090625 0.065625
3 0.50703125 0.57578125 0.0796875 0.0796875
3 0.55703125 0.521875 0.0734375 0.0734375
3 0.86640625 0.27890625 0.0734375 0.071875
3 0.69453125 0.678125 0.0703125 0.0625
3 0.06875 0.06484375 0.0703125 0.0703125
2 0.05703125 0.36328125 0.0703125 0.0671875
3 0.17265625 0.64375 0.0640625 0.0625
3 0.1234375 0.75546875 0.08125 0.053125
3 0.19765625 0.7296875 0.0796875 0.075
3 0.2515625 0.78203125 0.075 0.0703125
3 0.50390625 0.703125 0.075 0.0765625
4 0.5625 0.6875 0.0859375 0.0859375
6 0.44609375 0.6078125 0.0921875 0.0921875
3 0.63125 0.8546875 0.078125 0.078125
3 0.21328125 0.21015625 0.071875 0.071875
3 0.2265625 0.27734375 0.06875 0.0703125
3 0.4515625 0.18125 0.084375 0.0625
3 0.5828125 0.39375 0.078125 0.075
3 0.6359375 0.44765625 0.090625 0.0671875
3 0.90625 0.3546875 0.084375 0.065625
3 0.78671875 0.37421875 0.084375 0.0671875
3 0.5921875 0.5953125 0.084375 0.084375
3 0.3734375 0.63046875 0.096875 0.0609375
3 0.5109375 0.6328125 0.065625 0.0640625
3 0.34140625 0.69453125 0.0734375 0.0546875
3 0.30703125 0.49453125 0.071875 0.071875
3 0.73828125 0.79375 0.0859375 0.0859375
3 0.9265625 0.8875 0.078125 0.06875
3 0.80390625 0.9078125 0.075 0.075
3 0.8671875 0.896875 0.0703125 0.0703125
3 0.79140625 0.84609375 0.084375 0.084375
3 0.04140625 0.2984375 0.0734375 0.0734375