3 0.71640625 0.578125 0.0765625 0.0625
3 0.0734375 0.0640625 0.078125 0.078125
3 0.871875 0.4796875 0.0703125 0.0703125
3 0.35078125 0.7828125 0.08125 0.0796875
3 0.27109375 0.57421875 0.0921875 0.0734375
3 0.759375 0.63984375 0.078125 0.0640625
3 0.334375 0.18828125 0.09375 0.0734375
3 0.2015625 0.16484375 0.09375 0.09375
3 0.925 0.8125 0.0921875 0.0921875
3 0.18828125 0.559375 0.06875 0.06875
3 0.46796875 0.4390625 0.084375 0.065625
3 0.07734375 0.41484375 0.0796875 0.0484375
3 0.5609375 0.48046875 0.084375 0.0671875
3 0.05390625 0.134375 0.078125 0.078125
3 0.571875 0.9546875 0.103125 0.078125
3 0.6625 0.8703125 0.09375 0.078125
3 0.60234375 0.5484375 0.0953125 0.078125
3 0.64453125 0.72109375 0.0734375 0.075
3 0.778125 0.46328125 0.09375 0.0671875
3 0.41328125 0.2703125 0.0625 0.0625
3 0.4265625 0.20703125 0.0859375 0.084375
3 0.7078125 0.3484375 0.0875 0.0875
3 0.52734375 0.74921875 0.06875 0.06875
3 0.4375 0.33125 0.0984375 0.0984375
3 0.178125 0.38203125 0.090625 0.0671875
3 0.228125 0.509375 0.071875 0.071875
3 0.6875 0.64296875 0.0875 0.0671875
3 0.4453125 0.80234375 0.084375 0.06875
3 0.73515625 0.7078125 0.0890625 0.078125
3 0.5234375 0.815625 0.0859375 0.0859375
3 0.0609375 0.58515625 0.084375 0.075
3 0.109375 0.82421875 0.065625 0.065625
3 0.5921875 0.8390625 0.078125 0.05625
3 0.5671875 0.075 0.0890625 0.0890625
3 0.81171875 0.1265625 0.0875 0.0875
3 0.20546875 0.80625 0.090625 0.090625
3 0.3609375 0.71171875 0.071875 0.0578125
3 0.37734375 0.965625 0.0734375 0.06875
3 0.3046875 0.39609375 0.115625 0.075
3 0.903125 0.259375 0.06875 0.0625
3 0.3796875 0.49609375 0.1 0.0765625
3 0.21875 0.4421875 0.08125 0.075
3 0.6859375 0.11640625 0.0875 0.0796875
3 0.18828125 0.7265625 0.0796875 0.08125
3 0.11171875 0.59140625 0.0875 0.0875
3 0.42109375 0.74921875 0.0765625 0.0546875
3 0.26484375 0.925 0.0921875 0.075
3 0.7546875 0.365625 0.090625 0.090625
3 0.34453125 0.128125 0.075 0.075
3 0.25390625 0.225 0.0953125 0.06875
3 0.10234375 0.1546875 0.0984375 0.078125
3 0.9234375 0.61015625 0.0765625 0.0765625
3 0.1703125 0.940625 0.084375 0.065625
3 0.21328125 0.2390625 0.0875 0.0859375
3 0.8203125 0.4234375 0.0734375 0.0734375
3 0.81484375 0.946875 0.1078125 0.08125
3 0.2828125 0.86796875 0.0703125 0.0703125
3 0.609375 0.78203125 0.0984375 0.0984375
3 0.14296875 0.47890625 0.09375 0.09375
3 0.5390625 0.1125 0.103125 0.075
6 0.08828125 0.66171875 0.1046875 0.0875
3 0.33984375 0.859375 0.075 0.075
3 0.89453125 0.66171875 0.075 0.075
3 0.0703125 0.33671875 0.078125 0.0640625
3 0.85234375 0.2078125 0.0890625 0.078125
3 0.88046875 0.14140625 0.0875 0.0875
3 0.77734375 0.49140625 0.08125 0.08125
3 0.2203125 0.6140625 0.071875 0.053125
3 0.58828125 0.16875 0.0828125 0.0625
3 0.9453125 0.4171875 0.065625 0.065625
3 0.71953125 0.4390625 0.090625 0.0890625
3 0.77109375 0.9015625 0.0859375 0.0875
3 0.06015625 0.503125 0.1046875 0.06875
3 0.07578125 0.7796875 0.0796875 0.065625
3 0.74453125 0.21875 0.0671875 0.0625
3 0.83828125 0.8 0.0765625 0.0765625
3 0.18203125 0.659375 0.071875 0.0703125
3 0.8390625 0.70078125 0.075 0.059375
3 0.34140625 0.65234375 0.0859375 0.0625
3 0.68046875 0.8265625 0.1 0.078125
3 0.35859375 0.59453125 0.0765625 0.0515625
3 0.7921875 0.84609375 0.0875 0.0671875
3 0.52578125 0.525 0.0609375 0.0609375
3 0.959375 0.121875 0.075 0.05625
3 0.83671875 0.31796875 0.1046875 0.0734375
3 0.63984375 0.484375 0.0703125 0.06875
3 0.87578125 0.596875 0.0859375 0.0625
3 0.81328125 0.2703125 0.075 0.075
3 0.47734375 0.2265625 0.1140625 0.078125
3 0.92578125 0.88828125 0.0703125 0.0703125
3 0.14921875 0.30703125 0.075 0.0765625
3 0.90546875 0.5453125 0.0703125 0.0703125
3 0.696875 0.521875 0.0875 0.071875
3 0.45234375 0.08125 0.1078125 0.075
3 0.478125 0.15078125 0.08125 0.0734375
3 0.8453125 0.53984375 0.06875 0.06875
3 0.053125 0.7234375 0.065625 0.065625
3 0.72421875 0.28125 0.0796875 0.06875
3 0.5921875 0.65625 0.078125 0.078125
3 0.49296875 0.57578125 0.0921875 0.0671875
3 0.44296875 0.521875 0.0734375 0.0734375
3 0.13359375 0.27890625 0.0796875 0.065625
3 0.30546875 0.678125 0.0703125 0.0625
3 0.93125 0.06484375 0.071875 0.0671875
2 0.94296875 0.36328125 0.06875 0.06875
3 0.82734375 0.64375 0.0640625 0.0625
3 0.8765625 0.75546875 0.08125 0.053125
3 0.80234375 0.7296875 0.0796875 0.075
3 0.7484375 0.78203125 0.071875 0.071875
3 0.49609375 0.703125 0.0828125 0.06875
4 0.4375 0.6875 0.0859375 0.0859375
6 0.55390625 0.6078125 0.0921875 0.0921875
3 0.36875 0.8546875 0.078125 0.078125
3 0.78671875 0.21015625 0.071875 0.071875
3 0.7734375 0.27734375 0.06875 0.0703125
3 0.5484375 0.18125 0.084375 0.0625
3 0.4171875 0.39375 0.078125 0.075
3 0.3640625 0.44765625 0.0796875 0.078125
3 0.09375 0.3546875 0.084375 0.065625
3 0.21328125 0.37421875 0.084375 0.0671875
3 0.4078125 0.5953125 0.084375 0.084375
3 0.6265625 0.63046875 0.096875 0.0609375
3 0.4890625 0.6328125 0.065625 0.0625
3 0.65859375 0.69453125 0.0734375 0.0546875
3 0.69296875 0.49453125 0.078125 0.0671875
3 0.26171875 0.79375 0.0859375 0.0859375
3 0.0734375 0.8875 0.0734375 0.075
3 0.19609375 0.9078125 0.0921875 0.059375
3 0.1328125 0.896875 0.0703125 0.0703125
3 0.20859375 0.84609375 0.0953125 0.0734375
3 0.95859375 0.2984375 0.0796875 0.065625