3 0.25234375 0.88125 0.0671875 0.0625
3 0.190625 0.1515625 0.0796875 0.0796875
3 0.81015625 0.653125 0.096875 0.06875
3 0.271875 0.47109375 0.0875 0.0671875
3 0.3546875 0.959375 0.06875 0.06875
3 0.19453125 0.0796875 0.0875 0.075
3 0.1203125 0.6578125 0.090625 0.075
3 0.4796875 0.896875 0.096875 0.075
3 0.4984375 0.39609375 0.08125 0.0796875
3 0.96015625 0.8234375 0.0734375 0.065625
3 0.35546875 0.1890625 0.0953125 0.071875
3 0.1 0.10390625 0.08125 0.08125
3 0.078125 0.046875 0.096875 0.06875
3 0.2203125 0.7609375 0.084375 0.078125
3 0.8640625 0.8359375 0.08125 0.0828125
3 0.27578125 0.928125 0.0953125 0.059375
3 0.9234375 0.21796875 0.0828125 0.08125
3 0.13046875 0.52265625 0.0859375 0.0859375
3 0.81953125 0.528125 0.1078125 0.075
3 0.440625 0.29140625 0.08125 0.0828125
3 0.778125 0.1171875 0.109375 0.071875
0 0.4921875 0.7953125 0.090625 0.115625