3 0.11875 0.25234375 0.0625 0.0671875
3 0.8484375 0.190625 0.071875 0.0875
3 0.346875 0.81015625 0.06875 0.096875
3 0.52890625 0.271875 0.078125 0.078125
3 0.040625 0.3546875 0.06875 0.06875
3 0.9203125 0.19453125 0.075 0.0875
3 0.3421875 0.1203125 0.075 0.090625
3 0.103125 0.4796875 0.0765625 0.096875
3 0.60390625 0.4984375 0.0796875 0.08125
3 0.1765625 0.96015625 0.065625 0.0734375
3 0.8109375 0.35546875 0.084375 0.0828125
3 0.89609375 0.1 0.08125 0.08125
3 0.953125 0.078125 0.0828125 0.0828125
3 0.2390625 0.2203125 0.078125 0.084375
3 0.1640625 0.8640625 0.08125 0.08125
3 0.071875 0.27578125 0.078125 0.0765625
3 0.78203125 0.9234375 0.08125 0.0828125
3 0.47734375 0.13046875 0.0859375 0.0859375
3 0.471875 0.81953125 0.075 0.1078125
3 0.70859375 0.440625 0.0703125 0.09375
3 0.8828125 0.778125 0.090625 0.090625
0 0.2046875 0.4921875 0.103125 0.103125