3 0.61015625 0.33203125 0.0609375 0.0796875
3 0.225 0.1421875 0.06875 0.090625
3 0.19296875 0.77890625 0.075 0.075
3 0.72265625 0.87109375 0.0734375 0.0921875
3 0.8625 0.884375 0.0734375 0.0734375
3 0.9171875 0.94140625 0.071875 0.071875
3 0.4640625 0.1109375 0.084375 0.084375
3 0.7171875 0.5140625 0.084375 0.084375
4 0.365625 0.66484375 0.071875 0.1140625
3 0.9265625 0.8640625 0.071875 0.084375
3 0.46640625 0.5609375 0.0890625 0.0890625
3 0.15859375 0.58984375 0.0640625 0.1015625
3 0.58671875 0.05859375 0.0671875 0.0875
3 0.73828125 0.41015625 0.075 0.075
3 0.4640625 0.21328125 0.065625 0.096875
3 0.7359375 0.18203125 0.075 0.075
3 0.634375 0.590625 0.08125 0.1
3 0.18125 0.29296875 0.071875 0.071875
3 0.5109375 0.4578125 0.08125 0.08125
3 0.36171875 0.428125 0.078125 0.0796875
3 0.09140625 0.365625 0.06875 0.06875
3 0.959375 0.215625 0.0625 0.103125
3 0.1265625 0.8390625 0.065625 0.09375
3 0.9359375 0.76796875 0.0921875 0.09375
3 0.2609375 0.29296875 0.071875 0.0859375
4 0.4703125 0.9140625 0.0890625 0.0890625
3 0.184375 0.43515625 0.06875 0.0921875
3 0.234375 0.53046875 0.0796875 0.078125
3 0.140625 0.35390625 0.071875 0.071875
3 0.14453125 0.46171875 0.0625 0.0859375
3 0.090625 0.1765625 0.059375 0.084375
3 0.3515625 0.77421875 0.08125 0.08125
3 0.13359375 0.2046875 0.075 0.0765625
3 0.4546875 0.50625 0.0765625 0.0765625
3 0.77734375 0.2640625 0.0796875 0.078125
3 0.43203125 0.43359375 0.0703125 0.0859375
3 0.7203125 0.3359375 0.071875 0.0875
3 0.934375 0.646875 0.08125 0.08125
3 0.03671875 0.46875 0.053125 0.0875
3 0.75234375 0.33671875 0.0796875 0.0828125
3 0.95 0.61796875 0.0875 0.0859375