3 0.828125 0.353125 0.075 0.075
3 0.665625 0.4359375 0.090625 0.090625
3 0.2328125 0.6453125 0.096875 0.071875
3 0.14921875 0.2875 0.0953125 0.071875
3 0.34453125 0.66640625 0.1078125 0.0796875
3 0.628125 0.2578125 0.0875 0.065625
3 0.10078125 0.5171875 0.0828125 0.084375
3 0.7671875 0.2953125 0.078125 0.078125
3 0.0828125 0.35390625 0.096875 0.0765625
3 0.3625 0.78125 0.08125 0.08125
3 0.46640625 0.646875 0.0875 0.0859375
3 0.54765625 0.1859375 0.0953125 0.075
3 0.75625 0.6703125 0.090625 0.0890625
3 0.52421875 0.32578125 0.1015625 0.071875
3 0.6890625 0.540625 0.09375 0.075
3 0.50078125 0.4875 0.0921875 0.0625
3 0.13359375 0.03515625 0.0703125 0.0703125
3 0.86796875 0.2484375 0.084375 0.0859375
3 0.2703125 0.109375 0.090625 0.0625
3 0.94609375 0.31953125 0.0875 0.0875
3 0.07890625 0.66484375 0.071875 0.071875
3 0.1 0.859375 0.084375 0.0625
3 0.22578125 0.5203125 0.084375 0.084375
3 0.63125 0.065625 0.084375 0.084375
3 0.8375 0.909375 0.090625 0.071875
3 0.5515625 0.3953125 0.09375 0.09375
3 0.2859375 0.18359375 0.084375 0.0671875
3 0.26171875 0.7421875 0.0890625 0.065625
3 0.6984375 0.18828125 0.078125 0.078125
3 0.32734375 0.4359375 0.1015625 0.078125
3 0.884375 0.5609375 0.0859375 0.0859375
3 0.04609375 0.15859375 0.0828125 0.0578125
3 0.57421875 0.64375 0.0859375 0.0875
3 0.88515625 0.83515625 0.075 0.0796875
3 0.12421875 0.6921875 0.084375 0.0859375
3 0.71328125 0.35625 0.0703125 0.0703125
3 0.22421875 0.23828125 0.075 0.075
3 0.31640625 0.521875 0.0765625 0.0765625
3 0.37265625 0.93828125 0.0765625 0.0765625
3 0.56171875 0.5609375 0.0875 0.0875
3 0.7640625 0.496875 0.0765625 0.0765625
3 0.85234375 0.5140625 0.0984375 0.078125
3 0.703125 0.125 0.10625 0.075
3 0.8046875 0.15546875 0.0734375 0.075
3 0.2046875 0.1828125 0.084375 0.065625
3 0.4671875 0.3171875 0.08125 0.08125
3 0.21640625 0.91953125 0.0859375 0.0609375
3 0.37578125 0.5515625 0.0796875 0.0796875
3 0.41171875 0.5796875 0.084375 0.084375
3 0.89921875 0.765625 0.1015625 0.075
3 0.1265625 0.95 0.09375 0.06875
3 0.80234375 0.77734375 0.0828125 0.0828125
3 0.5609375 0.078125 0.096875 0.075
3 0.19140625 0.8 0.0703125 0.06875
3 0.61640625 0.7578125 0.096875 0.071875
3 0.6953125 0.7453125 0.084375 0.084375
3 0.6578125 0.7125 0.065625 0.05625
0 0.41015625 0.2609375 0.1078125 0.10625
0 0.55078125 0.8140625 0.1140625 0.115625
3 0.825 0.2015625 0.096875 0.096875
3 0.95625 0.78125 0.0875 0.084375
3 0.2296875 0.7390625 0.08125 0.08125