3 0.33515625 0.11796875 0.0828125 0.0828125
3 0.73046875 0.696875 0.0890625 0.065625
3 0.72734375 0.81328125 0.090625 0.0609375
3 0.39765625 0.8828125 0.0796875 0.059375
3 0.503125 0.8671875 0.08125 0.08125
3 0.2359375 0.6 0.0828125 0.0828125
3 0.59296875 0.64453125 0.0859375 0.0703125
3 0.36015625 0.18515625 0.084375 0.084375
3 0.446875 0.2921875 0.0859375 0.0859375
3 0.42265625 0.37265625 0.1015625 0.0734375
3 0.62109375 0.91171875 0.0984375 0.0671875
3 0.15390625 0.5 0.0890625 0.06875
3 0.77109375 0.88984375 0.078125 0.078125
3 0.096875 0.24609375 0.09375 0.0796875
3 0.828125 0.4234375 0.0671875 0.0671875
3 0.821875 0.1234375 0.0890625 0.0890625
3 0.63984375 0.509375 0.084375 0.0828125
3 0.159375 0.3921875 0.10625 0.053125
3 0.6078125 0.75 0.109375 0.08125
3 0.77578125 0.1921875 0.1015625 0.078125
3 0.73984375 0.43203125 0.0984375 0.0640625
3 0.22109375 0.49921875 0.0875 0.0546875
1 0.68671875 0.8921875 0.1140625 0.078125