3 0.7046875 0.1609375 0.084375 0.084375
3 0.3765625 0.89140625 0.075 0.075
3 0.5078125 0.7 0.090625 0.0625
3 0.934375 0.63046875 0.078125 0.0765625
3 0.78203125 0.1765625 0.0875 0.075
3 0.71484375 0.828125 0.0890625 0.059375
3 0.79453125 0.57890625 0.0828125 0.0734375
3 0.06796875 0.765625 0.084375 0.084375
3 0.3234375 0.9140625 0.0765625 0.0765625
3 0.5203125 0.9015625 0.096875 0.06875
3 0.51796875 0.57109375 0.078125 0.0734375
3 0.1015625 0.4078125 0.08125 0.08125
3 0.8953125 0.91796875 0.109375 0.0734375
3 0.07578125 0.159375 0.0921875 0.065625
3 0.4375 0.27734375 0.084375 0.084375
3 0.59765625 0.409375 0.0734375 0.065625
3 0.18671875 0.17109375 0.0859375 0.0640625
6 0.51328125 0.41484375 0.0921875 0.0921875
3 0.47109375 0.5640625 0.1171875 0.065625
3 0.296875 0.621875 0.078125 0.05625
3 0.3671875 0.80625 0.0828125 0.0828125
3 0.63515625 0.715625 0.0890625 0.0890625
3 0.64453125 0.18515625 0.0921875 0.0921875
3 0.95859375 0.51328125 0.0703125 0.0703125
3 0.87421875 0.54453125 0.08125 0.08125
3 0.26640625 0.2859375 0.1296875 0.059375
3 0.415625 0.61953125 0.096875 0.0546875
3 0.93359375 0.8296875 0.084375 0.084375