3 0.9265625 0.8828125 0.1 0.078125
3 0.5578125 0.6328125 0.096875 0.084375
3 0.71484375 0.453125 0.0953125 0.078125
3 0.784375 0.3078125 0.0890625 0.0890625
3 0.66015625 0.528125 0.0890625 0.0890625
3 0.91953125 0.33046875 0.1109375 0.0765625
3 0.55390625 0.2953125 0.1046875 0.084375
3 0.3140625 0.12265625 0.09375 0.09375
3 0.82734375 0.3828125 0.1109375 0.075
3 0.83984375 0.6875 0.1078125 0.08125
3 0.096875 0.0453125 0.09375 0.090625
3 0.08046875 0.91328125 0.1109375 0.0890625
3 0.1296875 0.4453125 0.1125 0.078125
3 0.1109375 0.3390625 0.09375 0.09375
3 0.0859375 0.5578125 0.09375 0.09375
3 0.89609375 0.0703125 0.09375 0.09375
3 0.671875 0.76640625 0.09375 0.09375
6 0.3109375 0.5375 0.11875 0.11875
3 0.5546875 0.79453125 0.0875 0.0890625
3 0.2859375 0.2 0.125 0.071875
6 0.365625 0.8375 0.11875 0.1125
3 0.6953125 0.3765625 0.109375 0.071875
3 0.70234375 0.31640625 0.1046875 0.0765625
3 0.80078125 0.23203125 0.0921875 0.0921875
3 0.478125 0.8015625 0.08125 0.1