3 0.0734375 0.1171875 0.1 0.078125
3 0.4421875 0.3671875 0.090625 0.090625
3 0.28515625 0.546875 0.0953125 0.078125
3 0.215625 0.6921875 0.0890625 0.0890625
3 0.33984375 0.471875 0.0890625 0.0890625
3 0.08046875 0.66953125 0.1109375 0.0765625
3 0.44609375 0.7046875 0.09375 0.0953125
3 0.6859375 0.87734375 0.09375 0.09375
3 0.17265625 0.6171875 0.1109375 0.075
3 0.16015625 0.3125 0.09375 0.0953125
3 0.903125 0.9546875 0.09375 0.090625
3 0.91953125 0.08671875 0.1 0.1
3 0.8703125 0.5546875 0.0953125 0.0953125
3 0.8890625 0.6609375 0.09375 0.09375
3 0.9140625 0.4421875 0.096875 0.090625
3 0.10390625 0.9296875 0.084375 0.103125
3 0.328125 0.23359375 0.09375 0.09375
6 0.6890625 0.4625 0.1375 0.1
3 0.4453125 0.20546875 0.0875 0.0890625
3 0.7140625 0.8 0.125 0.071875
6 0.634375 0.1625 0.115625 0.115625
3 0.3046875 0.6234375 0.090625 0.090625
3 0.29765625 0.68359375 0.1046875 0.0765625
3 0.19921875 0.76796875 0.0921875 0.0921875
3 0.521875 0.1984375 0.090625 0.090625