3 0.7609375 0.2671875 0.078125 0.059375
3 0.92734375 0.796875 0.08125 0.0828125
3 0.690625 0.428125 0.0875 0.06875
3 0.14140625 0.18671875 0.0765625 0.0765625
3 0.5453125 0.78515625 0.084375 0.0609375
3 0.5890625 0.7125 0.0734375 0.0734375
3 0.1484375 0.859375 0.09375 0.06875
3 0.18828125 0.91953125 0.075 0.0640625
3 0.12734375 0.42890625 0.078125 0.078125
3 0.28203125 0.1484375 0.075 0.0734375
3 0.71640625 0.13359375 0.0953125 0.078125
3 0.66015625 0.84296875 0.0828125 0.0734375
3 0.81796875 0.4390625 0.0953125 0.071875
3 0.45 0.9078125 0.0703125 0.0703125
3 0.1734375 0.60390625 0.08125 0.08125
3 0.7015625 0.0578125 0.0875 0.0875
3 0.6265625 0.32109375 0.071875 0.0609375
3 0.60625 0.3796875 0.0875 0.0625
3 0.3390625 0.709375 0.0734375 0.0734375
3 0.1921875 0.096875 0.084375 0.06875
3 0.11015625 0.3625 0.078125 0.0796875
3 0.87578125 0.29296875 0.0828125 0.084375
3 0.23359375 0.46953125 0.0796875 0.0796875
3 0.740625 0.475 0.08125 0.059375
3 0.3671875 0.5640625 0.09375 0.059375
3 0.73828125 0.5390625 0.0859375 0.06875
3 0.50546875 0.565625 0.075 0.0765625
3 0.78125 0.71328125 0.103125 0.0609375
3 0.4703125 0.8484375 0.0640625 0.0640625
3 0.86953125 0.42890625 0.0859375 0.0640625
3 0.55390625 0.0609375 0.0859375 0.071875
3 0.46171875 0.09453125 0.065625 0.065625
3 0.6328125 0.1125 0.0875 0.075
3 0.2453125 0.39375 0.0703125 0.0703125
3 0.52109375 0.46328125 0.0703125 0.0703125
3 0.5953125 0.1703125 0.0703125 0.0703125
0 0.28828125 0.0640625 0.096875 0.096875
3 0.39296875 0.34453125 0.0796875 0.0671875
3 0.77265625 0.6546875 0.071875 0.071875
3 0.27421875 0.2640625 0.0890625 0.071875
3 0.2078125 0.8109375 0.071875 0.05625
3 0.8203125 0.78125 0.0703125 0.0703125
3 0.46171875 0.3125 0.075 0.0734375
3 0.384375 0.24453125 0.0875 0.0609375
3 0.6703125 0.5734375 0.06875 0.06875
3 0.759375 0.5921875 0.084375 0.071875
3 0.8390625 0.82578125 0.0875 0.0671875
3 0.25703125 0.215625 0.0890625 0.06875
3 0.3390625 0.878125 0.084375 0.084375
3 0.47890625 0.17421875 0.0625 0.0625
3 0.06171875 0.1796875 0.0796875 0.065625
0 0.14921875 0.79453125 0.0828125 0.0828125
3 0.15 0.09296875 0.08125 0.0609375
3 0.88203125 0.234375 0.078125 0.0765625
3 0.95 0.16328125 0.0875 0.075
3 0.825 0.3453125 0.065625 0.065625
3 0.28203125 0.84921875 0.0609375 0.059375
6 0.7953125 0.10390625 0.096875 0.0734375
3 0.1046875 0.6296875 0.06875 0.059375
3 0.40703125 0.825 0.1015625 0.05625
3 0.95859375 0.690625 0.0734375 0.05625
3 0.9390625 0.46015625 0.096875 0.096875
3 0.53828125 0.203125 0.0671875 0.05625
3 0.32421875 0.2125 0.0640625 0.0625
0 0.753125 0.3875 0.125 0.08125
3 0.08828125 0.265625 0.065625 0.065625
3 0.93359375 0.8640625 0.0609375 0.0625
3 0.86640625 0.884375 0.059375 0.059375
3 0.75703125 0.79609375 0.0640625 0.0640625
3 0.61015625 0.53359375 0.0640625 0.0640625
3 0.334375 0.403125 0.0734375 0.0734375
3 0.38671875 0.79375 0.0828125 0.05625
3 0.66328125 0.93515625 0.0953125 0.0546875
3 0.19140625 0.4875 0.1015625 0.0625
3 0.0609375 0.4703125 0.075 0.05625
3 0.8359375 0.675 0.071875 0.071875
3 0.43515625 0.9671875 0.0625 0.0640625
3 0.9515625 0.9640625 0.0671875 0.0671875
6 0.2015625 0.7453125 0.1265625 0.1265625
0 0.26796875 0.90234375 0.090625 0.0890625
0 0.809375 0.05546875 0.0984375 0.0984375
3 0.0796875 0.07265625 0.071875 0.0546875
3 0.1796875 0.26875 0.059375 0.05
3 0.0953125 0.5078125 0.075 0.053125
3 0.21953125 0.184375 0.0734375 0.05625
3 0.121875 0.17734375 0.0765625 0.078125
3 0.0953125 0.12265625 0.075 0.075
3 0.84609375 0.15390625 0.0671875 0.0671875
3 0.915625 0.0921875 0.0703125 0.0703125
3 0.93671875 0.278125 0.0734375 0.05625
3 0.83359375 0.58046875 0.0734375 0.0734375
3 0.771875 0.56875 0.06875 0.06875
3 0.671875 0.5046875 0.05625 0.071875
3 0.89296875 0.19140625 0.059375 0.059375
3 0.7078125 0.80703125 0.0765625 0.0765625
3 0.5109375 0.734375 0.0609375 0.0609375
3 0.54375 0.41953125 0.059375 0.0453125
3 0.4125 0.67265625 0.0625 0.0625
3 0.3578125 0.68359375 0.078125 0.0578125
3 0.29140625 0.621875 0.059375 0.05
3 0.23671875 0.64140625 0.0578125 0.05625
3 0.65625 0.7578125 0.0875 0.053125
3 0.72109375 0.7484375 0.0703125 0.06875
3 0.70234375 0.73125 0.0703125 0.05625
3 0.090625 0.7625 0.065625 0.053125
3 0.31796875 0.9390625 0.0796875 0.053125
3 0.25546875 0.95234375 0.0796875 0.0515625
3 0.29453125 0.7609375 0.0671875 0.053125
3 0.259375 0.79921875 0.0640625 0.0640625
3 0.8609375 0.1046875 0.065625 0.053125
3 0.42578125 0.7234375 0.0734375 0.0625
3 0.39609375 0.74453125 0.0625 0.0625