3 0.2671875 0.2390625 0.059375 0.078125
3 0.796875 0.07265625 0.075 0.0890625
3 0.428125 0.309375 0.06875 0.0875
3 0.18671875 0.85859375 0.0765625 0.0765625
3 0.78515625 0.4546875 0.071875 0.071875
3 0.7125 0.4109375 0.0625 0.084375
3 0.859375 0.8515625 0.08125 0.08125
3 0.91953125 0.81171875 0.0640625 0.075
3 0.42890625 0.87265625 0.0671875 0.090625
3 0.1484375 0.71796875 0.0734375 0.075
3 0.13359375 0.28359375 0.0875 0.0859375
3 0.84296875 0.33984375 0.0734375 0.0828125
3 0.4390625 0.18203125 0.071875 0.0953125
3 0.9078125 0.55 0.05625 0.084375
3 0.60390625 0.8265625 0.0734375 0.090625
3 0.0578125 0.2984375 0.071875 0.103125
3 0.32109375 0.3734375 0.0609375 0.071875
3 0.3796875 0.39375 0.0625 0.0875
3 0.709375 0.6609375 0.0625 0.084375
3 0.096875 0.8078125 0.0765625 0.0765625
3 0.3625 0.88984375 0.078125 0.0796875
3 0.29296875 0.12421875 0.06875 0.0984375
3 0.46953125 0.76640625 0.0796875 0.0796875
3 0.475 0.259375 0.059375 0.08125
3 0.5640625 0.6328125 0.059375 0.09375
3 0.5390625 0.26171875 0.078125 0.0765625
3 0.565625 0.49453125 0.075 0.0765625
3 0.71328125 0.21875 0.0609375 0.103125
3 0.8484375 0.5296875 0.05625 0.071875
3 0.42890625 0.13046875 0.075 0.075
3 0.0609375 0.44609375 0.071875 0.0859375
3 0.09453125 0.53828125 0.0546875 0.0765625
3 0.1125 0.3671875 0.075 0.0875
3 0.39375 0.7546875 0.0625 0.078125
3 0.46328125 0.47890625 0.0703125 0.0703125
3 0.1703125 0.4046875 0.0703125 0.0703125
0 0.0640625 0.71171875 0.096875 0.096875
3 0.34453125 0.60703125 0.0671875 0.0796875
3 0.6546875 0.22734375 0.059375 0.0828125
3 0.2640625 0.72578125 0.08125 0.08125
3 0.8109375 0.7921875 0.05625 0.071875
3 0.78125 0.1796875 0.0703125 0.0703125
3 0.3125 0.53828125 0.06875 0.0796875
3 0.24453125 0.615625 0.0609375 0.0875
3 0.5734375 0.3296875 0.053125 0.084375
3 0.5921875 0.240625 0.078125 0.078125
3 0.82578125 0.1609375 0.078125 0.078125
3 0.215625 0.74296875 0.0796875 0.078125
3 0.878125 0.6609375 0.06875 0.1
3 0.17421875 0.52109375 0.0625 0.0625
3 0.1796875 0.93828125 0.065625 0.0796875
0 0.79453125 0.85078125 0.0640625 0.1015625
3 0.09296875 0.85 0.0609375 0.08125
3 0.234375 0.11796875 0.05625 0.0984375
3 0.16328125 0.05 0.075 0.0875
3 0.3453125 0.175 0.0625 0.06875
3 0.84921875 0.71796875 0.04375 0.0765625
6 0.10390625 0.2046875 0.0734375 0.096875
3 0.6296875 0.8953125 0.059375 0.06875
3 0.825 0.59296875 0.05625 0.1015625
3 0.690625 0.04140625 0.065625 0.065625
3 0.46015625 0.0609375 0.096875 0.096875
3 0.203125 0.46171875 0.0609375 0.0609375
3 0.2125 0.67578125 0.0640625 0.0625
0 0.3875 0.246875 0.08125 0.125
3 0.265625 0.91171875 0.053125 0.078125
3 0.8640625 0.06640625 0.053125 0.0703125
3 0.884375 0.13359375 0.059375 0.0609375
3 0.79609375 0.24296875 0.0546875 0.0734375
3 0.53359375 0.38984375 0.0515625 0.0765625
3 0.403125 0.665625 0.05 0.096875
3 0.79375 0.61328125 0.06875 0.06875
3 0.93515625 0.33671875 0.075 0.075
3 0.4875 0.80859375 0.0625 0.1015625
3 0.4703125 0.9390625 0.065625 0.065625
3 0.675 0.1640625 0.071875 0.071875
3 0.9671875 0.56484375 0.05625 0.0703125
3 0.9640625 0.0484375 0.065625 0.06875
6 0.7453125 0.7984375 0.06875 0.184375
0 0.90234375 0.73203125 0.0671875 0.1125
0 0.05546875 0.190625 0.0984375 0.0984375
3 0.07265625 0.9203125 0.0625 0.0640625
3 0.26875 0.8203125 0.0546875 0.0546875
3 0.5078125 0.9046875 0.0640625 0.0640625
3 0.184375 0.78046875 0.065625 0.065625
3 0.17734375 0.878125 0.0640625 0.090625
3 0.12265625 0.9046875 0.075 0.075
3 0.15390625 0.15390625 0.0671875 0.0671875
3 0.0921875 0.084375 0.059375 0.08125
3 0.278125 0.06328125 0.065625 0.065625
3 0.58046875 0.16640625 0.0734375 0.0734375
3 0.56875 0.228125 0.06875 0.06875
3 0.5046875 0.328125 0.0640625 0.0640625
3 0.19140625 0.10703125 0.059375 0.059375
3 0.80703125 0.2921875 0.0640625 0.090625
3 0.734375 0.4890625 0.0609375 0.0609375
3 0.41953125 0.45625 0.0453125 0.059375
3 0.67265625 0.5875 0.0515625 0.071875
3 0.68359375 0.6421875 0.06875 0.0671875
3 0.621875 0.70859375 0.0546875 0.0546875
3 0.64140625 0.76328125 0.046875 0.0671875
3 0.7578125 0.34375 0.0703125 0.0703125
3 0.7484375 0.27890625 0.06875 0.0703125
3 0.73125 0.29765625 0.0640625 0.0625
3 0.7625 0.909375 0.059375 0.059375
3 0.9390625 0.68203125 0.065625 0.0671875
3 0.95234375 0.74453125 0.0515625 0.0796875
3 0.7609375 0.70546875 0.059375 0.0609375
3 0.79921875 0.740625 0.0515625 0.075
3 0.1046875 0.1390625 0.059375 0.059375
3 0.7234375 0.57421875 0.0625 0.0734375
3 0.74453125 0.60390625 0.0625 0.0625