3 0.2390625 0.7328125 0.06875 0.06875
3 0.07265625 0.203125 0.08125 0.0828125
3 0.309375 0.571875 0.078125 0.078125
3 0.85859375 0.81328125 0.0890625 0.0640625
3 0.4546875 0.21484375 0.071875 0.071875
3 0.4109375 0.2875 0.084375 0.0625
3 0.8515625 0.140625 0.08125 0.08125
3 0.81171875 0.08046875 0.075 0.0640625
3 0.87265625 0.57109375 0.078125 0.0796875
3 0.71796875 0.8515625 0.0828125 0.065625
3 0.28359375 0.86640625 0.0953125 0.078125
3 0.33984375 0.15703125 0.078125 0.078125
3 0.18203125 0.5609375 0.084375 0.0828125
3 0.55 0.0921875 0.084375 0.05625
3 0.8265625 0.39609375 0.08125 0.08125
3 0.2984375 0.9421875 0.0875 0.0875
3 0.3734375 0.67890625 0.071875 0.0609375
3 0.39375 0.6203125 0.0875 0.0625
3 0.6609375 0.290625 0.0734375 0.0734375
3 0.8078125 0.903125 0.084375 0.06875
3 0.88984375 0.6375 0.0796875 0.078125
3 0.12421875 0.70703125 0.0828125 0.084375
3 0.76640625 0.53046875 0.0796875 0.0796875
3 0.259375 0.525 0.0703125 0.0703125
3 0.6328125 0.4359375 0.0765625 0.0765625
3 0.26171875 0.4609375 0.0859375 0.06875
3 0.49453125 0.434375 0.0765625 0.075
3 0.21875 0.28671875 0.08125 0.0828125
3 0.5296875 0.1515625 0.0640625 0.0640625
3 0.13046875 0.57109375 0.0859375 0.0640625
3 0.44609375 0.9390625 0.0859375 0.071875
3 0.53828125 0.90546875 0.065625 0.065625
3 0.3671875 0.8875 0.08125 0.08125
3 0.7546875 0.60625 0.078125 0.0625
3 0.47890625 0.53671875 0.0703125 0.0703125
3 0.4046875 0.8296875 0.0703125 0.06875
0 0.71171875 0.9359375 0.0890625 0.10625
3 0.60703125 0.65546875 0.0734375 0.0734375
3 0.22734375 0.3453125 0.0828125 0.059375
3 0.72578125 0.7359375 0.08125 0.08125
3 0.7921875 0.1890625 0.071875 0.05625
3 0.1796875 0.21875 0.0703125 0.0703125
3 0.53828125 0.6875 0.0796875 0.06875
3 0.615625 0.75546875 0.0734375 0.075
3 0.3296875 0.4265625 0.06875 0.06875
3 0.240625 0.4078125 0.084375 0.071875
3 0.1609375 0.17421875 0.0875 0.0671875
3 0.74296875 0.784375 0.0890625 0.06875
3 0.6609375 0.121875 0.1 0.06875
3 0.52109375 0.82578125 0.0671875 0.05625
3 0.93828125 0.8203125 0.0796875 0.065625
0 0.85078125 0.20546875 0.0828125 0.0828125
3 0.85 0.90703125 0.08125 0.0609375
3 0.11796875 0.765625 0.078125 0.0765625
3 0.05 0.83671875 0.0875 0.075
3 0.175 0.6546875 0.06875 0.0625
3 0.71796875 0.15078125 0.0765625 0.04375
6 0.2046875 0.89609375 0.096875 0.0734375
3 0.8953125 0.3703125 0.06875 0.059375
3 0.59296875 0.175 0.1015625 0.05625
3 0.04140625 0.309375 0.0734375 0.05625
3 0.0609375 0.53984375 0.109375 0.0859375
3 0.46171875 0.796875 0.0671875 0.05625
3 0.67578125 0.7875 0.0640625 0.0625
0 0.246875 0.6125 0.103125 0.103125
3 0.91171875 0.734375 0.065625 0.065625
3 0.06640625 0.1359375 0.0703125 0.053125
3 0.13359375 0.115625 0.059375 0.059375
3 0.24296875 0.20390625 0.0640625 0.0640625
3 0.38984375 0.46640625 0.0765625 0.0515625
3 0.665625 0.596875 0.0734375 0.0734375
3 0.61328125 0.20625 0.06875 0.06875
3 0.33671875 0.06484375 0.0953125 0.0546875
3 0.80859375 0.5125 0.1015625 0.0625
3 0.9390625 0.5296875 0.075 0.05625
3 0.1640625 0.325 0.071875 0.071875
3 0.56484375 0.0328125 0.0625 0.0625
3 0.0484375 0.0359375 0.0671875 0.0671875
6 0.7984375 0.2546875 0.184375 0.06875
0 0.73203125 0.09765625 0.1125 0.0671875
0 0.190625 0.94453125 0.0984375 0.0984375
3 0.9203125 0.92734375 0.071875 0.0546875
3 0.8203125 0.73125 0.059375 0.05
3 0.9046875 0.4921875 0.0640625 0.0640625
3 0.78046875 0.815625 0.0734375 0.05625
3 0.878125 0.82265625 0.090625 0.0640625
3 0.9046875 0.87734375 0.075 0.075
3 0.15390625 0.84609375 0.0859375 0.0484375
3 0.084375 0.9078125 0.0703125 0.0703125
3 0.06328125 0.721875 0.0734375 0.05625
3 0.16640625 0.41953125 0.0828125 0.0625
3 0.228125 0.43125 0.08125 0.05625
3 0.328125 0.4953125 0.05625 0.071875
3 0.10703125 0.80859375 0.059375 0.059375
3 0.2921875 0.19296875 0.090625 0.0640625
3 0.4890625 0.265625 0.0609375 0.0609375
3 0.45625 0.58046875 0.053125 0.053125
3 0.5875 0.32734375 0.0625 0.0625
3 0.6421875 0.31640625 0.078125 0.0578125
3 0.70859375 0.378125 0.059375 0.05
3 0.76328125 0.35859375 0.0578125 0.05625
3 0.34375 0.2421875 0.0875 0.053125
3 0.27890625 0.2515625 0.0796875 0.059375
3 0.29765625 0.26875 0.0625 0.0640625
3 0.909375 0.2375 0.059375 0.059375
3 0.68203125 0.0609375 0.0796875 0.053125
3 0.74453125 0.04765625 0.0796875 0.0515625
3 0.70546875 0.2390625 0.0671875 0.053125
3 0.740625 0.20078125 0.0640625 0.0640625
3 0.1390625 0.8953125 0.065625 0.053125
3 0.57421875 0.2765625 0.06875 0.0671875
3 0.60390625 0.25546875 0.0625 0.0625