3 0.21328125 0.4203125 0.0796875 0.0796875
3 0.73515625 0.74375 0.0609375 0.08125
3 0.5765625 0.70703125 0.059375 0.0796875
3 0.7125 0.11640625 0.0625 0.0765625
3 0.33125 0.90859375 0.059375 0.0765625
3 0.80859375 0.43671875 0.0578125 0.078125
3 0.203125 0.31484375 0.0734375 0.075
3 0.62734375 0.84921875 0.0640625 0.0640625
3 0.4421875 0.4421875 0.065625 0.078125
3 0.20078125 0.64453125 0.0625 0.0796875
3 0.21796875 0.22890625 0.06875 0.06875
3 0.4671875 0.234375 0.065625 0.09375
3 0.8171875 0.22265625 0.065625 0.0765625
3 0.28203125 0.63203125 0.0703125 0.0796875
3 0.04921875 0.5390625 0.0609375 0.08125
3 0.38125 0.2296875 0.078125 0.078125
3 0.45546875 0.5921875 0.075 0.09375
3 0.2546875 0.56328125 0.065625 0.0765625
3 0.30078125 0.1125 0.075 0.075
3 0.3265625 0.54296875 0.075 0.0734375
3 0.80078125 0.82421875 0.0734375 0.0734375
3 0.09296875 0.68515625 0.078125 0.078125
3 0.29609375 0.2703125 0.0671875 0.084375
3 0.1140625 0.34765625 0.078125 0.078125
3 0.36328125 0.60625 0.0703125 0.0703125
3 0.64375 0.071875 0.0796875 0.0796875
3 0.1015625 0.578125 0.0828125 0.0828125
3 0.54140625 0.421875 0.075 0.0734375
3 0.64140625 0.63984375 0.071875 0.0796875
4 0.4484375 0.34453125 0.090625 0.090625
3 0.403125 0.696875 0.075 0.075
3 0.43515625 0.14453125 0.075 0.075
3 0.48359375 0.95078125 0.071875 0.0703125
3 0.625 0.27421875 0.078125 0.0890625
3 0.5078125 0.49609375 0.071875 0.071875
3 0.8234375 0.13984375 0.059375 0.0796875
3 0.8171875 0.91328125 0.06875 0.0953125
3 0.58828125 0.33515625 0.0875 0.0875
3 0.88125 0.8703125 0.075 0.090625
3 0.128125 0.17578125 0.06875 0.0921875
3 0.8265625 0.50625 0.05625 0.08125
3 0.6875 0.4046875 0.06875 0.071875
3 0.60390625 0.36640625 0.0765625 0.0765625
3 0.521875 0.5640625 0.0796875 0.0796875
3 0.96015625 0.32421875 0.065625 0.1
3 0.9015625 0.84140625 0.065625 0.0828125
3 0.859375 0.153125 0.08125 0.08125
3 0.040625 0.07578125 0.08125 0.0890625
3 0.7703125 0.49140625 0.06875 0.096875
3 0.3828125 0.15703125 0.06875 0.0671875
3 0.640625 0.7125 0.065625 0.065625
3 0.7125 0.3453125 0.06875 0.0671875
3 0.153125 0.2453125 0.075 0.075
3 0.7859375 0.04296875 0.078125 0.078125
3 0.909375 0.28515625 0.0765625 0.0765625
3 0.64296875 0.58125 0.0609375 0.08125
3 0.85625 0.48515625 0.0625 0.0828125
6 0.2640625 0.80078125 0.075 0.1421875