3 0.5796875 0.21328125 0.0875 0.071875
3 0.25625 0.73515625 0.08125 0.0609375
3 0.29296875 0.5765625 0.0703125 0.0703125
3 0.88359375 0.7125 0.0765625 0.0625
3 0.09140625 0.33125 0.0671875 0.06875
3 0.56328125 0.80859375 0.06875 0.06875
3 0.68515625 0.203125 0.0796875 0.06875
3 0.15078125 0.62734375 0.0640625 0.0640625
3 0.5578125 0.4421875 0.071875 0.071875
3 0.35546875 0.20078125 0.071875 0.071875
3 0.77109375 0.21796875 0.0796875 0.0578125
3 0.765625 0.4671875 0.0796875 0.0796875
3 0.77734375 0.8171875 0.0765625 0.065625
3 0.36796875 0.28203125 0.0796875 0.0703125
3 0.4609375 0.04921875 0.08125 0.0609375
3 0.7703125 0.38125 0.0875 0.06875
3 0.4078125 0.45546875 0.09375 0.075
3 0.43671875 0.2546875 0.071875 0.0703125
3 0.8875 0.30078125 0.075 0.075
3 0.45703125 0.3265625 0.0734375 0.0734375
3 0.17578125 0.80078125 0.0859375 0.0609375
3 0.31484375 0.09296875 0.0890625 0.065625
3 0.7296875 0.29609375 0.084375 0.0671875
3 0.65234375 0.1140625 0.0859375 0.071875
3 0.39375 0.36328125 0.0703125 0.0703125
3 0.928125 0.64375 0.090625 0.06875
3 0.421875 0.1015625 0.0828125 0.084375
3 0.578125 0.54140625 0.0875 0.0609375
3 0.36015625 0.64140625 0.0796875 0.071875
4 0.65546875 0.4484375 0.0984375 0.08125
3 0.303125 0.403125 0.075 0.075
3 0.85546875 0.43515625 0.075 0.075
3 0.04921875 0.48359375 0.0828125 0.059375
3 0.72578125 0.625 0.0890625 0.078125
3 0.50390625 0.5078125 0.071875 0.071875
3 0.86015625 0.8234375 0.0796875 0.059375
3 0.08671875 0.8171875 0.0953125 0.06875
3 0.66484375 0.58828125 0.0890625 0.0875
3 0.1296875 0.88125 0.090625 0.075
3 0.82421875 0.128125 0.0921875 0.06875
3 0.49375 0.8265625 0.08125 0.05625
3 0.5953125 0.6875 0.0703125 0.0703125
3 0.63359375 0.60390625 0.0859375 0.0671875
3 0.4359375 0.521875 0.078125 0.08125
3 0.67578125 0.959375 0.0828125 0.08125
3 0.15859375 0.9015625 0.0828125 0.065625
3 0.846875 0.859375 0.09375 0.06875
3 0.9234375 0.0359375 0.10625 0.071875
3 0.50859375 0.7703125 0.096875 0.06875
3 0.84296875 0.3828125 0.06875 0.0671875
3 0.2875 0.640625 0.071875 0.059375
3 0.6546875 0.7125 0.0671875 0.0671875
3 0.7546875 0.153125 0.08125 0.06875
3 0.95703125 0.7859375 0.084375 0.071875
3 0.71484375 0.909375 0.0796875 0.075
3 0.41875 0.64296875 0.0703125 0.0703125
3 0.51484375 0.85625 0.071875 0.0734375
6 0.19921875 0.2640625 0.1421875 0.075