3 0.16640625 0.625 0.0828125 0.0828125
3 0.90703125 0.584375 0.0984375 0.078125
3 0.0921875 0.2265625 0.103125 0.08125
3 0.9453125 0.31484375 0.0703125 0.0703125
3 0.1890625 0.48359375 0.084375 0.0640625
3 0.678125 0.47734375 0.0859375 0.0875
3 0.78203125 0.26953125 0.0921875 0.06875
3 0.4484375 0.8640625 0.075 0.075
3 0.4140625 0.66796875 0.084375 0.0609375
3 0.6203125 0.58046875 0.09375 0.0765625
3 0.3578125 0.25703125 0.0875 0.0578125
3 0.90078125 0.14296875 0.109375 0.0640625
3 0.86640625 0.4515625 0.1046875 0.078125
3 0.40234375 0.375 0.0828125 0.0625
3 0.89296875 0.671875 0.1015625 0.075
3 0.2484375 0.66796875 0.0921875 0.0921875
3 0.2390625 0.1984375 0.0859375 0.0859375
3 0.36796875 0.51953125 0.0984375 0.0984375
3 0.66328125 0.0484375 0.0875 0.0859375
3 0.759375 0.56484375 0.09375 0.0609375
3 0.321875 0.35859375 0.0875 0.0671875
3 0.803125 0.1515625 0.0796875 0.0796875
3 0.53984375 0.38671875 0.0875 0.0875
3 0.86328125 0.2171875 0.0921875 0.0921875
3 0.56875 0.94921875 0.10625 0.0703125
3 0.91015625 0.0796875 0.1078125 0.059375
3 0.4703125 0.12890625 0.0984375 0.096875
3 0.60703125 0.30703125 0.0921875 0.0734375
3 0.37734375 0.6171875 0.053125 0.0546875
3 0.33984375 0.9546875 0.0796875 0.078125
3 0.65 0.8234375 0.0953125 0.0953125
3 0.803125 0.765625 0.096875 0.075
3 0.665625 0.20078125 0.075 0.059375
0 0.49140625 0.4796875 0.1171875 0.096875