3 0.859375 0.1078125 0.0796875 0.0796875
3 0.8625 0.8203125 0.0765625 0.0765625
3 0.88203125 0.24609375 0.078125 0.078125
3 0.29375 0.78671875 0.071875 0.071875
3 0.54296875 0.91015625 0.0796875 0.0921875
3 0.3703125 0.346875 0.090625 0.090625
3 0.8203125 0.2015625 0.08125 0.08125
3 0.23125 0.053125 0.078125 0.1
3 0.66484375 0.6328125 0.08125 0.0796875
3 0.74296875 0.58203125 0.090625 0.090625
3 0.62890625 0.57109375 0.0578125 0.0765625
3 0.5515625 0.496875 0.090625 0.103125
3 0.46171875 0.059375 0.078125 0.096875
3 0.96875 0.28203125 0.0625 0.0765625
3 0.5703125 0.21015625 0.065625 0.0921875
3 0.525 0.1453125 0.0796875 0.0796875
3 0.41953125 0.48984375 0.090625 0.090625
3 0.72421875 0.1859375 0.0765625 0.0875
3 0.0890625 0.11796875 0.071875 0.0953125
3 0.80390625 0.27578125 0.0953125 0.0609375
2 0.77421875 0.3640625 0.10625 0.1125