3 0.859375 0.8921875 0.0796875 0.0796875
3 0.8625 0.1796875 0.0765625 0.0765625
3 0.88203125 0.75390625 0.0671875 0.0890625
3 0.29375 0.21328125 0.071875 0.071875
3 0.54296875 0.08984375 0.0796875 0.0921875
3 0.3703125 0.653125 0.084375 0.096875
3 0.8203125 0.7984375 0.071875 0.090625
3 0.23125 0.946875 0.078125 0.1
3 0.66484375 0.3671875 0.0671875 0.09375
3 0.74296875 0.41796875 0.090625 0.090625
3 0.62890625 0.42890625 0.0578125 0.0765625
3 0.5515625 0.503125 0.090625 0.103125
3 0.46171875 0.940625 0.078125 0.096875
3 0.96875 0.71796875 0.0625 0.0765625
3 0.5703125 0.78984375 0.065625 0.0921875
3 0.525 0.8546875 0.0796875 0.0796875
3 0.41953125 0.51015625 0.0828125 0.0984375
3 0.72421875 0.8140625 0.0765625 0.0875
3 0.0890625 0.88203125 0.084375 0.084375
3 0.80390625 0.72421875 0.0953125 0.0609375
2 0.77421875 0.6359375 0.10625 0.1125