3 0.6234375 0.6796875 0.1 0.071875
3 0.7859375 0.25390625 0.096875 0.0734375
3 0.053125 0.91953125 0.10625 0.0859375
3 0.81484375 0.1578125 0.0921875 0.0921875
3 0.2421875 0.371875 0.0921875 0.0921875
3 0.27109375 0.6171875 0.0890625 0.0875
3 0.3203125 0.18515625 0.0984375 0.0984375
3 0.57421875 0.9609375 0.096875 0.075
3 0.93359375 0.08203125 0.0984375 0.08125
3 0.3703125 0.41015625 0.0875 0.0875
3 0.94765625 0.4890625 0.090625 0.090625
3 0.55859375 0.47265625 0.096875 0.096875
3 0.34140625 0.33046875 0.0953125 0.0765625
3 0.609375 0.38359375 0.096875 0.096875
3 0.271875 0.47265625 0.090625 0.090625
3 0.2421875 0.2984375 0.0875 0.071875
3 0.778125 0.33515625 0.0890625 0.0875
3 0.309375 0.884375 0.0875 0.071875
3 0.14453125 0.43828125 0.0921875 0.0609375
3 0.71953125 0.4703125 0.0890625 0.0890625
5 0.17578125 0.8703125 0.115625 0.09375
3 0.10078125 0.721875 0.1015625 0.084375
3 0.4890625 0.128125 0.096875 0.096875
3 0.69296875 0.11640625 0.0984375 0.0984375
3 0.45390625 0.8859375 0.096875 0.096875
3 0.15078125 0.56953125 0.0875 0.0875
3 0.53515625 0.65234375 0.08125 0.08125
3 0.60546875 0.79296875 0.096875 0.096875
3 0.91875 0.80390625 0.09375 0.0953125
3 0.078125 0.18359375 0.1125 0.0796875
3 0.89296875 0.6421875 0.08125 0.08125
3 0.56015625 0.2625 0.1046875 0.0875
3 0.58671875 0.5484375 0.0921875 0.071875
3 0.665625 0.83125 0.109375 0.090625
3 0.740625 0.178125 0.09375 0.0875
3 0.20078125 0.03359375 0.1171875 0.0671875