3 0.6671875 0.58046875 0.075 0.075
3 0.4171875 0.3515625 0.0953125 0.0953125
3 0.27421875 0.90078125 0.0828125 0.0828125
3 0.796875 0.1296875 0.0875 0.059375
3 0.73828125 0.2 0.0796875 0.06875
3 0.56484375 0.5765625 0.0921875 0.09375
3 0.8546875 0.91796875 0.103125 0.0796875
3 0.28515625 0.75625 0.0890625 0.065625
3 0.50625 0.3640625 0.078125 0.078125
3 0.51875 0.16953125 0.08125 0.08125
3 0.64921875 0.0546875 0.0984375 0.078125
3 0.30859375 0.2453125 0.078125 0.0765625
3 0.496875 0.26875 0.0859375 0.0859375
3 0.57890625 0.43125 0.0859375 0.084375
3 0.81796875 0.06796875 0.071875 0.071875
3 0.90546875 0.85078125 0.1046875 0.0828125
3 0.62109375 0.15390625 0.0765625 0.0765625
3 0.74296875 0.0515625 0.0859375 0.075
3 0.61484375 0.75546875 0.0921875 0.0921875
3 0.6578125 0.46328125 0.090625 0.0640625
3 0.36171875 0.796875 0.0984375 0.08125
3 0.2140625 0.15 0.075 0.075
3 0.509375 0.7875 0.103125 0.071875
3 0.61796875 0.23046875 0.0875 0.0875
3 0.5203125 0.49296875 0.078125 0.0796875
3 0.1234375 0.6984375 0.1 0.078125
3 0.47734375 0.54609375 0.0875 0.0796875
3 0.7609375 0.3234375 0.096875 0.075
3 0.19296875 0.315625 0.1078125 0.08125
3 0.278125 0.83671875 0.0609375 0.0625
3 0.0859375 0.8984375 0.103125 0.065625
3 0.925 0.09296875 0.084375 0.084375
3 0.1734375 0.5609375 0.103125 0.084375
3 0.52734375 0.296875 0.090625 0.06875
3 0.78203125 0.5703125 0.1015625 0.06875
3 0.46953125 0.71953125 0.0765625 0.0671875
3 0.903125 0.14921875 0.08125 0.0609375
3 0.88984375 0.5578125 0.0796875 0.059375
3 0.921875 0.2125 0.075 0.0625
3 0.70859375 0.1078125 0.0828125 0.0828125
3 0.2578125 0.60625 0.084375 0.071875
3 0.7328125 0.52578125 0.0734375 0.0734375
3 0.8046875 0.859375 0.0890625 0.0890625
3 0.42265625 0.85703125 0.090625 0.06875
3 0.08515625 0.28359375 0.075 0.075
3 0.6640625 0.12890625 0.096875 0.078125
3 0.1734375 0.328125 0.0875 0.065625
3 0.05546875 0.34375 0.0921875 0.065625
3 0.09453125 0.1484375 0.08125 0.08125
3 0.5484375 0.6859375 0.090625 0.090625
3 0.828125 0.22734375 0.084375 0.084375
3 0.15 0.096875 0.1 0.065625
3 0.7140625 0.8296875 0.0984375 0.0984375
3 0.74296875 0.26328125 0.071875 0.071875
3 0.396875 0.7265625 0.09375 0.065625
3 0.06796875 0.53828125 0.075 0.075
3 0.15546875 0.61171875 0.075 0.0515625
3 0.47421875 0.8421875 0.078125 0.078125
3 0.228125 0.67734375 0.1 0.065625
3 0.8140625 0.80859375 0.096875 0.0828125
3 0.4453125 0.91640625 0.0828125 0.0828125
3 0.12578125 0.81015625 0.0875 0.0703125
3 0.14296875 0.45546875 0.0984375 0.0703125
3 0.37890625 0.51328125 0.0796875 0.0796875
3 0.47265625 0.434375 0.0984375 0.0625
3 0.82578125 0.2625 0.084375 0.0828125
3 0.09765625 0.40859375 0.0890625 0.0859375
3 0.15859375 0.79296875 0.096875 0.059375
3 0.23515625 0.2109375 0.0828125 0.053125
3 0.5375 0.14375 0.08125 0.065625
3 0.446875 0.1484375 0.0625 0.0625
3 0.36328125 0.1625 0.084375 0.0625
3 0.359375 0.13046875 0.075 0.075
3 0.29140625 0.175 0.071875 0.071875
6 0.44453125 0.47421875 0.090625 0.090625
6 0.28203125 0.1140625 0.15 0.090625
6 0.46484375 0.10234375 0.10625 0.10625
6 0.115625 0.85703125 0.0875 0.0875
3 0.35 0.94765625 0.08125 0.0609375
3 0.159375 0.64921875 0.090625 0.0640625
3 0.26484375 0.6984375 0.084375 0.078125
3 0.86015625 0.50390625 0.078125 0.078125
3 0.8828125 0.42578125 0.084375 0.0609375
3 0.4375 0.95703125 0.08125 0.0703125
3 0.20234375 0.8484375 0.065625 0.065625
3 0.19921875 0.825 0.0984375 0.0625
3 0.5515625 0.725 0.0828125 0.0828125
3 0.534375 0.89921875 0.08125 0.08125