3 0.88125 0.496875 0.059375 0.090625
3 0.7296875 0.603125 0.059375 0.090625
3 0.109375 0.1390625 0.0796875 0.0796875
3 0.6984375 0.7359375 0.059375 0.090625
3 0.346875 0.65703125 0.084375 0.084375
3 0.3953125 0.92578125 0.071875 0.0921875
3 0.05 0.19453125 0.0765625 0.0765625
3 0.590625 0.43046875 0.0625 0.0953125
3 0.253125 0.30859375 0.06875 0.06875
3 0.3140625 0.16484375 0.065625 0.0890625
3 0.4109375 0.1 0.06875 0.06875
3 0.3203125 0.9296875 0.0734375 0.0734375
3 0.82109375 0.6328125 0.075 0.103125
3 0.14375 0.52578125 0.0765625 0.075
3 0.5734375 0.63203125 0.065625 0.0984375
3 0.56875 0.1296875 0.0625 0.0875
3 0.5046875 0.5640625 0.075 0.075
3 0.321875 0.43046875 0.06875 0.0984375
3 0.8984375 0.23125 0.084375 0.084375
3 0.534375 0.48046875 0.0734375 0.075
3 0.8953125 0.40078125 0.06875 0.1015625
3 0.146875 0.6234375 0.0828125 0.0828125
3 0.25625 0.38203125 0.0734375 0.071875
3 0.94375 0.63828125 0.06875 0.090625
3 0.215625 0.44140625 0.078125 0.0765625
3 0.4875 0.91484375 0.0796875 0.0796875
3 0.16796875 0.83046875 0.09375 0.09375
3 0.4265625 0.72578125 0.065625 0.096875
3 0.4953125 0.175 0.0765625 0.078125
3 0.95859375 0.21796875 0.06875 0.1015625
3 0.703125 0.06796875 0.0796875 0.0796875
3 0.88046875 0.8078125 0.0703125 0.103125
3 0.58515625 0.72578125 0.06875 0.06875
3 0.2109375 0.603125 0.08125 0.08125
3 0.80390625 0.27265625 0.0828125 0.1046875
3 0.3125 0.85234375 0.071875 0.071875
3 0.94921875 0.43828125 0.084375 0.084375
3 0.5453125 0.87734375 0.06875 0.0890625
3 0.80625 0.09921875 0.059375 0.0984375
3 0.884375 0.67890625 0.084375 0.0828125
3 0.45546875 0.2140625 0.078125 0.0796875
3 0.47109375 0.36328125 0.0640625 0.0640625
3 0.34921875 0.2078125 0.084375 0.084375
3 0.3984375 0.18203125 0.0625 0.0859375
3 0.28515625 0.78125 0.075 0.090625
3 0.52265625 0.75703125 0.08125 0.08125
3 0.53671875 0.7984375 0.084375 0.084375
3 0.4828125 0.78125 0.0953125 0.0953125
3 0.9265625 0.746875 0.065625 0.140625
3 0.265625 0.1828125 0.046875 0.134375