3 0.496875 0.11875 0.090625 0.059375
3 0.603125 0.2703125 0.075 0.075
3 0.1390625 0.890625 0.096875 0.0625
3 0.7359375 0.3015625 0.075 0.075
3 0.65703125 0.653125 0.084375 0.084375
3 0.92578125 0.6046875 0.0921875 0.071875
3 0.19453125 0.95 0.0890625 0.0625
3 0.43046875 0.409375 0.0796875 0.0796875
3 0.30859375 0.746875 0.0796875 0.05625
3 0.16484375 0.6859375 0.0890625 0.065625
3 0.1 0.5890625 0.078125 0.059375
3 0.9296875 0.6796875 0.0734375 0.0734375
3 0.6328125 0.17890625 0.103125 0.075
3 0.52578125 0.85625 0.0828125 0.06875
3 0.63203125 0.4265625 0.08125 0.0828125
3 0.1296875 0.43125 0.075 0.075
3 0.5640625 0.4953125 0.084375 0.065625
3 0.43046875 0.678125 0.0984375 0.06875
3 0.23125 0.1015625 0.1 0.06875
3 0.48046875 0.465625 0.0796875 0.06875
3 0.40078125 0.1046875 0.0859375 0.084375
3 0.6234375 0.853125 0.0828125 0.0828125
3 0.38203125 0.74375 0.0828125 0.0625
3 0.63828125 0.05625 0.090625 0.06875
3 0.44140625 0.784375 0.0953125 0.059375
3 0.91484375 0.5125 0.0953125 0.065625
3 0.83046875 0.83203125 0.09375 0.09375
3 0.72578125 0.5734375 0.096875 0.065625
3 0.175 0.5046875 0.09375 0.059375
3 0.21796875 0.04140625 0.1015625 0.06875
3 0.06796875 0.296875 0.0796875 0.0796875
3 0.8078125 0.11953125 0.0859375 0.0875
3 0.72578125 0.41484375 0.06875 0.06875
3 0.603125 0.7890625 0.08125 0.08125
3 0.27265625 0.19609375 0.1046875 0.0828125
3 0.85234375 0.6875 0.0796875 0.065625
3 0.43828125 0.05078125 0.084375 0.084375
3 0.87734375 0.4546875 0.0796875 0.0796875
3 0.09921875 0.19375 0.078125 0.078125
3 0.67890625 0.115625 0.0984375 0.06875
3 0.2140625 0.54453125 0.090625 0.0671875
3 0.36328125 0.52890625 0.0640625 0.0640625
3 0.2078125 0.65078125 0.103125 0.0640625
3 0.18203125 0.6015625 0.0734375 0.0734375
3 0.78125 0.71484375 0.0828125 0.0828125
3 0.75703125 0.47734375 0.0953125 0.0671875
3 0.7984375 0.46328125 0.09375 0.0765625
3 0.78125 0.5171875 0.125 0.065625
3 0.746875 0.0734375 0.103125 0.103125
3 0.1828125 0.734375 0.090625 0.090625