2 0.95859375 0.26171875 0.0640625 0.0953125
2 0.94453125 0.43671875 0.075 0.075
2 0.125 0.24921875 0.06875 0.0984375
2 0.83203125 0.65546875 0.0703125 0.0984375
2 0.109375 0.52578125 0.0875 0.0875
2 0.234375 0.60859375 0.0828125 0.084375
2 0.84453125 0.73359375 0.0859375 0.0859375
2 0.8234375 0.825 0.065625 0.08125
2 0.55546875 0.09609375 0.0875 0.0875
2 0.20078125 0.46796875 0.084375 0.084375
2 0.84765625 0.9078125 0.0890625 0.0875
2 0.89609375 0.51328125 0.0890625 0.0890625
2 0.140625 0.43671875 0.075 0.1015625
2 0.6578125 0.6984375 0.0875 0.0875
2 0.45 0.27109375 0.0921875 0.0921875
2 0.45078125 0.63984375 0.090625 0.090625
2 0.2453125 0.1609375 0.075 0.075
2 0.74609375 0.359375 0.0921875 0.090625
2 0.359375 0.08046875 0.096875 0.096875
2 0.75546875 0.7578125 0.0765625 0.109375
2 0.3671875 0.3125 0.078125 0.09375
2 0.45 0.52109375 0.078125 0.096875
2 0.24921875 0.41484375 0.0625 0.1140625
2 0.61171875 0.45078125 0.0734375 0.0953125
2 0.41015625 0.3921875 0.084375 0.0828125
2 0.29453125 0.38984375 0.0703125 0.0984375
2 0.2859375 0.5296875 0.071875 0.071875
2 0.4046875 0.5875 0.075 0.090625
5 0.36875 0.659375 0.096875 0.096875
5 0.29375 0.62890625 0.065625 0.146875
2 0.31875 0.46015625 0.090625 0.0921875
2 0.4078125 0.484375 0.09375 0.09375
2 0.3390625 0.37109375 0.096875 0.096875
2 0.34921875 0.5484375 0.084375 0.0828125