3 0.74140625 0.50859375 0.0609375 0.0859375
3 0.92265625 0.74765625 0.071875 0.071875
3 0.8921875 0.49296875 0.06875 0.06875
3 0.153125 0.49296875 0.071875 0.071875
3 0.2546875 0.184375 0.06875 0.0875
3 0.63828125 0.07109375 0.0609375 0.0796875
3 0.6796875 0.77265625 0.065625 0.0828125
6 0.728125 0.35234375 0.09375 0.09375
3 0.8 0.265625 0.075 0.075
3 0.378125 0.7171875 0.084375 0.084375
3 0.8296875 0.496875 0.059375 0.0875
3 0.42890625 0.51640625 0.0640625 0.103125
3 0.28828125 0.85546875 0.065625 0.065625
3 0.8109375 0.5703125 0.075 0.0734375
3 0.309375 0.06640625 0.06875 0.0671875
3 0.490625 0.82578125 0.06875 0.109375
3 0.221875 0.603125 0.0625 0.09375
3 0.8671875 0.23046875 0.065625 0.0921875
3 0.6671875 0.503125 0.06875 0.0875
3 0.8171875 0.90078125 0.078125 0.078125
3 0.60625 0.1515625 0.08125 0.08125
3 0.37265625 0.12421875 0.065625 0.0828125
3 0.2453125 0.07734375 0.065625 0.0828125
3 0.76484375 0.71953125 0.0890625 0.0890625
3 0.8625 0.321875 0.06875 0.0703125
3 0.21953125 0.453125 0.0640625 0.0875
3 0.3 0.93828125 0.084375 0.084375
3 0.365625 0.22734375 0.065625 0.065625
3 0.08828125 0.28046875 0.071875 0.0953125
3 0.2671875 0.6671875 0.0875 0.0875
3 0.60546875 0.840625 0.0765625 0.08125
3 0.36953125 0.85703125 0.0734375 0.0734375
3 0.778125 0.18984375 0.0625 0.0765625
3 0.2046875 0.8109375 0.059375 0.084375
3 0.1046875 0.65390625 0.065625 0.1078125
3 0.38359375 0.584375 0.0640625 0.084375
3 0.36796875 0.4140625 0.084375 0.0828125
3 0.884375 0.1125 0.06875 0.0875
3 0.5046875 0.0734375 0.0796875 0.0796875
3 0.82109375 0.7515625 0.084375 0.0828125
3 0.2125 0.3515625 0.059375 0.0875
3 0.603125 0.76640625 0.05625 0.0796875
3 0.4984375 0.5546875 0.084375 0.084375
3 0.32109375 0.38125 0.075 0.0734375
3 0.353125 0.30390625 0.0703125 0.0703125
3 0.78125 0.83203125 0.0859375 0.0859375
3 0.3 0.4734375 0.0625 0.078125
3 0.7734375 0.13515625 0.071875 0.1
3 0.6140625 0.4625 0.059375 0.075
3 0.6484375 0.90625 0.084375 0.084375
3 0.22109375 0.90234375 0.078125 0.078125
3 0.325 0.609375 0.0703125 0.0703125
3 0.4078125 0.2546875 0.0703125 0.0703125
3 0.25078125 0.52734375 0.0546875 0.1015625
3 0.184375 0.04921875 0.0828125 0.0828125
3 0.61171875 0.690625 0.0796875 0.078125
3 0.24609375 0.75390625 0.065625 0.0828125
3 0.440625 0.809375 0.06875 0.10625
3 0.271875 0.390625 0.075 0.075
3 0.38203125 0.77265625 0.0734375 0.0734375
3 0.7984375 0.34921875 0.071875 0.071875
3 0.65390625 0.39296875 0.0734375 0.0875
6 0.64765625 0.31171875 0.09375 0.09375
3 0.1671875 0.5890625 0.078125 0.078125
3 0.0515625 0.721875 0.065625 0.09375
3 0.50390625 0.4671875 0.0640625 0.096875
3 0.171875 0.68671875 0.078125 0.078125
3 0.1140625 0.71640625 0.0921875 0.090625
3 0.92421875 0.34921875 0.0640625 0.0625
6 0.07265625 0.20390625 0.0796875 0.0796875
3 0.971875 0.6421875 0.05 0.084375
3 0.37265625 0.48671875 0.071875 0.071875
3 0.68515625 0.8625 0.0609375 0.06875
6 0.14609375 0.7875 0.0859375 0.0875
3 0.89921875 0.06328125 0.0609375 0.1
3 0.42109375 0.853125 0.05625 0.09375
3 0.38515625 0.04140625 0.065625 0.0796875
3 0.484375 0.484375 0.0625 0.0625
3 0.7203125 0.825 0.0765625 0.0765625
3 0.65078125 0.1703125 0.0609375 0.059375
3 0.92265625 0.39296875 0.0546875 0.0828125
3 0.0359375 0.7875 0.059375 0.075
3 0.9703125 0.7796875 0.059375 0.065625