3 0.49140625 0.74140625 0.0734375 0.0734375
3 0.25234375 0.92265625 0.0796875 0.0640625
3 0.50703125 0.8921875 0.06875 0.06875
3 0.50703125 0.153125 0.084375 0.059375
3 0.815625 0.2546875 0.0875 0.06875
3 0.92890625 0.63828125 0.0703125 0.0703125
3 0.22734375 0.6796875 0.0828125 0.065625
6 0.64765625 0.728125 0.09375 0.09375
3 0.734375 0.8 0.084375 0.065625
3 0.2828125 0.378125 0.1 0.06875
3 0.503125 0.8296875 0.0734375 0.0734375
3 0.48359375 0.42890625 0.103125 0.0640625
3 0.14453125 0.28828125 0.065625 0.065625
3 0.4296875 0.8109375 0.0875 0.059375
3 0.93359375 0.309375 0.0796875 0.05625
3 0.17421875 0.490625 0.109375 0.06875
3 0.396875 0.221875 0.09375 0.0625
3 0.76953125 0.8671875 0.078125 0.078125
3 0.496875 0.6671875 0.078125 0.078125
3 0.09921875 0.8171875 0.078125 0.0796875
3 0.8484375 0.60625 0.1 0.0625
3 0.87578125 0.37265625 0.0828125 0.065625
3 0.92265625 0.2453125 0.075 0.0734375
3 0.28046875 0.76484375 0.1046875 0.0734375
3 0.678125 0.8625 0.0703125 0.0703125
3 0.546875 0.21953125 0.0765625 0.075
3 0.06171875 0.3 0.084375 0.084375
3 0.77265625 0.365625 0.065625 0.065625
3 0.71953125 0.08828125 0.0828125 0.084375
3 0.3328125 0.2671875 0.0875 0.0875
3 0.159375 0.60546875 0.08125 0.0765625
3 0.14296875 0.36953125 0.0734375 0.0734375
3 0.81015625 0.778125 0.06875 0.0703125
3 0.1890625 0.2046875 0.084375 0.059375
3 0.34609375 0.1046875 0.0859375 0.0859375
3 0.415625 0.38359375 0.084375 0.0640625
3 0.5859375 0.36796875 0.09375 0.0734375
3 0.8875 0.884375 0.0875 0.06875
3 0.9265625 0.5046875 0.084375 0.075
3 0.2484375 0.82109375 0.0828125 0.0828125
3 0.6484375 0.2125 0.0875 0.059375
3 0.23359375 0.603125 0.06875 0.06875
3 0.4453125 0.4984375 0.09375 0.075
3 0.61875 0.32109375 0.0734375 0.075
3 0.69609375 0.353125 0.0703125 0.0703125
3 0.16796875 0.78125 0.103125 0.06875
3 0.5265625 0.3 0.0703125 0.0703125
3 0.86484375 0.7734375 0.0859375 0.0859375
3 0.5375 0.6140625 0.0671875 0.0671875
3 0.09375 0.6484375 0.103125 0.065625
3 0.09765625 0.22109375 0.078125 0.078125
3 0.390625 0.325 0.0703125 0.0703125
3 0.7453125 0.4078125 0.084375 0.05625
3 0.47265625 0.25078125 0.078125 0.078125
3 0.95078125 0.184375 0.0828125 0.0828125
3 0.309375 0.61171875 0.09375 0.0640625
3 0.24609375 0.24609375 0.0828125 0.065625
3 0.190625 0.440625 0.10625 0.06875
3 0.609375 0.271875 0.075 0.075
3 0.22734375 0.38203125 0.0734375 0.0734375
3 0.65078125 0.7984375 0.0859375 0.059375
3 0.60703125 0.65390625 0.08125 0.08125
6 0.68828125 0.64765625 0.1078125 0.0796875
3 0.4109375 0.1671875 0.078125 0.078125
3 0.278125 0.0515625 0.0796875 0.0796875
3 0.5328125 0.50390625 0.08125 0.08125
3 0.31328125 0.171875 0.0921875 0.0625
3 0.28359375 0.1140625 0.090625 0.0921875
3 0.65078125 0.92421875 0.075 0.0515625
6 0.79609375 0.07265625 0.0796875 0.0796875
3 0.3578125 0.971875 0.084375 0.05
3 0.51328125 0.37265625 0.071875 0.071875
3 0.1375 0.68515625 0.06875 0.0609375
6 0.2125 0.14609375 0.0875 0.0859375
3 0.93671875 0.89921875 0.08125 0.0796875
3 0.146875 0.42109375 0.075 0.075
3 0.95859375 0.38515625 0.071875 0.071875
3 0.515625 0.484375 0.0625 0.0625
3 0.175 0.7203125 0.0765625 0.0765625
3 0.8296875 0.65078125 0.065625 0.05625
3 0.60703125 0.92265625 0.0828125 0.0546875
3 0.2125 0.0359375 0.075 0.059375
3 0.22109375 0.975 0.0828125 0.05