2 0.7203125 0.1203125 0.0875 0.065625
2 0.36953125 0.103125 0.08125 0.08125
2 0.8265625 0.25234375 0.071875 0.071875
2 0.7328125 0.8890625 0.090625 0.075
2 0.83515625 0.6765625 0.078125 0.078125
2 0.775 0.43203125 0.08125 0.0734375
2 0.26484375 0.28515625 0.0984375 0.0734375
2 0.77421875 0.53125 0.0890625 0.075
2 0.6203125 0.91796875 0.09375 0.0734375
2 0.31875 0.79609375 0.0875 0.0703125
2 0.5296875 0.309375 0.0875 0.0875
2 0.1671875 0.76640625 0.078125 0.078125
2 0.6703125 0.04453125 0.075 0.0734375
2 0.30625 0.93828125 0.09375 0.0734375
2 0.29765625 0.3453125 0.1015625 0.071875
2 0.9265625 0.54609375 0.096875 0.075
2 0.9140625 0.85078125 0.096875 0.071875
2 0.43828125 0.46953125 0.096875 0.0703125
2 0.43203125 0.33046875 0.1046875 0.0640625
2 0.3796875 0.9234375 0.09375 0.078125
2 0.1125 0.084375 0.09375 0.071875
2 0.23671875 0.596875 0.096875 0.071875
2 0.0875 0.6265625 0.1 0.065625
2 0.18125 0.49140625 0.0875 0.078125
2 0.19609375 0.66328125 0.0859375 0.0859375
2 0.57734375 0.08203125 0.0921875 0.0765625
2 0.35078125 0.41953125 0.09375 0.0828125
2 0.36328125 0.565625 0.0984375 0.06875
2 0.38125 0.5046875 0.11875 0.059375
2 0.75 0.66640625 0.084375 0.0796875
2 0.73359375 0.3140625 0.090625 0.090625
2 0.44453125 0.878125 0.0921875 0.090625
2 0.13828125 0.25859375 0.0859375 0.0859375
2 0.325 0.6234375 0.09375 0.08125
2 0.67109375 0.65234375 0.0890625 0.0671875
2 0.446875 0.59921875 0.0890625 0.0890625
2 0.6890625 0.53515625 0.0890625 0.0890625
2 0.8453125 0.8671875 0.0796875 0.0796875
2 0.77265625 0.734375 0.084375 0.084375
2 0.675 0.36171875 0.1 0.0734375
2 0.61171875 0.3953125 0.0828125 0.0828125
2 0.6328125 0.31171875 0.0875 0.0609375
2 0.62734375 0.25234375 0.0828125 0.071875
2 0.54296875 0.59140625 0.078125 0.078125
2 0.60859375 0.628125 0.0796875 0.06875
2 0.54375 0.246875 0.084375 0.084375
2 0.39375 0.8171875 0.0890625 0.0890625
2 0.16015625 0.34453125 0.1078125 0.0671875
2 0.75703125 0.18515625 0.0828125 0.0828125
2 0.4765625 0.3546875 0.084375 0.05625
2 0.440625 0.17734375 0.0828125 0.0828125
2 0.63359375 0.190625 0.084375 0.0859375
2 0.8984375 0.11796875 0.0890625 0.090625
2 0.46015625 0.65 0.0984375 0.096875
2 0.721875 0.2515625 0.0953125 0.0953125
2 0.5140625 0.16015625 0.0890625 0.0890625
2 0.5875 0.5328125 0.1 0.075
2 0.53046875 0.6515625 0.0828125 0.084375
2 0.3765625 0.653125 0.0703125 0.0703125
2 0.82265625 0.7890625 0.0765625 0.09375
2 0.7578125 0.8234375 0.10625 0.078125
2 0.29609375 0.04140625 0.078125 0.078125
2 0.1765625 0.2859375 0.09375 0.075
2 0.69609375 0.42265625 0.1015625 0.0734375
2 0.77265625 0.7859375 0.075 0.075
2 0.46015625 0.2703125 0.0859375 0.0859375
5 0.6765625 0.72421875 0.09375 0.09375
5 0.4875 0.52734375 0.1125 0.0828125
2 0.15859375 0.1078125 0.08125 0.08125
2 0.9078125 0.77890625 0.090625 0.0921875