3 0.725 0.67265625 0.05 0.0734375
3 0.08125 0.58203125 0.071875 0.0734375
3 0.80078125 0.4453125 0.065625 0.096875
3 0.90546875 0.32578125 0.0734375 0.0953125
3 0.66484375 0.84375 0.0625 0.075
3 0.43515625 0.803125 0.0875 0.0890625
3 0.4359375 0.24453125 0.075 0.075
3 0.88046875 0.44609375 0.0703125 0.084375
3 0.56796875 0.33125 0.0640625 0.071875
3 0.28046875 0.90703125 0.08125 0.08125
3 0.15390625 0.5359375 0.084375 0.084375
3 0.4 0.35390625 0.06875 0.0953125
3 0.15 0.77109375 0.06875 0.0765625
3 0.93046875 0.790625 0.0703125 0.0875
3 0.403125 0.721875 0.084375 0.084375
3 0.659375 0.471875 0.084375 0.084375
3 0.05 0.8890625 0.05625 0.078125
3 0.53828125 0.53515625 0.0609375 0.078125
3 0.76640625 0.84140625 0.08125 0.08125
3 0.8375 0.25703125 0.078125 0.0984375
3 0.63515625 0.34921875 0.0671875 0.0828125
3 0.078125 0.75 0.0703125 0.0875
3 0.2375 0.31484375 0.08125 0.08125
3 0.878125 0.72890625 0.0625 0.0890625
3 0.14375 0.31953125 0.0625 0.0734375
3 0.5515625 0.1078125 0.071875 0.071875
3 0.0578125 0.16484375 0.059375 0.0890625
3 0.3921875 0.13203125 0.0703125 0.0703125
3 0.3640625 0.596875 0.0859375 0.0859375
3 0.7796875 0.34296875 0.059375 0.0796875
3 0.95390625 0.61328125 0.06875 0.06875
3 0.63125 0.7296875 0.05625 0.078125
5 0.2515625 0.22890625 0.071875 0.0921875
3 0.4265625 0.58828125 0.0625 0.0828125
3 0.6 0.64296875 0.06875 0.0890625
3 0.109375 0.46015625 0.059375 0.078125
3 0.17578125 0.84609375 0.0609375 0.0859375
3 0.73046875 0.31875 0.065625 0.065625
3 0.55390625 0.19609375 0.0671875 0.065625
3 0.1453125 0.40703125 0.0671875 0.0796875
3 0.63515625 0.38515625 0.0828125 0.0828125
3 0.18203125 0.7046875 0.0859375 0.0859375
3 0.465625 0.08359375 0.053125 0.071875
3 0.31875 0.65703125 0.078125 0.078125
3 0.653125 0.56328125 0.075 0.0890625
3 0.67421875 0.65390625 0.0671875 0.0671875
3 0.4921875 0.71796875 0.065625 0.065625
3 0.7390625 0.10859375 0.0703125 0.0703125
3 0.5453125 0.715625 0.05625 0.05625
3 0.80234375 0.57421875 0.0640625 0.0734375
3 0.35625 0.4609375 0.06875 0.0875
3 0.3046875 0.28359375 0.059375 0.0796875
3 0.646875 0.1421875 0.075 0.075
3 0.26796875 0.825 0.06875 0.0671875
3 0.18125 0.2765625 0.04375 0.071875
3 0.4765625 0.43203125 0.0625 0.0859375
3 0.42890625 0.94921875 0.0765625 0.0796875
3 0.2609375 0.44765625 0.0734375 0.075
3 0.8515625 0.73515625 0.08125 0.08125
3 0.346875 0.9 0.05625 0.084375
3 0.22890625 0.796875 0.0671875 0.0671875
3 0.525 0.8078125 0.059375 0.065625
3 0.878125 0.89765625 0.0640625 0.0625
6 0.51640625 0.88671875 0.09375 0.09375
3 0.78125 0.17578125 0.059375 0.1046875
3 0.9640625 0.18203125 0.071875 0.0765625
3 0.86875 0.10390625 0.06875 0.0890625
3 0.53984375 0.45390625 0.071875 0.071875
3 0.453125 0.50390625 0.05625 0.0703125
3 0.3171875 0.59765625 0.06875 0.0890625
3 0.615625 0.15 0.05625 0.078125
3 0.85859375 0.5765625 0.0625 0.0625
3 0.3421875 0.71015625 0.059375 0.0625
3 0.58046875 0.7703125 0.06875 0.0671875
3 0.25859375 0.55859375 0.0546875 0.0703125
3 0.32421875 0.50703125 0.0625 0.0734375
3 0.590625 0.05859375 0.0609375 0.059375
3 0.078125 0.33984375 0.071875 0.0953125
3 0.5140625 0.1015625 0.065625 0.065625
3 0.03828125 0.41953125 0.0515625 0.0671875
3 0.08359375 0.95234375 0.0640625 0.0734375
3 0.73203125 0.90390625 0.0578125 0.05625
3 0.3296875 0.41796875 0.059375 0.0765625
3 0.69296875 0.72265625 0.0640625 0.0640625
3 0.9359375 0.09921875 0.0609375 0.0609375
3 0.75703125 0.740625 0.059375 0.059375
3 0.228125 0.62421875 0.08125 0.0609375
3 0.09140625 0.8609375 0.0578125 0.084375
3 0.96796875 0.8546875 0.0640625 0.078125
3 0.0640625 0.36953125 0.065625 0.0765625
3 0.11484375 0.90859375 0.0546875 0.0703125
3 0.68125 0.55703125 0.065625 0.0671875
3 0.77421875 0.2421875 0.065625 0.065625
3 0.7390625 0.1765625 0.059375 0.059375
3 0.68984375 0.03203125 0.0515625 0.0640625
3 0.965625 0.04609375 0.065625 0.0765625
3 0.8171875 0.915625 0.0609375 0.0609375
3 0.21796875 0.51171875 0.0625 0.0625
3 0.284375 0.4875 0.05 0.1
3 0.234375 0.40859375 0.0765625 0.075
3 0.2671875 0.39765625 0.0765625 0.075
3 0.2234375 0.7296875 0.065625 0.065625
3 0.55859375 0.26015625 0.05625 0.05625
3 0.71953125 0.7828125 0.053125 0.053125
3 0.74921875 0.4515625 0.05 0.0484375
3 0.49375 0.171875 0.0609375 0.0609375
6 0.88828125 0.17109375 0.0984375 0.1
6 0.453125 0.37578125 0.0875 0.1171875