4 0.240625 0.17265625 0.090625 0.090625
4 0.640625 0.484375 0.0828125 0.0828125
3 0.95 0.20703125 0.084375 0.084375
3 0.83984375 0.590625 0.0703125 0.096875
3 0.35859375 0.084375 0.0609375 0.09375
3 0.653125 0.1546875 0.08125 0.09375
3 0.59140625 0.8484375 0.0828125 0.090625
3 0.61171875 0.74296875 0.0703125 0.1
3 0.54921875 0.58046875 0.0875 0.0875
3 0.4875 0.29140625 0.084375 0.084375
3 0.8953125 0.421875 0.06875 0.096875
3 0.1640625 0.5328125 0.059375 0.084375
3 0.103125 0.88203125 0.08125 0.1078125
3 0.459375 0.9203125 0.071875 0.096875
3 0.184375 0.31953125 0.06875 0.0953125
3 0.234375 0.74609375 0.0828125 0.08125
3 0.7078125 0.60703125 0.078125 0.0859375
3 0.05859375 0.26328125 0.078125 0.078125
3 0.665625 0.35234375 0.08125 0.0890625
3 0.39375 0.715625 0.0875 0.0875
3 0.8234375 0.4515625 0.059375 0.090625
4 0.69609375 0.8921875 0.0953125 0.0953125
3 0.728125 0.5015625 0.0625 0.103125
3 0.796875 0.21015625 0.09375 0.09375
3 0.7859375 0.7484375 0.084375 0.09375
3 0.55 0.059375 0.08125 0.1
3 0.44765625 0.771875 0.0859375 0.0859375
3 0.48828125 0.171875 0.0796875 0.096875
3 0.08984375 0.3359375 0.0859375 0.0875
3 0.4171875 0.1484375 0.075 0.103125