3 0.7140625 0.84609375 0.071875 0.0953125
3 0.09765625 0.896875 0.078125 0.078125
3 0.0625 0.7265625 0.0796875 0.0796875
3 0.87265625 0.70546875 0.0671875 0.1109375
3 0.7171875 0.61953125 0.06875 0.1109375
3 0.76640625 0.43984375 0.090625 0.090625
3 0.6203125 0.31953125 0.071875 0.1015625
3 0.8796875 0.8671875 0.071875 0.103125
3 0.33515625 0.93828125 0.0734375 0.0734375
3 0.66875 0.5609375 0.06875 0.06875
3 0.45 0.28125 0.046875 0.1
3 0.778125 0.821875 0.084375 0.084375
3 0.8453125 0.8234375 0.065625 0.096875
3 0.7875 0.10859375 0.0796875 0.0796875
3 0.11171875 0.125 0.0609375 0.109375
3 0.1046875 0.496875 0.0890625 0.0890625
3 0.8765625 0.21640625 0.071875 0.0890625
3 0.2015625 0.4109375 0.065625 0.103125
3 0.9578125 0.23671875 0.0625 0.0703125
3 0.04453125 0.64140625 0.0890625 0.0921875
3 0.19140625 0.87109375 0.0703125 0.0796875
3 0.38359375 0.13203125 0.0703125 0.0703125
3 0.11328125 0.68515625 0.0671875 0.109375
3 0.69375 0.48046875 0.0921875 0.0921875
3 0.39453125 0.4359375 0.075 0.0765625
3 0.65859375 0.65390625 0.0859375 0.0953125
3 0.39296875 0.33828125 0.0703125 0.1046875
3 0.80390625 0.2421875 0.071875 0.071875
3 0.91953125 0.5609375 0.0734375 0.096875
3 0.06015625 0.2609375 0.0765625 0.1
3 0.815625 0.74453125 0.084375 0.084375
3 0.15234375 0.60703125 0.090625 0.096875
3 0.63359375 0.19765625 0.0515625 0.0984375
3 0.5546875 0.22109375 0.059375 0.0875
3 0.809375 0.62734375 0.08125 0.078125
3 0.23203125 0.94140625 0.084375 0.084375
3 0.07734375 0.35390625 0.0875 0.0875
3 0.09375 0.196875 0.08125 0.08125
3 0.70859375 0.71953125 0.0765625 0.0984375
3 0.453125 0.8484375 0.0625 0.090625
3 0.8671875 0.31953125 0.0828125 0.0828125
3 0.15703125 0.0734375 0.0640625 0.09375
3 0.1453125 0.26171875 0.08125 0.08125
3 0.3296875 0.32734375 0.05 0.125
3 0.22890625 0.484375 0.078125 0.1
3 0.7328125 0.21640625 0.071875 0.0859375
3 0.50625 0.2890625 0.0625 0.121875
3 0.79921875 0.49609375 0.078125 0.1015625
3 0.1640625 0.19453125 0.075 0.075
3 0.9484375 0.88046875 0.0625 0.0859375
3 0.1765625 0.309375 0.0796875 0.0796875
3 0.5203125 0.4671875 0.078125 0.1
3 0.55078125 0.72890625 0.0734375 0.0890625
3 0.91796875 0.77265625 0.0953125 0.0953125
3 0.5515625 0.65234375 0.06875 0.0703125
3 0.56796875 0.3625 0.0703125 0.1
3 0.3234375 0.228125 0.078125 0.090625
3 0.875 0.38671875 0.0921875 0.090625
3 0.7421875 0.31015625 0.075 0.075
3 0.321875 0.14140625 0.09375 0.0953125
3 0.4984375 0.39453125 0.084375 0.0984375
3 0.0640625 0.0546875 0.065625 0.1
3 0.25859375 0.090625 0.075 0.075
3 0.70625 0.065625 0.084375 0.10625
3 0.52421875 0.55703125 0.0703125 0.0859375
3 0.16953125 0.109375 0.08125 0.0796875
3 0.74921875 0.9578125 0.08125 0.0796875
3 0.71953125 0.1546875 0.1046875 0.0625
3 0.934375 0.33828125 0.08125 0.0890625
3 0.3859375 0.26796875 0.084375 0.0796875
3 0.2703125 0.18203125 0.08125 0.08125
3 0.28515625 0.81796875 0.0875 0.0875
3 0.81171875 0.3578125 0.075 0.075
3 0.15625 0.95546875 0.06875 0.0859375
3 0.7375 0.76015625 0.0859375 0.0859375
3 0.3078125 0.06328125 0.084375 0.0640625
3 0.78671875 0.66875 0.084375 0.084375
3 0.24453125 0.303125 0.0640625 0.1
3 0.3484375 0.84921875 0.08125 0.08125
3 0.634375 0.7078125 0.0890625 0.0890625
3 0.83828125 0.95078125 0.0921875 0.0921875
3 0.22421875 0.77890625 0.1 0.0984375
3 0.4375 0.903125 0.071875 0.090625
3 0.553125 0.04375 0.078125 0.078125
3 0.95625 0.39921875 0.075 0.0890625
3 0.94609375 0.9296875 0.103125 0.08125
3 0.43046875 0.15234375 0.0578125 0.0984375
3 0.28515625 0.3234375 0.0890625 0.0875
3 0.46875 0.06640625 0.0875 0.0734375
3 0.653125 0.23515625 0.05625 0.078125
3 0.53828125 0.2921875 0.08125 0.0828125
3 0.578125 0.40546875 0.075 0.0890625
3 0.59375 0.43515625 0.1078125 0.109375
3 0.40078125 0.2015625 0.0828125 0.0828125
3 0.58203125 0.2234375 0.0578125 0.1125
3 0.80703125 0.29453125 0.0796875 0.096875
3 0.7375 0.25078125 0.075 0.0859375
3 0.946875 0.29609375 0.096875 0.096875