3 0.5515625 0.5953125 0.078125 0.090625
3 0.78984375 0.50078125 0.0703125 0.0921875
3 0.4234375 0.1921875 0.059375 0.090625
3 0.365625 0.0875 0.08125 0.08125
3 0.225 0.34765625 0.078125 0.078125
3 0.35 0.19609375 0.06875 0.0921875
3 0.053125 0.2921875 0.078125 0.078125
3 0.3921875 0.2828125 0.071875 0.071875
3 0.7625 0.86484375 0.0625 0.096875
3 0.7 0.73828125 0.065625 0.0921875
3 0.8359375 0.28125 0.065625 0.1125
3 0.71484375 0.48046875 0.078125 0.078125
3 0.1234375 0.3296875 0.065625 0.065625
3 0.9375 0.40390625 0.06875 0.0828125
3 0.48046875 0.421875 0.0546875 0.078125
3 0.884375 0.57265625 0.0625 0.0734375
3 0.340625 0.365625 0.071875 0.071875
3 0.49375 0.13046875 0.075 0.075
3 0.3140625 0.815625 0.065625 0.078125
3 0.6734375 0.659375 0.0796875 0.0796875
3 0.13671875 0.85859375 0.0828125 0.0828125
3 0.53203125 0.36953125 0.06875 0.06875
3 0.17109375 0.56484375 0.078125 0.0765625
3 0.915625 0.30703125 0.065625 0.0796875
3 0.909375 0.665625 0.05625 0.078125
3 0.8421875 0.21796875 0.075 0.075
3 0.0640625 0.6359375 0.0703125 0.0703125
3 0.9390625 0.76328125 0.078125 0.078125
3 0.4421875 0.3359375 0.06875 0.096875
3 0.47734375 0.5953125 0.05625 0.084375
3 0.40703125 0.47421875 0.0578125 0.0578125
3 0.2796875 0.1203125 0.084375 0.084375
3 0.440625 0.4984375 0.084375 0.084375
3 0.09296875 0.4515625 0.059375 0.090625
3 0.84453125 0.11796875 0.0609375 0.0765625
3 0.65390625 0.93671875 0.0765625 0.0984375
3 0.8125 0.77578125 0.059375 0.0953125
3 0.43359375 0.2890625 0.0578125 0.078125
3 0.2984375 0.49375 0.065625 0.09375
3 0.284375 0.43046875 0.084375 0.0828125
3 0.93125 0.93828125 0.0734375 0.0734375
3 0.2546875 0.20546875 0.059375 0.0921875
3 0.1 0.22109375 0.075 0.075
3 0.26953125 0.27109375 0.0703125 0.0703125
3 0.27734375 0.63828125 0.0640625 0.0828125
3 0.5296875 0.6859375 0.071875 0.090625
3 0.8421875 0.9296875 0.065625 0.0875
3 0.71875 0.3671875 0.059375 0.084375
3 0.228125 0.4296875 0.078125 0.0796875
3 0.95625 0.52578125 0.065625 0.090625
3 0.1 0.95703125 0.071875 0.071875
3 0.578125 0.7359375 0.05625 0.078125
3 0.684375 0.18671875 0.05625 0.0734375
3 0.3890625 0.83828125 0.0796875 0.0796875
3 0.2140625 0.85703125 0.065625 0.0734375
3 0.9421875 0.10390625 0.08125 0.103125
3 0.60078125 0.68359375 0.0546875 0.0796875
3 0.85 0.44296875 0.0765625 0.075
3 0.14140625 0.22109375 0.0578125 0.1
3 0.65 0.390625 0.0625 0.090625
3 0.7703125 0.6484375 0.06875 0.096875
3 0.17109375 0.28984375 0.071875 0.0703125
3 0.06796875 0.2046875 0.0765625 0.075
3 0.86171875 0.696875 0.078125 0.078125
3 0.8953125 0.2 0.065625 0.0875
3 0.509375 0.87734375 0.06875 0.06875
3 0.43671875 0.0640625 0.075 0.075
3 0.159375 0.4140625 0.065625 0.065625
3 0.17421875 0.76015625 0.0640625 0.0765625
3 0.17578125 0.2390625 0.084375 0.0859375
3 0.3828125 0.6375 0.0703125 0.0703125
3 0.253125 0.0578125 0.071875 0.071875
3 0.0875 0.5171875 0.06875 0.078125
3 0.18828125 0.62421875 0.0671875 0.0671875
3 0.76015625 0.32109375 0.0796875 0.075
3 0.77578125 0.0796875 0.0609375 0.084375
3 0.59921875 0.04140625 0.078125 0.078125
3 0.7328125 0.25546875 0.046875 0.0828125
3 0.79453125 0.19765625 0.0671875 0.0671875
3 0.5625 0.26171875 0.0625 0.0890625
3 0.453125 0.95625 0.06875 0.06875
3 0.05 0.384375 0.059375 0.078125
3 0.534375 0.8140625 0.0625 0.0875
3 0.4265625 0.73046875 0.059375 0.071875
3 0.471875 0.2265625 0.065625 0.059375
3 0.3703125 0.71171875 0.0703125 0.071875
3 0.5375 0.15 0.06875 0.06875
3 0.66875 0.8390625 0.0671875 0.0671875
3 0.9296875 0.8078125 0.059375 0.084375
3 0.34140625 0.68125 0.059375 0.08125
3 0.2265625 0.55703125 0.04375 0.0890625
3 0.1796875 0.49375 0.059375 0.06875
3 0.47578125 0.896875 0.071875 0.071875
3 0.8671875 0.47734375 0.0625 0.0890625
3 0.7546875 0.70390625 0.059375 0.0609375
3 0.496875 0.49921875 0.071875 0.071875
3 0.51015625 0.27734375 0.0765625 0.1
3 0.63515625 0.5859375 0.0515625 0.078125
3 0.7796875 0.753125 0.071875 0.1
3 0.5171875 0.7203125 0.06875 0.06875
3 0.70546875 0.70546875 0.075 0.075
3 0.66328125 0.2609375 0.0703125 0.078125
3 0.053125 0.12265625 0.065625 0.078125
3 0.06328125 0.821875 0.0765625 0.078125
3 0.4546875 0.8234375 0.046875 0.096875
3 0.596875 0.14296875 0.0625 0.075
3 0.61875 0.29921875 0.06875 0.06875
4 0.4625 0.65234375 0.0875 0.0875
3 0.846875 0.65234375 0.059375 0.0828125
3 0.21484375 0.68984375 0.0671875 0.0828125
3 0.76640625 0.928125 0.0828125 0.078125
3 0.4328125 0.77734375 0.065625 0.0984375
3 0.50625 0.06484375 0.0609375 0.0609375
3 0.05 0.67578125 0.075 0.075
3 0.703125 0.0453125 0.06875 0.06875
3 0.33515625 0.94609375 0.05625 0.0671875
3 0.83671875 0.84140625 0.0609375 0.0609375
3 0.63125 0.43359375 0.0671875 0.0671875
3 0.89375 0.3234375 0.06875 0.06875
3 0.91484375 0.21328125 0.06875 0.06875
3 0.86015625 0.109375 0.0578125 0.0875
3 0.6953125 0.16328125 0.046875 0.0796875
3 0.753125 0.090625 0.05625 0.078125
3 0.51484375 0.3515625 0.0671875 0.0671875
3 0.4984375 0.25546875 0.059375 0.0734375
3 0.53125 0.2765625 0.0625 0.0625
3 0.596875 0.33125 0.05625 0.071875
3 0.50625 0.46953125 0.0625 0.0828125
3 0.5296875 0.5140625 0.065625 0.06875
3 0.6625 0.55546875 0.0671875 0.0671875
3 0.6875 0.52265625 0.0765625 0.078125
3 0.7671875 0.39140625 0.059375 0.059375
3 0.95234375 0.4234375 0.053125 0.065625
3 0.2875 0.290625 0.05625 0.065625
3 0.375 0.303125 0.0625 0.0625
3 0.4 0.071875 0.078125 0.078125
3 0.0859375 0.1046875 0.059375 0.096875
3 0.2734375 0.0609375 0.071875 0.071875
3 0.81484375 0.10390625 0.0546875 0.0703125
3 0.7609375 0.1875 0.065625 0.065625
3 0.67890625 0.06484375 0.0609375 0.0609375
3 0.7125 0.2765625 0.065625 0.06875
3 0.62265625 0.17265625 0.0796875 0.0796875
3 0.6453125 0.21953125 0.065625 0.065625
3 0.42421875 0.0921875 0.0546875 0.0625
3 0.1046875 0.41015625 0.05 0.0828125
3 0.1296875 0.4 0.065625 0.075
3 0.209375 0.39453125 0.071875 0.0703125
3 0.15703125 0.4671875 0.0671875 0.06875
3 0.03359375 0.55703125 0.0640625 0.0703125
3 0.10390625 0.56015625 0.0515625 0.0734375
3 0.08828125 0.5515625 0.0546875 0.078125
3 0.16640625 0.72265625 0.06875 0.06875
3 0.20859375 0.8875 0.0515625 0.075
3 0.05390625 0.95234375 0.0609375 0.0890625
3 0.08671875 0.81171875 0.0609375 0.0625
3 0.1765625 0.88828125 0.0671875 0.0671875
3 0.1890625 0.9390625 0.0734375 0.0734375
3 0.125 0.6578125 0.059375 0.090625
3 0.0453125 0.7140625 0.0703125 0.0703125
3 0.0953125 0.7 0.0703125 0.0703125
3 0.16171875 0.646875 0.0578125 0.0625
3 0.36015625 0.5609375 0.0859375 0.071875
3 0.32578125 0.58515625 0.0421875 0.0828125
3 0.240625 0.6359375 0.0625 0.065625
3 0.29140625 0.6921875 0.06875 0.0703125
3 0.40625 0.88359375 0.05625 0.0734375
3 0.41015625 0.60703125 0.075 0.075
3 0.3828125 0.48359375 0.046875 0.0765625
3 0.38125 0.4484375 0.0671875 0.0671875
3 0.29375 0.946875 0.0796875 0.0796875
3 0.33828125 0.903125 0.065625 0.065625
3 0.81171875 0.94609375 0.0578125 0.0578125
3 0.6546875 0.815625 0.06875 0.06875
3 0.49296875 0.7453125 0.059375 0.059375
3 0.5796875 0.83203125 0.0625 0.0828125
3 0.59375 0.8640625 0.0625 0.09375
3 0.81640625 0.58671875 0.065625 0.065625
3 0.6171875 0.96328125 0.0625 0.065625
3 0.5734375 0.95546875 0.059375 0.0828125
3 0.8359375 0.553125 0.059375 0.084375
3 0.88828125 0.471875 0.06875 0.06875
3 0.9359375 0.9078125 0.0625 0.0625
3 0.9203125 0.84921875 0.053125 0.084375
3 0.7453125 0.609375 0.065625 0.08125
3 0.7140625 0.5890625 0.059375 0.09375
3 0.6328125 0.4828125 0.0625 0.0625
3 0.56328125 0.15078125 0.0765625 0.0765625
3 0.92734375 0.67265625 0.059375 0.059375
3 0.503125 0.8390625 0.059375 0.0625
3 0.38671875 0.72265625 0.0625 0.0625
3 0.6515625 0.27109375 0.053125 0.0890625
3 0.840625 0.61328125 0.0625 0.0921875
3 0.546875 0.17265625 0.05625 0.05625
3 0.6390625 0.4640625 0.053125 0.084375