2 0.47265625 0.4 0.078125 0.078125
2 0.38828125 0.446875 0.0828125 0.084375
2 0.33828125 0.6171875 0.0765625 0.065625
2 0.29609375 0.275 0.071875 0.071875
2 0.10703125 0.70859375 0.0859375 0.0578125
2 0.4453125 0.61796875 0.0875 0.0875
2 0.41640625 0.0765625 0.096875 0.071875
2 0.2328125 0.76796875 0.0828125 0.0828125
2 0.24453125 0.0765625 0.0890625 0.075
2 0.503125 0.1859375 0.0859375 0.0859375
2 0.55234375 0.63203125 0.0953125 0.0734375
2 0.59375 0.69375 0.096875 0.071875
2 0.259375 0.55703125 0.08125 0.06875
2 0.39375 0.5390625 0.1 0.075
2 0.73203125 0.91640625 0.1109375 0.0765625
2 0.16640625 0.4875 0.0796875 0.05625
2 0.61171875 0.84609375 0.0890625 0.0890625
2 0.21484375 0.2453125 0.0609375 0.0625
2 0.553125 0.78671875 0.084375 0.084375
2 0.49375 0.6765625 0.1 0.065625
2 0.6046875 0.775 0.0859375 0.0859375
2 0.68046875 0.34921875 0.1140625 0.0671875
2 0.63515625 0.95 0.075 0.075
2 0.52890625 0.27265625 0.078125 0.078125
2 0.56640625 0.96015625 0.0796875 0.0796875
2 0.56796875 0.14140625 0.1015625 0.075
2 0.36796875 0.15390625 0.1015625 0.06875
2 0.67421875 0.29375 0.115625 0.065625
2 0.54296875 0.90234375 0.0640625 0.0640625
2 0.45234375 0.878125 0.059375 0.0609375
2 0.53046875 0.846875 0.075 0.0625
2 0.76875 0.47109375 0.0875 0.0734375
2 0.1625 0.67578125 0.05625 0.0578125
2 0.61875 0.453125 0.0859375 0.0859375
2 0.63671875 0.6171875 0.1046875 0.065625
2 0.8265625 0.70390625 0.103125 0.071875
2 0.409375 0.17265625 0.0875 0.0640625
2 0.7171875 0.79296875 0.090625 0.090625
2 0.64921875 0.2171875 0.0859375 0.065625
2 0.63359375 0.56171875 0.1140625 0.0609375
2 0.66953125 0.1609375 0.1265625 0.0875
2 0.2203125 0.5 0.06875 0.06875
2 0.784375 0.59296875 0.1125 0.0703125
2 0.82890625 0.89765625 0.0859375 0.0859375
2 0.8640625 0.62265625 0.084375 0.084375
2 0.75859375 0.6625 0.09375 0.09375
2 0.56875 0.22421875 0.08125 0.08125
2 0.72578125 0.23828125 0.0921875 0.0828125
2 0.69921875 0.4578125 0.0921875 0.0921875
2 0.65625 0.5125 0.10625 0.075
2 0.75234375 0.53046875 0.096875 0.096875
2 0.05234375 0.30078125 0.065625 0.065625
2 0.92890625 0.95625 0.1265625 0.065625
2 0.89921875 0.67890625 0.0953125 0.0953125
2 0.15390625 0.22109375 0.0640625 0.065625
2 0.66875 0.4 0.14375 0.065625
2 0.7796875 0.8359375 0.0921875 0.0921875
2 0.809375 0.7796875 0.1 0.053125
2 0.946875 0.7984375 0.096875 0.0796875
2 0.93203125 0.72890625 0.1171875 0.0765625
2 0.9015625 0.8515625 0.084375 0.084375
2 0.84140625 0.83203125 0.0875 0.0859375
2 0.709375 0.59140625 0.103125 0.071875
5 0.58515625 0.31015625 0.1046875 0.1046875
5 0.2453125 0.61953125 0.0890625 0.0890625
2 0.909375 0.91328125 0.11875 0.065625
2 0.86484375 0.7640625 0.09375 0.09375