3 0.74453125 0.1484375 0.0828125 0.059375
3 0.70859375 0.61796875 0.075 0.075
4 0.17265625 0.24296875 0.1046875 0.078125
3 0.75859375 0.4078125 0.075 0.075
4 0.240625 0.74296875 0.090625 0.090625
3 0.725 0.52265625 0.0875 0.0875
3 0.346875 0.4984375 0.09375 0.09375
3 0.62890625 0.36484375 0.0796875 0.0703125
3 0.21953125 0.64765625 0.0796875 0.0796875
3 0.84375 0.88359375 0.096875 0.0703125
3 0.5375 0.13984375 0.0875 0.071875
3 0.11328125 0.5390625 0.0890625 0.065625
3 0.52890625 0.2171875 0.0734375 0.075
3 0.1203125 0.7671875 0.0671875 0.0671875
3 0.93515625 0.1828125 0.0890625 0.0890625
3 0.31171875 0.1140625 0.078125 0.078125
3 0.6484375 0.2703125 0.071875 0.071875
3 0.4421875 0.6234375 0.0859375 0.0859375
3 0.3671875 0.90390625 0.08125 0.08125
3 0.40234375 0.1234375 0.075 0.075
3 0.2296875 0.1546875 0.08125 0.08125
3 0.70703125 0.89921875 0.0828125 0.0828125
3 0.22421875 0.31953125 0.0890625 0.0703125
3 0.19140625 0.0921875 0.078125 0.0765625
3 0.26875 0.0578125 0.075 0.075
3 0.74296875 0.3421875 0.075 0.0734375
3 0.60234375 0.8671875 0.0828125 0.0828125
3 0.43203125 0.2015625 0.078125 0.078125
3 0.615625 0.5953125 0.08125 0.0796875
3 0.37578125 0.83515625 0.0859375 0.0640625
3 0.06328125 0.8390625 0.08125 0.08125
3 0.05 0.096875 0.075 0.075
3 0.059375 0.0453125 0.071875 0.071875
3 0.16171875 0.91015625 0.090625 0.090625
3 0.65859375 0.78125 0.090625 0.090625
3 0.36640625 0.1859375 0.0921875 0.06875
3 0.315625 0.7859375 0.109375 0.065625
3 0.7421875 0.27421875 0.0796875 0.0796875
3 0.36953125 0.03671875 0.0796875 0.0734375
3 0.77265625 0.265625 0.103125 0.065625
3 0.7703125 0.965625 0.103125 0.06875
3 0.346875 0.96875 0.10625 0.0625