3 0.41953125 0.59765625 0.0859375 0.0640625
3 0.17421875 0.95 0.06875 0.06875
4 0.121875 0.20078125 0.090625 0.090625
3 0.12421875 0.64453125 0.0875 0.0703125
3 0.4125 0.17421875 0.090625 0.0703125
3 0.22109375 0.4140625 0.0984375 0.078125
3 0.259375 0.753125 0.09375 0.075
3 0.528125 0.40859375 0.0859375 0.0875
3 0.64453125 0.50234375 0.0921875 0.0703125
3 0.1671875 0.7859375 0.096875 0.08125
3 0.84453125 0.5875 0.0796875 0.0796875
3 0.321875 0.053125 0.096875 0.075
3 0.56640625 0.7875 0.084375 0.06875
3 0.51015625 0.65703125 0.0828125 0.071875
3 0.57421875 0.2359375 0.0984375 0.075
3 0.609375 0.87890625 0.0765625 0.078125
3 0.8140625 0.20625 0.096875 0.071875
3 0.31953125 0.95390625 0.0703125 0.0578125
3 0.1109375 0.046875 0.096875 0.06875
3 0.52890625 0.90625 0.0796875 0.06875
3 0.7390625 0.08125 0.084375 0.075
3 0.459375 0.35859375 0.0796875 0.08125
3 0.915625 0.265625 0.0765625 0.0765625
3 0.7375 0.71875 0.103125 0.075
3 0.84453125 0.29453125 0.0859375 0.0765625
3 0.8390625 0.8671875 0.075 0.075
3 0.36328125 0.703125 0.084375 0.084375
3 0.8046875 0.05390625 0.078125 0.078125
3 0.48984375 0.80703125 0.084375 0.0734375
3 0.86015625 0.1328125 0.084375 0.071875
3 0.5203125 0.10703125 0.08125 0.0828125
3 0.37734375 0.43125 0.0796875 0.08125
3 0.08203125 0.7828125 0.075 0.075
3 0.42734375 0.75625 0.0796875 0.078125
3 0.05546875 0.36640625 0.08125 0.08125
3 0.1203125 0.49609375 0.0796875 0.078125
3 0.78984375 0.66796875 0.1015625 0.0734375
3 0.4234375 0.28046875 0.10625 0.0734375
3 0.20234375 0.6171875 0.0828125 0.084375
3 0.3171875 0.46796875 0.08125 0.0859375
3 0.2375 0.91171875 0.090625 0.0703125
3 0.07734375 0.87578125 0.0828125 0.0953125
3 0.378125 0.36015625 0.078125 0.0796875
3 0.85625 0.80078125 0.09375 0.0671875
3 0.23515625 0.0546875 0.0890625 0.090625