3 0.40234375 0.58046875 0.075 0.075
3 0.05 0.82578125 0.0625 0.0734375
4 0.79921875 0.878125 0.0765625 0.10625
3 0.35546875 0.87578125 0.078125 0.078125
3 0.82578125 0.5875 0.08125 0.08125
3 0.5859375 0.77890625 0.078125 0.0984375
3 0.246875 0.740625 0.084375 0.084375
3 0.59140625 0.471875 0.0734375 0.1
3 0.49765625 0.35546875 0.0703125 0.0921875
3 0.2140625 0.8328125 0.0890625 0.0875
3 0.4125 0.15546875 0.0796875 0.0796875
3 0.946875 0.678125 0.075 0.096875
3 0.2125 0.43359375 0.06875 0.084375
3 0.34296875 0.48984375 0.078125 0.0765625
3 0.7640625 0.42578125 0.0859375 0.0859375
3 0.12109375 0.390625 0.078125 0.0765625
3 0.79375 0.1859375 0.071875 0.096875
3 0.04609375 0.68046875 0.0640625 0.0640625
3 0.953125 0.8890625 0.06875 0.096875
3 0.09375 0.47109375 0.06875 0.0796875
3 0.91875 0.2609375 0.0796875 0.0796875
3 0.64140625 0.540625 0.08125 0.0796875
3 0.734375 0.084375 0.065625 0.0875
3 0.28125 0.2625 0.0890625 0.0890625
3 0.70546875 0.15546875 0.08125 0.08125
3 0.1328125 0.1609375 0.065625 0.084375
3 0.296875 0.63671875 0.075 0.0921875
3 0.94609375 0.1953125 0.078125 0.078125
3 0.19296875 0.51015625 0.0734375 0.084375
3 0.8671875 0.13984375 0.071875 0.084375
3 0.89296875 0.4796875 0.0703125 0.09375
3 0.56875 0.62265625 0.06875 0.0921875
3 0.2171875 0.91796875 0.075 0.075
3 0.24375 0.57265625 0.078125 0.0796875
3 0.63359375 0.94453125 0.0734375 0.090625
3 0.50390625 0.8796875 0.078125 0.0796875
3 0.33203125 0.21015625 0.0875 0.0875
3 0.71953125 0.5765625 0.0734375 0.10625
3 0.3828125 0.79765625 0.075 0.0921875
3 0.53203125 0.6828125 0.084375 0.0828125
3 0.08828125 0.7625 0.0703125 0.090625
3 0.12421875 0.92265625 0.0890625 0.0890625
3 0.63984375 0.621875 0.0796875 0.078125
3 0.19921875 0.14375 0.0671875 0.09375
3 0.9453125 0.76484375 0.090625 0.0890625