2 0.19921875 0.74765625 0.0796875 0.078125
2 0.27578125 0.625 0.08125 0.08125
2 0.1421875 0.64921875 0.06875 0.0859375
2 0.09375 0.87265625 0.0875 0.0875
2 0.3 0.31875 0.084375 0.084375
2 0.68046875 0.484375 0.0890625 0.0890625
2 0.2640625 0.528125 0.0828125 0.0828125
2 0.20859375 0.503125 0.0765625 0.0765625
2 0.553125 0.446875 0.075 0.1
2 0.23671875 0.8203125 0.0765625 0.096875
2 0.8984375 0.325 0.075 0.1
2 0.42109375 0.3515625 0.0875 0.0875
2 0.146875 0.5546875 0.071875 0.103125
2 0.5015625 0.26171875 0.078125 0.1015625
2 0.86953125 0.40546875 0.09375 0.09375
2 0.36640625 0.09609375 0.090625 0.090625
2 0.4640625 0.06953125 0.0796875 0.078125
2 0.0875 0.6015625 0.059375 0.109375
2 0.96015625 0.140625 0.065625 0.09375
2 0.16015625 0.925 0.06875 0.1
2 0.13828125 0.7328125 0.065625 0.084375
2 0.9046875 0.246875 0.0875 0.0875
2 0.73984375 0.47578125 0.0578125 0.1203125
2 0.2078125 0.65703125 0.084375 0.10625
2 0.4359375 0.1890625 0.084375 0.084375
2 0.49296875 0.16875 0.0859375 0.0859375
2 0.5375 0.11875 0.08125 0.1
2 0.63125 0.446875 0.096875 0.0984375
2 0.40078125 0.47578125 0.0734375 0.0984375
2 0.603125 0.065625 0.0890625 0.0890625
2 0.34296875 0.39921875 0.06875 0.1
2 0.2328125 0.91640625 0.084375 0.1015625
2 0.2609375 0.24296875 0.065625 0.0734375
2 0.7515625 0.375 0.0890625 0.0890625
2 0.865625 0.0609375 0.0828125 0.0828125
2 0.9125 0.09765625 0.0890625 0.0875
2 0.80859375 0.12890625 0.071875 0.071875
2 0.34453125 0.18984375 0.0859375 0.0859375
2 0.0859375 0.95390625 0.08125 0.08125
2 0.71484375 0.30703125 0.075 0.075
2 0.903125 0.17109375 0.103125 0.0953125
2 0.171875 0.85234375 0.06875 0.0984375
2 0.38828125 0.2875 0.0796875 0.1125
2 0.65 0.35546875 0.0625 0.0859375
2 0.8359375 0.20625 0.065625 0.0875
2 0.47890625 0.36015625 0.0671875 0.1359375
2 0.69765625 0.39296875 0.0765625 0.1046875
2 0.82109375 0.465625 0.0875 0.0875
2 0.42734375 0.1140625 0.09375 0.09375
2 0.596875 0.39375 0.09375 0.09375
2 0.5703125 0.2828125 0.0765625 0.0765625
2 0.80625 0.309375 0.071875 0.115625
5 0.103125 0.78671875 0.153125 0.1359375
1 0.7203125 0.21484375 0.1015625 0.103125
5 0.65625 0.1015625 0.0953125 0.096875
2 0.26328125 0.409375 0.0765625 0.11875
2 0.20234375 0.58125 0.109375 0.08125
2 0.55390625 0.2015625 0.0734375 0.096875
2 0.5328125 0.3671875 0.0859375 0.0859375
2 0.63828125 0.26015625 0.071875 0.0953125
2 0.59765625 0.2125 0.0875 0.0875
2 0.59609375 0.32734375 0.103125 0.0671875
2 0.81171875 0.396875 0.0703125 0.075
2 0.84921875 0.29765625 0.09375 0.0953125
2 0.75859375 0.2671875 0.065625 0.109375
2 0.7890625 0.20625 0.09375 0.09375