3 0.253125 0.8625 0.0734375 0.0734375
3 0.24296875 0.43046875 0.0734375 0.0734375
3 0.9140625 0.121875 0.0734375 0.0734375
3 0.61015625 0.52578125 0.075 0.0765625
3 0.1296875 0.50625 0.0875 0.0625
3 0.3421875 0.08203125 0.071875 0.071875
3 0.59453125 0.796875 0.08125 0.08125
3 0.82890625 0.22578125 0.08125 0.08125
3 0.37734375 0.29765625 0.08125 0.08125
3 0.80390625 0.096875 0.0875 0.0875
3 0.134375 0.9453125 0.0796875 0.0796875
3 0.865625 0.8125 0.078125 0.078125
3 0.41953125 0.084375 0.0796875 0.046875
3 0.41328125 0.5328125 0.096875 0.059375
3 0.59375 0.3625 0.08125 0.0796875
3 0.909375 0.67265625 0.0875 0.0578125
3 0.7609375 0.1703125 0.0875 0.071875
3 0.45859375 0.3328125 0.0890625 0.071875
3 0.1765625 0.8859375 0.090625 0.06875
3 0.7140625 0.33359375 0.0765625 0.0765625
3 0.809375 0.8515625 0.0765625 0.0765625
3 0.8109375 0.35625 0.0875 0.0875
3 0.84609375 0.17265625 0.0703125 0.0703125
3 0.2375 0.73671875 0.096875 0.096875
3 0.22578125 0.934375 0.090625 0.090625
3 0.82890625 0.9421875 0.0921875 0.071875
3 0.3921875 0.72578125 0.1 0.0734375
3 0.53125 0.19921875 0.1125 0.0703125
3 0.09609375 0.8625 0.096875 0.06875
3 0.3671875 0.828125 0.103125 0.0875
0 0.42890625 0.60546875 0.1140625 0.0859375
3 0.47890625 0.44375 0.0875 0.0890625