3 0.07578125 0.1265625 0.08125 0.08125
3 0.8046875 0.571875 0.0984375 0.096875
3 0.81640625 0.46640625 0.1078125 0.075
3 0.75078125 0.903125 0.0875 0.0875
3 0.91171875 0.675 0.0828125 0.084375
3 0.5296875 0.19765625 0.090625 0.0640625
3 0.178125 0.2703125 0.103125 0.084375
3 0.46953125 0.7015625 0.0859375 0.0625
3 0.85859375 0.8671875 0.090625 0.090625
3 0.21484375 0.490625 0.109375 0.075
3 0.58828125 0.8609375 0.08125 0.0828125
3 0.29140625 0.42890625 0.0828125 0.0828125
3 0.34140625 0.9421875 0.09375 0.0953125
3 0.78828125 0.71015625 0.0859375 0.0859375
3 0.39765625 0.4390625 0.078125 0.0765625
3 0.2203125 0.2078125 0.090625 0.071875
3 0.9546875 0.15 0.0765625 0.0765625
3 0.796875 0.95859375 0.0875 0.0828125
3 0.42421875 0.5234375 0.1109375 0.071875
3 0.4140625 0.7515625 0.1 0.071875
3 0.51796875 0.3609375 0.090625 0.090625
3 0.46640625 0.8015625 0.090625 0.090625
3 0.0921875 0.275 0.0875 0.0875
3 0.9203125 0.34921875 0.090625 0.090625
3 0.66171875 0.8828125 0.0734375 0.071875
3 0.83203125 0.7671875 0.0765625 0.075
6 0.7640625 0.34765625 0.0953125 0.096875
3 0.15859375 0.16171875 0.0703125 0.053125
0 0.484375 0.421875 0.09375 0.0625
3 0.83828125 0.21171875 0.0953125 0.0890625
3 0.68984375 0.4234375 0.1078125 0.078125
3 0.5015625 0.31484375 0.0890625 0.090625
3 0.89921875 0.8109375 0.0875 0.0875
3 0.94609375 0.278125 0.084375 0.0859375
3 0.93203125 0.0484375 0.0828125 0.0828125
3 0.51015625 0.765625 0.109375 0.071875
3 0.49765625 0.8875 0.09375 0.0921875
3 0.79140625 0.4015625 0.075 0.075
3 0.63828125 0.07578125 0.1 0.1