3 0.1578125 0.90390625 0.084375 0.075
3 0.2921875 0.746875 0.0828125 0.08125
3 0.19140625 0.21328125 0.0765625 0.0765625
3 0.92890625 0.8359375 0.078125 0.0796875
3 0.878125 0.74921875 0.071875 0.0703125
3 0.92265625 0.55625 0.1015625 0.06875
3 0.27265625 0.584375 0.0859375 0.0625
3 0.8546875 0.5125 0.078125 0.078125
3 0.1734375 0.4078125 0.075 0.06875
3 0.67734375 0.75078125 0.0953125 0.0640625
3 0.5765625 0.428125 0.08125 0.0625
3 0.6109375 0.49609375 0.0734375 0.075
3 0.52265625 0.70390625 0.0890625 0.0609375
3 0.0734375 0.89609375 0.09375 0.06875
3 0.434375 0.06015625 0.096875 0.0703125
3 0.75625 0.25234375 0.1 0.0734375
3 0.615625 0.096875 0.1 0.075
3 0.5078125 0.271875 0.084375 0.0625
3 0.27734375 0.296875 0.0921875 0.065625
3 0.91171875 0.2265625 0.096875 0.065625
3 0.375 0.6296875 0.084375 0.071875
3 0.6796875 0.16875 0.1 0.06875
3 0.2953125 0.22734375 0.075 0.075
3 0.7671875 0.48125 0.084375 0.0625
3 0.0890625 0.2875 0.084375 0.0625
3 0.228125 0.8640625 0.0796875 0.0796875
3 0.48515625 0.41171875 0.08125 0.08125
3 0.69140625 0.04375 0.08125 0.08125
3 0.075 0.04375 0.09375 0.065625
3 0.2421875 0.1515625 0.0796875 0.0796875
3 0.846875 0.16171875 0.09375 0.0640625
3 0.66953125 0.4109375 0.0921875 0.0625
3 0.88515625 0.0765625 0.096875 0.065625
3 0.603125 0.603125 0.096875 0.0625
3 0.45390625 0.909375 0.078125 0.078125
3 0.55859375 0.79765625 0.078125 0.078125
3 0.82421875 0.84921875 0.0921875 0.0703125
3 0.296875 0.90625 0.084375 0.0625
3 0.4875 0.16875 0.0875 0.071875
3 0.6875 0.5109375 0.075 0.071875
3 0.93671875 0.46875 0.08125 0.08125
3 0.428125 0.7484375 0.075 0.071875
3 0.48046875 0.48203125 0.065625 0.065625
3 0.11484375 0.571875 0.0703125 0.0703125
3 0.26875 0.38203125 0.0875 0.0703125
3 0.7265625 0.68125 0.075 0.075
3 0.60703125 0.228125 0.075 0.075
3 0.571875 0.20234375 0.08125 0.08125
3 0.79453125 0.78046875 0.0859375 0.0640625
3 0.4421875 0.340625 0.096875 0.0625
3 0.62265625 0.3703125 0.075 0.075
3 0.0984375 0.50390625 0.075 0.0765625
3 0.15859375 0.271875 0.0828125 0.0625
3 0.5078125 0.62890625 0.078125 0.078125
3 0.34765625 0.1890625 0.084375 0.0828125
3 0.6984375 0.62734375 0.0875 0.0609375
3 0.3546875 0.465625 0.0875 0.05625
3 0.35 0.10390625 0.0875 0.0640625
3 0.215625 0.78984375 0.103125 0.071875
3 0.14453125 0.071875 0.0921875 0.075
3 0.07578125 0.4265625 0.0796875 0.0796875
3 0.65390625 0.8671875 0.0734375 0.0734375
3 0.19921875 0.10703125 0.071875 0.071875
3 0.36953125 0.5421875 0.0765625 0.071875
3 0.35390625 0.4125 0.0859375 0.0625
3 0.915625 0.41953125 0.1 0.06875
3 0.0671875 0.778125 0.08125 0.078125
3 0.7859375 0.5640625 0.0734375 0.0734375
3 0.5609375 0.3375 0.078125 0.059375
3 0.40078125 0.503125 0.0625 0.0640625
3 0.396875 0.3109375 0.075 0.075
3 0.6515625 0.2875 0.090625 0.06875
3 0.26640625 0.8109375 0.0859375 0.084375
3 0.8171875 0.63359375 0.078125 0.0734375
3 0.20859375 0.67109375 0.0828125 0.0578125
3 0.88984375 0.628125 0.075 0.075
3 0.74296875 0.803125 0.08125 0.08125
3 0.29296875 0.08359375 0.0609375 0.0625
6 0.72109375 0.56875 0.0734375 0.05625
3 0.33828125 0.05625 0.0640625 0.0625
3 0.1046875 0.790625 0.0875 0.046875
3 0.31484375 0.9328125 0.0765625 0.059375
3 0.26640625 0.6703125 0.0984375 0.053125
3 0.5203125 0.4859375 0.0703125 0.0703125
3 0.75234375 0.6265625 0.0796875 0.053125
3 0.6828125 0.8890625 0.09375 0.065625
3 0.46484375 0.76171875 0.0796875 0.0546875
3 0.96015625 0.89296875 0.0796875 0.0609375
3 0.90703125 0.6546875 0.0671875 0.078125
3 0.0953125 0.9671875 0.065625 0.065625