3 0.6984375 0.6515625 0.075 0.075
3 0.90625 0.73515625 0.0796875 0.078125
3 0.89765625 0.853125 0.078125 0.078125
3 0.7140625 0.7703125 0.078125 0.1
3 0.75390625 0.84921875 0.0875 0.0875
3 0.76328125 0.171875 0.08125 0.08125
3 0.05625 0.27734375 0.0796875 0.078125
3 0.50703125 0.7078125 0.0734375 0.0875
3 0.0765625 0.4859375 0.078125 0.10625
3 0.77265625 0.10546875 0.0765625 0.0921875
3 0.80234375 0.7296875 0.096875 0.096875
3 0.15625 0.75546875 0.09375 0.0953125
3 0.40390625 0.21328125 0.075 0.075
3 0.240625 0.309375 0.065625 0.10625
3 0.91484375 0.5890625 0.0765625 0.096875
3 0.65390625 0.828125 0.0734375 0.103125
3 0.25546875 0.6234375 0.0859375 0.0875
3 0.628125 0.15625 0.090625 0.090625
3 0.73125 0.2578125 0.071875 0.1
3 0.7921875 0.6203125 0.0796875 0.0796875
3 0.90859375 0.12265625 0.0734375 0.1296875
3 0.81796875 0.78984375 0.078125 0.078125
3 0.8203125 0.87890625 0.0921875 0.0921875
3 0.421875 0.64453125 0.075 0.1046875
3 0.4078125 0.61796875 0.06875 0.0921875
3 0.86640625 0.178125 0.0796875 0.09375
3 0.090625 0.6390625 0.0625 0.090625
3 0.66484375 0.90390625 0.0640625 0.075
3 0.284375 0.38359375 0.075 0.1046875
3 0.1140625 0.12890625 0.0765625 0.078125
3 0.2875 0.8859375 0.0625 0.103125
3 0.346875 0.57734375 0.0703125 0.0703125
6 0.1796875 0.61875 0.1015625 0.1015625
6 0.3671875 0.36953125 0.1171875 0.11875
6 0.89609375 0.503125 0.090625 0.0890625
6 0.56640625 0.153125 0.0875 0.0875
3 0.0328125 0.7640625 0.059375 0.09375
3 0.8609375 0.8984375 0.078125 0.078125
3 0.8 0.59453125 0.08125 0.08125
3 0.85703125 0.5703125 0.0625 0.0625
3 0.875 0.4125 0.078125 0.078125
3 0.86015625 0.44921875 0.0703125 0.0765625
3 0.678125 0.21484375 0.065625 0.0953125
3 0.5859375 0.3171875 0.078125 0.078125
3 0.6171875 0.23046875 0.0765625 0.078125
3 0.15859375 0.1921875 0.0859375 0.071875
3 0.13203125 0.23515625 0.0765625 0.1046875
3 0.0734375 0.5546875 0.0625 0.096875
3 0.815625 0.23046875 0.075 0.0734375
3 0.8140625 0.278125 0.065625 0.0875
3 0.32578125 0.60390625 0.0734375 0.0734375