6 0.58984375 0.1171875 0.096875 0.096875
3 0.5109375 0.278125 0.084375 0.10625
3 0.9109375 0.35546875 0.08125 0.0984375
3 0.571875 0.37265625 0.0890625 0.0890625
3 0.43359375 0.2109375 0.0828125 0.109375
3 0.2734375 0.60625 0.06875 0.096875
3 0.34375 0.41796875 0.096875 0.0953125
3 0.625 0.903125 0.071875 0.1125
3 0.09453125 0.21328125 0.0765625 0.1078125
3 0.8171875 0.08515625 0.078125 0.0984375
3 0.7296875 0.22109375 0.090625 0.0953125
3 0.87734375 0.7234375 0.0859375 0.0859375
3 0.0625 0.3421875 0.09375 0.09375
3 0.60625 0.7265625 0.071875 0.103125
3 0.31484375 0.09296875 0.0828125 0.0828125
3 0.92734375 0.80234375 0.090625 0.090625
3 0.85859375 0.2 0.0796875 0.109375
3 0.54375 0.90859375 0.1 0.1
3 0.48359375 0.51484375 0.0796875 0.1046875
3 0.7671875 0.7234375 0.084375 0.084375
3 0.2140625 0.5390625 0.1 0.1
3 0.90390625 0.47265625 0.0734375 0.1078125
3 0.375 0.75546875 0.084375 0.0890625
3 0.5 0.6984375 0.0875 0.1
3 0.0375 0.53359375 0.06875 0.0953125
3 0.14609375 0.5859375 0.0875 0.0875
3 0.4265625 0.78203125 0.06875 0.1
3 0.240625 0.82421875 0.0859375 0.0875
3 0.77734375 0.1609375 0.071875 0.0875
3 0.2125 0.90703125 0.0828125 0.08125