3 0.91328125 0.4890625 0.09375 0.0921875
3 0.9109375 0.821875 0.0890625 0.0890625
3 0.61640625 0.74375 0.1078125 0.071875
3 0.8578125 0.6109375 0.1 0.078125
0 0.83984375 0.865625 0.1390625 0.1
3 0.640625 0.2546875 0.10625 0.078125
3 0.53515625 0.8484375 0.1015625 0.08125
3 0.40078125 0.28046875 0.0875 0.0875
3 0.21953125 0.8359375 0.0953125 0.071875
3 0.78359375 0.6453125 0.0796875 0.0796875
3 0.5421875 0.8984375 0.10625 0.078125
3 0.0921875 0.5390625 0.084375 0.0828125
3 0.371875 0.125 0.075 0.0625
3 0.30390625 0.5890625 0.09375 0.09375
3 0.87578125 0.696875 0.0859375 0.0625
3 0.5109375 0.33125 0.09375 0.09375
3 0.73125 0.4265625 0.084375 0.084375
3 0.571875 0.290625 0.09375 0.09375
3 0.2046875 0.32109375 0.096875 0.0703125
3 0.10703125 0.26171875 0.084375 0.084375
3 0.46328125 0.14609375 0.0984375 0.0796875
3 0.4703125 0.0515625 0.09375 0.071875
3 0.853125 0.4359375 0.0859375 0.0859375
3 0.87109375 0.534375 0.1078125 0.078125
3 0.10546875 0.8125 0.0921875 0.078125
3 0.2875 0.74453125 0.0796875 0.08125
3 0.6796875 0.528125 0.08125 0.08125
3 0.421875 0.8484375 0.08125 0.06875
3 0.43359375 0.93515625 0.090625 0.090625
3 0.26328125 0.5453125 0.0859375 0.0875
3 0.7671875 0.52890625 0.078125 0.078125
3 0.434375 0.73828125 0.09375 0.0828125
3 0.71640625 0.72890625 0.0875 0.0875
3 0.478125 0.5265625 0.10625 0.084375
3 0.9265625 0.115625 0.109375 0.075
3 0.278125 0.8953125 0.1 0.08125
0 0.59609375 0.63828125 0.1140625 0.1140625
3 0.95 0.4484375 0.1 0.065625
3 0.93046875 0.22265625 0.1046875 0.1046875
3 0.40859375 0.775 0.075 0.0734375
3 0.15546875 0.36875 0.078125 0.0796875
3 0.14453125 0.34609375 0.0796875 0.0890625
3 0.1671875 0.546875 0.103125 0.078125
3 0.36328125 0.7578125 0.0796875 0.075
3 0.65078125 0.68125 0.1203125 0.059375