3 0.08671875 0.5109375 0.1046875 0.08125
3 0.0890625 0.178125 0.0890625 0.0890625
3 0.38359375 0.25625 0.0890625 0.0890625
3 0.1421875 0.3890625 0.0890625 0.0890625
0 0.16015625 0.134375 0.1390625 0.1
3 0.359375 0.7453125 0.0921875 0.0921875
3 0.46484375 0.1515625 0.090625 0.090625
3 0.59921875 0.71953125 0.0953125 0.0796875
3 0.78046875 0.1640625 0.0953125 0.071875
3 0.21640625 0.3546875 0.0875 0.071875
3 0.4578125 0.1015625 0.10625 0.078125
3 0.9078125 0.4609375 0.084375 0.0828125
3 0.628125 0.875 0.075 0.0625
3 0.69609375 0.4109375 0.1015625 0.084375
3 0.12421875 0.303125 0.0859375 0.0625
3 0.4890625 0.66875 0.1 0.0875
3 0.26875 0.5734375 0.096875 0.071875
3 0.428125 0.709375 0.1 0.0875
3 0.7953125 0.67890625 0.096875 0.0703125
3 0.89296875 0.73828125 0.084375 0.084375
3 0.53671875 0.85390625 0.0984375 0.0796875
3 0.5296875 0.9484375 0.0828125 0.0828125
3 0.146875 0.5640625 0.09375 0.0796875
3 0.12890625 0.465625 0.09375 0.09375
3 0.89453125 0.1875 0.084375 0.084375
3 0.7125 0.25546875 0.084375 0.0765625
3 0.3203125 0.471875 0.090625 0.071875
3 0.578125 0.1515625 0.075 0.075
3 0.56640625 0.06484375 0.109375 0.0734375
3 0.73671875 0.4546875 0.1015625 0.071875
3 0.2328125 0.47109375 0.084375 0.0703125
3 0.565625 0.26171875 0.09375 0.0828125
3 0.28359375 0.27109375 0.0984375 0.0765625
3 0.521875 0.4734375 0.10625 0.084375
3 0.0734375 0.884375 0.0921875 0.0921875
3 0.721875 0.1046875 0.090625 0.090625
0 0.40390625 0.36171875 0.1390625 0.0890625
3 0.05 0.5515625 0.0828125 0.0828125
3 0.06953125 0.77734375 0.1296875 0.0796875
3 0.59140625 0.225 0.0796875 0.06875
3 0.84453125 0.63125 0.0890625 0.06875
3 0.85546875 0.65390625 0.084375 0.084375
3 0.8328125 0.453125 0.103125 0.078125
3 0.63671875 0.2421875 0.0796875 0.075
3 0.34921875 0.31875 0.090625 0.090625