3 0.25390625 0.81875 0.065625 0.0671875
3 0.34296875 0.87421875 0.0921875 0.0640625
3 0.61328125 0.8265625 0.071875 0.0734375
3 0.18515625 0.6359375 0.0859375 0.059375
3 0.15625 0.23984375 0.0875 0.0609375
3 0.746875 0.50703125 0.0734375 0.071875
3 0.18828125 0.31015625 0.0765625 0.0640625
3 0.1375 0.803125 0.08125 0.05625
3 0.9171875 0.65703125 0.0609375 0.059375
3 0.4390625 0.0703125 0.065625 0.065625
3 0.8328125 0.5078125 0.1 0.0625
3 0.2828125 0.2921875 0.0609375 0.0609375
3 0.69765625 0.1671875 0.0796875 0.05625
3 0.7296875 0.4 0.0625 0.0625
3 0.09921875 0.29140625 0.071875 0.071875
3 0.65546875 0.88046875 0.0765625 0.0640625
3 0.05625 0.90703125 0.09375 0.0640625
3 0.23359375 0.91796875 0.0859375 0.0578125
3 0.728125 0.69921875 0.078125 0.078125
3 0.19609375 0.18046875 0.078125 0.0671875
3 0.83828125 0.64609375 0.0796875 0.0640625
3 0.87109375 0.7796875 0.0765625 0.075
3 0.29921875 0.15078125 0.0921875 0.0640625
3 0.72578125 0.453125 0.071875 0.071875
3 0.10234375 0.71171875 0.0859375 0.0703125
3 0.69453125 0.03828125 0.0796875 0.059375
3 0.20234375 0.078125 0.0765625 0.0765625
3 0.28359375 0.3546875 0.0828125 0.0828125
3 0.80234375 0.559375 0.071875 0.071875
3 0.734375 0.86640625 0.08125 0.0609375
3 0.540625 0.08984375 0.0734375 0.0734375
3 0.60625 0.75234375 0.06875 0.0578125
3 0.771875 0.134375 0.08125 0.08125
3 0.69765625 0.80859375 0.0703125 0.0703125
3 0.796875 0.3390625 0.075 0.0734375
3 0.5921875 0.946875 0.078125 0.078125
3 0.5140625 0.61796875 0.090625 0.0671875
3 0.51484375 0.56328125 0.0796875 0.0484375
3 0.76640625 0.05 0.08125 0.08125
3 0.6734375 0.1140625 0.078125 0.059375
3 0.41953125 0.13359375 0.0890625 0.053125
3 0.9390625 0.525 0.071875 0.071875
3 0.95703125 0.965625 0.0765625 0.0625
3 0.8515625 0.23671875 0.09375 0.0703125
3 0.446875 0.9078125 0.0765625 0.0765625
3 0.625 0.70625 0.084375 0.084375
3 0.7609375 0.6421875 0.065625 0.065625
3 0.95 0.7625 0.0765625 0.0765625
4 0.86328125 0.5859375 0.06875 0.0703125
3 0.94765625 0.265625 0.090625 0.090625
3 0.58984375 0.58984375 0.06875 0.06875
3 0.72421875 0.26484375 0.0921875 0.0734375
3 0.56171875 0.1828125 0.0875 0.0859375
3 0.815625 0.8453125 0.075 0.071875
3 0.49140625 0.7953125 0.0859375 0.0875
3 0.4265625 0.86015625 0.078125 0.059375
3 0.0546875 0.1359375 0.075 0.075
3 0.6125 0.09375 0.075 0.06875
3 0.43203125 0.1859375 0.0765625 0.059375
3 0.903125 0.5578125 0.06875 0.06875
3 0.39296875 0.23671875 0.0671875 0.0671875
3 0.11953125 0.96484375 0.06875 0.06875
3 0.253125 0.24375 0.06875 0.06875
3 0.615625 0.24140625 0.06875 0.06875
3 0.88203125 0.3078125 0.0828125 0.0828125
3 0.571875 0.88671875 0.065625 0.0671875
3 0.43984375 0.7375 0.075 0.075
3 0.40703125 0.68984375 0.1 0.0703125
3 0.5484375 0.2515625 0.0734375 0.0734375
6 0.7578125 0.7671875 0.1015625 0.1015625
3 0.5984375 0.0296875 0.078125 0.053125
3 0.79296875 0.18671875 0.0671875 0.0671875
3 0.78046875 0.23828125 0.0703125 0.0703125
3 0.49296875 0.6765625 0.0890625 0.059375
3 0.321875 0.22109375 0.0796875 0.0796875
3 0.1265625 0.46484375 0.090625 0.0640625
3 0.134375 0.38359375 0.0875 0.0734375
3 0.390625 0.3484375 0.084375 0.065625
3 0.12421875 0.68125 0.078125 0.078125
3 0.43359375 0.4046875 0.0703125 0.071875
3 0.8265625 0.07734375 0.06875 0.06875
3 0.70078125 0.6328125 0.0859375 0.046875
3 0.38203125 0.2953125 0.0765625 0.0765625
3 0.5046875 0.959375 0.0796875 0.078125
3 0.38046875 0.046875 0.0671875 0.0671875
3 0.153125 0.12578125 0.109375 0.06875
6 0.57421875 0.67578125 0.11875 0.11875
6 0.4765625 0.51875 0.09375 0.09375
6 0.3015625 0.0609375 0.159375 0.090625
6 0.48671875 0.23046875 0.0765625 0.0765625
3 0.5984375 0.54921875 0.0828125 0.08125
3 0.08984375 0.425 0.059375 0.0609375
3 0.1765625 0.36796875 0.090625 0.0609375
3 0.28671875 0.22109375 0.0890625 0.06875
3 0.2953125 0.103125 0.08125 0.08125
3 0.2078125 0.96953125 0.084375 0.0578125
3 0.484375 0.1421875 0.0671875 0.0671875
3 0.96328125 0.0828125 0.0734375 0.059375
3 0.9234375 0.04375 0.09375 0.075
3 0.34453125 0.40390625 0.08125 0.08125
3 0.53203125 0.90546875 0.0734375 0.0734375
3 0.45390625 0.78359375 0.0765625 0.075
3 0.55 0.4921875 0.06875 0.06875
3 0.39609375 0.44921875 0.0625 0.0625
3 0.51015625 0.46328125 0.0703125 0.0515625
3 0.45703125 0.4640625 0.065625 0.05625