3 0.1171875 0.83359375 0.0734375 0.075
3 0.9125 0.5984375 0.071875 0.090625
3 0.4265625 0.225 0.0625 0.0875
3 0.49453125 0.8234375 0.065625 0.084375
3 0.31875 0.2109375 0.075 0.084375
3 0.1109375 0.4359375 0.0671875 0.0671875
3 0.6 0.67734375 0.0703125 0.06875
3 0.18046875 0.446875 0.0671875 0.103125
3 0.3734375 0.921875 0.0796875 0.0796875
3 0.62890625 0.765625 0.0640625 0.0875
3 0.315625 0.54140625 0.075 0.075
3 0.29765625 0.0953125 0.065625 0.078125
3 0.58125 0.16953125 0.0796875 0.0796875
3 0.68125 0.23828125 0.0625 0.0890625
3 0.87890625 0.6796875 0.0734375 0.0734375
3 0.9 0.50546875 0.0765625 0.0765625
3 0.371875 0.27109375 0.08125 0.0796875
3 0.73203125 0.7171875 0.075 0.0765625
3 0.7234375 0.3734375 0.0734375 0.0734375
3 0.1140625 0.5859375 0.078125 0.078125
3 0.91015625 0.8328125 0.0640625 0.078125
3 0.88125 0.9109375 0.059375 0.084375
3 0.1125 0.14921875 0.0765625 0.075
3 0.89140625 0.28515625 0.0609375 0.0828125
3 0.0890625 0.5078125 0.06875 0.06875
3 0.90234375 0.13125 0.08125 0.0828125
3 0.246875 0.16328125 0.0734375 0.075
3 0.6765625 0.596875 0.0734375 0.0734375
3 0.20234375 0.221875 0.0609375 0.0875
3 0.0609375 0.7796875 0.06875 0.06875
3 0.1328125 0.740625 0.065625 0.096875
3 0.82265625 0.72578125 0.071875 0.071875
3 0.61953125 0.5703125 0.075 0.075
3 0.35 0.8328125 0.065625 0.090625
3 0.52421875 0.29921875 0.0609375 0.0796875
3 0.7390625 0.5359375 0.075 0.075
3 0.67890625 0.8484375 0.0828125 0.0828125
3 0.18125 0.8515625 0.0625 0.084375
3 0.67734375 0.45234375 0.0609375 0.0796875
3 0.959375 0.30078125 0.071875 0.071875
3 0.31796875 0.30390625 0.0578125 0.0890625
3 0.79140625 0.83828125 0.05625 0.0828125
3 0.371875 0.11328125 0.071875 0.071875
3 0.4234375 0.63671875 0.059375 0.0796875
3 0.14765625 0.2609375 0.0578125 0.084375
3 0.3375 0.42421875 0.06875 0.06875
3 0.2515625 0.675 0.071875 0.071875
3 0.140625 0.3578125 0.0625 0.0875
3 0.7375 0.13671875 0.0671875 0.0671875
3 0.56484375 0.91328125 0.0796875 0.0796875
3 0.43515625 0.93984375 0.0703125 0.0703125
3 0.2890625 0.8625 0.071875 0.071875
3 0.61953125 0.4828125 0.0703125 0.078125
3 0.040625 0.396875 0.0625 0.090625
3 0.66640625 0.68671875 0.0609375 0.0796875
3 0.734375 0.8171875 0.05625 0.090625
3 0.809375 0.52109375 0.05625 0.0796875
3 0.1578125 0.55546875 0.075 0.075
3 0.4171875 0.51640625 0.0671875 0.06875
3 0.08984375 0.22734375 0.0578125 0.0828125
3 0.44921875 0.75625 0.078125 0.078125
3 0.47421875 0.140625 0.0703125 0.084375
3 0.2265625 0.31640625 0.06875 0.0734375
3 0.659375 0.33046875 0.059375 0.0859375
3 0.58203125 0.0734375 0.0703125 0.096875
3 0.634375 0.93671875 0.0671875 0.065625
3 0.253125 0.578125 0.06875 0.06875
3 0.8484375 0.19765625 0.071875 0.071875
3 0.44296875 0.08046875 0.0671875 0.0890625
3 0.79609375 0.93046875 0.0703125 0.0703125
3 0.52890625 0.4578125 0.0671875 0.075
3 0.6265625 0.87890625 0.0875 0.0875
3 0.07109375 0.68203125 0.0671875 0.0921875
3 0.4859375 0.49921875 0.0703125 0.071875
3 0.80390625 0.43125 0.0765625 0.078125
3 0.51640625 0.38046875 0.0609375 0.0765625
3 0.5609375 0.59296875 0.046875 0.1015625
3 0.55234375 0.728125 0.0546875 0.08125
3 0.5890625 0.40546875 0.0703125 0.0703125
3 0.8359375 0.36953125 0.0625 0.0765625
3 0.40703125 0.74453125 0.06875 0.0796875
3 0.0515625 0.1078125 0.078125 0.0796875
3 0.8890625 0.7609375 0.0671875 0.0671875
3 0.45625 0.41015625 0.075 0.075
3 0.50859375 0.68359375 0.071875 0.0703125
3 0.81796875 0.284375 0.0703125 0.08125
3 0.2265625 0.88828125 0.075 0.075
3 0.5859375 0.2984375 0.0703125 0.0703125
3 0.971875 0.79453125 0.05625 0.0921875
3 0.82578125 0.6265625 0.071875 0.0734375
3 0.8703125 0.446875 0.05625 0.078125
3 0.0296875 0.5453125 0.059375 0.090625
3 0.07578125 0.078125 0.0828125 0.0828125
3 0.78828125 0.04140625 0.06875 0.0703125
3 0.03203125 0.30703125 0.0640625 0.0640625
6 0.5078125 0.58984375 0.1078125 0.10625
3 0.79453125 0.60234375 0.0671875 0.0828125
3 0.1578125 0.95078125 0.0703125 0.0703125
3 0.459375 0.29140625 0.059375 0.059375
3 0.78671875 0.27265625 0.0671875 0.0671875
3 0.42578125 0.43203125 0.0625 0.0734375