3 0.1171875 0.16640625 0.065625 0.0828125
3 0.9125 0.4015625 0.071875 0.090625
3 0.4265625 0.775 0.075 0.075
3 0.49453125 0.1765625 0.075 0.075
3 0.31875 0.7890625 0.0796875 0.0796875
3 0.1109375 0.5640625 0.06875 0.0671875
3 0.6 0.32265625 0.05625 0.0828125
3 0.18046875 0.553125 0.084375 0.084375
3 0.3734375 0.078125 0.0796875 0.0796875
3 0.62890625 0.234375 0.0640625 0.0875
3 0.315625 0.45859375 0.075 0.075
3 0.29765625 0.9046875 0.071875 0.071875
3 0.58125 0.83046875 0.075 0.0859375
3 0.68125 0.76171875 0.0765625 0.0765625
3 0.87890625 0.3203125 0.0734375 0.0734375
3 0.9 0.49453125 0.0625 0.090625
3 0.371875 0.72890625 0.08125 0.0796875
3 0.73203125 0.2828125 0.0609375 0.090625
3 0.7234375 0.6265625 0.0734375 0.0734375
3 0.1140625 0.4140625 0.071875 0.084375
3 0.91015625 0.1671875 0.071875 0.071875
3 0.88125 0.0890625 0.059375 0.084375
3 0.1125 0.85078125 0.0625 0.0890625
3 0.89140625 0.71484375 0.0609375 0.0828125
3 0.0890625 0.4921875 0.06875 0.06875
3 0.90234375 0.86875 0.0671875 0.096875
3 0.246875 0.83671875 0.0625 0.0859375
3 0.6765625 0.403125 0.0734375 0.0734375
3 0.20234375 0.778125 0.075 0.0734375
3 0.0609375 0.2203125 0.059375 0.078125
3 0.1328125 0.259375 0.08125 0.08125
3 0.82265625 0.27421875 0.059375 0.084375
3 0.61953125 0.4296875 0.0671875 0.084375
3 0.35 0.1671875 0.078125 0.078125
3 0.52421875 0.70078125 0.0609375 0.0796875
3 0.7390625 0.4640625 0.065625 0.084375
3 0.67890625 0.1515625 0.0828125 0.0828125
3 0.18125 0.1484375 0.0625 0.084375
3 0.67734375 0.54765625 0.0703125 0.0703125
3 0.959375 0.69921875 0.0625 0.0828125
3 0.31796875 0.69609375 0.0734375 0.0734375
3 0.79140625 0.16171875 0.05625 0.0828125
3 0.371875 0.88671875 0.059375 0.0828125
3 0.4234375 0.36328125 0.06875 0.06875
3 0.14765625 0.7390625 0.0578125 0.084375
3 0.3375 0.57578125 0.0625 0.0765625
3 0.2515625 0.325 0.071875 0.071875
3 0.140625 0.6421875 0.075 0.075
3 0.7375 0.86328125 0.0671875 0.0671875
3 0.56484375 0.08671875 0.0796875 0.0796875
3 0.43515625 0.06015625 0.0609375 0.0796875
3 0.2890625 0.1375 0.059375 0.084375
3 0.61953125 0.5171875 0.0703125 0.078125
3 0.040625 0.603125 0.0765625 0.0765625
3 0.66640625 0.31328125 0.0609375 0.0796875
3 0.734375 0.1828125 0.05625 0.090625
3 0.809375 0.47890625 0.05625 0.0796875
3 0.1578125 0.44453125 0.065625 0.0859375
3 0.4171875 0.48359375 0.059375 0.0765625
3 0.08984375 0.77265625 0.0578125 0.0828125
3 0.44921875 0.24375 0.078125 0.078125
3 0.47421875 0.859375 0.0703125 0.084375
3 0.2265625 0.68359375 0.06875 0.0734375
3 0.659375 0.66953125 0.059375 0.0859375
3 0.58203125 0.9265625 0.0828125 0.0828125
3 0.634375 0.06328125 0.065625 0.0671875
3 0.253125 0.421875 0.059375 0.078125
3 0.8484375 0.80234375 0.071875 0.071875
3 0.44296875 0.91953125 0.078125 0.078125
3 0.79609375 0.06953125 0.0703125 0.0703125
3 0.52890625 0.5421875 0.0703125 0.071875
3 0.6265625 0.12109375 0.0875 0.0875
3 0.07109375 0.31796875 0.0796875 0.0796875
3 0.4859375 0.50078125 0.059375 0.0828125
3 0.80390625 0.56875 0.0703125 0.084375
3 0.51640625 0.61953125 0.06875 0.06875
3 0.5609375 0.40703125 0.046875 0.1015625
3 0.55234375 0.271875 0.0546875 0.08125
3 0.5890625 0.59453125 0.0703125 0.0703125
3 0.8359375 0.63046875 0.0625 0.0765625
3 0.40703125 0.25546875 0.075 0.075
3 0.0515625 0.8921875 0.071875 0.0875
3 0.8890625 0.2390625 0.0671875 0.0671875
3 0.45625 0.58984375 0.075 0.075
3 0.50859375 0.31640625 0.071875 0.0703125
3 0.81796875 0.715625 0.0703125 0.08125
3 0.2265625 0.11171875 0.059375 0.0921875
3 0.5859375 0.7015625 0.0703125 0.0703125
3 0.96796875 0.2046875 0.0640625 0.075
3 0.82578125 0.3734375 0.0609375 0.084375
3 0.8703125 0.553125 0.0671875 0.0671875
3 0.0296875 0.4546875 0.059375 0.090625
3 0.07578125 0.921875 0.071875 0.09375
3 0.78828125 0.95859375 0.059375 0.0796875
3 0.03125 0.69375 0.0625 0.06875
6 0.5078125 0.41015625 0.1078125 0.10625
3 0.79453125 0.39765625 0.075 0.075
3 0.1578125 0.04921875 0.04375 0.0953125
3 0.459375 0.70859375 0.05625 0.0609375
3 0.78671875 0.72734375 0.0609375 0.0734375
3 0.42578125 0.56796875 0.0625 0.0734375