3 0.8828125 0.16640625 0.065625 0.0828125
3 0.0875 0.4015625 0.071875 0.090625
3 0.5734375 0.775 0.0625 0.0875
3 0.50546875 0.1765625 0.075 0.075
3 0.68125 0.7890625 0.075 0.084375
3 0.8890625 0.5640625 0.0671875 0.0671875
3 0.4 0.32265625 0.05625 0.0828125
3 0.81953125 0.553125 0.084375 0.084375
3 0.6265625 0.078125 0.0796875 0.0796875
3 0.37109375 0.234375 0.075 0.075
3 0.684375 0.45859375 0.0625 0.0859375
3 0.70234375 0.9046875 0.071875 0.071875
3 0.41875 0.83046875 0.0796875 0.0796875
3 0.31875 0.76171875 0.0765625 0.0765625
3 0.12109375 0.3203125 0.0578125 0.090625
3 0.1 0.49453125 0.0765625 0.0765625
3 0.628125 0.72890625 0.08125 0.0796875
3 0.26796875 0.2828125 0.075 0.0765625
3 0.2765625 0.6265625 0.0625 0.084375
3 0.8859375 0.4140625 0.071875 0.084375
3 0.08984375 0.1671875 0.071875 0.071875
3 0.11875 0.0890625 0.071875 0.071875
3 0.8875 0.85078125 0.0625 0.0890625
3 0.10859375 0.71484375 0.071875 0.071875
3 0.9109375 0.4921875 0.06875 0.06875
3 0.09765625 0.86875 0.08125 0.0828125
3 0.753125 0.83671875 0.0625 0.0859375
3 0.3234375 0.403125 0.0734375 0.0734375
3 0.79765625 0.778125 0.075 0.0734375
3 0.9390625 0.2203125 0.059375 0.078125
3 0.8671875 0.259375 0.08125 0.08125
3 0.17734375 0.27421875 0.071875 0.071875
3 0.38046875 0.4296875 0.0671875 0.084375
3 0.65 0.1671875 0.078125 0.078125
3 0.47578125 0.70078125 0.0703125 0.0703125
3 0.2609375 0.4640625 0.075 0.075
3 0.32109375 0.1515625 0.0625 0.103125
3 0.81875 0.1484375 0.0734375 0.0734375
3 0.32265625 0.54765625 0.0703125 0.0703125
3 0.040625 0.69921875 0.0625 0.0828125
3 0.68203125 0.69609375 0.0578125 0.0890625
3 0.20859375 0.16171875 0.05625 0.0828125
3 0.628125 0.88671875 0.071875 0.071875
3 0.5765625 0.36328125 0.059375 0.0796875
3 0.85234375 0.7390625 0.0578125 0.084375
3 0.6625 0.57578125 0.0625 0.0765625
3 0.7484375 0.325 0.059375 0.084375
3 0.859375 0.6421875 0.0625 0.0875
3 0.2625 0.86328125 0.0671875 0.0671875
3 0.43515625 0.08671875 0.0796875 0.0796875
3 0.56484375 0.06015625 0.0609375 0.0796875
3 0.7109375 0.1375 0.059375 0.084375
3 0.38046875 0.5171875 0.0703125 0.078125
3 0.959375 0.603125 0.0625 0.090625
3 0.33359375 0.31328125 0.0609375 0.0796875
3 0.265625 0.1828125 0.0734375 0.0734375
3 0.190625 0.47890625 0.06875 0.06875
3 0.8421875 0.44453125 0.065625 0.0859375
3 0.5828125 0.48359375 0.0671875 0.06875
3 0.91015625 0.77265625 0.0703125 0.0703125
3 0.55078125 0.24375 0.078125 0.078125
3 0.52578125 0.859375 0.078125 0.078125
3 0.7734375 0.68359375 0.071875 0.071875
3 0.340625 0.66953125 0.071875 0.0734375
3 0.41796875 0.9265625 0.0703125 0.096875
3 0.365625 0.06328125 0.0671875 0.065625
3 0.746875 0.421875 0.059375 0.078125
3 0.1515625 0.80234375 0.071875 0.071875
3 0.55703125 0.91953125 0.0671875 0.0890625
3 0.20390625 0.06953125 0.0609375 0.0796875
3 0.47109375 0.5421875 0.0671875 0.075
3 0.3734375 0.12109375 0.071875 0.103125
3 0.92890625 0.31796875 0.0796875 0.0796875
3 0.5140625 0.50078125 0.059375 0.0828125
3 0.19609375 0.56875 0.0765625 0.078125
3 0.48359375 0.61953125 0.0609375 0.0765625
3 0.4390625 0.40703125 0.075 0.0734375
3 0.44765625 0.271875 0.06875 0.0671875
3 0.4109375 0.59453125 0.0703125 0.0703125
3 0.1640625 0.63046875 0.0625 0.0765625
3 0.59296875 0.25546875 0.075 0.075
3 0.9484375 0.8921875 0.078125 0.0796875
3 0.1109375 0.2390625 0.059375 0.075
3 0.54375 0.58984375 0.065625 0.0828125
3 0.49140625 0.31640625 0.071875 0.0703125
3 0.18203125 0.715625 0.0703125 0.08125
3 0.7734375 0.11171875 0.075 0.075
3 0.4140625 0.7015625 0.059375 0.08125
3 0.03203125 0.2046875 0.0640625 0.075
3 0.17421875 0.3734375 0.071875 0.0734375
3 0.1296875 0.553125 0.0671875 0.0671875
3 0.9703125 0.4546875 0.059375 0.090625
3 0.92421875 0.921875 0.0828125 0.0828125
3 0.21171875 0.95859375 0.06875 0.0703125
3 0.96875 0.69375 0.0625 0.06875
6 0.4921875 0.41015625 0.1078125 0.10625
3 0.20546875 0.39765625 0.075 0.075
3 0.8421875 0.04921875 0.0703125 0.0703125
3 0.540625 0.70859375 0.059375 0.059375
3 0.21328125 0.72734375 0.0671875 0.0671875
3 0.57421875 0.56796875 0.06875 0.0671875