3 0.83359375 0.2390625 0.084375 0.084375
3 0.784375 0.28203125 0.0828125 0.0828125
3 0.584375 0.57578125 0.078125 0.090625
3 0.4 0.86875 0.078125 0.078125
3 0.8015625 0.48359375 0.06875 0.1046875
3 0.6359375 0.6703125 0.078125 0.096875
3 0.21640625 0.48984375 0.0765625 0.1
3 0.31015625 0.7 0.0703125 0.1
3 0.496875 0.78515625 0.075 0.075
3 0.8703125 0.9359375 0.06875 0.096875
3 0.72421875 0.17890625 0.0828125 0.0828125
3 0.12734375 0.83359375 0.0828125 0.0828125
3 0.05703125 0.06328125 0.08125 0.08125
3 0.4390625 0.20078125 0.06875 0.0984375
3 0.67734375 0.921875 0.0859375 0.084375
3 0.55 0.86640625 0.084375 0.084375
3 0.9109375 0.5796875 0.078125 0.090625
3 0.8078125 0.578125 0.078125 0.0875
3 0.375 0.76875 0.075 0.0875
3 0.72421875 0.67421875 0.0796875 0.1015625
3 0.48828125 0.290625 0.0953125 0.09375
3 0.3359375 0.4703125 0.08125 0.096875
3 0.8765625 0.840625 0.078125 0.078125
3 0.8671875 0.753125 0.084375 0.09375
3 0.21953125 0.359375 0.06875 0.096875
3 0.4296875 0.57734375 0.090625 0.090625
3 0.146875 0.0875 0.0859375 0.0859375
3 0.0953125 0.88359375 0.0625 0.0953125
3 0.384375 0.1765625 0.075 0.096875
3 0.5546875 0.95546875 0.06875 0.0796875
3 0.91015625 0.509375 0.084375 0.0828125
3 0.58046875 0.33359375 0.0671875 0.0953125
3 0.1234375 0.4640625 0.075 0.065625
3 0.16015625 0.5484375 0.0875 0.0875
3 0.65703125 0.4796875 0.0890625 0.08125
3 0.36171875 0.26484375 0.0890625 0.0890625
3 0.68125 0.41015625 0.090625 0.090625
3 0.2953125 0.90078125 0.071875 0.1109375
3 0.29375 0.221875 0.08125 0.1
3 0.2484375 0.646875 0.0859375 0.0859375
3 0.28125 0.37421875 0.090625 0.090625
3 0.66875 0.73359375 0.0875 0.0890625
3 0.69375 0.8328125 0.09375 0.0921875
3 0.94375 0.3015625 0.0890625 0.0890625
3 0.5375 0.04921875 0.08125 0.0890625
3 0.153125 0.69140625 0.075 0.0984375
3 0.07109375 0.74140625 0.0640625 0.1078125
3 0.5 0.1328125 0.0875 0.06875
3 0.19296875 0.16015625 0.0703125 0.1109375
3 0.365625 0.62734375 0.0953125 0.096875
3 0.0296875 0.8765625 0.059375 0.121875
3 0.48828125 0.85703125 0.0796875 0.0703125
3 0.659375 0.3515625 0.0859375 0.0859375
3 0.8671875 0.4046875 0.090625 0.084375
3 0.11875 0.521875 0.071875 0.09375
3 0.65546875 0.06640625 0.0734375 0.0734375
3 0.315625 0.5953125 0.0890625 0.0890625
3 0.4828125 0.371875 0.0703125 0.0703125
3 0.09921875 0.203125 0.071875 0.09375
3 0.66640625 0.12734375 0.0828125 0.1
3 0.8953125 0.29140625 0.078125 0.0796875
3 0.4765625 0.92578125 0.078125 0.0734375
3 0.2125 0.61484375 0.0875 0.0921875
3 0.8046875 0.6390625 0.084375 0.075
3 0.20703125 0.853125 0.0796875 0.0796875
3 0.58046875 0.1078125 0.0890625 0.0890625
3 0.47421875 0.05546875 0.0671875 0.1078125
3 0.5296875 0.34375 0.05625 0.121875
3 0.14140625 0.1546875 0.0765625 0.084375
3 0.234375 0.7296875 0.078125 0.078125
3 0.0734375 0.23046875 0.075 0.0796875
3 0.1328125 0.91640625 0.0859375 0.084375
3 0.875 0.3421875 0.084375 0.065625
3 0.0484375 0.49609375 0.096875 0.0984375
3 0.4 0.9453125 0.0828125 0.0828125
3 0.27578125 0.1296875 0.0859375 0.103125
3 0.2046875 0.7953125 0.103125 0.0625
4 0.759375 0.3375 0.109375 0.109375
3 0.2109375 0.89453125 0.084375 0.084375
3 0.18125 0.71640625 0.071875 0.1109375
3 0.8140625 0.05234375 0.071875 0.1015625