3 0.90546875 0.0484375 0.08125 0.08125
3 0.29296875 0.415625 0.0765625 0.103125
3 0.85234375 0.5625 0.0703125 0.1
3 0.09375 0.3921875 0.08125 0.096875
3 0.5015625 0.53515625 0.0890625 0.090625
3 0.5515625 0.25234375 0.0875 0.0875
3 0.8203125 0.6234375 0.065625 0.096875
3 0.75390625 0.6296875 0.0796875 0.103125
3 0.5578125 0.73671875 0.071875 0.0921875
3 0.1875 0.72421875 0.0875 0.0875
3 0.453125 0.8734375 0.0875 0.0875
3 0.25859375 0.665625 0.0765625 0.103125
3 0.4609375 0.18828125 0.0875 0.0875
3 0.24140625 0.83828125 0.0796875 0.1
3 0.175 0.190625 0.0890625 0.0890625
3 0.953125 0.2640625 0.0875 0.0875
3 0.36640625 0.41875 0.0828125 0.0828125
3 0.834375 0.3484375 0.08125 0.1
3 0.82890625 0.9421875 0.0875 0.0859375
3 0.96171875 0.4515625 0.075 0.1125
3 0.2609375 0.315625 0.071875 0.0875
3 0.909375 0.95078125 0.0875 0.0984375
3 0.11015625 0.93515625 0.0765625 0.0953125
3 0.271875 0.75546875 0.084375 0.084375
3 0.1609375 0.3109375 0.071875 0.096875
3 0.53046875 0.86484375 0.0765625 0.1046875
3 0.8515625 0.7578125 0.084375 0.084375
3 0.490625 0.3953125 0.078125 0.1
3 0.59296875 0.56796875 0.0796875 0.103125
3 0.63046875 0.8546875 0.09375 0.09375
3 0.85390625 0.228125 0.075 0.0765625
3 0.6890625 0.28671875 0.084375 0.103125
3 0.3421875 0.0734375 0.071875 0.109375
3 0.71640625 0.14765625 0.0671875 0.0953125
3 0.10703125 0.57890625 0.0875 0.0875
3 0.76953125 0.2921875 0.0890625 0.0890625
3 0.1328125 0.06015625 0.075 0.1046875
3 0.2859375 0.15 0.084375 0.109375
3 0.1625 0.65859375 0.0875 0.0875
3 0.1078125 0.15390625 0.078125 0.0953125
3 0.6359375 0.69296875 0.078125 0.0921875
3 0.409375 0.3296875 0.0828125 0.084375
3 0.459375 0.3609375 0.075 0.096875
3 0.18125 0.90078125 0.06875 0.1109375
3 0.6015625 0.3625 0.075 0.1
3 0.09609375 0.6796875 0.0703125 0.096875
3 0.63515625 0.2140625 0.08125 0.0796875
3 0.4234375 0.6234375 0.0890625 0.0890625
3 0.19609375 0.55 0.0875 0.0875
3 0.946875 0.5609375 0.06875 0.103125
3 0.22421875 0.4 0.0703125 0.096875
3 0.73203125 0.88828125 0.0828125 0.1015625
0 0.34296875 0.225 0.0859375 0.146875
3 0.796875 0.13984375 0.06875 0.0953125
3 0.07890625 0.49921875 0.0671875 0.0984375
3 0.78125 0.11171875 0.075 0.1078125
3 0.57578125 0.5375 0.08125 0.08125
3 0.62109375 0.19453125 0.0703125 0.1015625
3 0.83359375 0.3265625 0.0640625 0.090625