3 0.20078125 0.57265625 0.06875 0.06875
3 0.49140625 0.0578125 0.0828125 0.08125
3 0.121875 0.73359375 0.06875 0.0890625
3 0.5765625 0.8765625 0.071875 0.10625
3 0.88828125 0.7296875 0.0734375 0.10625
3 0.38671875 0.4953125 0.0875 0.0875
3 0.940625 0.37421875 0.090625 0.090625
3 0.7828125 0.53359375 0.071875 0.090625
3 0.43359375 0.88515625 0.08125 0.08125
3 0.8578125 0.40625 0.0921875 0.09375
3 0.359375 0.921875 0.0625 0.078125
3 0.4984375 0.46015625 0.0828125 0.08125
3 0.9 0.5125 0.0828125 0.0828125
3 0.5421875 0.37421875 0.075 0.0734375
3 0.18046875 0.18828125 0.0828125 0.0828125
3 0.55546875 0.12265625 0.075 0.075
3 0.725 0.6328125 0.075 0.090625
3 0.35390625 0.7296875 0.0703125 0.0875
3 0.29375 0.58984375 0.0828125 0.0828125
3 0.31875 0.83515625 0.059375 0.0859375
3 0.24921875 0.140625 0.071875 0.071875
3 0.8125 0.6390625 0.075 0.1
3 0.921875 0.85703125 0.084375 0.084375
3 0.70625 0.54765625 0.071875 0.071875
3 0.71015625 0.4203125 0.0578125 0.084375
3 0.21328125 0.28984375 0.0765625 0.0765625
3 0.1359375 0.6265625 0.071875 0.096875
3 0.06015625 0.6140625 0.06875 0.0703125
3 0.715625 0.9421875 0.084375 0.0859375
3 0.77890625 0.4375 0.075 0.075
3 0.37109375 0.62421875 0.071875 0.0953125
3 0.6203125 0.21796875 0.075 0.0890625
3 0.2421875 0.8578125 0.0765625 0.0765625
3 0.82421875 0.06640625 0.0734375 0.0953125
3 0.640625 0.125 0.075 0.0875
3 0.1 0.3140625 0.0625 0.08125
3 0.6921875 0.7828125 0.075 0.075
3 0.78828125 0.86640625 0.075 0.075
3 0.090625 0.071875 0.090625 0.090625
3 0.30234375 0.3265625 0.08125 0.0828125
3 0.49609375 0.69453125 0.0734375 0.096875
3 0.221875 0.9453125 0.078125 0.084375
3 0.29375 0.2671875 0.075 0.103125
3 0.38203125 0.825 0.0671875 0.09375
3 0.96875 0.7765625 0.0625 0.090625
3 0.92578125 0.17265625 0.096875 0.096875
3 0.65078125 0.31328125 0.0796875 0.1015625
3 0.596875 0.0421875 0.071875 0.084375
3 0.85625 0.94921875 0.08125 0.08125
3 0.95703125 0.1953125 0.0859375 0.0875
0 0.55546875 0.51953125 0.08125 0.1015625