3 0.57265625 0.79921875 0.0796875 0.0578125
3 0.0578125 0.50859375 0.09375 0.0703125
3 0.73359375 0.878125 0.0796875 0.078125
3 0.8765625 0.4234375 0.10625 0.071875
3 0.7296875 0.11171875 0.0890625 0.090625
3 0.4953125 0.61328125 0.1 0.0734375
3 0.37421875 0.059375 0.090625 0.090625
3 0.53359375 0.2171875 0.090625 0.071875
3 0.88515625 0.56640625 0.08125 0.08125
3 0.40625 0.1421875 0.1125 0.071875
3 0.921875 0.640625 0.0703125 0.0703125
3 0.46015625 0.5015625 0.0984375 0.065625
3 0.5125 0.1 0.0828125 0.0828125
3 0.37421875 0.4578125 0.0890625 0.059375
3 0.18828125 0.81953125 0.0953125 0.0703125
3 0.12265625 0.44453125 0.0875 0.0640625
3 0.6328125 0.275 0.090625 0.075
3 0.7296875 0.64609375 0.0796875 0.0796875
3 0.58984375 0.70625 0.0828125 0.0828125
3 0.83515625 0.68125 0.0859375 0.059375
3 0.140625 0.75078125 0.071875 0.0734375
3 0.6390625 0.1875 0.0875 0.0875
3 0.85703125 0.078125 0.084375 0.084375
3 0.54765625 0.29375 0.0796875 0.0625
3 0.4203125 0.28984375 0.0703125 0.0703125
3 0.28984375 0.78671875 0.0890625 0.0640625
3 0.6265625 0.8640625 0.084375 0.084375
3 0.6140625 0.93984375 0.078125 0.0609375
3 0.9421875 0.284375 0.0859375 0.084375
3 0.4375 0.22109375 0.084375 0.0671875
3 0.62421875 0.62890625 0.0953125 0.071875
3 0.21796875 0.3796875 0.0890625 0.075
3 0.8578125 0.7578125 0.0875 0.065625
3 0.06640625 0.17578125 0.0953125 0.0734375
3 0.125 0.359375 0.08125 0.08125
3 0.3140625 0.9 0.071875 0.071875
3 0.7828125 0.3078125 0.084375 0.065625
3 0.86640625 0.21171875 0.0765625 0.0734375
3 0.071875 0.909375 0.10625 0.075
3 0.3265625 0.69765625 0.09375 0.0703125
3 0.69453125 0.50390625 0.084375 0.084375
3 0.9453125 0.778125 0.08125 0.08125
3 0.2671875 0.70625 0.0890625 0.0890625
3 0.825 0.61796875 0.0796875 0.08125
3 0.77578125 0.03515625 0.0765625 0.0703125
3 0.17265625 0.07421875 0.115625 0.0796875
3 0.31328125 0.34921875 0.1015625 0.0796875
3 0.0421875 0.403125 0.084375 0.071875
3 0.94921875 0.14375 0.0921875 0.06875
3 0.19609375 0.040625 0.0984375 0.078125
0 0.51953125 0.44453125 0.1015625 0.08125