3 0.47421875 0.31953125 0.075 0.075
3 0.85546875 0.046875 0.0734375 0.0734375
3 0.6046875 0.58046875 0.078125 0.0609375
3 0.62265625 0.3390625 0.0859375 0.059375
3 0.153125 0.390625 0.1 0.075
3 0.725 0.34921875 0.078125 0.0796875
3 0.471875 0.57734375 0.06875 0.06875
3 0.103125 0.0875 0.084375 0.084375
3 0.225 0.8484375 0.08125 0.06875
3 0.15703125 0.9171875 0.06875 0.0703125
3 0.12734375 0.25 0.0734375 0.0734375
3 0.32890625 0.58828125 0.0984375 0.0609375
3 0.86796875 0.5734375 0.075 0.075
3 0.5734375 0.434375 0.0703125 0.0703125
3 0.390625 0.76328125 0.0875 0.0640625
3 0.5578125 0.30078125 0.075 0.0765625
3 0.19140625 0.15859375 0.0828125 0.0671875
3 0.2015625 0.7453125 0.071875 0.071875
3 0.5390625 0.05 0.090625 0.06875
3 0.76171875 0.1265625 0.0984375 0.071875
3 0.51953125 0.76484375 0.0828125 0.0640625
3 0.7515625 0.759375 0.08125 0.0625
3 0.8234375 0.3421875 0.096875 0.06875
3 0.45859375 0.51953125 0.084375 0.084375
3 0.946875 0.465625 0.09375 0.071875
3 0.71875 0.428125 0.0875 0.05625
3 0.79765625 0.9 0.06875 0.06875
3 0.084375 0.475 0.08125 0.08125
3 0.70625 0.2421875 0.0859375 0.0859375
3 0.15625 0.4859375 0.0828125 0.0828125
3 0.58984375 0.65546875 0.0765625 0.0609375
3 0.09453125 0.6890625 0.0921875 0.071875
3 0.87421875 0.14375 0.0828125 0.065625
3 0.903125 0.66171875 0.0703125 0.06875
3 0.29921875 0.246875 0.078125 0.078125
3 0.43828125 0.940625 0.0765625 0.0625
3 0.31484375 0.43203125 0.1125 0.0640625
3 0.5328125 0.1625 0.084375 0.065625
3 0.04765625 0.228125 0.08125 0.08125
3 0.840625 0.84375 0.08125 0.08125
6 0.13515625 0.1703125 0.0984375 0.078125
3 0.72578125 0.9109375 0.0796875 0.053125
3 0.79140625 0.4015625 0.0734375 0.0734375
3 0.47734375 0.73671875 0.0828125 0.0625
3 0.8859375 0.85546875 0.06875 0.06875
3 0.46015625 0.6234375 0.0703125 0.071875
3 0.61796875 0.24921875 0.0859375 0.0875
3 0.74296875 0.56171875 0.0703125 0.0703125
3 0.23203125 0.05078125 0.065625 0.065625
3 0.74609375 0.646875 0.1015625 0.0625
3 0.33828125 0.4796875 0.0859375 0.059375
3 0.8953125 0.95234375 0.08125 0.0609375
3 0.25546875 0.10859375 0.0734375 0.0734375
3 0.253125 0.78046875 0.096875 0.05
3 0.4921875 0.6703125 0.096875 0.059375
3 0.17890625 0.64453125 0.0859375 0.0546875
3 0.29765625 0.82578125 0.0671875 0.0671875
3 0.54609375 0.959375 0.0828125 0.05625
3 0.515625 0.2203125 0.065625 0.065625
3 0.75625 0.9578125 0.0625 0.0625
3 0.2171875 0.353125 0.10625 0.05625
6 0.68984375 0.7875 0.096875 0.096875
3 0.265625 0.50546875 0.06875 0.0609375
3 0.88515625 0.31796875 0.0859375 0.0859375
3 0.37109375 0.3859375 0.0859375 0.0859375
3 0.684375 0.5890625 0.071875 0.065625
1 0.496875 0.88828125 0.146875 0.0734375
3 0.20390625 0.31171875 0.075 0.075
3 0.6265625 0.44609375 0.059375 0.0625
3 0.5421875 0.13046875 0.0984375 0.0984375
3 0.3984375 0.46640625 0.1 0.0515625
3 0.49453125 0.953125 0.0703125 0.0703125
3 0.5453125 0.696875 0.09375 0.075