2 0.8390625 0.52421875 0.065625 0.096875
2 0.52734375 0.88671875 0.08125 0.0796875
2 0.4609375 0.88671875 0.071875 0.071875
2 0.39296875 0.78671875 0.071875 0.0859375
2 0.0796875 0.94140625 0.078125 0.078125
2 0.3671875 0.4796875 0.06875 0.109375
2 0.778125 0.58125 0.078125 0.0875
2 0.37109375 0.69375 0.0890625 0.0890625
2 0.5 0.44765625 0.084375 0.084375
2 0.67890625 0.81171875 0.0734375 0.1015625
2 0.23984375 0.553125 0.0859375 0.0859375
2 0.80546875 0.865625 0.0875 0.0875
2 0.44453125 0.39453125 0.0890625 0.0890625
2 0.03828125 0.86640625 0.0734375 0.1078125
2 0.19296875 0.178125 0.0703125 0.090625
2 0.315625 0.9484375 0.078125 0.075
2 0.8859375 0.58828125 0.078125 0.1046875
2 0.63359375 0.93046875 0.0859375 0.0859375
2 0.3125 0.24140625 0.08125 0.08125
2 0.140625 0.2703125 0.0890625 0.0890625
2 0.8953125 0.06328125 0.078125 0.0796875
2 0.8984375 0.396875 0.090625 0.090625
2 0.21875 0.13515625 0.078125 0.0890625
2 0.28359375 0.07890625 0.0875 0.0875
2 0.41484375 0.2546875 0.075 0.103125
2 0.03359375 0.26484375 0.059375 0.1015625
2 0.91640625 0.16171875 0.0765625 0.0953125
2 0.2828125 0.4046875 0.0671875 0.0671875
2 0.425 0.65859375 0.078125 0.078125
2 0.91328125 0.80546875 0.0828125 0.0953125
2 0.74765625 0.50234375 0.0796875 0.0984375
2 0.3 0.1609375 0.075 0.09375
2 0.1578125 0.04453125 0.090625 0.0703125
2 0.1609375 0.3109375 0.0796875 0.0796875
2 0.87109375 0.27109375 0.1046875 0.0734375
2 0.1859375 0.6484375 0.109375 0.0625
2 0.721875 0.94765625 0.084375 0.0859375
2 0.27734375 0.50703125 0.071875 0.071875
2 0.78828125 0.671875 0.0796875 0.1
2 0.815625 0.11640625 0.090625 0.0890625
2 0.6140625 0.86875 0.0921875 0.0921875
2 0.86328125 0.346875 0.1109375 0.08125
2 0.50625 0.065625 0.0921875 0.0921875
2 0.92890625 0.2625 0.0875 0.0875
3 0.6890625 0.625 0.08125 0.10625
3 0.58671875 0.74140625 0.0875 0.0921875
3 0.23828125 0.37890625 0.096875 0.096875
3 0.4875 0.7921875 0.08125 0.1125
3 0.14921875 0.528125 0.1 0.1015625