2 0.1609375 0.47578125 0.065625 0.096875
2 0.47265625 0.11328125 0.08125 0.0796875
2 0.5390625 0.11328125 0.06875 0.0765625
2 0.60703125 0.21328125 0.078125 0.0796875
2 0.9203125 0.05859375 0.078125 0.078125
2 0.6328125 0.5203125 0.06875 0.109375
2 0.221875 0.41875 0.078125 0.0875
2 0.62890625 0.30625 0.075 0.103125
2 0.5 0.55234375 0.071875 0.096875
2 0.32109375 0.18828125 0.0875 0.0875
2 0.76015625 0.446875 0.0859375 0.0859375
2 0.19453125 0.134375 0.0765625 0.1
2 0.55546875 0.60546875 0.0796875 0.0984375
2 0.96171875 0.13359375 0.0734375 0.1078125
2 0.80703125 0.821875 0.08125 0.0796875
2 0.684375 0.0515625 0.078125 0.075
2 0.1140625 0.41171875 0.078125 0.1046875
2 0.36640625 0.06953125 0.0796875 0.0921875
2 0.6875 0.75859375 0.08125 0.08125
2 0.859375 0.7296875 0.075 0.103125
2 0.1046875 0.93671875 0.078125 0.078125
2 0.1015625 0.603125 0.090625 0.090625
2 0.78125 0.86484375 0.0828125 0.0828125
2 0.71640625 0.92109375 0.0890625 0.0875
2 0.58515625 0.7453125 0.075 0.103125
2 0.9625 0.734375 0.075 0.08125
2 0.08359375 0.83828125 0.0859375 0.0859375
2 0.7171875 0.5953125 0.059375 0.075
2 0.575 0.34140625 0.078125 0.078125
2 0.08671875 0.19453125 0.0828125 0.0953125
2 0.25234375 0.49765625 0.0890625 0.0890625
2 0.7 0.8390625 0.084375 0.084375
2 0.8421875 0.95546875 0.090625 0.0703125
2 0.8390625 0.6890625 0.084375 0.075
2 0.12890625 0.72890625 0.0890625 0.0890625
2 0.8140625 0.3515625 0.109375 0.0625
2 0.278125 0.05234375 0.084375 0.0859375
2 0.72265625 0.49296875 0.0765625 0.0671875
2 0.21171875 0.328125 0.0890625 0.090625
2 0.184375 0.88359375 0.090625 0.0890625
2 0.3859375 0.13125 0.0921875 0.0921875
2 0.13671875 0.653125 0.096875 0.0953125
2 0.49375 0.934375 0.0921875 0.0921875
2 0.07109375 0.7375 0.0875 0.0875
3 0.3109375 0.375 0.09375 0.09375
3 0.41328125 0.25859375 0.090625 0.0890625
3 0.76171875 0.62109375 0.09375 0.1015625
3 0.5125 0.2078125 0.096875 0.096875
3 0.85078125 0.471875 0.1234375 0.078125