3 0.1515625 0.246875 0.059375 0.0875
3 0.16953125 0.38203125 0.075 0.0953125
3 0.21796875 0.52421875 0.075 0.075
3 0.2734375 0.7859375 0.0734375 0.0734375
3 0.0921875 0.06328125 0.0828125 0.0828125
3 0.47890625 0.63984375 0.090625 0.090625
3 0.26015625 0.18828125 0.0765625 0.1
3 0.26875 0.35234375 0.078125 0.078125
3 0.2265625 0.275 0.078125 0.103125
3 0.721875 0.5171875 0.075 0.103125
3 0.18046875 0.60078125 0.071875 0.071875
3 0.65546875 0.47890625 0.078125 0.078125
3 0.078125 0.89453125 0.0625 0.0625
3 0.27265625 0.4609375 0.0734375 0.096875
3 0.85234375 0.13125 0.084375 0.084375
3 0.39453125 0.9390625 0.08125 0.0796875
3 0.5125 0.51796875 0.075 0.109375
3 0.3625 0.61484375 0.071875 0.0953125
3 0.184375 0.73046875 0.0875 0.0875
3 0.096875 0.74765625 0.084375 0.0828125
3 0.20234375 0.9203125 0.0765625 0.09375
3 0.07578125 0.1578125 0.0640625 0.065625
3 0.4078125 0.42109375 0.08125 0.08125
3 0.32421875 0.68515625 0.0765625 0.0765625
3 0.2171875 0.8140625 0.075 0.075
3 0.0359375 0.77734375 0.071875 0.0734375
3 0.0484375 0.31796875 0.0875 0.0875
3 0.59609375 0.678125 0.09375 0.0953125
3 0.51953125 0.72734375 0.0703125 0.1109375
3 0.678125 0.13515625 0.065625 0.0890625
3 0.0984375 0.790625 0.0859375 0.0859375
3 0.10625 0.3171875 0.0640625 0.0640625
3 0.80859375 0.33671875 0.06875 0.06875
3 0.85078125 0.41875 0.0703125 0.0875
3 0.0421875 0.20703125 0.06875 0.1015625
3 0.77421875 0.1640625 0.0703125 0.078125
3 0.4890625 0.184375 0.084375 0.084375
6 0.6734375 0.659375 0.090625 0.109375
6 0.4234375 0.26796875 0.109375 0.109375
6 0.86875 0.21171875 0.1015625 0.1015625
6 0.275 0.615625 0.06875 0.0875
3 0.78359375 0.59609375 0.0640625 0.0796875
3 0.79453125 0.73359375 0.0796875 0.1109375
3 0.184375 0.86171875 0.08125 0.0828125
3 0.615625 0.13125 0.05625 0.0875
3 0.79609375 0.2703125 0.071875 0.071875
3 0.20390625 0.1078125 0.065625 0.078125
3 0.79375 0.096875 0.06875 0.06875
6 0.3421875 0.3765625 0.0875 0.0875
6 0.4609375 0.7875 0.1 0.140625
3 0.30234375 0.57265625 0.06875 0.06875
3 0.16796875 0.08984375 0.0640625 0.0765625
3 0.21328125 0.7484375 0.0640625 0.096875
3 0.55078125 0.12421875 0.0703125 0.0796875
3 0.36796875 0.30546875 0.0734375 0.0953125
3 0.3328125 0.30546875 0.059375 0.0953125
3 0.78984375 0.5359375 0.071875 0.0703125
3 0.7890625 0.69140625 0.0625 0.0984375
3 0.7609375 0.6875 0.065625 0.1
3 0.721875 0.64765625 0.071875 0.0734375
3 0.84921875 0.640625 0.0703125 0.09375
3 0.8890625 0.64140625 0.06875 0.0953125
3 0.8609375 0.853125 0.0625 0.0875
3 0.80546875 0.9171875 0.0671875 0.08125