3 0.246875 0.8484375 0.0734375 0.0734375
3 0.38203125 0.83046875 0.0953125 0.075
3 0.52421875 0.78203125 0.084375 0.0671875
3 0.7859375 0.7265625 0.084375 0.0625
3 0.06328125 0.9078125 0.0890625 0.078125
3 0.63984375 0.52109375 0.090625 0.090625
3 0.18828125 0.73984375 0.0875 0.0890625
3 0.35234375 0.73125 0.0890625 0.06875
3 0.275 0.7734375 0.103125 0.078125
3 0.5171875 0.278125 0.103125 0.075
3 0.60078125 0.81953125 0.0796875 0.0640625
3 0.47890625 0.34453125 0.084375 0.0734375
3 0.89453125 0.921875 0.0625 0.0625
3 0.4609375 0.72734375 0.084375 0.084375
3 0.13125 0.14765625 0.084375 0.084375
3 0.9390625 0.60546875 0.0796875 0.08125
3 0.51796875 0.4875 0.109375 0.075
3 0.61484375 0.6375 0.084375 0.084375
3 0.73046875 0.815625 0.0875 0.0875
3 0.74765625 0.903125 0.0828125 0.084375
3 0.9203125 0.79765625 0.09375 0.0765625
3 0.1578125 0.92421875 0.078125 0.0515625
3 0.42109375 0.5921875 0.0921875 0.071875
3 0.68515625 0.67578125 0.0765625 0.0765625
3 0.8140625 0.7828125 0.084375 0.065625
3 0.77734375 0.9640625 0.0734375 0.071875
3 0.31796875 0.9515625 0.1109375 0.065625
3 0.678125 0.40390625 0.10625 0.0828125
3 0.72734375 0.48046875 0.090625 0.090625
3 0.13515625 0.321875 0.078125 0.0765625
3 0.790625 0.9015625 0.1 0.071875
3 0.3171875 0.89375 0.0640625 0.0640625
3 0.33671875 0.19140625 0.06875 0.06875
3 0.41875 0.14921875 0.078125 0.078125
3 0.20703125 0.9578125 0.1015625 0.06875
3 0.1640625 0.22578125 0.075 0.075
3 0.184375 0.5109375 0.084375 0.084375
6 0.659375 0.3265625 0.1 0.1
6 0.26796875 0.5765625 0.128125 0.090625
6 0.21171875 0.13125 0.1171875 0.0875
6 0.615625 0.725 0.0875 0.06875
3 0.59609375 0.21640625 0.071875 0.071875
3 0.73359375 0.20546875 0.0953125 0.0953125
3 0.86171875 0.815625 0.0921875 0.071875
3 0.13125 0.384375 0.0875 0.05625
3 0.2703125 0.20390625 0.084375 0.0609375
3 0.1078125 0.79609375 0.071875 0.071875
3 0.096875 0.20625 0.075 0.0625
6 0.3765625 0.6578125 0.096875 0.078125
6 0.7875 0.5390625 0.140625 0.1
3 0.57265625 0.69765625 0.06875 0.06875
3 0.08984375 0.83203125 0.0765625 0.0640625
3 0.7484375 0.78671875 0.0796875 0.0796875
3 0.12421875 0.44921875 0.0796875 0.0703125
3 0.30546875 0.63203125 0.0953125 0.0734375
3 0.30546875 0.6671875 0.078125 0.078125
3 0.5359375 0.21015625 0.0703125 0.071875
3 0.69140625 0.2109375 0.0984375 0.0625
3 0.6875 0.2390625 0.084375 0.08125
3 0.64765625 0.278125 0.0859375 0.059375
3 0.640625 0.15078125 0.09375 0.0703125
3 0.64140625 0.1109375 0.0828125 0.0828125
3 0.853125 0.1390625 0.075 0.075
3 0.9171875 0.19453125 0.0734375 0.075