3 0.44765625 0.8484375 0.0921875 0.065625
3 0.8203125 0.103125 0.090625 0.065625
3 0.59765625 0.29921875 0.0890625 0.0609375
3 0.903125 0.17109375 0.0796875 0.08125
3 0.0953125 0.68125 0.084375 0.05625
3 0.77109375 0.5203125 0.0921875 0.065625
3 0.66015625 0.49921875 0.0796875 0.065625
3 0.303125 0.69765625 0.096875 0.0703125
3 0.4953125 0.33984375 0.078125 0.078125
3 0.41875 0.328125 0.090625 0.0625
3 0.43203125 0.2359375 0.08125 0.0828125
3 0.753125 0.234375 0.0796875 0.0796875
3 0.76484375 0.959375 0.0765625 0.075
3 0.453125 0.7109375 0.06875 0.06875
3 0.07890625 0.275 0.0828125 0.08125
3 0.3109375 0.13828125 0.090625 0.0546875
3 0.87109375 0.78125 0.071875 0.071875
0 0.14609375 0.4 0.109375 0.08125
3 0.50546875 0.2125 0.0859375 0.06875
3 0.89140625 0.51796875 0.078125 0.078125
3 0.92109375 0.578125 0.075 0.0765625
3 0.321875 0.92265625 0.096875 0.0671875
3 0.14609375 0.4921875 0.096875 0.0625
3 0.5875 0.234375 0.0828125 0.0828125
3 0.73203125 0.8390625 0.078125 0.078125
3 0.675 0.8671875 0.09375 0.0625
3 0.21328125 0.4625 0.0890625 0.0890625
3 0.14765625 0.115625 0.0859375 0.0625
3 0.721875 0.625 0.0640625 0.0640625
3 0.33828125 0.1953125 0.0890625 0.059375
3 0.8078125 0.425 0.0765625 0.0765625
3 0.5921875 0.69921875 0.08125 0.0828125
3 0.2515625 0.2 0.0734375 0.0734375
3 0.19453125 0.040625 0.0796875 0.08125
6 0.284375 0.63046875 0.090625 0.090625
3 0.9390625 0.7390625 0.078125 0.071875
3 0.04921875 0.0625 0.0765625 0.075
3 0.61953125 0.7578125 0.084375 0.0625
3 0.72890625 0.68203125 0.06875 0.06875
3 0.34296875 0.76875 0.0765625 0.0625
3 0.40859375 0.64375 0.0765625 0.0625
3 0.45234375 0.75859375 0.078125 0.0609375
3 0.64609375 0.64609375 0.0890625 0.0765625
3 0.8734375 0.3390625 0.103125 0.071875
0 0.31796875 0.52734375 0.09375 0.09375
3 0.8484375 0.67421875 0.078125 0.078125
3 0.76875 0.8125 0.078125 0.078125
3 0.471875 0.62265625 0.075 0.075
3 0.90234375 0.29609375 0.0734375 0.0734375
3 0.478125 0.96875 0.0875 0.0625
3 0.6359375 0.975 0.078125 0.05
3 0.16171875 0.6375 0.0859375 0.065625
3 0.21875 0.87421875 0.078125 0.0671875