3 0.9203125 0.94453125 0.08125 0.08125
3 0.69765625 0.90859375 0.09375 0.09375
3 0.5859375 0.090625 0.065625 0.09375
3 0.7859375 0.13984375 0.078125 0.1015625
3 0.77109375 0.0484375 0.075 0.090625
3 0.2671875 0.83046875 0.0796875 0.08125
3 0.85859375 0.628125 0.0796875 0.096875
3 0.49375 0.88671875 0.0890625 0.090625
3 0.5734375 0.70078125 0.071875 0.0953125
3 0.69921875 0.58515625 0.084375 0.1015625
3 0.84140625 0.7671875 0.0828125 0.103125
3 0.47421875 0.23046875 0.09375 0.09375
3 0.321875 0.6703125 0.0859375 0.0859375
3 0.453125 0.50390625 0.0859375 0.0875
3 0.35703125 0.609375 0.0734375 0.090625
3 0.41875 0.87421875 0.090625 0.090625
3 0.7953125 0.796875 0.0875 0.0875
3 0.3609375 0.0828125 0.084375 0.103125
3 0.953125 0.8421875 0.0859375 0.0859375
3 0.2671875 0.71484375 0.065625 0.0859375
3 0.08359375 0.425 0.0828125 0.0828125
3 0.6578125 0.07265625 0.084375 0.0859375
3 0.69375 0.25546875 0.0859375 0.0859375
3 0.45625 0.1328125 0.078125 0.078125
3 0.6859375 0.48515625 0.0890625 0.0875
3 0.921875 0.41171875 0.090625 0.090625
3 0.61328125 0.89609375 0.0921875 0.1125
3 0.384375 0.26953125 0.084375 0.0828125
3 0.7578125 0.2453125 0.065625 0.10625
3 0.11171875 0.55078125 0.0890625 0.0890625
3 0.6234375 0.6859375 0.071875 0.090625
3 0.92109375 0.6734375 0.09375 0.09375
3 0.25859375 0.34765625 0.0703125 0.0921875
3 0.0921875 0.06328125 0.075 0.0890625
3 0.7484375 0.878125 0.1015625 0.1015625
3 0.3828125 0.5171875 0.0859375 0.0859375
3 0.8 0.678125 0.075 0.0875
3 0.8453125 0.41640625 0.078125 0.096875
3 0.68515625 0.69140625 0.0734375 0.1015625
3 0.334375 0.4609375 0.06875 0.096875
3 0.5125 0.47890625 0.065625 0.0828125
3 0.959375 0.596875 0.06875 0.0875
3 0.75234375 0.63984375 0.0671875 0.0984375
3 0.80859375 0.27890625 0.0796875 0.0796875
3 0.9515625 0.31796875 0.071875 0.0984375
3 0.215625 0.28828125 0.08125 0.0796875
3 0.1828125 0.18828125 0.0828125 0.08125
3 0.1796875 0.0765625 0.078125 0.10625
3 0.515625 0.3890625 0.0796875 0.0796875
3 0.7125 0.79296875 0.075 0.0765625
3 0.03828125 0.4921875 0.0765625 0.084375
3 0.38671875 0.425 0.084375 0.084375
3 0.19375 0.59296875 0.08125 0.08125
3 0.3125 0.23671875 0.08125 0.1015625
3 0.3453125 0.1890625 0.078125 0.096875
3 0.428125 0.584375 0.06875 0.10625
3 0.59296875 0.20078125 0.0859375 0.1109375
3 0.153125 0.40703125 0.0890625 0.0890625
6 0.390625 0.74140625 0.084375 0.1296875
3 0.2296875 0.42578125 0.071875 0.071875
3 0.1828125 0.33828125 0.065625 0.0921875
5 0.165625 0.82421875 0.115625 0.115625
3 0.85625 0.21171875 0.0765625 0.075
3 0.75390625 0.36328125 0.078125 0.078125
3 0.453125 0.7640625 0.0625 0.1125
3 0.63984375 0.8015625 0.0875 0.0875
3 0.6203125 0.77734375 0.065625 0.0953125
3 0.259375 0.5734375 0.05625 0.103125
3 0.86328125 0.16953125 0.0796875 0.0796875
6 0.2671875 0.48828125 0.065625 0.1671875
3 0.08046875 0.0890625 0.0859375 0.0859375