3 0.3546875 0.7859375 0.0765625 0.0765625
3 0.1328125 0.25390625 0.075 0.075
3 0.92421875 0.3984375 0.0796875 0.078125
3 0.5921875 0.290625 0.084375 0.084375
3 0.2828125 0.915625 0.0625 0.0875
3 0.60078125 0.84140625 0.0703125 0.0703125
3 0.09765625 0.16796875 0.0796875 0.0796875
3 0.88515625 0.65546875 0.078125 0.078125
3 0.9421875 0.71796875 0.065625 0.084375
3 0.07265625 0.6515625 0.0765625 0.0765625
3 0.23359375 0.84921875 0.0828125 0.0828125
3 0.44453125 0.20234375 0.0609375 0.0859375
3 0.3046875 0.59375 0.065625 0.0875
3 0.2390625 0.340625 0.06875 0.06875
3 0.85390625 0.50859375 0.0671875 0.0828125
3 0.19375 0.65859375 0.075 0.075
3 0.66953125 0.8296875 0.078125 0.0796875
3 0.70390625 0.42578125 0.075 0.075
3 0.65703125 0.92109375 0.0703125 0.0828125
3 0.053125 0.30859375 0.0625 0.0828125
3 0.49296875 0.82421875 0.0640625 0.084375
3 0.1578125 0.56484375 0.065625 0.0953125
3 0.0640625 0.08359375 0.065625 0.0921875
3 0.58046875 0.490625 0.0796875 0.0796875
3 0.3015625 0.321875 0.0734375 0.0734375
3 0.90703125 0.296875 0.0640625 0.1
3 0.17109375 0.8640625 0.065625 0.065625
3 0.171875 0.76015625 0.065625 0.1
3 0.103125 0.7484375 0.0703125 0.0703125
3 0.36328125 0.5171875 0.0578125 0.0875
3 0.50234375 0.14765625 0.071875 0.071875
3 0.63046875 0.63671875 0.0734375 0.0734375
3 0.7640625 0.86953125 0.06875 0.06875
3 0.1171875 0.46171875 0.075 0.075
3 0.4109375 0.290625 0.075 0.075
3 0.159375 0.17578125 0.05625 0.0828125
3 0.2375 0.5765625 0.059375 0.090625
3 0.64140625 0.5546875 0.0734375 0.078125
3 0.3203125 0.10546875 0.065625 0.0859375
3 0.18984375 0.45546875 0.0625 0.0859375
3 0.5578125 0.4078125 0.0625 0.08125
3 0.575 0.1953125 0.065625 0.078125
3 0.425 0.9265625 0.0625 0.0875
3 0.70625 0.52890625 0.0625 0.0828125
3 0.534375 0.7328125 0.0625 0.090625
3 0.303125 0.22734375 0.06875 0.0921875
3 0.0421875 0.21953125 0.0734375 0.075
3 0.1234375 0.37265625 0.0625 0.0859375
3 0.5625 0.9171875 0.053125 0.078125
3 0.53046875 0.3125 0.0578125 0.1
3 0.4953125 0.465625 0.06875 0.06875
3 0.865625 0.921875 0.0625 0.084375
3 0.809375 0.05078125 0.0734375 0.075
3 0.309375 0.72421875 0.084375 0.084375
3 0.93984375 0.09140625 0.0578125 0.0765625
3 0.42421875 0.48828125 0.071875 0.071875
3 0.77578125 0.94921875 0.071875 0.071875
3 0.4125 0.1359375 0.071875 0.071875
3 0.8078125 0.665625 0.0796875 0.0796875
3 0.73984375 0.128125 0.0546875 0.08125
3 0.3703125 0.22265625 0.06875 0.0703125
3 0.6421875 0.1625 0.053125 0.090625
3 0.5046875 0.9171875 0.06875 0.06875
3 0.875 0.09609375 0.0734375 0.075
3 0.71015625 0.7515625 0.0609375 0.0875
3 0.65859375 0.7046875 0.0578125 0.084375
3 0.4515625 0.74609375 0.0625 0.0796875
3 0.82265625 0.1828125 0.06875 0.0703125
3 0.87421875 0.36484375 0.071875 0.071875
3 0.45703125 0.56171875 0.075 0.075
3 0.540625 0.83515625 0.078125 0.0765625
3 0.4921875 0.62265625 0.071875 0.0890625
3 0.82265625 0.78984375 0.0796875 0.0796875
3 0.9203125 0.18046875 0.075 0.103125
3 0.9703125 0.3578125 0.059375 0.08125
3 0.06484375 0.8140625 0.084375 0.0859375
3 0.76171875 0.36328125 0.0796875 0.0796875
3 0.18125 0.04140625 0.05625 0.0828125
3 0.653125 0.3359375 0.0734375 0.0734375
3 0.953125 0.65546875 0.075 0.0765625
3 0.715625 0.2453125 0.0625 0.090625
3 0.85078125 0.44453125 0.0734375 0.0890625
3 0.565625 0.109375 0.0765625 0.0765625
3 0.04453125 0.90546875 0.08125 0.08125
3 0.4921875 0.37421875 0.065625 0.090625
3 0.46875 0.29765625 0.05625 0.0765625
3 0.928125 0.57734375 0.0625 0.0765625
3 0.13984375 0.959375 0.071875 0.071875
3 0.58125 0.0671875 0.0703125 0.0703125
3 0.9453125 0.21015625 0.08125 0.08125
3 0.215625 0.27734375 0.06875 0.0921875
3 0.96953125 0.55625 0.0609375 0.08125
3 0.4546875 0.3609375 0.078125 0.078125
3 0.12265625 0.04296875 0.06875 0.06875