3 0.17421875 0.14921875 0.0859375 0.075
3 0.32109375 0.91875 0.0828125 0.065625
3 0.30390625 0.853125 0.0890625 0.071875
3 0.45703125 0.95546875 0.075 0.075
3 0.52109375 0.6734375 0.0890625 0.065625
3 0.3953125 0.84296875 0.075 0.059375
3 0.36015625 0.62421875 0.0796875 0.0609375
3 0.91875 0.415625 0.0875 0.0875
3 0.3203125 0.1953125 0.0734375 0.0734375
3 0.26171875 0.50234375 0.084375 0.0703125
3 0.86328125 0.20078125 0.1015625 0.06875
3 0.2921875 0.32890625 0.075 0.075
3 0.1328125 0.95859375 0.075 0.075
3 0.09765625 0.73125 0.0875 0.0640625
3 0.81328125 0.33671875 0.09375 0.09375
3 0.16328125 0.89296875 0.06875 0.06875
3 0.38359375 0.96171875 0.0765625 0.0765625
3 0.16953125 0.640625 0.1046875 0.075
3 0.5234375 0.0765625 0.103125 0.078125
3 0.7609375 0.40546875 0.0875 0.0875
6 0.63515625 0.93828125 0.10625 0.10625
3 0.35390625 0.38359375 0.078125 0.0796875
3 0.8421875 0.8984375 0.084375 0.084375
3 0.503125 0.44765625 0.0859375 0.0859375
3 0.234375 0.9015625 0.0765625 0.0765625
3 0.878125 0.62421875 0.084375 0.0859375
3 0.69140625 0.4796875 0.0984375 0.08125
3 0.08515625 0.82578125 0.0765625 0.0640625
3 0.83046875 0.43828125 0.08125 0.08125
3 0.75703125 0.88125 0.103125 0.08125
3 0.409375 0.065625 0.0796875 0.0796875
3 0.7921875 0.5421875 0.078125 0.078125
3 0.40703125 0.1484375 0.071875 0.071875
3 0.20078125 0.7125 0.0984375 0.075
3 0.18359375 0.8125 0.1 0.075
3 0.35 0.75859375 0.0875 0.0609375
3 0.51953125 0.89375 0.0921875 0.075
3 0.41171875 0.45 0.0890625 0.06875
3 0.43828125 0.66171875 0.103125 0.08125
3 0.85078125 0.59140625 0.0890625 0.0703125
3 0.90078125 0.7640625 0.08125 0.08125
3 0.4328125 0.5890625 0.084375 0.084375
3 0.94453125 0.4859375 0.0859375 0.084375
3 0.5515625 0.28671875 0.109375 0.0859375
3 0.340625 0.1109375 0.103125 0.078125
3 0.2703125 0.2734375 0.103125 0.078125
3 0.24296875 0.7515625 0.084375 0.0859375
3 0.93671875 0.884375 0.109375 0.08125
3 0.278125 0.58125 0.084375 0.084375
3 0.51796875 0.36953125 0.071875 0.071875
3 0.61328125 0.3984375 0.1 0.071875
3 0.409375 0.52734375 0.0734375 0.0734375
3 0.44921875 0.7296875 0.0984375 0.0625
3 0.659375 0.09296875 0.096875 0.0734375
3 0.28203125 0.0625 0.08125 0.0828125
3 0.2625 0.56953125 0.06875 0.06875
3 0.49296875 0.8734375 0.0921875 0.071875
3 0.425 0.33125 0.0765625 0.0765625
3 0.84375 0.96484375 0.075 0.0703125
3 0.26015625 0.4046875 0.0796875 0.059375
3 0.83046875 0.11171875 0.1265625 0.0578125
3 0.46171875 0.37890625 0.096875 0.0703125
3 0.21328125 0.36015625 0.0734375 0.0609375
3 0.20234375 0.24765625 0.0890625 0.0890625
3 0.39453125 0.671875 0.084375 0.084375
3 0.10234375 0.45546875 0.0859375 0.0609375
3 0.0828125 0.4234375 0.0875 0.071875
3 0.21640625 0.67421875 0.0859375 0.0859375
3 0.16484375 0.4046875 0.0984375 0.065625
3 0.26796875 0.96328125 0.0796875 0.0734375
3 0.2734375 0.11171875 0.071875 0.071875
3 0.2546875 0.13828125 0.08125 0.0609375
3 0.73671875 0.47578125 0.0953125 0.0640625
3 0.384375 0.515625 0.09375 0.06875
3 0.346875 0.51796875 0.084375 0.0640625
3 0.37421875 0.7296875 0.0703125 0.0703125
3 0.61015625 0.34375 0.090625 0.06875
3 0.72734375 0.86328125 0.096875 0.0703125
3 0.5328125 0.575 0.08125 0.08125
3 0.3703125 0.4359375 0.096875 0.06875
3 0.60390625 0.4640625 0.0859375 0.078125
3 0.5890625 0.484375 0.078125 0.0796875
3 0.534375 0.52109375 0.0828125 0.084375