3 0.0734375 0.3484375 0.0734375 0.0734375
3 0.0625 0.53125 0.090625 0.075
3 0.63984375 0.5046875 0.0921875 0.090625
0 0.91640625 0.071875 0.1109375 0.075
3 0.56484375 0.6375 0.075 0.075
3 0.41640625 0.45625 0.08125 0.08125
3 0.38984375 0.1484375 0.0921875 0.075
3 0.359375 0.7171875 0.09375 0.071875
6 0.74140625 0.30859375 0.09375 0.09375
3 0.27578125 0.20703125 0.0796875 0.0796875
3 0.16171875 0.50546875 0.0890625 0.0578125
3 0.20625 0.41953125 0.09375 0.0703125
3 0.15859375 0.790625 0.0828125 0.084375
3 0.65625 0.8828125 0.078125 0.078125
3 0.8328125 0.6890625 0.109375 0.071875
3 0.0765625 0.771875 0.08125 0.08125
3 0.38515625 0.0390625 0.0921875 0.065625
3 0.8171875 0.1640625 0.090625 0.065625
3 0.240625 0.57421875 0.0859375 0.0859375
3 0.340625 0.4125 0.08125 0.06875
3 0.6984375 0.7 0.090625 0.090625
3 0.46015625 0.79296875 0.084375 0.084375
3 0.88671875 0.434375 0.0828125 0.065625
3 0.81953125 0.38203125 0.090625 0.090625
3 0.15859375 0.26640625 0.0875 0.0640625
3 0.4671875 0.9609375 0.078125 0.078125
3 0.44765625 0.184375 0.0828125 0.084375
3 0.84921875 0.2359375 0.0765625 0.05625
3 0.371875 0.22578125 0.0859375 0.0875
3 0.46484375 0.7296875 0.0953125 0.096875
3 0.53671875 0.171875 0.0765625 0.06875
3 0.51796875 0.82421875 0.084375 0.084375
3 0.8796875 0.36171875 0.08125 0.0828125
3 0.703125 0.175 0.0875 0.06875
3 0.7296875 0.19921875 0.08125 0.08125
3 0.48828125 0.05546875 0.0921875 0.0921875
3 0.6109375 0.196875 0.109375 0.0625
4 0.12578125 0.17578125 0.1265625 0.0671875