3 0.0734375 0.6515625 0.0734375 0.0734375
3 0.0625 0.46875 0.090625 0.075
3 0.63984375 0.4953125 0.0921875 0.090625
0 0.91640625 0.928125 0.09375 0.09375
3 0.56484375 0.3625 0.075 0.075
3 0.41640625 0.54375 0.0796875 0.08125
3 0.38984375 0.8515625 0.0921875 0.075
3 0.359375 0.2828125 0.09375 0.071875
6 0.74140625 0.69140625 0.09375 0.09375
3 0.27578125 0.79296875 0.0953125 0.0640625
3 0.16171875 0.49453125 0.0890625 0.0578125
3 0.20625 0.58046875 0.08125 0.08125
3 0.15859375 0.209375 0.103125 0.0625
3 0.65625 0.1171875 0.078125 0.078125
3 0.8328125 0.3109375 0.109375 0.071875
3 0.0765625 0.228125 0.090625 0.071875
3 0.38515625 0.9609375 0.0921875 0.065625
3 0.8171875 0.8359375 0.090625 0.065625
3 0.240625 0.42578125 0.096875 0.075
3 0.340625 0.5875 0.08125 0.06875
3 0.6984375 0.3 0.109375 0.071875
3 0.46015625 0.20703125 0.1015625 0.0671875
3 0.88671875 0.565625 0.075 0.075
3 0.81953125 0.61796875 0.1015625 0.0796875
3 0.15859375 0.73359375 0.0875 0.0640625
3 0.46640625 0.0390625 0.0953125 0.0625
3 0.44765625 0.815625 0.0828125 0.084375
3 0.84921875 0.7640625 0.065625 0.0671875
3 0.371875 0.77421875 0.0859375 0.0875
3 0.46484375 0.2703125 0.1265625 0.065625
3 0.53671875 0.828125 0.0765625 0.06875
3 0.51796875 0.17578125 0.084375 0.084375
3 0.8796875 0.63828125 0.08125 0.0828125
3 0.703125 0.825 0.0875 0.06875
3 0.7296875 0.80078125 0.09375 0.0671875
3 0.48828125 0.94453125 0.1265625 0.0578125
3 0.6109375 0.803125 0.0859375 0.0859375
4 0.12578125 0.82421875 0.096875 0.096875