3 0.75625 0.528125 0.075 0.075
3 0.40234375 0.56953125 0.075 0.075
3 0.54609375 0.94921875 0.071875 0.071875
3 0.8546875 0.53125 0.0875 0.0625
3 0.309375 0.53984375 0.096875 0.0609375
3 0.61015625 0.68359375 0.078125 0.078125
3 0.47109375 0.6234375 0.0953125 0.065625
3 0.68125 0.79296875 0.08125 0.0703125
3 0.26875 0.38984375 0.0875 0.0609375
3 0.678125 0.56484375 0.078125 0.0609375
3 0.80078125 0.234375 0.0984375 0.0625
3 0.12265625 0.2953125 0.0671875 0.06875
3 0.590625 0.5546875 0.0875 0.065625
3 0.56953125 0.4140625 0.0703125 0.0703125
3 0.1234375 0.121875 0.078125 0.05625
3 0.8328125 0.77734375 0.071875 0.0546875
3 0.353125 0.3984375 0.0734375 0.0734375
3 0.2109375 0.18515625 0.08125 0.065625
3 0.48984375 0.5359375 0.0859375 0.059375
3 0.65546875 0.340625 0.08125 0.0796875
3 0.88984375 0.84375 0.0953125 0.0625
3 0.94765625 0.434375 0.078125 0.078125
3 0.26640625 0.26328125 0.078125 0.078125
3 0.3203125 0.6078125 0.0703125 0.0703125
3 0.534375 0.82421875 0.0765625 0.075
3 0.11875 0.55078125 0.06875 0.0640625
3 0.3734375 0.46640625 0.071875 0.0703125
3 0.59453125 0.8234375 0.0890625 0.065625
3 0.87265625 0.178125 0.0734375 0.0734375
3 0.8734375 0.371875 0.0875 0.05625
3 0.16484375 0.24296875 0.0765625 0.0765625
3 0.4203125 0.86171875 0.096875 0.0734375
3 0.30234375 0.08125 0.0765625 0.078125
3 0.7765625 0.81796875 0.078125 0.0796875
3 0.61015625 0.08203125 0.0796875 0.06875
3 0.44609375 0.753125 0.075 0.0625
3 0.51171875 0.403125 0.065625 0.0640625
3 0.49921875 0.8890625 0.0796875 0.059375
3 0.21171875 0.57734375 0.078125 0.078125
3 0.1953125 0.0390625 0.075 0.075
3 0.4875 0.7875 0.065625 0.05625
3 0.5265625 0.25625 0.075 0.05625
3 0.71015625 0.115625 0.0796875 0.059375
3 0.67109375 0.4265625 0.08125 0.0796875
3 0.4703125 0.6859375 0.090625 0.065625
3 0.80703125 0.459375 0.0671875 0.0671875
3 0.36171875 0.6390625 0.0859375 0.071875
3 0.23515625 0.12578125 0.0828125 0.0640625
3 0.42421875 0.21953125 0.0765625 0.0609375
3 0.8859375 0.5875 0.084375 0.06875
3 0.06953125 0.475 0.0859375 0.0625
3 0.22421875 0.7921875 0.0890625 0.0625
3 0.53984375 0.74453125 0.0859375 0.0671875
3 0.07265625 0.3765625 0.1109375 0.053125
3 0.9234375 0.7546875 0.0671875 0.0671875
3 0.9078125 0.3390625 0.078125 0.05625
3 0.4703125 0.04296875 0.0703125 0.06875
3 0.48046875 0.1359375 0.0734375 0.0734375
3 0.9359375 0.5484375 0.0765625 0.078125
3 0.84453125 0.6734375 0.0828125 0.053125
3 0.4453125 0.40234375 0.090625 0.0546875
3 0.2453125 0.48046875 0.0796875 0.0796875
3 0.7921875 0.8546875 0.0796875 0.0796875
3 0.4640625 0.4609375 0.0671875 0.065625
3 0.09296875 0.84375 0.0625 0.0609375
3 0.06953125 0.64296875 0.071875 0.071875
3 0.59140625 0.171875 0.0703125 0.05625
3 0.2484375 0.87734375 0.10625 0.0796875
3 0.0859375 0.6703125 0.06875 0.06875
3 0.75625 0.59140625 0.075 0.0578125
3 0.7421875 0.7015625 0.065625 0.065625
3 0.18671875 0.646875 0.0671875 0.06875
3 0.8703125 0.4890625 0.078125 0.06875
3 0.53828125 0.3421875 0.0625 0.0625
3 0.55078125 0.07421875 0.075 0.075
3 0.5484375 0.48671875 0.0640625 0.0640625
3 0.2046875 0.9390625 0.0640625 0.0640625
3 0.334375 0.1953125 0.0734375 0.0734375
3 0.3640625 0.171875 0.0640625 0.0640625
3 0.915625 0.72109375 0.08125 0.0671875
3 0.89375 0.034375 0.0875 0.06875
3 0.165625 0.45078125 0.075 0.0578125
3 0.4609375 0.2875 0.0703125 0.0703125
3 0.859375 0.28828125 0.08125 0.0515625
3 0.82109375 0.70625 0.06875 0.06875
3 0.228125 0.5390625 0.0765625 0.0765625
3 0.396875 0.09765625 0.0953125 0.09375
3 0.153125 0.5328125 0.0875 0.053125
3 0.14296875 0.05546875 0.075 0.075
3 0.30703125 0.96171875 0.0828125 0.0765625
3 0.090625 0.21953125 0.078125 0.05625
3 0.2390625 0.05390625 0.0734375 0.071875
3 0.8703125 0.11171875 0.065625 0.0484375
3 0.36328125 0.7359375 0.0640625 0.0640625
0 0.72109375 0.63359375 0.103125 0.103125
3 0.3078125 0.72578125 0.075 0.075
3 0.328125 0.3265625 0.0609375 0.0609375
3 0.87109375 0.13125 0.0796875 0.05625
3 0.68671875 0.17890625 0.0609375 0.0609375
3 0.7421875 0.89375 0.0640625 0.0640625
3 0.9578125 0.9125 0.075 0.05
3 0.9640625 0.3125 0.071875 0.05625
3 0.84140625 0.37578125 0.0734375 0.0734375
3 0.72734375 0.18203125 0.0734375 0.0734375
3 0.69609375 0.096875 0.0578125 0.0578125
3 0.7 0.40859375 0.0734375 0.0734375
3 0.7640625 0.45859375 0.090625 0.0609375
3 0.890625 0.4546875 0.075 0.075
3 0.85546875 0.59453125 0.0984375 0.0453125
3 0.8734375 0.659375 0.071875 0.05625
3 0.9453125 0.74921875 0.065625 0.0671875
3 0.775 0.69140625 0.084375 0.065625
3 0.70859375 0.7015625 0.065625 0.065625
3 0.5609375 0.75546875 0.065625 0.0546875
3 0.28046875 0.7109375 0.078125 0.05
3 0.328125 0.7359375 0.1 0.046875
3 0.721875 0.9015625 0.090625 0.053125
3 0.06015625 0.7484375 0.065625 0.065625
3 0.05546875 0.853125 0.06875 0.06875
3 0.17734375 0.9203125 0.065625 0.065625
3 0.12734375 0.915625 0.071875 0.071875
3 0.0640625 0.915625 0.078125 0.078125
3 0.28828125 0.8875 0.0765625 0.0625
3 0.25078125 0.903125 0.0734375 0.0625
3 0.45078125 0.6671875 0.0671875 0.059375
3 0.57890625 0.4796875 0.0609375 0.053125
3 0.56953125 0.45859375 0.0765625 0.0765625
3 0.5296875 0.32890625 0.0640625 0.065625
3 0.434375 0.4390625 0.071875 0.046875
3 0.30703125 0.26796875 0.059375 0.059375
3 0.278125 0.4765625 0.0671875 0.0671875
3 0.1984375 0.4375 0.090625 0.06875
3 0.04375 0.44765625 0.0625 0.0625
3 0.1890625 0.621875 0.084375 0.0625
3 0.11640625 0.68046875 0.0625 0.0625
3 0.140625 0.6359375 0.090625 0.05625
3 0.03515625 0.115625 0.0671875 0.0625
3 0.15078125 0.1828125 0.06875 0.06875
3 0.12578125 0.21484375 0.065625 0.065625
3 0.21640625 0.10078125 0.0734375 0.0546875
3 0.38359375 0.025 0.078125 0.05
3 0.5671875 0.16015625 0.0734375 0.0734375
3 0.496875 0.25546875 0.071875 0.0625
3 0.44921875 0.20234375 0.0796875 0.0578125
3 0.5078125 0.1546875 0.071875 0.071875
3 0.54609375 0.05 0.0734375 0.0734375
3 0.9640625 0.18359375 0.071875 0.0515625
3 0.10859375 0.19609375 0.071875 0.071875