3 0.4296875 0.75859375 0.08125 0.08125
3 0.6734375 0.36640625 0.065625 0.078125
3 0.5453125 0.36875 0.0828125 0.0828125
3 0.5078125 0.865625 0.078125 0.078125
3 0.1421875 0.7078125 0.0765625 0.075
3 0.4359375 0.2171875 0.0796875 0.0796875
3 0.409375 0.48359375 0.071875 0.0953125
3 0.646875 0.46015625 0.08125 0.0890625
3 0.12734375 0.79921875 0.0734375 0.0953125
3 0.92734375 0.7546875 0.0859375 0.0859375
3 0.5046875 0.78203125 0.05625 0.0921875
3 0.5203125 0.66171875 0.08125 0.08125
3 0.52109375 0.09140625 0.0828125 0.096875
3 0.5578125 0.7921875 0.0734375 0.0734375
3 0.59453125 0.578125 0.0609375 0.0875
3 0.071875 0.4609375 0.06875 0.115625
3 0.21328125 0.67421875 0.078125 0.1078125
3 0.03828125 0.1984375 0.0640625 0.078125
3 0.646875 0.7265625 0.075 0.084375
3 0.61875 0.8984375 0.0828125 0.0828125
3 0.76015625 0.5046875 0.075 0.1
3 0.7046875 0.82109375 0.0796875 0.0796875
3 0.125 0.48671875 0.0625 0.1109375
3 0.31171875 0.3375 0.0828125 0.09375
3 0.83125 0.44609375 0.0859375 0.0859375
3 0.2546875 0.47265625 0.0875 0.0875
3 0.36015625 0.9484375 0.0671875 0.090625
3 0.403125 0.3671875 0.0890625 0.0890625
3 0.40625 0.8515625 0.08125 0.08125
3 0.5421875 0.56015625 0.0890625 0.0875
3 0.48828125 0.24453125 0.0703125 0.1078125
3 0.55234375 0.915625 0.0609375 0.090625
3 0.79609375 0.34921875 0.0921875 0.0921875
3 0.253125 0.56875 0.075 0.09375
3 0.6609375 0.28359375 0.084375 0.0953125
3 0.815625 0.090625 0.09375 0.09375
3 0.47890625 0.3671875 0.084375 0.084375
3 0.8734375 0.72421875 0.075 0.075
3 0.40390625 0.06796875 0.0765625 0.0796875
3 0.29453125 0.721875 0.0640625 0.084375
3 0.31953125 0.05546875 0.0796875 0.0984375
3 0.14765625 0.090625 0.0671875 0.09375
3 0.2984375 0.1890625 0.0859375 0.0875
3 0.453125 0.58984375 0.08125 0.08125