3 0.5703125 0.24140625 0.08125 0.08125
3 0.3265625 0.63359375 0.065625 0.078125
3 0.4546875 0.63125 0.075 0.090625
3 0.4921875 0.134375 0.078125 0.078125
3 0.8578125 0.2921875 0.06875 0.084375
3 0.5640625 0.7828125 0.071875 0.0875
3 0.590625 0.51640625 0.071875 0.0953125
3 0.353125 0.53984375 0.08125 0.0890625
3 0.87265625 0.20078125 0.0734375 0.0953125
3 0.07265625 0.2453125 0.0859375 0.0859375
3 0.4953125 0.21796875 0.075 0.075
3 0.4796875 0.33828125 0.071875 0.0921875
3 0.47890625 0.90859375 0.090625 0.090625
3 0.4421875 0.2078125 0.059375 0.0875
3 0.40546875 0.421875 0.0609375 0.0875
3 0.928125 0.5390625 0.06875 0.115625
3 0.78671875 0.32578125 0.078125 0.1078125
3 0.96171875 0.8015625 0.0640625 0.078125
3 0.353125 0.2734375 0.075 0.084375
3 0.38125 0.1015625 0.0828125 0.0828125
3 0.23984375 0.4953125 0.075 0.1
3 0.2953125 0.17890625 0.075 0.084375
3 0.875 0.51328125 0.0625 0.1109375
3 0.68828125 0.6625 0.0828125 0.09375
3 0.16875 0.55390625 0.06875 0.1015625
3 0.7453125 0.52734375 0.0875 0.0875
3 0.63984375 0.0515625 0.0671875 0.090625
3 0.596875 0.6328125 0.06875 0.109375
3 0.59375 0.1484375 0.08125 0.08125
3 0.4578125 0.43984375 0.075 0.1015625
3 0.51171875 0.75546875 0.0890625 0.0890625
3 0.44765625 0.084375 0.0765625 0.0765625
3 0.20390625 0.65078125 0.0703125 0.1140625
3 0.746875 0.43125 0.075 0.09375
3 0.3390625 0.71640625 0.0890625 0.090625
3 0.184375 0.909375 0.09375 0.09375
3 0.52109375 0.6328125 0.084375 0.084375
3 0.1265625 0.27578125 0.071875 0.0796875
3 0.59609375 0.93203125 0.0765625 0.0796875
3 0.70546875 0.278125 0.075 0.075
3 0.68046875 0.94453125 0.0890625 0.0890625
3 0.85234375 0.909375 0.08125 0.0796875
3 0.7015625 0.8109375 0.06875 0.103125
3 0.546875 0.41015625 0.06875 0.0921875