3 0.2390625 0.21875 0.084375 0.065625
3 0.53359375 0.3453125 0.0859375 0.0625
3 0.68515625 0.60546875 0.0921875 0.0640625
3 0.83828125 0.8828125 0.0640625 0.065625
3 0.896875 0.94375 0.084375 0.059375
3 0.88046875 0.62109375 0.075 0.075
3 0.89296875 0.15546875 0.0734375 0.0734375
3 0.36328125 0.7203125 0.1 0.059375
3 0.93359375 0.27578125 0.0828125 0.059375
3 0.109375 0.440625 0.075 0.075
3 0.215625 0.13515625 0.0859375 0.0875
3 0.06953125 0.76796875 0.075 0.075
3 0.27421875 0.61484375 0.075 0.075
3 0.128125 0.7125 0.08125 0.0625
3 0.78671875 0.0859375 0.084375 0.06875
3 0.50546875 0.2578125 0.0828125 0.059375
3 0.1015625 0.2734375 0.078125 0.078125
3 0.6671875 0.35 0.078125 0.078125
3 0.29453125 0.76328125 0.06875 0.06875
3 0.75234375 0.2171875 0.071875 0.071875
3 0.60859375 0.29375 0.08125 0.0828125
3 0.07265625 0.5953125 0.0859375 0.065625
3 0.75859375 0.81796875 0.0796875 0.0796875
3 0.76484375 0.4296875 0.071875 0.071875
3 0.37265625 0.8265625 0.071875 0.071875
3 0.09453125 0.140625 0.0875 0.0625
3 0.48046875 0.66484375 0.0859375 0.0625
3 0.88671875 0.225 0.0734375 0.0734375
3 0.428125 0.3140625 0.075 0.059375
3 0.57421875 0.8625 0.0703125 0.0703125
3 0.30546875 0.1703125 0.0984375 0.0625
3 0.76328125 0.36171875 0.075 0.075
3 0.63671875 0.678125 0.0796875 0.05625
3 0.73359375 0.66484375 0.0953125 0.059375
3 0.1984375 0.29375 0.084375 0.0625
3 0.20078125 0.5875 0.0859375 0.05625
3 0.68984375 0.17578125 0.0828125 0.0609375
3 0.42109375 0.221875 0.0671875 0.065625
3 0.43515625 0.94765625 0.071875 0.0546875
3 0.4578125 0.76875 0.065625 0.065625
3 0.653125 0.421875 0.0828125 0.0828125
3 0.5671875 0.6453125 0.075 0.059375
3 0.5109375 0.4421875 0.075 0.05625
3 0.865625 0.06328125 0.0734375 0.0734375
3 0.7109375 0.11171875 0.084375 0.0515625
3 0.28984375 0.86171875 0.071875 0.0734375
3 0.46953125 0.8375 0.071875 0.0734375
3 0.14140625 0.51875 0.0890625 0.05625
3 0.7140625 0.915625 0.078125 0.0703125
3 0.07109375 0.35078125 0.071875 0.071875
3 0.6578125 0.53046875 0.1 0.0703125
3 0.571875 0.5765625 0.08125 0.065625
3 0.1984375 0.37890625 0.078125 0.078125
3 0.13359375 0.8234375 0.071875 0.053125
3 0.34609375 0.9171875 0.0890625 0.06875
3 0.42890625 0.41015625 0.0875 0.0640625
3 0.159375 0.7765625 0.0734375 0.0734375
3 0.51484375 0.7765625 0.0859375 0.06875
3 0.76015625 0.93828125 0.0765625 0.0609375
3 0.453125 0.17265625 0.084375 0.0640625
3 0.07421875 0.8484375 0.0984375 0.06875
3 0.31171875 0.2703125 0.0828125 0.053125
3 0.33828125 0.334375 0.0890625 0.06875
3 0.21328125 0.803125 0.0921875 0.075
3 0.56328125 0.4890625 0.0640625 0.0640625
3 0.0625 0.66796875 0.103125 0.0609375
3 0.8515625 0.40390625 0.08125 0.08125
3 0.5328125 0.10546875 0.071875 0.0640625
3 0.21015625 0.5125 0.0734375 0.0734375
3 0.4203125 0.6109375 0.0703125 0.0703125
3 0.2828125 0.36796875 0.078125 0.0609375
3 0.853125 0.353125 0.084375 0.0625
3 0.5484375 0.06875 0.06875 0.06875
3 0.9296875 0.4921875 0.065625 0.059375
3 0.40625 0.4859375 0.0703125 0.0703125
3 0.90859375 0.803125 0.0703125 0.059375
3 0.9546875 0.65078125 0.0875 0.0515625
3 0.24765625 0.93359375 0.0703125 0.0703125
3 0.77734375 0.678125 0.065625 0.0671875
3 0.203125 0.85390625 0.0625 0.0625
3 0.1140625 0.06171875 0.0671875 0.065625
3 0.76015625 0.5328125 0.0796875 0.059375
3 0.478125 0.57421875 0.0734375 0.071875
3 0.69296875 0.4609375 0.0890625 0.075
3 0.86484375 0.546875 0.078125 0.078125
3 0.040625 0.39609375 0.08125 0.0765625
3 0.41171875 0.0828125 0.0796875 0.059375
3 0.646875 0.0390625 0.059375 0.065625
3 0.884375 0.69921875 0.0796875 0.08125
3 0.5140625 0.5140625 0.109375 0.071875
3 0.6765625 0.81796875 0.075 0.0703125
3 0.13671875 0.934375 0.0984375 0.05625
3 0.1359375 0.2125 0.09375 0.05
3 0.9515625 0.43203125 0.09375 0.0609375
3 0.6578125 0.24609375 0.0875 0.059375
3 0.10859375 0.89140625 0.0640625 0.0640625
3 0.85625 0.48828125 0.08125 0.0671875
3 0.60390625 0.56015625 0.075 0.075
3 0.828125 0.76328125 0.09375 0.0734375
3 0.2609375 0.4515625 0.0625 0.053125
3 0.871875 0.734375 0.09375 0.075
3 0.759375 0.7421875 0.071875 0.071875
3 0.3078125 0.553125 0.0703125 0.0703125
3 0.59921875 0.790625 0.0703125 0.05625
3 0.0359375 0.08671875 0.071875 0.0671875
3 0.7828125 0.2765625 0.06875 0.065625
3 0.8203125 0.17421875 0.0640625 0.0640625
3 0.66015625 0.490625 0.1 0.078125
3 0.3703125 0.5390625 0.084375 0.059375
3 0.58203125 0.18515625 0.0828125 0.0703125
3 0.08984375 0.5046875 0.06875 0.06875
3 0.55078125 0.928125 0.071875 0.071875
3 0.26953125 0.0375 0.0890625 0.05
4 0.7875 0.1484375 0.075 0.075
3 0.37734375 0.103125 0.065625 0.0640625
3 0.41328125 0.11015625 0.0765625 0.0578125
3 0.3796875 0.85 0.065625 0.065625
3 0.15703125 0.38515625 0.0890625 0.0578125
3 0.18046875 0.3046875 0.0640625 0.0625
3 0.28515625 0.2859375 0.059375 0.059375
3 0.33359375 0.2375 0.071875 0.0625
3 0.1140625 0.2109375 0.084375 0.059375
3 0.4328125 0.24375 0.0625 0.0625
3 0.4890625 0.196875 0.0609375 0.0609375
3 0.5015625 0.11640625 0.065625 0.053125
3 0.64375 0.27578125 0.06875 0.0609375
3 0.60390625 0.16171875 0.0921875 0.065625
3 0.6828125 0.04296875 0.103125 0.0609375
3 0.9171875 0.43671875 0.078125 0.046875
3 0.80859375 0.2859375 0.0765625 0.059375
3 0.9609375 0.3328125 0.075 0.059375
3 0.6953125 0.2703125 0.071875 0.071875
3 0.67578125 0.1890625 0.06875 0.0671875
3 0.49453125 0.53984375 0.0671875 0.065625
3 0.22890625 0.534375 0.0640625 0.065625
3 0.2859375 0.471875 0.06875 0.06875
3 0.3953125 0.42578125 0.084375 0.0484375
3 0.3453125 0.3703125 0.06875 0.06875
3 0.509375 0.85625 0.071875 0.071875
3 0.4265625 0.76015625 0.06875 0.075
3 0.19453125 0.9140625 0.0890625 0.053125
3 0.29296875 0.840625 0.065625 0.065625
3 0.1421875 0.8828125 0.0671875 0.0671875
3 0.3296875 0.9296875 0.078125 0.059375
3 0.3421875 0.965625 0.06875 0.06875
3 0.31484375 0.49765625 0.0734375 0.0671875
3 0.40390625 0.5125 0.0796875 0.059375
3 0.39140625 0.5953125 0.0703125 0.0703125
3 0.59921875 0.746875 0.0875 0.059375
3 0.72578125 0.734375 0.065625 0.065625
3 0.8546875 0.515625 0.084375 0.0625
3 0.88671875 0.3859375 0.06875 0.06875
3 0.79296875 0.54921875 0.0625 0.0625
3 0.76328125 0.55546875 0.0796875 0.0625
3 0.45703125 0.94765625 0.065625 0.065625
3 0.665625 0.8390625 0.075 0.065625
3 0.6328125 0.76015625 0.0875 0.0546875
3 0.65546875 0.86015625 0.0703125 0.0546875
3 0.571875 0.7765625 0.0625 0.0625
3 0.59140625 0.9671875 0.0625 0.0640625
3 0.78828125 0.93828125 0.065625 0.065625
3 0.85859375 0.88046875 0.071875 0.071875
3 0.91015625 0.8265625 0.0796875 0.053125
3 0.709375 0.09375 0.078125 0.0625
3 0.096875 0.2890625 0.078125 0.05625
3 0.8796875 0.08125 0.0609375 0.0609375
3 0.86953125 0.096875 0.05625 0.05625
3 0.75703125 0.8375 0.0671875 0.065625
3 0.1328125 0.5421875 0.0734375 0.0734375
3 0.37421875 0.5640625 0.0703125 0.059375