3 0.1109375 0.7171875 0.084375 0.084375
3 0.715625 0.340625 0.0875 0.0875
3 0.178125 0.2296875 0.0921875 0.0921875
3 0.25546875 0.81328125 0.078125 0.078125
3 0.88125 0.3921875 0.06875 0.090625
3 0.29375 0.9390625 0.0828125 0.0828125
3 0.209375 0.06796875 0.059375 0.078125
3 0.36015625 0.3234375 0.0953125 0.0953125
3 0.2765625 0.078125 0.053125 0.0875
3 0.82265625 0.28671875 0.0796875 0.109375
3 0.7796875 0.1375 0.0921875 0.0921875
3 0.85234375 0.18515625 0.084375 0.084375
3 0.48984375 0.8453125 0.0796875 0.109375
3 0.24453125 0.1640625 0.0765625 0.075
3 0.50078125 0.70546875 0.0859375 0.0859375
3 0.5203125 0.44140625 0.078125 0.0796875
3 0.921875 0.23046875 0.06875 0.1015625
3 0.7890625 0.51328125 0.084375 0.0859375
3 0.39375 0.71328125 0.059375 0.078125
3 0.31796875 0.82421875 0.0515625 0.084375
3 0.275 0.29921875 0.0859375 0.0859375
3 0.40546875 0.8078125 0.0859375 0.0859375
3 0.790625 0.67890625 0.08125 0.08125
3 0.7078125 0.9078125 0.071875 0.071875
3 0.48203125 0.21015625 0.0875 0.0875
3 0.0828125 0.140625 0.0921875 0.09375
3 0.95625 0.8359375 0.0875 0.09375
3 0.51875 0.3609375 0.084375 0.084375
3 0.9046875 0.30546875 0.0625 0.0796875
3 0.734375 0.76171875 0.0859375 0.084375
3 0.96015625 0.46796875 0.078125 0.1078125
3 0.29921875 0.49765625 0.0609375 0.084375
3 0.271875 0.57890625 0.0796875 0.0796875
3 0.7703125 0.81484375 0.0734375 0.075
3 0.77421875 0.56953125 0.0828125 0.1140625
3 0.815625 0.771875 0.0828125 0.0828125
3 0.134375 0.45546875 0.0625 0.090625
3 0.14453125 0.57421875 0.0859375 0.0859375
3 0.63125 0.74609375 0.0796875 0.0796875
3 0.525 0.2640625 0.0875 0.0875
3 0.63984375 0.8109375 0.0890625 0.0890625
3 0.20078125 0.6984375 0.078125 0.103125
3 0.1796875 0.5109375 0.065625 0.084375
3 0.0328125 0.2796875 0.065625 0.084375
3 0.20625 0.47890625 0.0671875 0.0671875
3 0.2453125 0.503125 0.075 0.075
6 0.46484375 0.525 0.096875 0.0984375