3 0.88046875 0.25234375 0.0953125 0.0734375
3 0.17578125 0.60546875 0.0859375 0.084375
3 0.89375 0.41015625 0.1 0.0609375
3 0.19140625 0.9515625 0.0859375 0.06875
3 0.3796875 0.49921875 0.103125 0.0703125
3 0.7765625 0.93359375 0.10625 0.065625
3 0.70234375 0.4953125 0.078125 0.078125
3 0.65625 0.58203125 0.084375 0.084375
3 0.79765625 0.7765625 0.090625 0.071875
3 0.4125 0.11015625 0.1 0.0703125
3 0.06171875 0.8953125 0.0828125 0.08125
3 0.840625 0.3171875 0.1 0.078125
3 0.18203125 0.50625 0.1015625 0.075
3 0.325 0.28125 0.075 0.0625
3 0.56875 0.878125 0.0921875 0.09375
3 0.84609375 0.68359375 0.075 0.075
3 0.53046875 0.33359375 0.0859375 0.0859375
3 0.13359375 0.1796875 0.090625 0.071875
3 0.89296875 0.13046875 0.0921875 0.0609375
3 0.571875 0.66640625 0.1 0.0703125
3 0.67109375 0.87890625 0.0890625 0.0890625
3 0.44296875 0.45703125 0.0828125 0.08125
3 0.29609375 0.3375 0.0828125 0.08125
3 0.2421875 0.89296875 0.0890625 0.0890625
3 0.90390625 0.19140625 0.1109375 0.06875
3 0.1765625 0.728125 0.0875 0.0875
3 0.38828125 0.32890625 0.0796875 0.0796875
3 0.24609375 0.603125 0.084375 0.0828125
3 0.74609375 0.42578125 0.1171875 0.0609375
3 0.6125 0.36953125 0.0875 0.0609375
3 0.13359375 0.1140625 0.0921875 0.084375
3 0.46328125 0.6671875 0.0765625 0.0765625
3 0.3734375 0.93515625 0.0875 0.0875
3 0.34140625 0.61484375 0.0875 0.0875
3 0.80234375 0.60703125 0.0765625 0.0765625
3 0.09765625 0.675 0.0984375 0.08125
3 0.6359375 0.16953125 0.08125 0.08125
3 0.38984375 0.58125 0.0890625 0.071875
3 0.24140625 0.4765625 0.078125 0.078125
3 0.7296875 0.62109375 0.0734375 0.071875
3 0.44453125 0.56796875 0.08125 0.08125
3 0.54140625 0.41484375 0.0890625 0.0796875
3 0.7796875 0.496875 0.09375 0.075
3 0.053125 0.82265625 0.1 0.0734375
3 0.34921875 0.22265625 0.075 0.075
3 0.6421875 0.06953125 0.096875 0.0703125
3 0.546875 0.49609375 0.0890625 0.0875
3 0.83046875 0.56796875 0.0703125 0.0734375
3 0.315625 0.06953125 0.0921875 0.090625
3 0.8515625 0.515625 0.0671875 0.0671875
3 0.17109375 0.78125 0.08125 0.0828125
3 0.70703125 0.05 0.078125 0.06875
3 0.62734375 0.31015625 0.0796875 0.0796875
3 0.41484375 0.27578125 0.08125 0.08125
3 0.65 0.690625 0.078125 0.078125
3 0.4734375 0.38671875 0.090625 0.0921875
3 0.93046875 0.95546875 0.0875 0.0875
3 0.41953125 0.18984375 0.0875 0.0875
3 0.21875 0.19375 0.0875 0.078125
3 0.7296875 0.7109375 0.0875 0.065625
3 0.57109375 0.7421875 0.0921875 0.090625
3 0.48359375 0.1125 0.08125 0.08125
3 0.29765625 0.7203125 0.1015625 0.090625
3 0.959375 0.259375 0.08125 0.084375
3 0.73515625 0.1421875 0.08125 0.0796875
3 0.328125 0.35859375 0.078125 0.078125
3 0.04375 0.746875 0.08125 0.08125
3 0.9078125 0.81484375 0.096875 0.0703125
3 0.32890625 0.83203125 0.0828125 0.09375
3 0.8796875 0.84921875 0.0828125 0.084375
3 0.66484375 0.1265625 0.08125 0.08125
3 0.10234375 0.26640625 0.0875 0.0953125
3 0.9046875 0.53984375 0.090625 0.08125
3 0.446875 0.24609375 0.09375 0.0796875
3 0.75546875 0.3609375 0.109375 0.078125
3 0.1953125 0.253125 0.096875 0.06875
3 0.78671875 0.846875 0.090625 0.0921875
3 0.05234375 0.3390625 0.1 0.1
3 0.5453125 0.15546875 0.084375 0.0859375
3 0.20703125 0.11640625 0.08125 0.08125
3 0.0453125 0.22890625 0.0828125 0.084375
3 0.68671875 0.23359375 0.0875 0.0875
3 0.5640625 0.56328125 0.09375 0.0765625
4 0.36328125 0.83125 0.0828125 0.08125
3 0.67109375 0.3359375 0.078125 0.0796875
3 0.95078125 0.54609375 0.075 0.075
3 0.77890625 0.68828125 0.084375 0.0890625
3 0.60546875 0.73984375 0.0890625 0.0875