3 0.88046875 0.74765625 0.0953125 0.0734375
3 0.17578125 0.39453125 0.0859375 0.084375
3 0.89375 0.58984375 0.0796875 0.0796875
3 0.19140625 0.0484375 0.078125 0.0765625
3 0.3796875 0.50078125 0.103125 0.0703125
3 0.7765625 0.06640625 0.10625 0.065625
3 0.70234375 0.5046875 0.0875 0.06875
3 0.65625 0.41796875 0.096875 0.0734375
3 0.79765625 0.2234375 0.08125 0.08125
3 0.4125 0.88984375 0.0859375 0.0859375
3 0.06171875 0.1046875 0.08125 0.08125
3 0.840625 0.6828125 0.1 0.078125
3 0.18203125 0.49375 0.0875 0.0875
3 0.325 0.71875 0.075 0.0625
3 0.56875 0.121875 0.0921875 0.0921875
3 0.84609375 0.31640625 0.0828125 0.0671875
3 0.53046875 0.66640625 0.1078125 0.0640625
3 0.13359375 0.8203125 0.090625 0.071875
3 0.89296875 0.86953125 0.0921875 0.0609375
3 0.571875 0.33359375 0.084375 0.084375
3 0.67109375 0.12109375 0.0890625 0.0875
3 0.44296875 0.54296875 0.0828125 0.08125
3 0.29609375 0.6625 0.0828125 0.08125
3 0.2421875 0.10703125 0.0890625 0.0875
3 0.90390625 0.80859375 0.1109375 0.06875
3 0.1765625 0.271875 0.0875 0.0875
3 0.38828125 0.67109375 0.0921875 0.0671875
3 0.24609375 0.396875 0.084375 0.0828125
3 0.74609375 0.57421875 0.0890625 0.0890625
3 0.6125 0.63046875 0.0875 0.0609375
3 0.13359375 0.8859375 0.0921875 0.084375
3 0.46328125 0.3328125 0.090625 0.0625
3 0.3734375 0.06484375 0.103125 0.0734375
3 0.34140625 0.38515625 0.0890625 0.0859375
3 0.80234375 0.39296875 0.0828125 0.0703125
3 0.09765625 0.325 0.0984375 0.08125
3 0.6359375 0.83046875 0.090625 0.0734375
3 0.38984375 0.41875 0.08125 0.0796875
3 0.24140625 0.5234375 0.0765625 0.078125
3 0.7296875 0.37890625 0.06875 0.0765625
3 0.44453125 0.43203125 0.090625 0.0703125
3 0.54140625 0.58515625 0.0890625 0.0796875
3 0.7796875 0.503125 0.09375 0.075
3 0.053125 0.17734375 0.1 0.0734375
3 0.34921875 0.77734375 0.0828125 0.0671875
3 0.6421875 0.93046875 0.084375 0.0828125
3 0.546875 0.50390625 0.0890625 0.0875
3 0.83046875 0.43203125 0.071875 0.071875
3 0.315625 0.93046875 0.109375 0.0734375
3 0.8515625 0.484375 0.071875 0.0625
3 0.17109375 0.21875 0.0828125 0.08125
3 0.70703125 0.95 0.078125 0.06875
3 0.62734375 0.68984375 0.0796875 0.0796875
3 0.41484375 0.72421875 0.0890625 0.0734375
3 0.65 0.309375 0.078125 0.078125
3 0.4734375 0.61328125 0.090625 0.0921875
3 0.93046875 0.04453125 0.0921875 0.0828125
3 0.41953125 0.81015625 0.1015625 0.071875
3 0.21875 0.80625 0.0875 0.078125
3 0.7296875 0.2890625 0.0875 0.065625
3 0.57109375 0.2578125 0.090625 0.090625
3 0.48359375 0.8875 0.08125 0.08125
3 0.29765625 0.2796875 0.096875 0.096875
3 0.959375 0.740625 0.08125 0.084375
3 0.73515625 0.8578125 0.0890625 0.071875
3 0.328125 0.64140625 0.078125 0.078125
3 0.04375 0.253125 0.0875 0.075
3 0.9078125 0.18515625 0.096875 0.0703125
3 0.32890625 0.16796875 0.0828125 0.09375
3 0.8796875 0.15078125 0.084375 0.0828125
3 0.66484375 0.8734375 0.090625 0.071875
3 0.10234375 0.73359375 0.0875 0.0953125
3 0.9046875 0.46015625 0.0859375 0.0859375
3 0.446875 0.75390625 0.0859375 0.0859375
3 0.75546875 0.6390625 0.109375 0.078125
3 0.1953125 0.746875 0.0828125 0.084375
3 0.78671875 0.153125 0.1078125 0.075
3 0.05234375 0.6609375 0.1015625 0.1
3 0.5453125 0.84453125 0.090625 0.08125
3 0.20703125 0.88359375 0.08125 0.08125
3 0.0453125 0.77109375 0.0828125 0.0828125
3 0.68671875 0.76640625 0.0875 0.0875
3 0.5640625 0.43671875 0.0859375 0.084375
4 0.36328125 0.16875 0.08125 0.0828125
3 0.67109375 0.6640625 0.0796875 0.078125
3 0.95078125 0.45390625 0.0640625 0.0875
3 0.77890625 0.31171875 0.084375 0.0890625
3 0.60546875 0.26015625 0.1015625 0.075