3 0.59921875 0.66953125 0.078125 0.0640625
3 0.22265625 0.83046875 0.0796875 0.0640625
3 0.2015625 0.71953125 0.075 0.0609375
3 0.55625 0.40625 0.075 0.075
3 0.32421875 0.77890625 0.0890625 0.0640625
3 0.52421875 0.64765625 0.0859375 0.0640625
3 0.29296875 0.95390625 0.075 0.075
3 0.77421875 0.07890625 0.0828125 0.0671875
3 0.4203125 0.3375 0.090625 0.071875
3 0.73828125 0.72734375 0.078125 0.078125
3 0.23671875 0.88125 0.0890625 0.05
3 0.83984375 0.5890625 0.0859375 0.0859375
3 0.87109375 0.04375 0.071875 0.071875
3 0.35078125 0.64375 0.0890625 0.053125
3 0.18984375 0.61796875 0.075 0.075
3 0.709375 0.6421875 0.075 0.075
3 0.1625 0.3078125 0.1125 0.078125
3 0.45 0.5796875 0.071875 0.071875
3 0.871875 0.121875 0.1 0.06875
6 0.409375 0.68671875 0.1 0.0734375
3 0.453125 0.79375 0.096875 0.071875
3 0.9171875 0.32890625 0.078125 0.078125
3 0.33125 0.303125 0.0875 0.06875
3 0.0609375 0.5546875 0.06875 0.06875
3 0.803125 0.6546875 0.1 0.053125
3 0.73046875 0.79296875 0.08125 0.08125
3 0.465625 0.73359375 0.0875 0.0640625
3 0.7546875 0.23671875 0.09375 0.071875
3 0.11640625 0.7328125 0.071875 0.0703125
3 0.77578125 0.525 0.06875 0.06875
3 0.88046875 0.67578125 0.078125 0.078125
3 0.8125 0.18359375 0.090625 0.0765625
3 0.2609375 0.6453125 0.090625 0.06875
3 0.1625 0.18984375 0.090625 0.090625
3 0.8484375 0.37265625 0.090625 0.0625
3 0.1625 0.91875 0.08125 0.065625
3 0.803125 0.86953125 0.075 0.0734375
3 0.76015625 0.359375 0.06875 0.06875
3 0.14296875 0.8140625 0.0796875 0.0609375
3 0.83828125 0.3140625 0.071875 0.071875
3 0.8828125 0.7578125 0.0875 0.075
6 0.25234375 0.2546875 0.121875 0.090625
3 0.85078125 0.2625 0.078125 0.0765625
3 0.6015625 0.08671875 0.078125 0.078125
3 0.28046875 0.70625 0.078125 0.078125
6 0.39609375 0.2421875 0.09375 0.09375
3 0.12890625 0.584375 0.0921875 0.0625
3 0.48125 0.1546875 0.084375 0.084375
3 0.75390625 0.9140625 0.0890625 0.0890625
3 0.8765625 0.2140625 0.084375 0.071875
3 0.8046875 0.7703125 0.075 0.075
3 0.20703125 0.95078125 0.075 0.075
3 0.7796875 0.47109375 0.090625 0.0609375
3 0.93828125 0.809375 0.0859375 0.0625
3 0.13125 0.86328125 0.075 0.075
6 0.071875 0.921875 0.1 0.075
3 0.94296875 0.75234375 0.0625 0.0625
6 0.6796875 0.2859375 0.1 0.1
6 0.67734375 0.09140625 0.10625 0.10625
3 0.46484375 0.1828125 0.0953125 0.059375
3 0.946875 0.3375 0.0765625 0.0765625
3 0.0984375 0.8765625 0.078125 0.053125
3 0.07890625 0.809375 0.08125 0.08125
3 0.31796875 0.721875 0.078125 0.078125
3 0.81796875 0.89921875 0.090625 0.090625
3 0.96328125 0.65390625 0.0671875 0.0609375
3 0.90859375 0.6875 0.0734375 0.05625
3 0.115625 0.1390625 0.0734375 0.0734375
3 0.03828125 0.159375 0.0765625 0.06875