2 0.4828125 0.396875 0.075 0.075
2 0.196875 0.05 0.084375 0.059375
2 0.87578125 0.478125 0.0765625 0.075
2 0.9453125 0.434375 0.084375 0.084375
2 0.240625 0.09765625 0.0828125 0.08125
2 0.7078125 0.52421875 0.0828125 0.08125
2 0.38984375 0.19921875 0.08125 0.0828125
2 0.43515625 0.5265625 0.09375 0.078125
2 0.565625 0.190625 0.075 0.075
2 0.15234375 0.1203125 0.0796875 0.0796875
2 0.37421875 0.571875 0.1015625 0.071875
2 0.51953125 0.24375 0.078125 0.0765625
2 0.43828125 0.2515625 0.0984375 0.071875
2 0.903125 0.71328125 0.0828125 0.084375
2 0.825 0.1140625 0.0828125 0.0828125
2 0.16640625 0.21171875 0.0625 0.0625
2 0.25 0.29375 0.084375 0.084375
2 0.915625 0.128125 0.0921875 0.0921875
2 0.784375 0.53671875 0.084375 0.05625
2 0.65859375 0.48515625 0.0703125 0.065625
2 0.84921875 0.17265625 0.1015625 0.0671875
2 0.13984375 0.4484375 0.0796875 0.05625
2 0.42265625 0.30625 0.0875 0.0875
2 0.3546875 0.14140625 0.0828125 0.0828125
2 0.9234375 0.5890625 0.090625 0.071875
2 0.8546875 0.57734375 0.09375 0.0765625
2 0.73515625 0.6625 0.0796875 0.0796875
2 0.72734375 0.32890625 0.0984375 0.0640625
2 0.81953125 0.6375 0.0828125 0.08125
2 0.28828125 0.5734375 0.0734375 0.065625
2 0.684375 0.4171875 0.084375 0.084375
2 0.1671875 0.32421875 0.0859375 0.0859375
2 0.9453125 0.76875 0.090625 0.071875
2 0.09609375 0.5203125 0.0859375 0.0859375
2 0.8265625 0.346875 0.0625 0.0625
2 0.08125 0.2546875 0.0875 0.075
2 0.67734375 0.6171875 0.0875 0.06875
2 0.11328125 0.0640625 0.084375 0.084375
2 0.0671875 0.121875 0.096875 0.0625
2 0.71875 0.153125 0.0875 0.078125
2 0.790625 0.3015625 0.084375 0.05
2 0.5671875 0.4390625 0.084375 0.084375
2 0.403125 0.47578125 0.0828125 0.08125
2 0.35625 0.2765625 0.071875 0.096875
2 0.30078125 0.33046875 0.1078125 0.059375
2 0.27421875 0.365625 0.08125 0.05625
2 0.90234375 0.32265625 0.078125 0.0734375
2 0.19765625 0.39296875 0.0828125 0.0703125
2 0.9484375 0.6625 0.103125 0.0625
2 0.07734375 0.42109375 0.0859375 0.0796875
2 0.73984375 0.37578125 0.090625 0.090625
2 0.35078125 0.509375 0.0875 0.0875
2 0.096875 0.34375 0.084375 0.0875
2 0.50390625 0.58359375 0.0859375 0.0828125
2 0.265625 0.5078125 0.08125 0.08125
2 0.21875 0.453125 0.090625 0.05625
2 0.1453125 0.38203125 0.090625 0.0859375
2 0.88828125 0.23203125 0.1046875 0.0734375
0 0.86015625 0.41875 0.1015625 0.1
2 0.1765625 0.5171875 0.084375 0.084375
2 0.30703125 0.4640625 0.0890625 0.05625
2 0.05 0.05390625 0.08125 0.08125