3 0.21875 0.7796875 0.0875 0.0546875
3 0.07421875 0.475 0.0796875 0.065625
3 0.9078125 0.09375 0.0875 0.0625
3 0.18828125 0.390625 0.0640625 0.0640625
3 0.7109375 0.7546875 0.0765625 0.0765625
3 0.76640625 0.8953125 0.075 0.0765625
3 0.69921875 0.85859375 0.06875 0.06875
3 0.3875 0.7375 0.1 0.075
3 0.78828125 0.690625 0.0671875 0.0671875
3 0.45625 0.9171875 0.071875 0.071875
3 0.62578125 0.8625 0.0671875 0.0671875
3 0.22734375 0.1796875 0.078125 0.078125
3 0.3390625 0.071875 0.0765625 0.0765625
3 0.16484375 0.4828125 0.071875 0.071875
3 0.2890625 0.34765625 0.078125 0.0578125
3 0.94140625 0.81015625 0.0796875 0.0703125
3 0.10625 0.3734375 0.096875 0.071875
3 0.31640625 0.521875 0.0796875 0.071875
3 0.28984375 0.41640625 0.0984375 0.0609375
3 0.0515625 0.903125 0.0671875 0.06875
3 0.20390625 0.54453125 0.0765625 0.0765625
3 0.69453125 0.4828125 0.0984375 0.078125
3 0.25546875 0.05859375 0.0796875 0.065625
3 0.5765625 0.34609375 0.0828125 0.0828125
3 0.83359375 0.8375 0.0796875 0.0796875
3 0.7796875 0.46875 0.071875 0.05625
3 0.4484375 0.059375 0.071875 0.05625
3 0.371875 0.85625 0.09375 0.078125
3 0.52109375 0.2328125 0.0796875 0.059375
3 0.7 0.6921875 0.0703125 0.0703125
3 0.5703125 0.47578125 0.090625 0.0703125
3 0.83203125 0.4125 0.075 0.075
3 0.06328125 0.6453125 0.08125 0.08125
3 0.46015625 0.459375 0.096875 0.06875
3 0.16015625 0.63671875 0.0984375 0.0640625
3 0.91015625 0.48515625 0.0625 0.0625
3 0.10859375 0.80859375 0.0859375 0.0859375
3 0.66953125 0.928125 0.0875 0.059375
3 0.596875 0.41796875 0.1 0.0640625
3 0.5109375 0.1125 0.090625 0.06875
3 0.0953125 0.26875 0.096875 0.075
3 0.13984375 0.12109375 0.0921875 0.071875
3 0.50859375 0.740625 0.0859375 0.0859375
3 0.4703125 0.146875 0.0796875 0.0796875
3 0.87578125 0.3734375 0.084375 0.0828125
3 0.85390625 0.67421875 0.0828125 0.0609375
3 0.1984375 0.2734375 0.078125 0.053125
3 0.49765625 0.6859375 0.0984375 0.06875
3 0.58125 0.93203125 0.0640625 0.065625
3 0.0734375 0.2015625 0.0828125 0.0828125
3 0.9484375 0.18984375 0.0796875 0.078125
3 0.0484375 0.7765625 0.075 0.075
3 0.44765625 0.8390625 0.0859375 0.05625
6 0.18828125 0.3140625 0.128125 0.075
3 0.46875 0.2171875 0.0859375 0.0859375
3 0.43671875 0.40078125 0.0921875 0.0671875
3 0.10625 0.10234375 0.10625 0.0796875
3 0.778125 0.1796875 0.09375 0.071875
3 0.31875 0.45546875 0.084375 0.084375
3 0.88984375 0.2109375 0.0921875 0.075
3 0.61171875 0.10625 0.0890625 0.0890625
3 0.58984375 0.68125 0.0734375 0.071875
3 0.1359375 0.603125 0.08125 0.08125
6 0.88046875 0.92265625 0.084375 0.1125
6 0.8640625 0.5703125 0.121875 0.078125
6 0.81640625 0.24296875 0.1171875 0.084375
3 0.04453125 0.84140625 0.0890625 0.065625
3 0.515625 0.875 0.1 0.05625
3 0.609375 0.703125 0.06875 0.06875
3 0.58125 0.90546875 0.0734375 0.0734375
3 0.9390625 0.328125 0.0796875 0.0796875
3 0.93125 0.278125 0.0875 0.078125
3 0.8671875 0.6171875 0.096875 0.0625
3 0.92578125 0.57265625 0.071875 0.071875
3 0.38046875 0.42265625 0.071875 0.071875
3 0.50625 0.03828125 0.071875 0.071875
3 0.5890625 0.065625 0.0796875 0.0796875
3 0.58046875 0.0359375 0.0828125 0.071875
3 0.68984375 0.11328125 0.078125 0.078125
3 0.72421875 0.13046875 0.0734375 0.0671875