3 0.78125 0.7796875 0.0703125 0.0703125
3 0.92578125 0.475 0.071875 0.071875
3 0.0921875 0.09375 0.0875 0.0625
3 0.81171875 0.390625 0.0734375 0.05625
3 0.2890625 0.7546875 0.08125 0.071875
3 0.23359375 0.8953125 0.075 0.075
3 0.30078125 0.85859375 0.06875 0.06875
3 0.6125 0.7375 0.0875 0.0875
3 0.21171875 0.690625 0.0703125 0.0625
3 0.54375 0.9171875 0.071875 0.071875
3 0.37421875 0.8625 0.0671875 0.0671875
3 0.77265625 0.1796875 0.0875 0.06875
3 0.6609375 0.071875 0.084375 0.06875
3 0.83515625 0.4828125 0.0828125 0.059375
3 0.7109375 0.34765625 0.078125 0.0578125
3 0.05859375 0.81015625 0.0796875 0.0703125
3 0.89375 0.3734375 0.096875 0.071875
3 0.68359375 0.521875 0.0796875 0.071875
3 0.71015625 0.41640625 0.0796875 0.0796875
3 0.9484375 0.903125 0.078125 0.05625
3 0.79609375 0.54453125 0.0765625 0.0765625
3 0.30546875 0.4828125 0.0984375 0.078125
3 0.74453125 0.05859375 0.0796875 0.065625
3 0.4234375 0.34609375 0.0828125 0.0828125
3 0.16640625 0.8375 0.0875 0.071875
3 0.2203125 0.46875 0.071875 0.05625
3 0.5515625 0.059375 0.0640625 0.0640625
3 0.628125 0.85625 0.09375 0.078125
3 0.47890625 0.2328125 0.0796875 0.059375
3 0.3 0.6921875 0.0703125 0.0703125
3 0.4296875 0.47578125 0.08125 0.08125
3 0.16796875 0.4125 0.075 0.075
3 0.93671875 0.6453125 0.090625 0.071875
3 0.53984375 0.459375 0.096875 0.06875
3 0.83984375 0.63671875 0.08125 0.08125
3 0.08984375 0.48515625 0.0625 0.0625
3 0.89140625 0.80859375 0.0984375 0.0734375
3 0.33046875 0.928125 0.0734375 0.0734375
3 0.403125 0.41796875 0.0828125 0.08125
3 0.4890625 0.1125 0.090625 0.06875
3 0.9046875 0.26875 0.096875 0.075
3 0.86015625 0.12109375 0.08125 0.08125
3 0.49140625 0.740625 0.0859375 0.0859375
3 0.5296875 0.146875 0.0796875 0.0796875
3 0.12421875 0.3734375 0.084375 0.0828125
3 0.14609375 0.67421875 0.071875 0.071875
3 0.8015625 0.2734375 0.078125 0.053125
3 0.50234375 0.6859375 0.0984375 0.06875
3 0.41875 0.93203125 0.071875 0.0578125
3 0.9265625 0.2015625 0.0828125 0.0828125
3 0.0515625 0.18984375 0.090625 0.0671875
3 0.9515625 0.7765625 0.0875 0.0625
3 0.55234375 0.8390625 0.0703125 0.071875
6 0.81171875 0.3140625 0.1015625 0.1015625
3 0.53125 0.2171875 0.0859375 0.0859375
3 0.56328125 0.40078125 0.0921875 0.0671875
3 0.89375 0.10234375 0.10625 0.0796875
3 0.221875 0.1796875 0.09375 0.071875
3 0.68125 0.45546875 0.09375 0.0734375
3 0.11015625 0.2109375 0.084375 0.084375
3 0.38828125 0.10625 0.1 0.078125
3 0.41015625 0.68125 0.078125 0.06875
3 0.8640625 0.603125 0.09375 0.06875
6 0.11953125 0.92265625 0.0984375 0.0984375
6 0.1359375 0.5703125 0.121875 0.078125
6 0.18359375 0.24296875 0.1171875 0.084375
3 0.95546875 0.84140625 0.078125 0.078125
3 0.484375 0.875 0.078125 0.078125
3 0.390625 0.703125 0.06875 0.06875
3 0.41875 0.90546875 0.0734375 0.0734375
3 0.0609375 0.328125 0.0796875 0.0796875
3 0.06875 0.278125 0.0875 0.078125
3 0.1328125 0.6171875 0.096875 0.0625
3 0.07421875 0.57265625 0.071875 0.071875
3 0.61953125 0.42265625 0.084375 0.0578125
3 0.49375 0.03828125 0.071875 0.071875
3 0.4109375 0.065625 0.096875 0.0625
3 0.41953125 0.0359375 0.0828125 0.071875
3 0.31015625 0.11328125 0.078125 0.078125
3 0.27578125 0.13046875 0.0734375 0.0671875