3 0.146875 0.76015625 0.084375 0.0609375
3 0.2265625 0.33046875 0.084375 0.0578125
3 0.3921875 0.37109375 0.08125 0.08125
3 0.78203125 0.50859375 0.075 0.075
3 0.71796875 0.13828125 0.075 0.075
3 0.18359375 0.51484375 0.0765625 0.078125
3 0.6734375 0.2609375 0.096875 0.065625
3 0.8171875 0.31796875 0.075 0.075
3 0.2609375 0.690625 0.0875 0.0875
3 0.403125 0.90234375 0.1 0.065625
3 0.9359375 0.8515625 0.0796875 0.0796875
3 0.32890625 0.51953125 0.1 0.071875
3 0.53828125 0.709375 0.0859375 0.06875
3 0.51640625 0.55625 0.0734375 0.075
6 0.60546875 0.1046875 0.1078125 0.084375
3 0.67734375 0.07421875 0.0859375 0.0703125
3 0.34921875 0.86640625 0.0796875 0.0796875
3 0.921875 0.15703125 0.08125 0.0546875
3 0.28671875 0.41328125 0.0796875 0.0796875
3 0.428125 0.63828125 0.0765625 0.075
3 0.865625 0.384375 0.0828125 0.0828125
3 0.7984375 0.8796875 0.0765625 0.0765625
3 0.71875 0.43125 0.0734375 0.0734375
3 0.25 0.24296875 0.09375 0.071875
3 0.08828125 0.25703125 0.08125 0.08125
3 0.83828125 0.725 0.0890625 0.0890625
3 0.25546875 0.4828125 0.0890625 0.090625
3 0.165625 0.175 0.0703125 0.0703125
3 0.09765625 0.11640625 0.090625 0.0765625
3 0.15625 0.1078125 0.090625 0.071875
3 0.5953125 0.5453125 0.084375 0.065625
3 0.1859375 0.37734375 0.1 0.059375
3 0.89296875 0.11484375 0.0796875 0.0796875
3 0.9015625 0.95234375 0.078125 0.0796875
3 0.05703125 0.66875 0.0609375 0.059375
3 0.46484375 0.6953125 0.08125 0.08125
3 0.17734375 0.584375 0.0671875 0.0671875
3 0.115625 0.6421875 0.103125 0.075
3 0.52421875 0.63125 0.115625 0.0625
3 0.528125 0.7578125 0.084375 0.084375
3 0.13671875 0.5953125 0.0875 0.071875
3 0.48125 0.7953125 0.084375 0.084375