3 0.8296875 0.1125 0.071875 0.090625
3 0.49921875 0.8390625 0.084375 0.084375
3 0.9 0.65546875 0.084375 0.0859375
3 0.14765625 0.6734375 0.084375 0.084375
3 0.44375 0.24765625 0.078125 0.0765625
3 0.87421875 0.55703125 0.08125 0.08125
3 0.7140625 0.3828125 0.0875 0.0875
3 0.8859375 0.7796875 0.078125 0.1
3 0.275 0.1046875 0.0859375 0.0859375
3 0.525 0.228125 0.084375 0.084375
3 0.34765625 0.1828125 0.0609375 0.0875
3 0.803125 0.334375 0.0875 0.0875
3 0.7078125 0.74765625 0.075 0.0859375
3 0.6953125 0.50859375 0.0875 0.0890625
3 0.21484375 0.40859375 0.0765625 0.090625
3 0.2390625 0.53671875 0.071875 0.090625
3 0.534375 0.76171875 0.071875 0.0890625
3 0.8734375 0.928125 0.0875 0.0875
3 0.8734375 0.3078125 0.084375 0.084375
3 0.09140625 0.7765625 0.0828125 0.0828125
3 0.69453125 0.2734375 0.0875 0.0875
3 0.55234375 0.321875 0.084375 0.084375
3 0.7796875 0.246875 0.0828125 0.0828125
3 0.5734375 0.690625 0.078125 0.090625
3 0.6015625 0.41015625 0.090625 0.090625
3 0.378125 0.24140625 0.0890625 0.0890625
3 0.49375 0.92265625 0.08125 0.08125
3 0.93671875 0.2671875 0.071875 0.084375
3 0.7203125 0.66875 0.084375 0.084375
3 0.7734375 0.809375 0.06875 0.103125
3 0.13125 0.47421875 0.08125 0.0828125
3 0.0390625 0.82421875 0.078125 0.0859375
3 0.490625 0.44296875 0.0859375 0.0859375
3 0.5421875 0.9046875 0.0859375 0.0859375
3 0.95390625 0.52578125 0.0703125 0.0921875
3 0.04375 0.4140625 0.06875 0.096875
3 0.17421875 0.2828125 0.08125 0.0828125
3 0.46640625 0.05703125 0.0796875 0.0796875
3 0.11484375 0.17109375 0.090625 0.090625
3 0.06328125 0.6703125 0.06875 0.125
3 0.4953125 0.59140625 0.090625 0.090625
3 0.2765625 0.86171875 0.090625 0.090625
3 0.0421875 0.1609375 0.071875 0.103125
3 0.4515625 0.48671875 0.071875 0.0859375
3 0.9625 0.8640625 0.075 0.103125
3 0.48671875 0.5296875 0.0859375 0.084375
3 0.390625 0.36953125 0.08125 0.109375
3 0.328125 0.73671875 0.0875 0.0875
3 0.5484375 0.43515625 0.08125 0.08125
3 0.92109375 0.05078125 0.0828125 0.0859375
3 0.46796875 0.15859375 0.090625 0.0890625
3 0.56015625 0.040625 0.0890625 0.08125
3 0.82578125 0.2484375 0.0578125 0.103125
3 0.60390625 0.84609375 0.084375 0.084375