3 0.43046875 0.3078125 0.071875 0.071875
3 0.26640625 0.09140625 0.0609375 0.0921875
3 0.3171875 0.925 0.0734375 0.0734375
3 0.80234375 0.42421875 0.0640625 0.0890625
3 0.2453125 0.571875 0.071875 0.08125
3 0.53828125 0.19453125 0.084375 0.084375
3 0.12578125 0.91953125 0.0578125 0.0921875
3 0.2453125 0.3734375 0.065625 0.0875
3 0.48984375 0.36015625 0.0578125 0.0921875
3 0.875 0.0859375 0.0625 0.084375
3 0.1484375 0.6609375 0.059375 0.0875
3 0.4875 0.803125 0.0625 0.078125
3 0.11796875 0.3484375 0.0671875 0.075
3 0.6390625 0.55234375 0.08125 0.08125
3 0.94609375 0.62734375 0.0734375 0.0734375
3 0.53125 0.58671875 0.059375 0.0796875
3 0.8234375 0.746875 0.0703125 0.0703125
3 0.371875 0.24921875 0.0671875 0.0671875
3 0.4609375 0.71171875 0.0703125 0.0703125
3 0.6640625 0.70546875 0.059375 0.0671875
3 0.5359375 0.73515625 0.06875 0.06875
3 0.903125 0.471875 0.0703125 0.0703125
3 0.78203125 0.83203125 0.0703125 0.0703125
3 0.2546875 0.459375 0.065625 0.071875
3 0.384375 0.7125 0.06875 0.09375
3 0.846875 0.8171875 0.0734375 0.0734375
3 0.55703125 0.27265625 0.065625 0.1015625
3 0.6390625 0.83203125 0.059375 0.0875
3 0.7046875 0.8203125 0.0703125 0.0703125
3 0.8546875 0.2609375 0.0625 0.109375
3 0.76171875 0.51015625 0.084375 0.084375
3 0.67890625 0.6015625 0.059375 0.090625
3 0.48515625 0.51171875 0.059375 0.0859375
3 0.04375 0.72109375 0.0734375 0.0734375
3 0.2609375 0.2046875 0.065625 0.078125
3 0.1703125 0.1453125 0.0625 0.075
3 0.728125 0.86484375 0.0625 0.0734375
3 0.871875 0.6734375 0.071875 0.103125
3 0.90703125 0.846875 0.0734375 0.071875
3 0.20703125 0.83828125 0.0578125 0.0859375
3 0.48359375 0.23125 0.065625 0.065625
3 0.56328125 0.678125 0.0796875 0.078125
3 0.16640625 0.42734375 0.065625 0.0703125
3 0.303125 0.56484375 0.065625 0.0828125
3 0.32109375 0.44765625 0.0703125 0.0703125
3 0.82578125 0.16328125 0.0671875 0.0859375
3 0.6125 0.67734375 0.0625 0.0953125
3 0.31875 0.1484375 0.06875 0.06875
3 0.3484375 0.34296875 0.103125 0.103125
3 0.375 0.1046875 0.06875 0.084375
3 0.09765625 0.18984375 0.078125 0.078125
3 0.58203125 0.08984375 0.0671875 0.0828125
3 0.54921875 0.07734375 0.0765625 0.0875
3 0.77109375 0.28671875 0.0671875 0.0859375
3 0.10390625 0.56875 0.071875 0.071875
3 0.1859375 0.61796875 0.0625 0.0890625
3 0.2703125 0.25859375 0.059375 0.0734375
3 0.4234375 0.609375 0.0625 0.075
3 0.3375 0.05546875 0.078125 0.078125
3 0.040625 0.1890625 0.06875 0.06875
3 0.38828125 0.92578125 0.0828125 0.0828125
3 0.79609375 0.871875 0.0578125 0.075
3 0.5390625 0.95078125 0.065625 0.065625
3 0.19375 0.05390625 0.078125 0.078125
3 0.0375 0.859375 0.075 0.084375
3 0.39453125 0.80234375 0.071875 0.071875
3 0.7421875 0.7453125 0.06875 0.084375
3 0.06796875 0.78359375 0.0828125 0.0828125
3 0.59921875 0.74140625 0.0546875 0.0828125
3 0.36171875 0.60703125 0.0578125 0.0890625
3 0.04921875 0.0703125 0.071875 0.071875
3 0.55390625 0.328125 0.075 0.075
3 0.665625 0.9296875 0.0734375 0.0734375
3 0.34375 0.7046875 0.053125 0.084375
3 0.1828125 0.36171875 0.053125 0.065625
3 0.4515625 0.1890625 0.075 0.075
3 0.1546875 0.54765625 0.08125 0.0796875
3 0.371875 0.54453125 0.0625 0.0890625
3 0.84375 0.54765625 0.0734375 0.0734375
3 0.41796875 0.4171875 0.0703125 0.071875
3 0.27421875 0.80546875 0.06875 0.06875
3 0.91484375 0.55703125 0.059375 0.059375
3 0.73125 0.08984375 0.053125 0.0671875
3 0.9296875 0.196875 0.0765625 0.0765625
3 0.94765625 0.05546875 0.0546875 0.0734375
3 0.1125 0.5140625 0.06875 0.06875
3 0.690625 0.153125 0.06875 0.06875
3 0.6375 0.071875 0.0828125 0.0828125
3 0.6828125 0.2890625 0.0671875 0.0671875
3 0.51015625 0.87421875 0.05625 0.0734375
3 0.05390625 0.28203125 0.078125 0.078125
3 0.32421875 0.6609375 0.071875 0.0734375
3 0.546875 0.4734375 0.0640625 0.0640625
3 0.16171875 0.84296875 0.0671875 0.0671875
3 0.0921875 0.6546875 0.059375 0.059375
3 0.28125 0.7234375 0.0734375 0.0734375
3 0.1890625 0.7421875 0.071875 0.075
3 0.1734375 0.4890625 0.078125 0.078125
3 0.45703125 0.065625 0.0765625 0.0765625
3 0.7765625 0.56328125 0.0625 0.0953125
3 0.80078125 0.63046875 0.0796875 0.08125
3 0.72265625 0.1671875 0.065625 0.0671875
3 0.646875 0.18984375 0.0734375 0.075
3 0.0953125 0.2484375 0.084375 0.084375
3 0.3234375 0.84296875 0.053125 0.0859375
3 0.20234375 0.271875 0.0640625 0.06875
4 0.2171875 0.71875 0.0796875 0.0796875
3 0.08828125 0.06875 0.0609375 0.0625
3 0.20546875 0.15546875 0.084375 0.0515625
3 0.96484375 0.1796875 0.0640625 0.078125
3 0.621875 0.1953125 0.065625 0.065625
3 0.57734375 0.3734375 0.071875 0.071875
3 0.528125 0.4421875 0.05625 0.071875
3 0.39921875 0.45078125 0.0609375 0.0609375
3 0.353125 0.234375 0.0734375 0.0734375
3 0.2625 0.49140625 0.0703125 0.0703125
3 0.14375 0.52421875 0.0625 0.0765625
3 0.546875 0.4203125 0.059375 0.084375
3 0.4671875 0.53984375 0.0609375 0.0625
3 0.88515625 0.3859375 0.0640625 0.08125
3 0.75390625 0.15234375 0.0578125 0.084375
3 0.7296875 0.059375 0.06875 0.06875
3 0.609375 0.09765625 0.053125 0.053125
3 0.428125 0.06015625 0.05 0.0859375
3 0.434375 0.0953125 0.059375 0.0875
3 0.29453125 0.28671875 0.0640625 0.0859375
3 0.32421875 0.315625 0.071875 0.071875
3 0.1046875 0.2265625 0.06875 0.06875
3 0.16875 0.34765625 0.059375 0.0578125
3 0.06953125 0.43359375 0.071875 0.071875
3 0.1 0.44765625 0.0734375 0.0734375
3 0.14296875 0.4265625 0.065625 0.065625
3 0.09609375 0.40234375 0.0734375 0.084375
3 0.34296875 0.57734375 0.078125 0.078125
3 0.06484375 0.6390625 0.059375 0.059375
3 0.03359375 0.6625 0.0671875 0.06875
3 0.09453125 0.59921875 0.0625 0.0890625
3 0.34453125 0.346875 0.065625 0.0671875
3 0.3578125 0.334375 0.065625 0.096875
3 0.33125 0.365625 0.0703125 0.0703125
3 0.6140625 0.37890625 0.065625 0.0765625
3 0.484375 0.26171875 0.04375 0.0765625
3 0.3015625 0.69296875 0.075 0.075
3 0.153125 0.75546875 0.0625 0.0734375
3 0.1484375 0.80546875 0.04375 0.0734375
3 0.29609375 0.8359375 0.06875 0.0703125
3 0.3296875 0.80625 0.065625 0.065625
3 0.4046875 0.89296875 0.059375 0.0796875
3 0.55078125 0.90703125 0.0640625 0.0875
3 0.41328125 0.77265625 0.0734375 0.0734375
3 0.44453125 0.7984375 0.06875 0.075
3 0.403125 0.63984375 0.065625 0.065625
3 0.6109375 0.79296875 0.065625 0.065625
3 0.50390625 0.61015625 0.065625 0.0625
3 0.72109375 0.7078125 0.08125 0.08125
3 0.8609375 0.5078125 0.059375 0.090625
3 0.82109375 0.609375 0.053125 0.08125
3 0.7390625 0.6578125 0.065625 0.084375
3 0.7875 0.66484375 0.075 0.075
3 0.7703125 0.62578125 0.065625 0.0671875
3 0.7015625 0.29609375 0.059375 0.0859375
3 0.93671875 0.1140625 0.0765625 0.075
3 0.953125 0.08515625 0.065625 0.0828125
3 0.7484375 0.27265625 0.065625 0.075
3 0.759375 0.3203125 0.071875 0.071875
3 0.7328125 0.3765625 0.05625 0.078125
3 0.72734375 0.40546875 0.0625 0.0609375
3 0.7046875 0.390625 0.053125 0.08125
3 0.6625 0.384375 0.0671875 0.0671875
3 0.440625 0.56796875 0.078125 0.078125
3 0.96328125 0.85078125 0.0578125 0.0921875
3 0.90703125 0.334375 0.06875 0.06875
3 0.89765625 0.36171875 0.05 0.0796875
3 0.946875 0.30390625 0.0671875 0.0671875
3 0.91875 0.90234375 0.0734375 0.071875
3 0.865625 0.92578125 0.05625 0.071875
3 0.746875 0.925 0.0734375 0.0734375
3 0.93671875 0.93828125 0.053125 0.0859375
3 0.94765625 0.96328125 0.0640625 0.0625
3 0.8515625 0.95625 0.05625 0.084375
3 0.471875 0.69609375 0.071875 0.071875
3 0.3984375 0.53828125 0.059375 0.0546875
3 0.96953125 0.33984375 0.0609375 0.0640625
3 0.24296875 0.28515625 0.0453125 0.0703125
3 0.06953125 0.853125 0.0609375 0.0875
3 0.646875 0.403125 0.05625 0.08125
3 0.4375 0.13828125 0.05 0.0859375
3 0.31640625 0.0453125 0.078125 0.078125
3 0.790625 0.05234375 0.05625 0.0734375
3 0.778125 0.14140625 0.06875 0.0703125
3 0.625 0.7609375 0.053125 0.0625
3 0.4109375 0.87109375 0.059375 0.059375