3 0.734375 0.66015625 0.075 0.096875
3 0.29765625 0.7015625 0.0796875 0.096875
3 0.06015625 0.309375 0.08125 0.08125
3 0.8875 0.2328125 0.090625 0.090625
3 0.3734375 0.13671875 0.06875 0.0890625
3 0.68125 0.56171875 0.075 0.0921875
3 0.846875 0.68359375 0.084375 0.0828125
3 0.16796875 0.8578125 0.096875 0.0953125
3 0.465625 0.4578125 0.065625 0.090625
3 0.39453125 0.4890625 0.08125 0.0828125
3 0.13203125 0.6953125 0.0734375 0.1
3 0.25859375 0.7484375 0.084375 0.084375
3 0.85859375 0.47578125 0.084375 0.0859375
3 0.1328125 0.57890625 0.06875 0.0875
3 0.48046875 0.89140625 0.0765625 0.1046875
3 0.878125 0.60078125 0.078125 0.1046875
3 0.31015625 0.4796875 0.0734375 0.1
3 0.91875 0.42109375 0.0875 0.0875
3 0.703125 0.2671875 0.06875 0.096875
3 0.1453125 0.09375 0.071875 0.11875
3 0.334375 0.30859375 0.08125 0.1078125
3 0.3546875 0.89140625 0.090625 0.1140625
3 0.06875 0.10703125 0.078125 0.0953125
3 0.06953125 0.4953125 0.0890625 0.115625
3 0.27734375 0.13671875 0.0703125 0.0984375
3 0.7078125 0.47109375 0.071875 0.090625
3 0.6140625 0.49765625 0.06875 0.0984375
3 0.9234375 0.70859375 0.084375 0.0859375
3 0.09375 0.26015625 0.06875 0.1046875
3 0.60546875 0.1859375 0.0734375 0.103125
3 0.2203125 0.3296875 0.0890625 0.0875
3 0.8046875 0.38984375 0.090625 0.090625
3 0.06875 0.63671875 0.08125 0.1046875
3 0.425 0.7421875 0.071875 0.1
3 0.8421875 0.81796875 0.065625 0.0984375
3 0.53984375 0.2828125 0.078125 0.084375
3 0.4296875 0.37265625 0.078125 0.1046875
3 0.78125 0.87265625 0.0875 0.0875
3 0.2265625 0.571875 0.078125 0.1
3 0.5125 0.11171875 0.0828125 0.1109375
3 0.496875 0.7265625 0.0953125 0.0953125
3 0.7359375 0.115625 0.075 0.08125
3 0.6578125 0.3046875 0.06875 0.084375
3 0.58359375 0.3609375 0.08125 0.0796875
3 0.1078125 0.77421875 0.053125 0.1046875
3 0.66796875 0.65390625 0.078125 0.0796875
3 0.8078125 0.80703125 0.065625 0.090625
3 0.64609375 0.40078125 0.0609375 0.071875
3 0.6375 0.32109375 0.08125 0.08125