3 0.6734375 0.57421875 0.075 0.1015625
3 0.725 0.38671875 0.0734375 0.0734375
3 0.2390625 0.4796875 0.065625 0.084375
3 0.39453125 0.51171875 0.071875 0.0984375
3 0.4625 0.4890625 0.0890625 0.0890625
3 0.09453125 0.07578125 0.0875 0.0875
2 0.9375 0.31015625 0.0734375 0.075
3 0.303125 0.54296875 0.0921875 0.090625
3 0.62578125 0.7046875 0.084375 0.0859375
3 0.3953125 0.1703125 0.0625 0.103125
3 0.1390625 0.92578125 0.09375 0.0953125
3 0.7921875 0.39921875 0.090625 0.0890625
3 0.3140625 0.3703125 0.06875 0.0875
3 0.0703125 0.50390625 0.078125 0.0953125
3 0.51953125 0.4203125 0.090625 0.090625
3 0.46640625 0.14296875 0.0890625 0.0890625
3 0.66953125 0.43828125 0.0734375 0.0890625
3 0.10625 0.4625 0.071875 0.0875
3 0.76875 0.50703125 0.090625 0.0890625
3 0.41875 0.32734375 0.06875 0.0953125
3 0.15625 0.8328125 0.084375 0.084375
3 0.5984375 0.4359375 0.075 0.1
3 0.3328125 0.66484375 0.071875 0.0984375
3 0.69375 0.4796875 0.0828125 0.0828125
3 0.20625 0.9125 0.06875 0.10625
3 0.1140625 0.64140625 0.065625 0.1046875
3 0.21796875 0.38515625 0.0734375 0.1015625
3 0.48984375 0.61484375 0.0765625 0.1015625
3 0.378125 0.45546875 0.08125 0.115625
3 0.8921875 0.884375 0.0953125 0.0953125
3 0.12421875 0.36484375 0.06875 0.06875
3 0.81484375 0.46640625 0.071875 0.071875
6 0.16875 0.1890625 0.0875 0.115625
3 0.4359375 0.10234375 0.084375 0.0828125
3 0.79921875 0.60390625 0.0875 0.0875
3 0.58671875 0.2765625 0.0671875 0.090625
3 0.6140625 0.5375 0.065625 0.0875
3 0.55546875 0.73515625 0.0875 0.0875
3 0.2546875 0.25859375 0.065625 0.0671875
3 0.2953125 0.428125 0.078125 0.10625
3 0.69296875 0.70859375 0.0609375 0.0890625
6 0.19765625 0.3109375 0.0984375 0.059375
6 0.24296875 0.66796875 0.096875 0.096875
6 0.3140625 0.89140625 0.121875 0.1046875
6 0.809375 0.86875 0.0875 0.0875
6 0.5671875 0.646875 0.0875 0.090625
6 0.79296875 0.73125 0.075 0.075
6 0.7375 0.62109375 0.075 0.115625
3 0.640625 0.053125 0.065625 0.084375
6 0.7859375 0.096875 0.090625 0.140625
3 0.590625 0.13203125 0.0734375 0.075
3 0.6421875 0.2046875 0.0765625 0.0765625
3 0.8015625 0.2484375 0.059375 0.1
3 0.64765625 0.29609375 0.075 0.075
3 0.459375 0.28515625 0.065625 0.0859375
3 0.5171875 0.32578125 0.075 0.075
3 0.39140625 0.3640625 0.0640625 0.084375
3 0.4796875 0.33671875 0.065625 0.0890625
3 0.5390625 0.26328125 0.075 0.075
3 0.4875 0.24296875 0.071875 0.090625
3 0.040625 0.58984375 0.0765625 0.075
3 0.1 0.58359375 0.06875 0.06875
3 0.16328125 0.5453125 0.075 0.075
3 0.190625 0.665625 0.0625 0.0875
3 0.3875 0.62734375 0.075 0.075
3 0.2375 0.596875 0.065625 0.075
3 0.20625 0.5515625 0.06875 0.06875
3 0.74375 0.715625 0.065625 0.065625
3 0.825 0.70859375 0.0765625 0.0765625
3 0.19609375 0.259375 0.0734375 0.084375
3 0.06953125 0.39609375 0.0734375 0.071875
3 0.053125 0.253125 0.0734375 0.0734375
3 0.08828125 0.209375 0.0671875 0.065625
3 0.8640625 0.28359375 0.0828125 0.0828125
3 0.8484375 0.3234375 0.0625 0.084375
3 0.815625 0.34375 0.0796875 0.0796875
3 0.5734375 0.5203125 0.075 0.075
3 0.52734375 0.55234375 0.0640625 0.090625
3 0.2796875 0.8359375 0.071875 0.08125
3 0.2515625 0.85546875 0.065625 0.0828125
3 0.63984375 0.3546875 0.075 0.075
3 0.58125 0.3296875 0.0828125 0.0828125
3 0.140625 0.32109375 0.06875 0.0890625
3 0.1265625 0.26796875 0.071875 0.1015625
3 0.16796875 0.6203125 0.0703125 0.090625
3 0.28671875 0.76640625 0.071875 0.071875
3 0.3171875 0.7578125 0.0828125 0.0828125
6 0.1796875 0.36875 0.078125 0.071875