3 0.57421875 0.3265625 0.1015625 0.075
3 0.38671875 0.275 0.0734375 0.0734375
3 0.4796875 0.7609375 0.084375 0.065625
3 0.51171875 0.60546875 0.0984375 0.071875
3 0.4890625 0.5375 0.103125 0.075
3 0.07578125 0.90546875 0.0984375 0.0765625
2 0.31015625 0.0625 0.0859375 0.0625
3 0.54296875 0.696875 0.090625 0.0921875
3 0.7046875 0.37421875 0.096875 0.0734375
3 0.1703125 0.6046875 0.0828125 0.0828125
3 0.92578125 0.8609375 0.1109375 0.078125
3 0.39921875 0.2078125 0.1078125 0.071875
3 0.3703125 0.6859375 0.078125 0.078125
3 0.50390625 0.9296875 0.0875 0.0875
3 0.4203125 0.48046875 0.090625 0.090625
3 0.14296875 0.53359375 0.1015625 0.0765625
3 0.43828125 0.33046875 0.08125 0.08125
3 0.4625 0.89375 0.0796875 0.0796875
3 0.50703125 0.23125 0.1015625 0.078125
3 0.32734375 0.58125 0.0953125 0.06875
3 0.8328125 0.84375 0.084375 0.084375
3 0.4359375 0.4015625 0.0875 0.0875
3 0.66484375 0.6671875 0.084375 0.084375
3 0.4796875 0.30625 0.0828125 0.0828125
3 0.9125 0.79375 0.0875 0.0875
3 0.64140625 0.8859375 0.084375 0.084375
3 0.38515625 0.78203125 0.0875 0.0875
3 0.61484375 0.51015625 0.0890625 0.0890625
3 0.45546875 0.621875 0.0984375 0.0984375
3 0.884375 0.1078125 0.10625 0.084375
3 0.36484375 0.87578125 0.0828125 0.0546875
3 0.46640625 0.18515625 0.071875 0.071875
6 0.1890625 0.83125 0.1015625 0.1015625
3 0.10234375 0.5640625 0.0953125 0.071875
3 0.60390625 0.20078125 0.0875 0.0875
3 0.2765625 0.41328125 0.090625 0.0671875
3 0.5375 0.3859375 0.0875 0.065625
3 0.73515625 0.44453125 0.0875 0.0875
3 0.25859375 0.7453125 0.0734375 0.059375
3 0.428125 0.7046875 0.0921875 0.09375
3 0.70859375 0.30703125 0.0890625 0.0609375
6 0.3109375 0.80234375 0.059375 0.0984375
6 0.66796875 0.75703125 0.128125 0.065625
6 0.89140625 0.6859375 0.1125 0.1125
6 0.86875 0.190625 0.1125 0.0625
6 0.646875 0.4328125 0.0890625 0.0890625
6 0.73125 0.20703125 0.075 0.075
6 0.62109375 0.2625 0.0953125 0.0953125
3 0.053125 0.359375 0.075 0.075
6 0.096875 0.2140625 0.115625 0.115625
3 0.13203125 0.409375 0.075 0.0734375
3 0.2046875 0.3578125 0.090625 0.0625
3 0.2484375 0.1984375 0.1 0.059375
3 0.29609375 0.35234375 0.075 0.075
3 0.28515625 0.540625 0.0859375 0.065625
3 0.32578125 0.4828125 0.075 0.075
3 0.3640625 0.60859375 0.084375 0.0640625
3 0.33671875 0.5203125 0.0890625 0.065625
3 0.26328125 0.4609375 0.0796875 0.06875
3 0.24296875 0.5125 0.08125 0.08125
3 0.58984375 0.959375 0.0890625 0.0625
3 0.58359375 0.9 0.06875 0.06875
3 0.5453125 0.83671875 0.084375 0.0671875
3 0.665625 0.809375 0.0875 0.0625
3 0.62734375 0.6125 0.075 0.075
3 0.596875 0.7625 0.071875 0.0703125
3 0.5515625 0.79375 0.078125 0.059375
3 0.715625 0.25625 0.065625 0.065625
3 0.70859375 0.175 0.0765625 0.0765625
3 0.259375 0.80390625 0.078125 0.078125
3 0.39609375 0.93046875 0.071875 0.071875
3 0.253125 0.946875 0.08125 0.065625
3 0.209375 0.91171875 0.065625 0.0671875
3 0.28359375 0.1359375 0.1 0.065625
3 0.3234375 0.1515625 0.084375 0.0625
3 0.34375 0.184375 0.0796875 0.0796875
3 0.5203125 0.4265625 0.090625 0.059375
3 0.55234375 0.47265625 0.078125 0.078125
3 0.8359375 0.7203125 0.08125 0.071875
3 0.85546875 0.7484375 0.075 0.075
3 0.3546875 0.36015625 0.090625 0.0609375
3 0.3296875 0.41875 0.090625 0.075
3 0.32109375 0.859375 0.0890625 0.06875
3 0.26796875 0.8734375 0.0875 0.0875
3 0.6203125 0.83203125 0.08125 0.08125
3 0.76640625 0.71328125 0.0859375 0.0578125
3 0.7578125 0.6828125 0.1 0.065625
6 0.36875 0.8203125 0.071875 0.078125