3 0.45546875 0.7390625 0.0921875 0.078125
3 0.35 0.6796875 0.0859375 0.0859375
3 0.67265625 0.359375 0.0875 0.0875
3 0.4703125 0.1265625 0.096875 0.06875
3 0.73984375 0.41953125 0.075 0.0765625
3 0.66875 0.13125 0.1 0.071875
3 0.396875 0.2265625 0.1125 0.071875
3 0.61640625 0.440625 0.0953125 0.09375
3 0.74921875 0.609375 0.090625 0.0890625
3 0.25546875 0.5125 0.08125 0.08125
3 0.565625 0.69453125 0.0859375 0.0859375
3 0.27890625 0.2546875 0.0984375 0.075
3 0.42265625 0.3578125 0.1015625 0.084375
3 0.13046875 0.2625 0.1109375 0.075
3 0.515625 0.296875 0.11875 0.08125
3 0.6921875 0.88046875 0.084375 0.084375
3 0.27421875 0.39453125 0.0875 0.0875
3 0.9171875 0.0625 0.0953125 0.0953125
3 0.784375 0.30390625 0.10625 0.0703125
3 0.15390625 0.62421875 0.1046875 0.0796875
3 0.88359375 0.88671875 0.096875 0.096875
3 0.375 0.1640625 0.0953125 0.0953125
3 0.784375 0.12734375 0.09375 0.0921875
3 0.24765625 0.92109375 0.103125 0.0828125
3 0.92421875 0.62734375 0.0984375 0.0734375
3 0.89296875 0.1609375 0.0828125 0.0828125
3 0.61484375 0.5953125 0.121875 0.065625
3 0.740625 0.20859375 0.109375 0.0734375
3 0.62734375 0.540625 0.0921875 0.075
3 0.834375 0.6703125 0.1 0.071875
5 0.91953125 0.56015625 0.1109375 0.0734375
3 0.5921875 0.88515625 0.103125 0.0828125
3 0.36171875 0.78046875 0.109375 0.0671875
3 0.128125 0.184375 0.1125 0.075
3 0.71796875 0.06953125 0.1109375 0.0859375
3 0.875 0.50234375 0.08125 0.08125
3 0.3421875 0.49140625 0.084375 0.065625
5 0.09609375 0.31640625 0.121875 0.121875
3 0.4671875 0.83203125 0.0859375 0.084375
0 0.37578125 0.55390625 0.115625 0.0671875
3 0.12734375 0.7859375 0.1078125 0.084375
6 0.76640625 0.48828125 0.109375 0.1078125
3 0.17109375 0.7359375 0.078125 0.096875
3 0.3546875 0.4140625 0.078125 0.078125
3 0.86171875 0.2875 0.1046875 0.06875
3 0.2546875 0.7921875 0.0859375 0.0859375
3 0.6875 0.65625 0.10625 0.08125
3 0.14765625 0.9171875 0.090625 0.090625
3 0.359375 0.840625 0.0828125 0.0828125
3 0.85 0.60703125 0.0875 0.0875
3 0.41171875 0.9421875 0.0984375 0.0984375
6 0.4234375 0.9015625 0.1234375 0.1234375
3 0.540625 0.85625 0.096875 0.096875
0 0.8421875 0.44921875 0.121875 0.0921875
3 0.4890625 0.56953125 0.1 0.053125
3 0.4453125 0.45390625 0.0890625 0.0875
3 0.596875 0.57890625 0.10625 0.0671875