3 0.2609375 0.45546875 0.078125 0.0921875
3 0.3203125 0.35 0.0734375 0.1
3 0.640625 0.67265625 0.0875 0.0875
3 0.8734375 0.4703125 0.06875 0.096875
3 0.58046875 0.73984375 0.0765625 0.075
3 0.86875 0.66875 0.071875 0.1
3 0.7734375 0.396875 0.0921875 0.0921875
3 0.559375 0.61640625 0.0875 0.1015625
3 0.390625 0.74921875 0.0890625 0.090625
3 0.4875 0.25546875 0.08125 0.08125
3 0.30546875 0.565625 0.0859375 0.0859375
3 0.7453125 0.27890625 0.075 0.0984375
3 0.6421875 0.42265625 0.0921875 0.09375
3 0.7375 0.13046875 0.075 0.1109375
3 0.703125 0.515625 0.08125 0.11875
3 0.11953125 0.6921875 0.078125 0.090625
3 0.60546875 0.27421875 0.0875 0.0875
3 0.9375 0.9171875 0.08125 0.109375
3 0.69609375 0.784375 0.0875 0.0890625
3 0.37578125 0.15390625 0.0796875 0.1046875
3 0.11328125 0.88359375 0.0828125 0.1109375
3 0.8359375 0.375 0.071875 0.11875
3 0.87265625 0.784375 0.0859375 0.1
3 0.07890625 0.24765625 0.0828125 0.103125
3 0.37265625 0.92421875 0.0734375 0.0984375
3 0.8390625 0.89296875 0.071875 0.0953125
3 0.4046875 0.61484375 0.09375 0.09375
3 0.79140625 0.740625 0.0734375 0.109375
3 0.459375 0.62734375 0.0828125 0.084375
3 0.3296875 0.834375 0.0859375 0.0859375
5 0.43984375 0.91953125 0.0921875 0.0921875
3 0.11484375 0.5921875 0.0828125 0.103125
3 0.21953125 0.36171875 0.0671875 0.109375
3 0.815625 0.128125 0.075 0.1125
3 0.93046875 0.71796875 0.0984375 0.0984375
3 0.49765625 0.875 0.08125 0.08125
3 0.50859375 0.3421875 0.065625 0.084375
5 0.68359375 0.09609375 0.121875 0.121875
3 0.16796875 0.4671875 0.0765625 0.09375
0 0.44609375 0.37578125 0.0921875 0.090625
3 0.2140625 0.12734375 0.084375 0.1078125
6 0.51171875 0.76640625 0.1078125 0.109375
3 0.2640625 0.17109375 0.0875 0.0875
3 0.5859375 0.3546875 0.078125 0.078125
3 0.7125 0.86171875 0.0875 0.0859375
3 0.2078125 0.2546875 0.0859375 0.0859375
3 0.34375 0.6875 0.08125 0.10625
3 0.0828125 0.14765625 0.084375 0.096875
3 0.159375 0.359375 0.065625 0.1
3 0.39296875 0.85 0.0703125 0.10625
3 0.0578125 0.41171875 0.084375 0.1109375
6 0.0984375 0.4234375 0.096875 0.15
3 0.14375 0.540625 0.096875 0.096875
0 0.55078125 0.8421875 0.0921875 0.121875
3 0.43046875 0.4890625 0.053125 0.1
3 0.54609375 0.4453125 0.0734375 0.103125
3 0.42109375 0.596875 0.0875 0.0859375