2 0.5046875 0.26875 0.078125 0.0765625
2 0.72890625 0.4546875 0.0640625 0.0875
2 0.90625 0.5625 0.08125 0.08125
2 0.51015625 0.6515625 0.0640625 0.09375
2 0.75859375 0.7109375 0.0859375 0.084375
2 0.3390625 0.13359375 0.065625 0.0921875
2 0.20390625 0.5171875 0.0703125 0.09375
2 0.81328125 0.3375 0.0640625 0.0875
2 0.775 0.40625 0.06875 0.090625
2 0.85703125 0.409375 0.084375 0.0859375
2 0.45859375 0.71953125 0.078125 0.078125
2 0.2359375 0.10078125 0.065625 0.0859375
2 0.06640625 0.94921875 0.06875 0.06875
2 0.9046875 0.33828125 0.078125 0.0890625
2 0.86171875 0.11328125 0.0703125 0.0703125
2 0.578125 0.74375 0.078125 0.0875
2 0.95 0.7359375 0.075 0.075
2 0.21875 0.3171875 0.0765625 0.0765625
2 0.95234375 0.06015625 0.0734375 0.0921875
2 0.56640625 0.9484375 0.0734375 0.09375
2 0.80703125 0.5515625 0.075 0.075
2 0.45703125 0.1921875 0.0671875 0.090625
2 0.2859375 0.49609375 0.0625 0.0828125
2 0.3734375 0.690625 0.090625 0.090625
2 0.22421875 0.8203125 0.075 0.075
2 0.28203125 0.2125 0.065625 0.08125
2 0.11328125 0.78515625 0.0609375 0.090625
2 0.8734375 0.496875 0.084375 0.0859375
2 0.7421875 0.325 0.071875 0.08125
2 0.76953125 0.25625 0.0703125 0.08125
2 0.09140625 0.61328125 0.06875 0.06875
2 0.625 0.3125 0.065625 0.065625
2 0.69375 0.30625 0.0734375 0.0734375
2 0.93515625 0.94609375 0.0703125 0.071875
2 0.17578125 0.78359375 0.0671875 0.0921875
2 0.5171875 0.56484375 0.06875 0.06875
2 0.72734375 0.20546875 0.065625 0.065625
2 0.78828125 0.20625 0.0671875 0.075
2 0.6453125 0.68125 0.06875 0.0671875
2 0.58359375 0.0453125 0.040625 0.071875
2 0.96171875 0.521875 0.0765625 0.0875
2 0.175 0.878125 0.09375 0.0625
2 0.0890625 0.55 0.0625 0.0625
2 0.05234375 0.5640625 0.0484375 0.0625
2 0.5234375 0.078125 0.0546875 0.0546875
5 0.56875 0.34453125 0.0875 0.1109375
5 0.6421875 0.80078125 0.0796875 0.08125
2 0.353125 0.21953125 0.0984375 0.0984375
5 0.4953125 0.12734375 0.08125 0.08125