3 0.6546875 0.7328125 0.0734375 0.0734375
3 0.5 0.215625 0.071875 0.08125
3 0.1515625 0.89375 0.065625 0.075
3 0.29765625 0.4734375 0.0640625 0.084375
3 0.65234375 0.33984375 0.059375 0.059375
3 0.5640625 0.8859375 0.065625 0.0875
3 0.159375 0.1859375 0.053125 0.0875
3 0.31875 0.68984375 0.078125 0.078125
3 0.4671875 0.73828125 0.065625 0.096875
3 0.8828125 0.234375 0.0765625 0.0765625
3 0.203125 0.44765625 0.06875 0.06875
3 0.6390625 0.12578125 0.065625 0.0796875
3 0.83125 0.17109375 0.0703125 0.0703125
3 0.6078125 0.421875 0.078125 0.078125
3 0.8609375 0.30234375 0.08125 0.08125
3 0.46875 0.30078125 0.075 0.0859375
3 0.52578125 0.284375 0.0703125 0.08125
3 0.31328125 0.92265625 0.0734375 0.090625
3 0.36640625 0.209375 0.0671875 0.10625
3 0.13125 0.3984375 0.090625 0.090625
3 0.61015625 0.18359375 0.0859375 0.1046875
3 0.796875 0.36875 0.0859375 0.0859375
3 0.7625 0.1515625 0.0921875 0.0921875
1 0.5328125 0.721875 0.1 0.1