3 0.1828125 0.8875 0.0875 0.0875
3 0.31015625 0.30546875 0.0890625 0.0890625
3 0.365625 0.20546875 0.11875 0.0734375
3 0.04921875 0.64453125 0.084375 0.084375
3 0.3890625 0.12421875 0.0890625 0.0875
3 0.11640625 0.678125 0.0953125 0.075
3 0.8734375 0.44140625 0.0875 0.0890625
3 0.04765625 0.571875 0.0828125 0.075
3 0.79921875 0.11875 0.1015625 0.078125
3 0.39765625 0.34375 0.1078125 0.08125
3 0.2421875 0.45078125 0.0875 0.075
3 0.13203125 0.82265625 0.084375 0.084375
3 0.528125 0.128125 0.1 0.071875
3 0.38203125 0.75 0.1015625 0.06875
3 0.459375 0.63125 0.103125 0.075
3 0.5546875 0.20234375 0.0828125 0.0828125
3 0.74453125 0.31484375 0.1078125 0.0703125
3 0.19140625 0.14921875 0.09375 0.09375
3 0.92265625 0.88125 0.0890625 0.0875
3 0.47734375 0.1859375 0.0953125 0.071875
3 0.84296875 0.73671875 0.1078125 0.0765625
3 0.1328125 0.75625 0.121875 0.0765625
3 0.5765625 0.32734375 0.0890625 0.0875
3 0.76015625 0.50078125 0.0796875 0.0796875
3 0.5796875 0.4796875 0.103125 0.075
3 0.63046875 0.346875 0.09375 0.0921875
3 0.4671875 0.24921875 0.0890625 0.0890625
3 0.41328125 0.71015625 0.0828125 0.0828125
3 0.4609375 0.540625 0.1125 0.05625
3 0.3578125 0.67109375 0.10625 0.0703125
3 0.309375 0.5140625 0.090625 0.090625
3 0.8125 0.61328125 0.103125 0.0578125
3 0.171875 0.54375 0.0890625 0.0890625
3 0.8140625 0.07265625 0.0859375 0.0859375
3 0.27421875 0.834375 0.0984375 0.08125
3 0.31171875 0.70234375 0.0953125 0.0953125
3 0.7859375 0.253125 0.09375 0.09375
3 0.43828125 0.078125 0.0890625 0.090625
3 0.2171875 0.79609375 0.109375 0.06875
3 0.08046875 0.5078125 0.1109375 0.071875
3 0.534375 0.5671875 0.0875 0.0875
3 0.22421875 0.52734375 0.0890625 0.0890625
3 0.35703125 0.4625 0.1140625 0.0625
3 0.91640625 0.946875 0.1015625 0.08125
6 0.85390625 0.30625 0.1125 0.1125
3 0.8421875 0.375 0.121875 0.059375
3 0.1078125 0.484375 0.165625 0.06875
3 0.5171875 0.4984375 0.1125 0.08125
3 0.6734375 0.053125 0.140625 0.065625