3 0.8171875 0.1125 0.1 0.075
3 0.68984375 0.69453125 0.103125 0.075
3 0.634375 0.79453125 0.0953125 0.096875
3 0.95078125 0.35546875 0.0984375 0.071875
3 0.6109375 0.87578125 0.0890625 0.0875
3 0.88359375 0.321875 0.084375 0.084375
3 0.1265625 0.55859375 0.0875 0.0890625
3 0.95234375 0.428125 0.0796875 0.078125
3 0.20078125 0.88125 0.1015625 0.078125
3 0.60234375 0.65625 0.1078125 0.08125
3 0.7578125 0.54921875 0.08125 0.08125
3 0.86796875 0.17734375 0.084375 0.084375
3 0.471875 0.871875 0.1 0.071875
3 0.61796875 0.25 0.084375 0.0859375
3 0.540625 0.36875 0.103125 0.075
3 0.4453125 0.79765625 0.08125 0.084375
3 0.25546875 0.68515625 0.1078125 0.0703125
3 0.80859375 0.85078125 0.1140625 0.0734375
3 0.07734375 0.11875 0.0890625 0.0875
3 0.52265625 0.8140625 0.084375 0.0828125
3 0.15703125 0.26328125 0.1078125 0.0765625
3 0.8671875 0.24375 0.121875 0.075
3 0.4234375 0.67265625 0.09375 0.0828125
3 0.23984375 0.49921875 0.0796875 0.0796875
3 0.4203125 0.5203125 0.090625 0.0890625
3 0.36953125 0.653125 0.1109375 0.075
3 0.5328125 0.75078125 0.0890625 0.0890625
3 0.58671875 0.28984375 0.0890625 0.0765625
3 0.5390625 0.459375 0.1125 0.05625
3 0.6421875 0.32890625 0.10625 0.0703125
3 0.690625 0.4859375 0.1 0.08125
3 0.1875 0.38671875 0.08125 0.08125
3 0.828125 0.45625 0.0890625 0.0890625
3 0.1859375 0.92734375 0.0859375 0.0859375
3 0.72578125 0.165625 0.0984375 0.08125
3 0.68828125 0.29765625 0.1140625 0.0765625
3 0.2140625 0.746875 0.09375 0.09375
3 0.56171875 0.921875 0.0921875 0.0875
3 0.7828125 0.20390625 0.109375 0.06875
3 0.91953125 0.4921875 0.090625 0.0921875
3 0.465625 0.4328125 0.109375 0.065625
3 0.77578125 0.47265625 0.0890625 0.0890625
3 0.64296875 0.5375 0.0875 0.0890625
3 0.08359375 0.053125 0.1015625 0.08125
6 0.14609375 0.69375 0.1421875 0.08125
3 0.1578125 0.625 0.090625 0.090625
3 0.8921875 0.515625 0.165625 0.06875
3 0.4828125 0.5015625 0.1125 0.08125
3 0.3265625 0.946875 0.103125 0.103125