3 0.25234375 0.18046875 0.0875 0.0875
3 0.71875 0.5625 0.090625 0.090625
3 0.04375 0.84765625 0.075 0.096875
3 0.28125 0.61640625 0.08125 0.0828125
3 0.93671875 0.23515625 0.084375 0.084375
3 0.21328125 0.7984375 0.084375 0.0828125
3 0.609375 0.34140625 0.06875 0.096875
3 0.57734375 0.7859375 0.0796875 0.10625
3 0.10390625 0.7796875 0.0734375 0.1
3 0.25703125 0.94140625 0.0875 0.0875
3 0.5265625 0.89921875 0.071875 0.090625
3 0.31875 0.09765625 0.08125 0.103125
3 0.7015625 0.88203125 0.09375 0.09375
3 0.64453125 0.46640625 0.0703125 0.0953125
3 0.434375 0.68125 0.06875 0.0875
3 0.23359375 0.56484375 0.08125 0.08125
3 0.09609375 0.65234375 0.078125 0.078125
3 0.4234375 0.33828125 0.0875 0.0875
3 0.43359375 0.7875 0.0796875 0.0796875
3 0.6484375 0.2390625 0.071875 0.096875
3 0.50546875 0.62421875 0.05625 0.0953125
3 0.69609375 0.71171875 0.0796875 0.0828125
3 0.77421875 0.85859375 0.0703125 0.103125
3 0.846875 0.46484375 0.0796875 0.0796875
3 0.3171875 0.2515625 0.084375 0.1
3 0.234375 0.2796875 0.09375 0.09375
3 0.90625 0.3203125 0.084375 0.084375
3 0.453125 0.5734375 0.065625 0.109375
3 0.453125 0.9203125 0.0890625 0.0890625
3 0.9328125 0.5015625 0.065625 0.096875
3 0.7546875 0.04921875 0.084375 0.0984375
3 0.5375 0.44609375 0.075 0.090625
3 0.36328125 0.9234375 0.0859375 0.084375
3 0.41484375 0.10078125 0.08125 0.08125
3 0.1734375 0.2265625 0.071875 0.090625
3 0.23359375 0.33984375 0.084375 0.084375
3 0.11328125 0.35390625 0.0765625 0.1078125
3 0.9046875 0.41328125 0.08125 0.0796875
3 0.22890625 0.65625 0.0734375 0.0875
3 0.76796875 0.46796875 0.0734375 0.0984375
3 0.384375 0.42109375 0.0921875 0.090625
3 0.55546875 0.390625 0.084375 0.084375
3 0.0515625 0.50703125 0.0890625 0.0890625
3 0.88359375 0.13828125 0.078125 0.078125
3 0.15625 0.09140625 0.0921875 0.090625
3 0.271875 0.50859375 0.065625 0.0921875
3 0.3890625 0.5171875 0.0796875 0.0796875
3 0.5453125 0.209375 0.084375 0.10625
3 0.7 0.6859375 0.084375 0.0859375
3 0.4015625 0.21328125 0.065625 0.1078125
3 0.7828125 0.39921875 0.084375 0.084375
3 0.86328125 0.34375 0.078125 0.10625
3 0.72578125 0.39765625 0.0609375 0.1109375
3 0.6234375 0.9484375 0.059375 0.103125
3 0.08203125 0.53828125 0.084375 0.084375
3 0.61953125 0.04921875 0.0859375 0.0859375
3 0.10234375 0.9203125 0.0921875 0.0921875
3 0.90625 0.6140625 0.075 0.090625
3 0.45703125 0.096875 0.090625 0.090625
3 0.41796875 0.49375 0.065625 0.1
3 0.94765625 0.5421875 0.084375 0.084375
3 0.4328125 0.08671875 0.078125 0.1
2 0.16484375 0.4546875 0.0828125 0.15625
3 0.228125 0.4765625 0.078125 0.078125
3 0.5234375 0.4328125 0.0890625 0.0890625