3 0.74765625 0.18046875 0.0890625 0.0875
3 0.28125 0.5625 0.075 0.10625
3 0.95625 0.84765625 0.084375 0.0859375
3 0.71875 0.61640625 0.08125 0.0828125
3 0.06328125 0.23515625 0.075 0.0953125
3 0.78671875 0.7984375 0.0703125 0.096875
3 0.390625 0.34140625 0.0703125 0.096875
3 0.42265625 0.7859375 0.0796875 0.10625
3 0.89609375 0.7796875 0.0734375 0.1
3 0.74296875 0.94140625 0.0875 0.0875
3 0.4734375 0.89921875 0.08125 0.08125
3 0.68125 0.09765625 0.0921875 0.0921875
3 0.2984375 0.88203125 0.071875 0.1140625
3 0.35546875 0.46640625 0.0828125 0.0828125
3 0.565625 0.68125 0.06875 0.0875
3 0.76640625 0.56484375 0.08125 0.08125
3 0.90390625 0.65234375 0.078125 0.078125
3 0.5765625 0.33828125 0.078125 0.0984375
3 0.56640625 0.7875 0.0671875 0.090625
3 0.3515625 0.2390625 0.071875 0.096875
3 0.49453125 0.62421875 0.05625 0.0953125
3 0.30390625 0.71171875 0.0796875 0.0828125
3 0.22578125 0.85859375 0.0703125 0.103125
3 0.153125 0.46484375 0.06875 0.090625
3 0.6828125 0.2515625 0.084375 0.1
3 0.765625 0.2796875 0.078125 0.109375
3 0.09375 0.3203125 0.078125 0.090625
3 0.546875 0.5734375 0.065625 0.109375
3 0.546875 0.9203125 0.0890625 0.0890625
3 0.0671875 0.5015625 0.065625 0.096875
3 0.2453125 0.04921875 0.0921875 0.090625
3 0.4625 0.44609375 0.0828125 0.0828125
3 0.63671875 0.9234375 0.0859375 0.084375
3 0.58515625 0.10078125 0.0640625 0.0984375
3 0.8265625 0.2265625 0.071875 0.090625
3 0.76640625 0.33984375 0.0796875 0.090625
3 0.88671875 0.35390625 0.0921875 0.0921875
3 0.0953125 0.41328125 0.08125 0.0796875
3 0.77109375 0.65625 0.0734375 0.0875
3 0.23203125 0.46796875 0.0734375 0.0984375
3 0.615625 0.42109375 0.0921875 0.090625
3 0.44453125 0.390625 0.084375 0.084375
3 0.9484375 0.50703125 0.0890625 0.0890625
3 0.11640625 0.13828125 0.078125 0.0796875
3 0.84375 0.09140625 0.08125 0.1015625
3 0.728125 0.50859375 0.0796875 0.0796875
3 0.6109375 0.5171875 0.0796875 0.0796875
3 0.4546875 0.209375 0.084375 0.10625
3 0.3 0.6859375 0.06875 0.103125
3 0.5984375 0.21328125 0.0859375 0.0875
3 0.2171875 0.39921875 0.0859375 0.084375
3 0.13671875 0.34375 0.078125 0.1078125
3 0.27421875 0.39765625 0.0609375 0.1109375
3 0.3765625 0.9484375 0.059375 0.103125
3 0.91796875 0.53828125 0.0703125 0.0984375
3 0.38046875 0.04921875 0.0859375 0.0859375
3 0.89765625 0.9203125 0.0921875 0.0921875
3 0.09375 0.6140625 0.075 0.090625
3 0.54296875 0.096875 0.0765625 0.10625
3 0.58203125 0.49375 0.0828125 0.0828125
3 0.05234375 0.5421875 0.071875 0.096875
3 0.5671875 0.08671875 0.078125 0.1
2 0.83515625 0.4546875 0.1203125 0.1203125
3 0.771875 0.4765625 0.05 0.10625
3 0.4765625 0.4328125 0.0890625 0.0890625