2 0.6 0.65 0.0828125 0.0828125
2 0.59453125 0.93203125 0.0703125 0.090625
2 0.3765625 0.94375 0.059375 0.075
2 0.43125 0.4078125 0.065625 0.090625
2 0.7265625 0.675 0.06875 0.09375
2 0.65078125 0.4734375 0.0859375 0.0875
2 0.64296875 0.06953125 0.078125 0.078125
2 0.15703125 0.4234375 0.078125 0.078125
2 0.64375 0.7328125 0.084375 0.084375
2 0.746875 0.0625 0.06875 0.1
2 0.36640625 0.4359375 0.078125 0.0765625
2 0.30546875 0.79609375 0.0765625 0.078125
2 0.77109375 0.74140625 0.0671875 0.0953125
2 0.79453125 0.1625 0.0734375 0.1
2 0.69375 0.16015625 0.084375 0.0828125
2 0.06640625 0.06640625 0.0734375 0.0984375
2 0.86484375 0.89765625 0.0703125 0.0984375
2 0.45390625 0.9328125 0.084375 0.0859375
2 0.2046875 0.509375 0.075 0.1
2 0.88515625 0.73359375 0.08125 0.0796875
2 0.07109375 0.92734375 0.0828125 0.0828125
2 0.94296875 0.69375 0.0875 0.0859375
2 0.490625 0.24765625 0.0875 0.0875
2 0.33515625 0.34921875 0.075 0.0953125
2 0.096875 0.65390625 0.084375 0.084375
2 0.1515625 0.7875 0.065625 0.090625
2 0.10234375 0.13046875 0.0875 0.0875
2 0.32578125 0.871875 0.0734375 0.084375
2 0.5359375 0.534375 0.053125 0.11875
2 0.44140625 0.50625 0.0703125 0.0875
2 0.71328125 0.48828125 0.0734375 0.103125
2 0.396875 0.62109375 0.075 0.075
2 0.03828125 0.7 0.075 0.1
2 0.184375 0.2828125 0.090625 0.08125
2 0.20390625 0.83203125 0.0640625 0.096875
2 0.7328125 0.271875 0.09375 0.09375
2 0.10546875 0.546875 0.090625 0.090625
2 0.53359375 0.7265625 0.071875 0.109375
2 0.1921875 0.69453125 0.065625 0.08125
2 0.4046875 0.85703125 0.08125 0.1078125
2 0.2734375 0.096875 0.090625 0.090625
2 0.72421875 0.7828125 0.1015625 0.1015625
2 0.44375 0.81640625 0.0921875 0.0921875
2 0.46796875 0.32578125 0.096875 0.096875
2 0.18828125 0.60390625 0.090625 0.090625
2 0.37109375 0.27421875 0.09375 0.09375
2 0.05859375 0.7875 0.0890625 0.0890625
2 0.665625 0.65234375 0.0875 0.0875
2 0.646875 0.21484375 0.1 0.1
2 0.2546875 0.8796875 0.09375 0.090625
2 0.30234375 0.9484375 0.084375 0.084375
2 0.390625 0.5375 0.1015625 0.1015625
2 0.965625 0.3359375 0.065625 0.1125
2 0.58359375 0.05859375 0.0859375 0.0859375
2 0.34609375 0.66328125 0.090625 0.090625
3 0.45859375 0.65546875 0.078125 0.078125