3 0.2078125 0.1 0.084375 0.084375
3 0.18046875 0.9421875 0.096875 0.0953125
3 0.9484375 0.17109375 0.096875 0.0734375
3 0.071875 0.70390625 0.1 0.06875
3 0.3953125 0.6359375 0.1 0.065625
3 0.67109375 0.40625 0.0984375 0.06875
3 0.221875 0.85234375 0.1 0.0765625
3 0.484375 0.49921875 0.078125 0.0796875
3 0.86796875 0.36875 0.0875 0.0875
3 0.06640625 0.290625 0.090625 0.0921875
3 0.5109375 0.43984375 0.078125 0.078125
3 0.41015625 0.1453125 0.0859375 0.0859375
3 0.28046875 0.88828125 0.0921875 0.0921875
3 0.76875 0.43125 0.10625 0.084375
3 0.83984375 0.1890625 0.1078125 0.071875
3 0.29765625 0.61328125 0.0984375 0.0796875
3 0.0953125 0.4046875 0.103125 0.075
3 0.30234375 0.20546875 0.090625 0.090625
3 0.7453125 0.16015625 0.071875 0.071875
3 0.2109375 0.17421875 0.0921875 0.0921875
3 0.54453125 0.165625 0.084375 0.0859375
3 0.7921875 0.06796875 0.078125 0.078125
3 0.115625 0.76640625 0.0734375 0.075
3 0.52109375 0.8390625 0.0859375 0.084375
3 0.0609375 0.20078125 0.0875 0.0875
3 0.7828125 0.2515625 0.103125 0.078125
3 0.77890625 0.8921875 0.0859375 0.0859375
3 0.52109375 0.940625 0.0875 0.0875
3 0.56015625 0.76015625 0.1109375 0.06875
3 0.359375 0.70546875 0.121875 0.0703125
3 0.40078125 0.5515625 0.09375 0.0921875
4 0.8859375 0.76015625 0.0796875 0.08125
3 0.5375 0.6984375 0.1 0.078125
3 0.62578125 0.47578125 0.0859375 0.0859375
3 0.25078125 0.7375 0.0921875 0.0921875
3 0.14921875 0.0828125 0.1015625 0.071875
3 0.4 0.41328125 0.0828125 0.08125
3 0.559375 0.23125 0.09375 0.06875
3 0.678125 0.18203125 0.090625 0.0890625
3 0.4984375 0.56640625 0.096875 0.0609375
3 0.11328125 0.6140625 0.1046875 0.071875
3 0.46640625 0.925 0.1015625 0.075
3 0.5390625 0.34140625 0.0796875 0.08125
3 0.196875 0.425 0.0890625 0.0890625
3 0.05546875 0.85625 0.1015625 0.06875
3 0.8578125 0.81875 0.0859375 0.0859375
3 0.1953125 0.4890625 0.0921875 0.0921875
3 0.26796875 0.79609375 0.0875 0.0875
3 0.17890625 0.5703125 0.090625 0.090625
3 0.18671875 0.73125 0.0859375 0.071875
3 0.16875 0.54296875 0.1 0.0671875
3 0.67578125 0.58515625 0.0953125 0.0734375
3 0.29296875 0.41015625 0.0953125 0.0703125
3 0.04296875 0.08046875 0.078125 0.078125
3 0.63046875 0.603125 0.0703125 0.06875