3 0.35390625 0.6296875 0.0640625 0.090625
3 0.084375 0.77734375 0.0828125 0.0828125
3 0.89765625 0.81953125 0.0703125 0.0890625
3 0.1859375 0.2953125 0.06875 0.08125
3 0.3046875 0.15703125 0.059375 0.0828125
3 0.05 0.30859375 0.078125 0.078125
3 0.09375 0.9515625 0.075 0.075
3 0.55078125 0.34296875 0.0640625 0.0640625
3 0.6234375 0.65078125 0.065625 0.0859375
3 0.565625 0.05703125 0.0890625 0.0875
3 0.15625 0.43828125 0.071875 0.0875
3 0.8546875 0.1765625 0.0828125 0.0828125
3 0.69453125 0.246875 0.046875 0.0625
3 0.70078125 0.165625 0.05 0.065625
3 0.76171875 0.44375 0.0484375 0.0625
3 0.68359375 0.69609375 0.065625 0.0859375
3 0.8375 0.32109375 0.04375 0.071875
3 0.8703125 0.1140625 0.0671875 0.0671875
3 0.7078125 0.65625 0.06875 0.09375
3 0.1515625 0.1953125 0.071875 0.09375
0 0.47890625 0.45859375 0.0859375 0.1109375