2 0.8828125 0.5890625 0.075 0.0921875
2 0.225 0.6671875 0.06875 0.084375
2 0.3859375 0.9234375 0.071875 0.0875
2 0.47890625 0.7171875 0.0671875 0.0875
2 0.6234375 0.06015625 0.071875 0.1
2 0.0890625 0.08828125 0.090625 0.0890625
2 0.7890625 0.840625 0.075 0.0875
2 0.14765625 0.84453125 0.0703125 0.1078125
2 0.10625 0.72890625 0.078125 0.0859375
2 0.071875 0.35546875 0.06875 0.0984375
2 0.75625 0.0546875 0.0890625 0.0890625
2 0.88828125 0.72421875 0.0734375 0.0921875
2 0.44765625 0.16484375 0.0703125 0.1015625
2 0.746875 0.76015625 0.084375 0.09375
2 0.48671875 0.8359375 0.08125 0.08125
2 0.12109375 0.61484375 0.0875 0.0875
2 0.84375 0.32109375 0.0625 0.0890625
2 0.76796875 0.67578125 0.0859375 0.096875
2 0.584375 0.2796875 0.065625 0.090625
2 0.78046875 0.46328125 0.075 0.1546875
2 0.4328125 0.44375 0.0859375 0.0859375
2 0.03671875 0.5984375 0.071875 0.09375
2 0.48359375 0.3921875 0.0640625 0.075
2 0.95859375 0.3875 0.0828125 0.084375
2 0.92578125 0.78046875 0.0828125 0.1015625
2 0.87578125 0.284375 0.0765625 0.0765625
2 0.96171875 0.63515625 0.0765625 0.0796875
2 0.74609375 0.6375 0.0765625 0.078125
2 0.4 0.29140625 0.06875 0.09375
2 0.45078125 0.56953125 0.0765625 0.0953125
3 0.51328125 0.2671875 0.0765625 0.096875
3 0.95390625 0.18671875 0.071875 0.09375
3 0.0734375 0.1859375 0.0953125 0.0953125