2 0.4109375 0.1171875 0.090625 0.075
2 0.3328125 0.775 0.075 0.0765625
2 0.0765625 0.6140625 0.0875 0.071875
2 0.2828125 0.52109375 0.0875 0.0671875
2 0.93984375 0.3765625 0.1 0.071875
2 0.91171875 0.9109375 0.1046875 0.075
2 0.159375 0.2109375 0.0875 0.075
2 0.15546875 0.85234375 0.0890625 0.0890625
2 0.27109375 0.89375 0.0859375 0.078125
2 0.64453125 0.928125 0.0984375 0.06875
2 0.9453125 0.24375 0.1 0.078125
2 0.27578125 0.11171875 0.0828125 0.0828125
2 0.83515625 0.55234375 0.0859375 0.0859375
2 0.23984375 0.253125 0.0890625 0.0890625
2 0.1640625 0.51328125 0.09375 0.06875
2 0.38515625 0.87890625 0.0984375 0.0765625
2 0.67890625 0.15625 0.0890625 0.0625
2 0.32421875 0.23203125 0.096875 0.0859375
2 0.7203125 0.415625 0.090625 0.065625
2 0.53671875 0.21953125 0.1546875 0.075
2 0.55625 0.5671875 0.096875 0.075
2 0.40234375 0.9609375 0.0828125 0.078125
2 0.6078125 0.51640625 0.075 0.0640625
2 0.6125 0.04140625 0.084375 0.0828125
2 0.21953125 0.07421875 0.0921875 0.0921875
2 0.715625 0.12421875 0.08125 0.071875
2 0.36484375 0.03828125 0.0796875 0.0765625
2 0.3625 0.25390625 0.08125 0.0734375
2 0.70859375 0.6 0.08125 0.08125
2 0.43046875 0.54921875 0.0953125 0.0765625
3 0.7328125 0.48671875 0.0875 0.0875
3 0.81328125 0.04609375 0.0828125 0.0828125
3 0.8140625 0.9265625 0.0953125 0.0953125