3 0.396875 0.2015625 0.096875 0.078125
3 0.85078125 0.6546875 0.0875 0.0890625
3 0.16484375 0.06328125 0.0859375 0.0703125
3 0.53984375 0.25625 0.071875 0.0734375
3 0.43046875 0.61328125 0.0671875 0.0671875
3 0.50859375 0.8859375 0.0765625 0.0765625
3 0.575 0.0859375 0.078125 0.059375
3 0.27421875 0.13828125 0.084375 0.0671875
3 0.08359375 0.4875 0.0828125 0.0625
4 0.21953125 0.6109375 0.090625 0.0890625
3 0.66796875 0.56171875 0.075 0.075
3 0.8953125 0.75234375 0.075 0.075
3 0.79609375 0.4515625 0.0703125 0.053125
3 0.85078125 0.096875 0.0734375 0.05625
3 0.7515625 0.4 0.103125 0.075
3 0.4171875 0.93359375 0.090625 0.0734375
3 0.17890625 0.3484375 0.0953125 0.053125
3 0.5890625 0.50390625 0.071875 0.071875
3 0.4328125 0.6796875 0.1 0.071875
3 0.6125 0.89921875 0.090625 0.0703125
3 0.11640625 0.6890625 0.0953125 0.06875
3 0.33046875 0.7515625 0.0953125 0.075
3 0.36640625 0.76796875 0.0921875 0.06875
3 0.07109375 0.85546875 0.0734375 0.0609375
3 0.41328125 0.11015625 0.090625 0.090625
3 0.68984375 0.68125 0.078125 0.05625
0 0.08671875 0.17578125 0.0953125 0.0828125
1 0.55625 0.2 0.08125 0.08125
3 0.36484375 0.54921875 0.075 0.075
3 0.60390625 0.7578125 0.078125 0.078125
3 0.578125 0.36328125 0.096875 0.0671875
3 0.896875 0.834375 0.06875 0.0703125
3 0.45234375 0.334375 0.08125 0.0796875
3 0.44609375 0.0609375 0.0765625 0.0625
3 0.065625 0.26640625 0.06875 0.06875
3 0.8890625 0.36875 0.06875 0.06875
3 0.0875 0.5921875 0.0875 0.0875
3 0.6953125 0.3609375 0.078125 0.059375
3 0.6734375 0.959375 0.0765625 0.0765625
3 0.89765625 0.184375 0.0828125 0.0625
3 0.78046875 0.5359375 0.0671875 0.0671875
3 0.171875 0.4140625 0.096875 0.075
3 0.73203125 0.60546875 0.075 0.075
3 0.4421875 0.4828125 0.08125 0.059375
6 0.8828125 0.5734375 0.1125 0.084375
3 0.74296875 0.484375 0.0796875 0.0625
3 0.57890625 0.6375 0.078125 0.078125
3 0.6453125 0.4640625 0.071875 0.05625
3 0.41171875 0.54609375 0.078125 0.078125
3 0.13203125 0.78984375 0.084375 0.0640625
3 0.13984375 0.275 0.0703125 0.05
3 0.06015625 0.08984375 0.065625 0.065625
3 0.22890625 0.23671875 0.0859375 0.0875
3 0.83828125 0.1703125 0.090625 0.065625
3 0.2890625 0.45078125 0.0875 0.0671875
3 0.40703125 0.3890625 0.071875 0.071875
3 0.54453125 0.325 0.0734375 0.05625
3 0.5703125 0.81484375 0.065625 0.0578125
3 0.640625 0.1453125 0.06875 0.053125
3 0.76484375 0.85 0.059375 0.08125
3 0.615625 0.709375 0.090625 0.075
3 0.85078125 0.86328125 0.0796875 0.078125
3 0.671875 0.0859375 0.071875 0.065625
0 0.12734375 0.121875 0.0859375 0.08125
3 0.3921875 0.584375 0.084375 0.06875
3 0.6546875 0.20234375 0.078125 0.0765625
3 0.35859375 0.43203125 0.0609375 0.0609375
3 0.2234375 0.43125 0.065625 0.065625
3 0.7015625 0.065625 0.071875 0.053125
3 0.25546875 0.3984375 0.0796875 0.08125
3 0.515625 0.6578125 0.065625 0.065625
3 0.471875 0.60859375 0.075 0.0671875
3 0.275 0.325 0.05625 0.05625
3 0.13984375 0.46328125 0.06875 0.06875
3 0.04765625 0.55625 0.06875 0.06875
3 0.41953125 0.44765625 0.059375 0.059375
3 0.48203125 0.3484375 0.0765625 0.0625
3 0.81484375 0.84296875 0.0734375 0.0765625
3 0.70390625 0.840625 0.05625 0.0546875