4 0.36328125 0.75078125 0.084375 0.084375
3 0.453125 0.8359375 0.075 0.059375
3 0.35859375 0.534375 0.08125 0.08125
3 0.89140625 0.9203125 0.1015625 0.06875
3 0.084375 0.1640625 0.0875 0.0625
3 0.15390625 0.071875 0.090625 0.090625
3 0.52265625 0.48671875 0.1109375 0.06875
3 0.90703125 0.80078125 0.08125 0.08125
3 0.4515625 0.75390625 0.084375 0.0578125
3 0.84140625 0.08046875 0.0828125 0.0828125
3 0.67578125 0.73125 0.06875 0.0671875
3 0.6453125 0.16015625 0.084375 0.0546875
3 0.76015625 0.93671875 0.0765625 0.0765625
3 0.4328125 0.2671875 0.078125 0.05625
3 0.08046875 0.59375 0.1015625 0.075
3 0.46171875 0.3796875 0.0859375 0.084375
3 0.44609375 0.08125 0.0625 0.0625
3 0.73515625 0.59765625 0.075 0.0578125
3 0.29296875 0.6484375 0.0875 0.0625
3 0.52421875 0.1109375 0.0703125 0.0625
0 0.19609375 0.4875 0.084375 0.084375
4 0.284375 0.8875 0.103125 0.075
3 0.16640625 0.33984375 0.075 0.075
3 0.59765625 0.1015625 0.0828125 0.071875
3 0.91015625 0.46875 0.06875 0.0671875
3 0.06796875 0.86875 0.0703125 0.0703125
3 0.10234375 0.30625 0.0875 0.06875
3 0.91171875 0.4953125 0.075 0.0765625
3 0.65390625 0.346875 0.075 0.075
3 0.934375 0.3296875 0.0796875 0.0796875
3 0.4625 0.71015625 0.090625 0.0515625
3 0.74453125 0.246875 0.08125 0.08125
3 0.33203125 0.33828125 0.065625 0.065625
3 0.75625 0.8359375 0.078125 0.0796875
3 0.94609375 0.57265625 0.0796875 0.0796875
3 0.92421875 0.7015625 0.0671875 0.0671875
3 0.40078125 0.3859375 0.0796875 0.059375
3 0.859375 0.33671875 0.0671875 0.065625
3 0.65859375 0.40625 0.0703125 0.0703125
3 0.190625 0.73359375 0.084375 0.05625
3 0.428125 0.0359375 0.08125 0.053125
3 0.24765625 0.43515625 0.0796875 0.0609375
3 0.73359375 0.5109375 0.075 0.075
3 0.15390625 0.77890625 0.0765625 0.0609375
3 0.934375 0.2640625 0.084375 0.065625
3 0.33046875 0.92734375 0.0765625 0.0765625
3 0.115625 0.54296875 0.065625 0.065625
3 0.31015625 0.03984375 0.096875 0.0796875
3 0.25078125 0.17734375 0.0828125 0.0609375
3 0.71484375 0.65234375 0.0734375 0.0578125
3 0.6375 0.54140625 0.090625 0.0609375
3 0.221875 0.80390625 0.075 0.0640625
3 0.06328125 0.10390625 0.1046875 0.0609375
3 0.38671875 0.4703125 0.0796875 0.046875
3 0.1078125 0.35078125 0.0671875 0.06875
3 0.3203125 0.7125 0.0875 0.0875
3 0.69609375 0.04375 0.0640625 0.065625
3 0.46171875 0.328125 0.0765625 0.04375
3 0.57734375 0.73515625 0.071875 0.071875
3 0.77578125 0.69921875 0.0703125 0.0515625
3 0.54140625 0.41640625 0.0796875 0.0578125
3 0.12421875 0.42421875 0.0640625 0.0640625
3 0.57109375 0.175 0.0796875 0.0796875
3 0.2671875 0.5515625 0.078125 0.078125
3 0.74375 0.53359375 0.096875 0.0578125
3 0.4734375 0.52578125 0.0765625 0.0765625
3 0.73671875 0.4625 0.053125 0.053125
3 0.7515625 0.8875 0.0734375 0.0734375
3 0.8453125 0.509375 0.078125 0.0625
3 0.865625 0.73671875 0.06875 0.0421875
3 0.796875 0.775 0.0609375 0.0609375
3 0.67578125 0.81328125 0.0609375 0.0609375
3 0.628125 0.840625 0.075 0.05625
3 0.834375 0.8 0.06875 0.06875
3 0.40390625 0.171875 0.0765625 0.05625
3 0.21171875 0.51015625 0.071875 0.071875
3 0.3265625 0.3859375 0.05625 0.05625
3 0.3546875 0.42734375 0.078125 0.0421875
6 0.30078125 0.48125 0.1140625 0.096875
3 0.4625 0.18125 0.09375 0.0625
6 0.46328125 0.1265625 0.0921875 0.071875
3 0.1421875 0.60859375 0.071875 0.0546875
3 0.203125 0.6859375 0.0578125 0.0578125
3 0.19375 0.64140625 0.0875 0.0453125
3 0.27890625 0.66484375 0.0765625 0.0671875
3 0.07734375 0.046875 0.059375 0.0609375
3 0.62734375 0.46015625 0.0890625 0.0484375
3 0.6296875 0.06328125 0.071875 0.0546875
3 0.6984375 0.09609375 0.090625 0.05
3 0.76171875 0.09609375 0.0703125 0.0703125
3 0.42421875 0.565625 0.053125 0.0546875
3 0.05546875 0.9515625 0.0734375 0.0734375
3 0.04375 0.88515625 0.075 0.075
3 0.7078125 0.4484375 0.065625 0.053125
3 0.89296875 0.0328125 0.0734375 0.059375