4 0.63671875 0.75078125 0.0953125 0.0734375
3 0.546875 0.8359375 0.0671875 0.0671875
3 0.64140625 0.534375 0.08125 0.08125
3 0.10859375 0.9203125 0.084375 0.084375
3 0.915625 0.1640625 0.0875 0.0625
3 0.84609375 0.071875 0.1078125 0.075
3 0.47734375 0.48671875 0.1109375 0.06875
3 0.09296875 0.80078125 0.08125 0.08125
3 0.5484375 0.75390625 0.084375 0.0578125
3 0.15859375 0.08046875 0.0828125 0.0828125
3 0.32421875 0.73125 0.0828125 0.053125
3 0.3546875 0.16015625 0.084375 0.0546875
3 0.23984375 0.93671875 0.0765625 0.0765625
3 0.5671875 0.2671875 0.078125 0.05625
3 0.91953125 0.59375 0.1015625 0.075
3 0.53828125 0.3796875 0.1046875 0.065625
3 0.55390625 0.08125 0.0671875 0.059375
3 0.26484375 0.59765625 0.065625 0.065625
3 0.70703125 0.6484375 0.0875 0.0625
3 0.47578125 0.1109375 0.0703125 0.0625
0 0.80390625 0.4875 0.084375 0.084375
4 0.715625 0.8875 0.103125 0.075
3 0.83359375 0.33984375 0.075 0.075
3 0.40234375 0.1015625 0.0828125 0.071875
3 0.08984375 0.46875 0.0796875 0.05625
3 0.93203125 0.86875 0.0796875 0.0625
3 0.89765625 0.30625 0.0875 0.06875
3 0.08828125 0.4953125 0.075 0.0765625
3 0.34609375 0.346875 0.0953125 0.05625
3 0.065625 0.3296875 0.078125 0.078125
3 0.5375 0.71015625 0.0703125 0.071875
3 0.25546875 0.246875 0.1 0.0625
3 0.66796875 0.33828125 0.078125 0.0546875
3 0.24375 0.8359375 0.096875 0.059375
3 0.05390625 0.57265625 0.0796875 0.0796875
3 0.07578125 0.7015625 0.0671875 0.0671875
3 0.59921875 0.3859375 0.0796875 0.059375
3 0.140625 0.33671875 0.075 0.0578125
3 0.34140625 0.40625 0.0703125 0.0703125
3 0.809375 0.73359375 0.084375 0.05625
3 0.571875 0.0359375 0.0671875 0.0671875
3 0.75234375 0.43515625 0.0703125 0.0703125
3 0.26640625 0.5109375 0.075 0.075
3 0.84609375 0.77890625 0.0765625 0.0609375
3 0.065625 0.2640625 0.075 0.075
3 0.66953125 0.92734375 0.0796875 0.0734375
3 0.884375 0.54296875 0.065625 0.065625
3 0.68984375 0.03984375 0.096875 0.0796875
3 0.74921875 0.17734375 0.071875 0.071875
3 0.28515625 0.65234375 0.065625 0.065625
3 0.3625 0.54140625 0.0765625 0.075
3 0.778125 0.80390625 0.06875 0.06875
3 0.93671875 0.10390625 0.1046875 0.0609375
3 0.61328125 0.4703125 0.0625 0.0640625
3 0.8921875 0.35078125 0.08125 0.0546875
3 0.6796875 0.7125 0.0875 0.0875
3 0.30390625 0.04375 0.0703125 0.059375
3 0.53828125 0.328125 0.0765625 0.04375
3 0.42265625 0.73515625 0.0828125 0.0609375
3 0.22421875 0.69921875 0.0609375 0.0609375
3 0.45859375 0.41640625 0.06875 0.06875
3 0.87578125 0.42421875 0.0640625 0.0640625
3 0.42890625 0.175 0.090625 0.06875
3 0.7328125 0.5515625 0.078125 0.078125
3 0.25625 0.53359375 0.096875 0.0578125
3 0.5265625 0.52578125 0.103125 0.0484375
3 0.26328125 0.4625 0.0625 0.04375
3 0.2484375 0.8875 0.0734375 0.071875
3 0.1546875 0.509375 0.0703125 0.0703125
3 0.134375 0.73671875 0.0546875 0.05625
3 0.203125 0.775 0.0609375 0.0609375
3 0.32421875 0.81328125 0.0640625 0.05625
3 0.371875 0.840625 0.065625 0.065625
3 0.165625 0.8 0.06875 0.06875
3 0.59609375 0.171875 0.065625 0.0671875
3 0.78828125 0.51015625 0.071875 0.071875
3 0.6734375 0.3859375 0.065625 0.046875
3 0.6453125 0.42734375 0.0609375 0.0609375
6 0.69921875 0.48125 0.1140625 0.096875
3 0.5375 0.18125 0.078125 0.078125
6 0.53671875 0.1265625 0.0921875 0.071875
3 0.8578125 0.60859375 0.071875 0.0546875
3 0.796875 0.6859375 0.0578125 0.0578125
3 0.80625 0.64140625 0.0875 0.0453125
3 0.72109375 0.66484375 0.0765625 0.0671875
3 0.92265625 0.046875 0.0671875 0.053125
3 0.37265625 0.46015625 0.06875 0.06875
3 0.3703125 0.06328125 0.071875 0.0546875
3 0.3015625 0.09609375 0.0703125 0.0703125
3 0.23828125 0.09609375 0.0828125 0.0578125
3 0.57578125 0.565625 0.053125 0.0546875
3 0.94453125 0.9515625 0.0921875 0.053125
3 0.95625 0.88515625 0.08125 0.06875
3 0.2921875 0.4484375 0.059375 0.059375
3 0.10703125 0.0328125 0.0734375 0.059375