3 0.2140625 0.5984375 0.075 0.059375
3 0.578125 0.696875 0.0765625 0.0765625
3 0.51796875 0.20859375 0.06875 0.06875
3 0.79921875 0.7984375 0.0859375 0.05625
3 0.24921875 0.0859375 0.084375 0.084375
3 0.221875 0.4390625 0.0796875 0.078125
3 0.12578125 0.3546875 0.0875 0.0859375
3 0.50390625 0.38203125 0.1 0.0640625
3 0.74140625 0.74296875 0.0921875 0.0734375
3 0.8234375 0.328125 0.0828125 0.08125
3 0.66484375 0.6171875 0.0734375 0.0734375
3 0.87421875 0.25625 0.090625 0.0890625
3 0.13046875 0.75546875 0.078125 0.078125
3 0.7921875 0.2125 0.090625 0.06875
3 0.834375 0.06640625 0.08125 0.071875
3 0.06640625 0.696875 0.0890625 0.06875
3 0.775 0.51328125 0.0734375 0.071875
3 0.503125 0.59140625 0.078125 0.078125
3 0.584375 0.6203125 0.071875 0.05625
3 0.1171875 0.92734375 0.084375 0.0625
3 0.35078125 0.8859375 0.0765625 0.0625
3 0.615625 0.06875 0.0796875 0.0796875
3 0.91484375 0.72109375 0.0828125 0.0578125
3 0.896875 0.39609375 0.084375 0.0640625
3 0.88671875 0.77578125 0.0796875 0.0671875
3 0.13203125 0.57734375 0.0921875 0.0609375
3 0.35078125 0.4765625 0.0703125 0.0703125
3 0.39609375 0.8390625 0.075 0.0765625
3 0.18359375 0.53984375 0.0828125 0.0625
3 0.92265625 0.8453125 0.059375 0.0609375
3 0.72734375 0.2515625 0.078125 0.0625
3 0.0546875 0.5921875 0.0859375 0.0859375
3 0.3546875 0.5421875 0.075 0.075
3 0.3265625 0.621875 0.090625 0.06875
3 0.74375 0.6734375 0.08125 0.0625
3 0.36796875 0.61015625 0.0828125 0.065625
0 0.5125 0.446875 0.096875 0.096875
3 0.30234375 0.428125 0.075 0.0625
3 0.90390625 0.1421875 0.0890625 0.053125
3 0.359375 0.05234375 0.065625 0.065625
3 0.0703125 0.1 0.0875 0.0625
3 0.3203125 0.940625 0.090625 0.075
1 0.43359375 0.5109375 0.1109375 0.1
3 0.8921875 0.1984375 0.0671875 0.0671875
3 0.67421875 0.36875 0.0859375 0.059375
3 0.46640625 0.246875 0.0953125 0.075
3 0.59921875 0.1828125 0.08125 0.08125
3 0.11953125 0.5046875 0.0859375 0.065625
3 0.5203125 0.140625 0.08125 0.08125
3 0.13828125 0.8125 0.0953125 0.05625
3 0.409375 0.09921875 0.0671875 0.065625
3 0.203125 0.73828125 0.0625 0.0625
3 0.3265625 0.8 0.0671875 0.0671875
3 0.49453125 0.31484375 0.0921875 0.0609375
3 0.04921875 0.4125 0.096875 0.0625
3 0.19140625 0.80234375 0.0578125 0.0578125
3 0.47578125 0.1265625 0.0859375 0.059375
0 0.25625 0.8296875 0.0875 0.078125
6 0.184375 0.9390625 0.1109375 0.1109375
3 0.18515625 0.8453125 0.0796875 0.06875
3 0.33671875 0.75234375 0.0828125 0.0640625
6 0.9640625 0.48515625 0.071875 0.0796875
0 0.44296875 0.8078125 0.1109375 0.1125
3 0.50078125 0.83671875 0.0859375 0.0859375