3 0.4015625 0.2140625 0.059375 0.075
3 0.303125 0.578125 0.065625 0.0875
3 0.79140625 0.51796875 0.06875 0.06875
3 0.2015625 0.79921875 0.05625 0.0859375
3 0.9140625 0.24921875 0.071875 0.096875
3 0.5609375 0.221875 0.071875 0.0875
3 0.6453125 0.12578125 0.0859375 0.0875
3 0.61796875 0.50390625 0.08125 0.08125
3 0.25703125 0.74140625 0.0828125 0.0828125
3 0.671875 0.8234375 0.0828125 0.0828125
3 0.3828125 0.66484375 0.0734375 0.0734375
3 0.74375 0.87421875 0.06875 0.1109375
3 0.24453125 0.13046875 0.0640625 0.0921875
3 0.7875 0.7921875 0.0796875 0.0796875
3 0.93359375 0.834375 0.071875 0.0828125
3 0.303125 0.06640625 0.06875 0.0890625
3 0.48671875 0.775 0.0640625 0.08125
3 0.40859375 0.503125 0.078125 0.078125
3 0.3796875 0.584375 0.05625 0.071875
3 0.07265625 0.1171875 0.0734375 0.0734375
3 0.1140625 0.35078125 0.0625 0.0765625
3 0.93125 0.615625 0.06875 0.090625
3 0.27890625 0.91484375 0.0578125 0.0828125
3 0.60390625 0.896875 0.075 0.075
3 0.22421875 0.88671875 0.0734375 0.0734375
3 0.42265625 0.13203125 0.0609375 0.0921875
3 0.5234375 0.35078125 0.059375 0.0796875
3 0.1609375 0.39609375 0.0765625 0.075
3 0.46015625 0.18359375 0.0625 0.0828125
3 0.1546875 0.92265625 0.0609375 0.059375
3 0.7484375 0.72734375 0.0625 0.078125
3 0.4078125 0.0546875 0.0859375 0.0859375
3 0.4578125 0.3546875 0.065625 0.084375
3 0.378125 0.3265625 0.06875 0.090625
3 0.3265625 0.74375 0.071875 0.071875
3 0.38984375 0.36796875 0.065625 0.0828125
0 0.553125 0.5125 0.096875 0.096875
3 0.571875 0.30234375 0.0625 0.075
3 0.8578125 0.90390625 0.053125 0.0890625
3 0.94765625 0.359375 0.0640625 0.06875
3 0.9 0.0703125 0.075 0.075
3 0.059375 0.3203125 0.0828125 0.0828125
1 0.4890625 0.43359375 0.1 0.1109375
3 0.8015625 0.8921875 0.0671875 0.0671875
3 0.63125 0.67421875 0.059375 0.0859375
3 0.753125 0.46640625 0.075 0.0953125
3 0.8171875 0.59921875 0.071875 0.090625
3 0.4953125 0.11953125 0.0765625 0.075
3 0.859375 0.5203125 0.08125 0.08125
3 0.1875 0.13828125 0.05625 0.0953125
3 0.90078125 0.409375 0.0609375 0.071875
3 0.26171875 0.203125 0.0640625 0.059375
3 0.2 0.3265625 0.0671875 0.0671875
3 0.68515625 0.49453125 0.0765625 0.0765625
3 0.5875 0.04921875 0.0796875 0.0796875
3 0.19765625 0.19140625 0.0609375 0.0546875
3 0.8734375 0.47578125 0.071875 0.0734375
0 0.1703125 0.25625 0.0828125 0.0828125
6 0.0609375 0.184375 0.1109375 0.1109375
3 0.1546875 0.18515625 0.075 0.075
3 0.24765625 0.33671875 0.0734375 0.0734375
6 0.515625 0.9671875 0.09375 0.0625
0 0.1921875 0.44296875 0.1125 0.1109375
3 0.16328125 0.50078125 0.0859375 0.0859375