3 0.74765625 0.2375 0.0796875 0.0625
3 0.5390625 0.87265625 0.096875 0.0765625
3 0.92109375 0.340625 0.0796875 0.0625
3 0.5625 0.68203125 0.08125 0.08125
3 0.26015625 0.159375 0.075 0.075
3 0.234375 0.62421875 0.090625 0.06875
3 0.83359375 0.53359375 0.075 0.075
3 0.68515625 0.62421875 0.078125 0.078125
3 0.76484375 0.859375 0.075 0.075
3 0.4578125 0.33046875 0.0765625 0.075
3 0.6921875 0.69609375 0.096875 0.0671875
3 0.484375 0.5171875 0.078125 0.078125
4 0.84453125 0.8203125 0.1109375 0.0734375
3 0.62890625 0.8421875 0.096875 0.071875
3 0.4296875 0.71484375 0.078125 0.078125
3 0.8796875 0.1453125 0.0734375 0.0734375
3 0.49296875 0.5875 0.0890625 0.075
3 0.30546875 0.37578125 0.0921875 0.0703125
3 0.2734375 0.51328125 0.0765625 0.078125
0 0.4203125 0.27265625 0.103125 0.08125
3 0.765625 0.628125 0.08125 0.08125
3 0.4140625 0.57421875 0.0796875 0.0796875
3 0.40078125 0.46796875 0.078125 0.0796875
3 0.0921875 0.23203125 0.078125 0.0796875
3 0.3953125 0.18671875 0.084375 0.0703125
3 0.6765625 0.9375 0.0765625 0.0765625
3 0.6125 0.21875 0.065625 0.065625
3 0.6265625 0.1546875 0.075 0.06875
3 0.17890625 0.0453125 0.0734375 0.071875
3 0.82890625 0.446875 0.0828125 0.075
3 0.609375 0.9171875 0.0875 0.065625
3 0.2984375 0.79765625 0.06875 0.0703125
3 0.17578125 0.09765625 0.0875 0.0671875
3 0.659375 0.33828125 0.075 0.071875
3 0.68203125 0.5296875 0.065625 0.0671875
3 0.234375 0.7890625 0.08125 0.06875
3 0.57734375 0.52578125 0.0734375 0.0703125
6 0.115625 0.115625 0.0890625 0.0890625
3 0.88671875 0.0328125 0.0796875 0.065625
3 0.56875 0.40234375 0.0828125 0.08125
3 0.3375 0.83359375 0.06875 0.06875
3 0.85390625 0.5921875 0.1015625 0.071875
3 0.36015625 0.6 0.0796875 0.06875
3 0.490625 0.109375 0.090625 0.075
3 0.634375 0.0359375 0.078125 0.071875
3 0.7546875 0.946875 0.084375 0.06875
3 0.16875 0.38359375 0.0875 0.0796875
3 0.21328125 0.7 0.1015625 0.06875
3 0.77578125 0.14296875 0.0890625 0.0796875
3 0.928125 0.57578125 0.084375 0.0609375
3 0.75234375 0.4375 0.075 0.075
3 0.8984375 0.77578125 0.059375 0.0609375
3 0.7046875 0.13046875 0.090625 0.071875
3 0.57578125 0.06640625 0.0765625 0.0765625
3 0.140625 0.7375 0.084375 0.090625
3 0.0484375 0.8078125 0.096875 0.071875
3 0.4921875 0.18203125 0.071875 0.071875
3 0.56875 0.23203125 0.0875 0.06875
3 0.56640625 0.1078125 0.0796875 0.08125
3 0.83203125 0.09296875 0.0890625 0.0890625
3 0.04453125 0.18671875 0.0671875 0.0671875
3 0.709375 0.39609375 0.075 0.075
3 0.20234375 0.7484375 0.078125 0.0796875
3 0.628125 0.53515625 0.075 0.075