3 0.85234375 0.59609375 0.0640625 0.0953125
3 0.14453125 0.1859375 0.0734375 0.103125
3 0.24765625 0.2921875 0.09375 0.0953125
3 0.77109375 0.6359375 0.090625 0.090625
3 0.19453125 0.11953125 0.084375 0.084375
3 0.20859375 0.81640625 0.06875 0.0828125
3 0.75859375 0.89765625 0.090625 0.090625
3 0.090625 0.13203125 0.06875 0.0921875
3 0.490625 0.57421875 0.084375 0.0828125
3 0.50390625 0.27265625 0.0921875 0.0921875
3 0.42734375 0.4765625 0.075 0.115625
3 0.7234375 0.5671875 0.08125 0.08125
3 0.15859375 0.76484375 0.0734375 0.1171875
3 0.36640625 0.66484375 0.0625 0.075
3 0.37578125 0.83828125 0.09375 0.09375
3 0.309375 0.934375 0.0765625 0.0765625
3 0.03828125 0.5703125 0.0734375 0.103125
3 0.6171875 0.20546875 0.090625 0.0921875
3 0.5796875 0.62421875 0.075 0.1015625
3 0.95625 0.4671875 0.0671875 0.0671875
3 0.42421875 0.16640625 0.0734375 0.1109375
3 0.83671875 0.29765625 0.090625 0.0890625
3 0.878125 0.69140625 0.0984375 0.096875
3 0.35625 0.496875 0.078125 0.078125
3 0.65625 0.83046875 0.0875 0.0859375
3 0.88828125 0.76484375 0.0765625 0.078125
3 0.2671875 0.1984375 0.078125 0.090625
3 0.39375 0.21015625 0.0890625 0.0875
3 0.2765625 0.86953125 0.0828125 0.08125
3 0.66875 0.234375 0.0625 0.071875
3 0.725 0.53046875 0.0625 0.0875
3 0.88203125 0.84921875 0.0953125 0.0953125
3 0.353125 0.77890625 0.075 0.0953125
3 0.590625 0.41171875 0.0875 0.0859375
6 0.1203125 0.38828125 0.128125 0.15
6 0.2703125 0.70859375 0.128125 0.2125
6 0.61015625 0.10546875 0.096875 0.096875
6 0.62578125 0.5828125 0.1140625 0.103125
4 0.32578125 0.35234375 0.09375 0.09375
6 0.5203125 0.89140625 0.075 0.0890625
6 0.58125 0.871875 0.0875 0.0875
3 0.82109375 0.84453125 0.0890625 0.0890625
3 0.94140625 0.6984375 0.08125 0.0796875
3 0.9578125 0.715625 0.0796875 0.0796875
3 0.8953125 0.4578125 0.065625 0.065625
3 0.86484375 0.46796875 0.0609375 0.0953125
3 0.11953125 0.615625 0.0765625 0.09375
3 0.1234375 0.57578125 0.0875 0.0875
3 0.121875 0.5125 0.075 0.075
3 0.18046875 0.48515625 0.0671875 0.065625
3 0.275 0.12421875 0.075 0.075
3 0.31953125 0.0640625 0.075 0.075
3 0.4640625 0.09765625 0.065625 0.0859375
3 0.540625 0.07109375 0.084375 0.084375
3 0.8875 0.1828125 0.078125 0.09375
3 0.69296875 0.646875 0.0640625 0.0875
3 0.2734375 0.4828125 0.059375 0.090625
3 0.31640625 0.48203125 0.0609375 0.0796875
3 0.3734375 0.596875 0.065625 0.096875
3 0.21484375 0.93671875 0.08125 0.08125
3 0.465625 0.8671875 0.05625 0.084375
3 0.36796875 0.553125 0.075 0.075
3 0.83046875 0.93203125 0.0609375 0.0859375
3 0.659375 0.3390625 0.08125 0.08125
3 0.88359375 0.37734375 0.0578125 0.075
3 0.3609375 0.3234375 0.0765625 0.078125