3 0.896875 0.6671875 0.0765625 0.0765625
3 0.88515625 0.24453125 0.08125 0.08125
3 0.10703125 0.925 0.08125 0.08125
3 0.39375 0.7234375 0.06875 0.103125
3 0.11796875 0.61875 0.075 0.075
3 0.55390625 0.9359375 0.0734375 0.075
3 0.50078125 0.85390625 0.0703125 0.0921875
3 0.70859375 0.82578125 0.071875 0.1015625
3 0.63203125 0.80546875 0.0703125 0.1015625
3 0.078125 0.71640625 0.0859375 0.0875
3 0.75 0.5828125 0.071875 0.09375
3 0.8921875 0.084375 0.0765625 0.0765625
3 0.3953125 0.88671875 0.078125 0.0984375
3 0.834375 0.17421875 0.071875 0.0984375
3 0.803125 0.76171875 0.0828125 0.0828125
3 0.8953125 0.89453125 0.084375 0.1046875
3 0.175 0.0859375 0.075 0.090625
3 0.034375 0.4859375 0.0625 0.084375
3 0.0765625 0.53125 0.090625 0.090625
3 0.321875 0.06796875 0.090625 0.090625
5 0.5875 0.3359375 0.1203125 0.1203125
1 0.140625 0.771875 0.0984375 0.0984375