3 0.6671875 0.103125 0.0765625 0.0765625
3 0.24453125 0.11484375 0.08125 0.08125
3 0.925 0.89296875 0.08125 0.08125
3 0.7234375 0.60625 0.084375 0.0875
3 0.61875 0.88203125 0.084375 0.0640625
3 0.9359375 0.44609375 0.075 0.0734375
3 0.85390625 0.49921875 0.0921875 0.0703125
3 0.82578125 0.29140625 0.1015625 0.071875
3 0.80546875 0.36796875 0.1015625 0.0703125
3 0.71640625 0.921875 0.0875 0.0859375
3 0.5828125 0.25 0.0828125 0.0828125
3 0.084375 0.1078125 0.0765625 0.0765625
3 0.88671875 0.6046875 0.0875 0.0890625
3 0.17421875 0.165625 0.0984375 0.071875
3 0.76171875 0.196875 0.0828125 0.0828125
3 0.89453125 0.1046875 0.1046875 0.084375
3 0.0859375 0.825 0.08125 0.0828125
3 0.48671875 0.96484375 0.0734375 0.0703125
3 0.53125 0.9234375 0.096875 0.084375
3 0.06796875 0.678125 0.1046875 0.075
5 0.3359375 0.4125 0.1203125 0.11875
1 0.771875 0.859375 0.115625 0.08125