3 0.775 0.759375 0.075 0.075
3 0.72890625 0.88671875 0.0859375 0.0859375
3 0.58984375 0.8 0.084375 0.084375
3 0.4640625 0.8640625 0.078125 0.090625
3 0.4 0.90703125 0.071875 0.075
3 0.084375 0.10078125 0.0625 0.1
3 0.1015625 0.53515625 0.078125 0.0953125
3 0.60625 0.06171875 0.0890625 0.0890625
3 0.93828125 0.94921875 0.08125 0.0796875
3 0.915625 0.0578125 0.05 0.090625
3 0.48359375 0.62734375 0.0609375 0.0921875
3 0.56484375 0.5390625 0.0671875 0.078125
3 0.4609375 0.0859375 0.0859375 0.0859375
3 0.86640625 0.74296875 0.090625 0.090625
3 0.5421875 0.1765625 0.0796875 0.0796875
3 0.353125 0.13203125 0.0765625 0.078125
3 0.39140625 0.740625 0.0890625 0.0890625
3 0.46875 0.68359375 0.075 0.096875
3 0.85546875 0.0609375 0.0703125 0.0875
3 0.30859375 0.6890625 0.0828125 0.090625
3 0.953125 0.7578125 0.084375 0.084375
3 0.7234375 0.20859375 0.08125 0.08125
3 0.46484375 0.77421875 0.0640625 0.0921875
3 0.4078125 0.14765625 0.078125 0.0984375
3 0.15625 0.48046875 0.06875 0.1015625
3 0.71640625 0.1390625 0.075 0.075
3 0.67109375 0.92578125 0.0703125 0.1046875
3 0.76171875 0.29609375 0.084375 0.084375
3 0.67421875 0.2578125 0.0890625 0.0875
3 0.7609375 0.4234375 0.071875 0.096875
3 0.05625 0.803125 0.075 0.1
3 0.590625 0.63515625 0.084375 0.084375
3 0.67421875 0.49609375 0.084375 0.084375
3 0.5109375 0.78984375 0.084375 0.084375
3 0.8171875 0.13671875 0.078125 0.1046875
3 0.87109375 0.57890625 0.0703125 0.1015625
3 0.62265625 0.4421875 0.0765625 0.0765625
3 0.21875 0.57421875 0.065625 0.121875
3 0.6 0.51796875 0.0625 0.1015625
3 0.30859375 0.6390625 0.0578125 0.078125
3 0.6578125 0.44140625 0.06875 0.1109375
3 0.25625 0.62265625 0.06875 0.06875
3 0.95859375 0.5796875 0.0828125 0.090625
3 0.25390625 0.1953125 0.09375 0.0921875
3 0.94609375 0.146875 0.0734375 0.0875
3 0.7015625 0.36796875 0.075 0.0796875
3 0.50859375 0.4109375 0.06875 0.109375
3 0.90546875 0.490625 0.084375 0.084375
3 0.6546875 0.7578125 0.065625 0.078125
3 0.96171875 0.5171875 0.075 0.109375
3 0.728125 0.05234375 0.0875 0.0875
3 0.634375 0.57890625 0.078125 0.0796875
3 0.1296875 0.24765625 0.04375 0.1453125