3 0.91015625 0.1203125 0.0578125 0.08125
3 0.32109375 0.36640625 0.0796875 0.0796875
3 0.85234375 0.83203125 0.0640625 0.1046875
3 0.8390625 0.1046875 0.053125 0.1125
3 0.51640625 0.28359375 0.0625 0.0796875
3 0.7921875 0.2828125 0.0765625 0.0765625
3 0.82890625 0.53046875 0.0765625 0.0765625
3 0.8875 0.503125 0.05625 0.0875
3 0.19140625 0.45078125 0.0671875 0.0890625
3 0.22421875 0.9484375 0.0796875 0.08125
3 0.36171875 0.8609375 0.0671875 0.090625
3 0.54375 0.7109375 0.078125 0.078125
3 0.94609375 0.26875 0.0640625 0.09375
3 0.74921875 0.24140625 0.08125 0.08125
3 0.04453125 0.24921875 0.0640625 0.090625
3 0.13671875 0.871875 0.084375 0.084375
3 0.31953125 0.225 0.0734375 0.084375
3 0.946875 0.48828125 0.08125 0.08125
3 0.5109375 0.1640625 0.0765625 0.0765625
3 0.2515625 0.74765625 0.071875 0.0890625
3 0.353125 0.94140625 0.06875 0.0953125
3 0.17265625 0.8015625 0.0671875 0.096875
3 0.06796875 0.53984375 0.06875 0.06875
3 0.6078125 0.765625 0.0828125 0.0828125
3 0.090625 0.07265625 0.065625 0.0953125
3 0.48046875 0.8 0.08125 0.08125
3 0.65625 0.51171875 0.0796875 0.08125
3 0.59609375 0.82109375 0.078125 0.078125
3 0.215625 0.63125 0.0796875 0.0796875
3 0.2171875 0.19609375 0.05625 0.078125
3 0.3328125 0.534375 0.0921875 0.0921875
3 0.615625 0.54921875 0.06875 0.1078125
3 0.03984375 0.62421875 0.0796875 0.0859375
3 0.271875 0.54375 0.05625 0.10625
3 0.48203125 0.653125 0.08125 0.08125
3 0.790625 0.1453125 0.1015625 0.1015625
3 0.37578125 0.72265625 0.075 0.075
3 0.96875 0.0515625 0.059375 0.0875
3 0.81640625 0.78671875 0.090625 0.090625
3 0.5 0.65234375 0.0625 0.078125
3 0.6984375 0.30859375 0.078125 0.0828125
1 0.68203125 0.37421875 0.1078125 0.1171875
3 0.25234375 0.11015625 0.0875 0.0875
3 0.20859375 0.13046875 0.0765625 0.0765625
3 0.553125 0.57734375 0.075 0.096875
3 0.4234375 0.6859375 0.0671875 0.0671875
3 0.89296875 0.9 0.090625 0.090625
3 0.0609375 0.95546875 0.0765625 0.075
3 0.41015625 0.796875 0.065625 0.065625
3 0.03671875 0.08984375 0.0734375 0.0765625
3 0.13671875 0.0578125 0.0734375 0.115625