3 0.91015625 0.8796875 0.0578125 0.08125
3 0.32109375 0.63359375 0.0671875 0.0921875
3 0.85234375 0.16796875 0.0640625 0.1046875
3 0.8390625 0.8953125 0.053125 0.1125
3 0.51640625 0.71640625 0.071875 0.071875
3 0.7921875 0.7171875 0.0765625 0.0765625
3 0.82890625 0.46953125 0.0765625 0.0765625
3 0.8875 0.496875 0.05625 0.0875
3 0.19140625 0.54921875 0.0671875 0.0890625
3 0.22421875 0.0515625 0.0796875 0.08125
3 0.36171875 0.1390625 0.0671875 0.090625
3 0.54375 0.2890625 0.06875 0.0875
3 0.94609375 0.73125 0.0640625 0.09375
3 0.74921875 0.75859375 0.08125 0.08125
3 0.04453125 0.75078125 0.0640625 0.090625
3 0.13671875 0.128125 0.084375 0.084375
3 0.31953125 0.775 0.078125 0.078125
3 0.946875 0.51171875 0.06875 0.0921875
3 0.5109375 0.8359375 0.0765625 0.0765625
3 0.2515625 0.25234375 0.08125 0.08125
3 0.353125 0.05859375 0.0828125 0.0828125
3 0.17265625 0.1984375 0.08125 0.0828125
3 0.06796875 0.46015625 0.06875 0.06875
3 0.6078125 0.234375 0.0828125 0.0828125
3 0.090625 0.92734375 0.065625 0.0953125
3 0.48046875 0.2 0.08125 0.08125
3 0.65625 0.48828125 0.075 0.0859375
3 0.59609375 0.17890625 0.0734375 0.0828125
3 0.215625 0.36875 0.0625 0.096875
3 0.2171875 0.80390625 0.05625 0.078125
3 0.3328125 0.465625 0.0921875 0.0921875
3 0.615625 0.45078125 0.0875 0.0875
3 0.03984375 0.37578125 0.0796875 0.0859375
3 0.271875 0.45625 0.08125 0.08125
3 0.48203125 0.346875 0.0640625 0.1
3 0.790625 0.8546875 0.1 0.1015625
3 0.37578125 0.27734375 0.05625 0.0953125
3 0.96875 0.9484375 0.059375 0.0875
3 0.81640625 0.21328125 0.090625 0.090625
3 0.5 0.34765625 0.0625 0.078125
3 0.6984375 0.69140625 0.078125 0.0828125
1 0.68203125 0.62578125 0.1078125 0.1171875
3 0.25234375 0.88984375 0.0875 0.0875
3 0.20859375 0.86953125 0.0765625 0.0765625
3 0.553125 0.42265625 0.0859375 0.0859375
3 0.4234375 0.3140625 0.059375 0.075
3 0.89296875 0.1 0.0515625 0.13125
3 0.0609375 0.04453125 0.0765625 0.075
3 0.41015625 0.203125 0.05625 0.075
3 0.03359375 0.909375 0.0671875 0.0875
3 0.13671875 0.9421875 0.0734375 0.115625