3 0.07265625 0.91640625 0.065625 0.065625
3 0.0828125 0.83203125 0.0796875 0.0796875
3 0.03671875 0.7578125 0.0734375 0.103125
3 0.0390625 0.58359375 0.06875 0.0765625
3 0.05859375 0.51328125 0.084375 0.084375
3 0.090625 0.47265625 0.0828125 0.08125
3 0.1921875 0.44453125 0.0859375 0.084375
3 0.13125 0.39296875 0.075 0.0890625
3 0.109375 0.35703125 0.071875 0.0890625
3 0.06015625 0.35234375 0.0859375 0.0859375
3 0.04765625 0.203125 0.0859375 0.084375
3 0.04296875 0.14921875 0.078125 0.1078125
3 0.115625 0.13671875 0.08125 0.08125
3 0.09375 0.05859375 0.0859375 0.084375
3 0.12734375 0.6515625 0.0875 0.0875
3 0.18828125 0.60859375 0.0734375 0.0828125
3 0.2203125 0.68671875 0.0828125 0.084375
3 0.19453125 0.77265625 0.0734375 0.0890625
3 0.2578125 0.82578125 0.06875 0.0921875
3 0.2765625 0.93671875 0.084375 0.084375
3 0.2515625 0.590625 0.065625 0.1125
3 0.29765625 0.60234375 0.0796875 0.0796875
3 0.33203125 0.8296875 0.0609375 0.103125
3 0.34140625 0.8953125 0.084375 0.0859375
3 0.37890625 0.9296875 0.0703125 0.0875
3 0.41015625 0.9484375 0.0828125 0.08125
3 0.171875 0.27109375 0.084375 0.0859375
3 0.22265625 0.32109375 0.0734375 0.0734375
3 0.23984375 0.25 0.0671875 0.090625
3 0.2515625 0.18046875 0.08125 0.0984375
3 0.2171875 0.14921875 0.0875 0.0875
3 0.2484375 0.0671875 0.071875 0.10625
3 0.26796875 0.08671875 0.084375 0.084375
3 0.33359375 0.0828125 0.0609375 0.096875
5 0.3625 0.140625 0.11875 0.11875
3 0.425 0.13515625 0.0828125 0.08125
3 0.4703125 0.1921875 0.0890625 0.0890625
3 0.44609375 0.22265625 0.0671875 0.0984375
3 0.26796875 0.43359375 0.0703125 0.1015625
3 0.3046875 0.43203125 0.06875 0.1046875
3 0.325 0.496875 0.075 0.096875
3 0.36328125 0.57890625 0.0875 0.0875
3 0.3578125 0.67265625 0.0796875 0.0796875
3 0.346875 0.6875 0.084375 0.084375
3 0.3765625 0.375 0.0890625 0.0890625
3 0.478125 0.37421875 0.0890625 0.090625
3 0.43984375 0.50703125 0.096875 0.096875
3 0.45546875 0.634375 0.090625 0.090625
3 0.4828125 0.746875 0.0890625 0.0890625
3 0.4203125 0.784375 0.08125 0.08125
3 0.5171875 0.8765625 0.071875 0.071875
3 0.603125 0.7453125 0.0625 0.09375
3 0.553125 0.0859375 0.065625 0.090625
3 0.559375 0.1796875 0.08125 0.103125
3 0.64453125 0.06328125 0.0765625 0.1078125
3 0.64453125 0.165625 0.0953125 0.09375
3 0.89921875 0.0671875 0.0828125 0.096875
3 0.8984375 0.16328125 0.0890625 0.0890625
3 0.815625 0.125 0.0875 0.0875
3 0.7671875 0.15625 0.0921875 0.0921875
3 0.93984375 0.26796875 0.0734375 0.0828125
3 0.9640625 0.3578125 0.071875 0.071875
3 0.9078125 0.29453125 0.096875 0.096875
3 0.84296875 0.26171875 0.0921875 0.0921875
3 0.821875 0.30546875 0.0875 0.0890625
3 0.7578125 0.32265625 0.084375 0.0828125
3 0.721875 0.196875 0.0765625 0.0765625
3 0.6875 0.22578125 0.078125 0.096875
3 0.63046875 0.31640625 0.078125 0.078125
3 0.6640625 0.29609375 0.0859375 0.0859375
3 0.7015625 0.34140625 0.084375 0.084375
0 0.7265625 0.26640625 0.109375 0.109375
3 0.62109375 0.39921875 0.08125 0.08125
3 0.6 0.37109375 0.08125 0.1046875
3 0.75625 0.41328125 0.0859375 0.084375
3 0.93984375 0.45078125 0.0703125 0.0921875
3 0.959375 0.5359375 0.06875 0.084375
3 0.94765625 0.62265625 0.0875 0.0875
3 0.8578125 0.4546875 0.0875 0.0875
3 0.8640625 0.49609375 0.084375 0.0828125
3 0.8109375 0.52734375 0.065625 0.1046875
3 0.83203125 0.59375 0.0640625 0.090625
3 0.86484375 0.68203125 0.090625 0.090625
3 0.96015625 0.84765625 0.0796875 0.0828125
3 0.9171875 0.8859375 0.084375 0.084375
3 0.91171875 0.915625 0.0734375 0.09375
3 0.84296875 0.9140625 0.0609375 0.0875
3 0.66015625 0.87734375 0.078125 0.1015625
3 0.7109375 0.92734375 0.0765625 0.0765625
3 0.77734375 0.9390625 0.0734375 0.1
3 0.74140625 0.77578125 0.0875 0.0890625
3 0.78984375 0.765625 0.0875 0.0875
3 0.73125 0.67109375 0.090625 0.090625
3 0.80078125 0.690625 0.0890625 0.0875
3 0.69921875 0.47109375 0.0765625 0.0890625
3 0.75859375 0.56484375 0.071875 0.1015625
3 0.7625 0.5 0.084375 0.084375
3 0.61796875 0.4984375 0.0640625 0.090625
3 0.653125 0.50390625 0.0796875 0.0796875
3 0.690625 0.521875 0.06875 0.103125
3 0.55390625 0.596875 0.084375 0.0859375
3 0.55234375 0.4578125 0.1 0.1
3 0.6328125 0.58359375 0.0859375 0.0859375
0 0.603125 0.59765625 0.11875 0.11875