3 0.403125 0.63359375 0.1 0.0765625
3 0.3234375 0.7140625 0.0875 0.071875
3 0.27421875 0.62421875 0.1046875 0.065625
3 0.578125 0.79296875 0.09375 0.0828125
3 0.565625 0.5328125 0.0828125 0.0828125
3 0.6734375 0.5859375 0.0921875 0.0921875
3 0.79296875 0.48125 0.0828125 0.0828125
3 0.86328125 0.51328125 0.0875 0.0671875
3 0.8140625 0.559375 0.078125 0.078125
3 0.8578125 0.7515625 0.090625 0.090625
3 0.75703125 0.6765625 0.084375 0.084375
5 0.26484375 0.503125 0.1125 0.1125
5 0.1609375 0.68125 0.1328125 0.1328125
3 0.11328125 0.5296875 0.090625 0.0921875
3 0.096875 0.4515625 0.1 0.075
3 0.16796875 0.325 0.0984375 0.075
3 0.14765625 0.234375 0.0875 0.071875
3 0.1890625 0.090625 0.090625 0.071875
3 0.278125 0.265625 0.096875 0.096875
3 0.378125 0.20625 0.0859375 0.0859375
3 0.31953125 0.375 0.0828125 0.078125
3 0.20859375 0.40703125 0.1015625 0.0765625
3 0.6703125 0.88046875 0.1 0.0765625
3 0.74765625 0.7546875 0.096875 0.096875
3 0.71640625 0.34375 0.090625 0.0890625
3 0.659375 0.3875 0.096875 0.096875
3 0.48515625 0.35859375 0.08125 0.08125
3 0.4203125 0.3953125 0.09375 0.09375
3 0.42421875 0.4359375 0.0875 0.0859375
3 0.4578125 0.0765625 0.090625 0.0875
3 0.5015625 0.15625 0.08125 0.08125
3 0.54921875 0.2234375 0.084375 0.084375
3 0.5984375 0.2796875 0.090625 0.090625
3 0.68828125 0.1578125 0.0890625 0.090625
3 0.67890625 0.2328125 0.1078125 0.065625
3 0.78671875 0.234375 0.0765625 0.078125
3 0.7984375 0.37890625 0.084375 0.084375
3 0.9015625 0.39921875 0.096875 0.0859375
3 0.41953125 0.82578125 0.0796875 0.0734375
3 0.3125 0.85 0.103125 0.071875
3 0.096875 0.84375 0.1125 0.071875
3 0.178125 0.8828125 0.096875 0.0953125
3 0.42265625 0.9671875 0.0890625 0.065625
3 0.94609375 0.7859375 0.0765625 0.059375
3 0.87421875 0.228125 0.078125 0.078125
3 0.7890625 0.13828125 0.096875 0.08125
3 0.82890625 0.0609375 0.0828125 0.084375
3 0.6734375 0.040625 0.0875 0.08125
3 0.27109375 0.06171875 0.0890625 0.0828125
0 0.91796875 0.3140625 0.0890625 0.15