3 0.596875 0.36640625 0.1 0.0765625
3 0.6765625 0.2859375 0.0796875 0.0796875
3 0.72578125 0.37578125 0.1046875 0.065625
3 0.421875 0.20703125 0.09375 0.0828125
3 0.434375 0.4671875 0.09375 0.071875
3 0.3265625 0.4140625 0.10625 0.078125
3 0.20703125 0.51875 0.0828125 0.08125
3 0.13671875 0.48671875 0.0875 0.0671875
3 0.1859375 0.440625 0.078125 0.078125
3 0.1421875 0.2484375 0.090625 0.090625
3 0.24296875 0.3234375 0.0984375 0.071875
5 0.73515625 0.496875 0.1125 0.1125
5 0.8390625 0.31875 0.1328125 0.1328125
3 0.88671875 0.4703125 0.1046875 0.078125
3 0.903125 0.5484375 0.1 0.075
3 0.83203125 0.675 0.0859375 0.0859375
3 0.85234375 0.765625 0.0796875 0.0796875
3 0.8109375 0.909375 0.08125 0.08125
3 0.721875 0.734375 0.103125 0.090625
3 0.621875 0.79375 0.0859375 0.0859375
3 0.68046875 0.625 0.08125 0.08125
3 0.79140625 0.59296875 0.1015625 0.0765625
3 0.3296875 0.11953125 0.0890625 0.0890625
3 0.25234375 0.2453125 0.1171875 0.075
3 0.28359375 0.65625 0.1015625 0.078125
3 0.340625 0.6125 0.096875 0.096875
3 0.51484375 0.64140625 0.0890625 0.0734375
3 0.5796875 0.6046875 0.09375 0.09375
3 0.57578125 0.5640625 0.0953125 0.078125
3 0.5421875 0.9234375 0.0890625 0.0890625
3 0.4984375 0.84375 0.08125 0.08125
3 0.45078125 0.7765625 0.084375 0.084375
3 0.4015625 0.7203125 0.090625 0.090625
3 0.31171875 0.8421875 0.0953125 0.084375
3 0.32109375 0.7671875 0.0875 0.0875
3 0.21328125 0.765625 0.0859375 0.06875
3 0.2015625 0.62109375 0.09375 0.0734375
3 0.0984375 0.60078125 0.096875 0.0859375
3 0.58046875 0.17421875 0.0765625 0.0765625
3 0.6875 0.15 0.0875 0.0875
3 0.903125 0.15625 0.1125 0.071875
3 0.821875 0.1171875 0.1125 0.078125
3 0.578125 0.0359375 0.078125 0.071875
3 0.05390625 0.2140625 0.06875 0.0671875
3 0.12578125 0.771875 0.0828125 0.075
3 0.2109375 0.86171875 0.0890625 0.0890625
3 0.17109375 0.9390625 0.0828125 0.084375
3 0.32578125 0.9609375 0.1015625 0.071875
3 0.72890625 0.93828125 0.0890625 0.0828125
0 0.08203125 0.6859375 0.11875 0.1203125