3 0.52421875 0.66328125 0.084375 0.0859375
3 0.56015625 0.35546875 0.0875 0.0875
3 0.72265625 0.44140625 0.0953125 0.0953125
3 0.16796875 0.16953125 0.0875 0.0875
3 0.09921875 0.52890625 0.0703125 0.0828125
3 0.76171875 0.59765625 0.08125 0.08125
3 0.1921875 0.31796875 0.065625 0.1015625
3 0.89609375 0.4296875 0.084375 0.084375
3 0.35 0.8078125 0.071875 0.090625
3 0.4359375 0.1125 0.065625 0.09375
3 0.31015625 0.13046875 0.0734375 0.0734375
1 0.175 0.846875 0.09375 0.09375
3 0.4796875 0.053125 0.06875 0.090625
3 0.65 0.390625 0.0828125 0.08125
3 0.70546875 0.3421875 0.071875 0.071875
3 0.2796875 0.38984375 0.071875 0.0921875
3 0.2546875 0.8734375 0.0875 0.0875
3 0.0703125 0.79296875 0.090625 0.0890625
3 0.559375 0.9 0.08125 0.0875
3 0.0484375 0.4640625 0.08125 0.0875
5 0.07421875 0.25390625 0.1015625 0.0984375
3 0.82578125 0.16796875 0.09375 0.0921875
3 0.03984375 0.3796875 0.078125 0.078125
0 0.68125 0.9515625 0.0921875 0.0921875
3 0.62265625 0.7890625 0.0484375 0.065625
3 0.3265625 0.75 0.0875 0.0875
3 0.240625 0.93671875 0.0875 0.0671875
3 0.6203125 0.83828125 0.078125 0.0796875
3 0.6 0.04453125 0.0625 0.0859375
3 0.4859375 0.9015625 0.071875 0.084375
3 0.196875 0.609375 0.1015625 0.1015625