3 0.43515625 0.69765625 0.0875 0.0875
3 0.75703125 0.08046875 0.0953125 0.0703125
3 0.05234375 0.6625 0.0953125 0.06875
3 0.35 0.809375 0.1 0.084375
3 0.4734375 0.1078125 0.103125 0.078125
3 0.7140625 0.865625 0.0890625 0.0890625
3 0.68671875 0.79296875 0.084375 0.084375
3 0.475 0.58671875 0.08125 0.0796875
3 0.2515625 0.1328125 0.0890625 0.0890625
3 0.84921875 0.5734375 0.090625 0.0890625
3 0.5828125 0.65625 0.1 0.06875
3 0.19140625 0.43203125 0.090625 0.090625
3 0.20703125 0.55703125 0.1015625 0.0765625
3 0.828125 0.50546875 0.0796875 0.078125
3 0.54140625 0.7921875 0.1046875 0.071875
3 0.94375 0.12578125 0.096875 0.0765625
3 0.24296875 0.83125 0.08125 0.08125
3 0.1125 0.578125 0.08125 0.08125
3 0.1484375 0.9109375 0.1125 0.075
3 0.4453125 0.7984375 0.08125 0.08125
3 0.22578125 0.746875 0.0859375 0.084375
3 0.0796875 0.1234375 0.1 0.071875
3 0.56953125 0.75703125 0.0953125 0.0734375
3 0.83046875 0.653125 0.0984375 0.08125
0 0.23828125 0.63515625 0.1015625 0.1015625
3 0.50390625 0.471875 0.090625 0.090625
3 0.51796875 0.25390625 0.0953125 0.0640625
3 0.8921875 0.4640625 0.090625 0.090625
3 0.121875 0.68359375 0.090625 0.090625
3 0.0734375 0.50859375 0.109375 0.0734375
3 0.74453125 0.91328125 0.078125 0.078125
3 0.078125 0.3453125 0.084375 0.084375
3 0.12890625 0.8375 0.1046875 0.075
3 0.83671875 0.33984375 0.09375 0.09375
3 0.15078125 0.07265625 0.0953125 0.0734375
3 0.946875 0.421875 0.0828125 0.0828125
3 0.4921875 0.18125 0.0875 0.0875
3 0.5234375 0.95546875 0.109375 0.0796875
3 0.06015625 0.20546875 0.0875 0.0875
3 0.16171875 0.35546875 0.0875 0.0875
3 0.61640625 0.06484375 0.0984375 0.0765625
3 0.27578125 0.090625 0.078125 0.078125
3 0.50859375 0.35703125 0.0828125 0.0828125
3 0.0765625 0.42890625 0.0796875 0.08125
3 0.696875 0.71640625 0.10625 0.0796875
3 0.57109375 0.15390625 0.0921875 0.0921875
3 0.6140625 0.846875 0.090625 0.090625
3 0.33203125 0.2359375 0.0890625 0.090625
3 0.24609375 0.2609375 0.0921875 0.0921875
3 0.353125 0.63203125 0.0703125 0.06875
3 0.54140625 0.3546875 0.0828125 0.065625
3 0.4359375 0.3078125 0.090625 0.071875
3 0.16796875 0.096875 0.0859375 0.075
3 0.52421875 0.28046875 0.0921875 0.0640625