3 0.69765625 0.56484375 0.0765625 0.0984375
3 0.08046875 0.24296875 0.0828125 0.0828125
3 0.6625 0.94765625 0.0828125 0.0828125
3 0.809375 0.65 0.0921875 0.0921875
3 0.1078125 0.5265625 0.090625 0.090625
3 0.865625 0.2859375 0.075 0.103125
3 0.79296875 0.31328125 0.0671875 0.1015625
3 0.58671875 0.525 0.0796875 0.08125
3 0.1328125 0.7484375 0.078125 0.1
3 0.5734375 0.15078125 0.078125 0.1015625
3 0.65625 0.4171875 0.06875 0.1
3 0.43203125 0.80859375 0.090625 0.090625
3 0.55703125 0.79296875 0.0765625 0.1015625
3 0.50546875 0.171875 0.0671875 0.090625
3 0.7921875 0.45859375 0.071875 0.1046875
3 0.12578125 0.05625 0.0765625 0.096875
3 0.83125 0.75703125 0.08125 0.0828125
3 0.578125 0.8875 0.08125 0.08125
3 0.9109375 0.8515625 0.075 0.1125
3 0.7984375 0.5546875 0.08125 0.08125
3 0.746875 0.77421875 0.084375 0.0859375
3 0.1234375 0.9203125 0.071875 0.1
3 0.75703125 0.43046875 0.084375 0.084375
3 0.653125 0.16953125 0.0890625 0.090625
0 0.63515625 0.76171875 0.1015625 0.1015625
3 0.471875 0.49609375 0.08125 0.1
3 0.25390625 0.48203125 0.0640625 0.0953125
3 0.4640625 0.1078125 0.090625 0.090625
3 0.68359375 0.878125 0.0859375 0.09375
3 0.50859375 0.9265625 0.090625 0.090625
3 0.91328125 0.25546875 0.0671875 0.0890625
3 0.3453125 0.921875 0.084375 0.084375
3 0.8375 0.87109375 0.0890625 0.090625
3 0.33984375 0.16328125 0.09375 0.09375
3 0.07265625 0.84921875 0.0734375 0.0953125
3 0.421875 0.053125 0.0828125 0.0828125
3 0.18125 0.5078125 0.075 0.1
3 0.95546875 0.4765625 0.0796875 0.109375
3 0.20546875 0.93984375 0.0875 0.0875
3 0.35546875 0.83828125 0.0875 0.0875
3 0.06484375 0.38359375 0.0765625 0.0984375
3 0.090625 0.72421875 0.06875 0.0890625
3 0.35703125 0.49140625 0.0828125 0.0828125
3 0.42890625 0.9234375 0.0671875 0.09375
3 0.71640625 0.303125 0.09375 0.09375
3 0.15390625 0.42890625 0.0796875 0.1046875
3 0.846875 0.3859375 0.090625 0.0921875
3 0.2359375 0.66796875 0.078125 0.1015625
3 0.2609375 0.75390625 0.0921875 0.0921875
3 0.63203125 0.646875 0.0609375 0.078125
3 0.3546875 0.45859375 0.065625 0.0828125
3 0.3078125 0.5640625 0.08125 0.08125
3 0.096875 0.83203125 0.075 0.0859375
3 0.28046875 0.47578125 0.0640625 0.0921875