2 0.1796875 0.79140625 0.0796875 0.0796875
2 0.4484375 0.51640625 0.084375 0.084375
2 0.63046875 0.86875 0.0671875 0.09375
2 0.75703125 0.29921875 0.084375 0.084375
2 0.225 0.89296875 0.08125 0.08125
2 0.38046875 0.32265625 0.075 0.075
2 0.52578125 0.75859375 0.08125 0.08125
2 0.38359375 0.5453125 0.0765625 0.0765625
2 0.10390625 0.58828125 0.0796875 0.0796875
2 0.33828125 0.18515625 0.08125 0.08125
2 0.55390625 0.23125 0.0734375 0.090625
2 0.14453125 0.51796875 0.06875 0.0890625
2 0.37265625 0.10859375 0.075 0.075
2 0.6421875 0.4828125 0.071875 0.096875
2 0.6984375 0.54453125 0.084375 0.084375
2 0.86875 0.89609375 0.071875 0.071875
2 0.27265625 0.23125 0.08125 0.0828125
2 0.946875 0.8859375 0.06875 0.071875
2 0.12734375 0.878125 0.0765625 0.1
2 0.68671875 0.10546875 0.075 0.075
2 0.77265625 0.15234375 0.0703125 0.1015625
2 0.403125 0.22421875 0.084375 0.084375
2 0.696875 0.9046875 0.075 0.096875
2 0.51015625 0.8921875 0.0734375 0.09375
2 0.34453125 0.471875 0.0875 0.0890625
2 0.21640625 0.57578125 0.084375 0.084375
2 0.8546875 0.80390625 0.08125 0.0984375
2 0.2640625 0.1453125 0.0875 0.0875
2 0.7359375 0.66171875 0.078125 0.1015625
2 0.7 0.403125 0.0875 0.0859375
2 0.63203125 0.3140625 0.078125 0.1
2 0.3078125 0.8640625 0.0890625 0.0890625
2 0.82890625 0.19296875 0.0671875 0.1171875
2 0.9359375 0.58984375 0.0921875 0.0921875
2 0.91640625 0.14296875 0.08125 0.08125
2 0.77421875 0.44140625 0.0734375 0.1203125
2 0.78046875 0.84609375 0.084375 0.084375
2 0.6421875 0.61328125 0.078125 0.115625
2 0.91796875 0.30546875 0.071875 0.0953125
2 0.23984375 0.7765625 0.0984375 0.0984375
2 0.909375 0.7515625 0.071875 0.078125
2 0.925 0.0765625 0.0875 0.0875
2 0.83046875 0.596875 0.08125 0.1
2 0.90859375 0.68359375 0.0921875 0.0796875
2 0.825 0.0953125 0.053125 0.1
2 0.25078125 0.484375 0.0859375 0.0859375
2 0.41171875 0.8359375 0.0984375 0.0984375
2 0.57578125 0.57109375 0.0953125 0.0953125
2 0.87265625 0.25234375 0.0921875 0.1015625
2 0.95 0.503125 0.090625 0.090625
2 0.95703125 0.36328125 0.0859375 0.0921875
2 0.94453125 0.20390625 0.0671875 0.1296875
2 0.9625 0.765625 0.075 0.096875