3 0.4421875 0.2328125 0.078125 0.078125
3 0.67109375 0.91640625 0.08125 0.08125
3 0.91796875 0.4859375 0.0671875 0.09375
3 0.1984375 0.3703125 0.0765625 0.0765625
3 0.53515625 0.18984375 0.0765625 0.0765625
3 0.359375 0.47578125 0.0828125 0.084375
3 0.884375 0.075 0.059375 0.1
3 0.91875 0.78359375 0.06875 0.0875
3 0.2328125 0.834375 0.0859375 0.0859375
3 0.53125 0.88828125 0.0890625 0.0875
3 0.62421875 0.83671875 0.0765625 0.0765625
3 0.915625 0.68828125 0.0765625 0.0765625
3 0.6953125 0.5390625 0.090625 0.090625
3 0.49765625 0.27578125 0.06875 0.0828125
3 0.17734375 0.53359375 0.0703125 0.1265625
3 0.94453125 0.59296875 0.090625 0.090625
3 0.44765625 0.81640625 0.0734375 0.0734375
3 0.52109375 0.3734375 0.08125 0.0796875
3 0.6234375 0.5296875 0.059375 0.1375
3 0.1203125 0.0734375 0.0875 0.0875
3 0.7859375 0.79140625 0.0953125 0.0953125
3 0.64921875 0.7609375 0.0609375 0.115625
3 0.7734375 0.265625 0.0953125 0.0953125
1 0.41640625 0.434375 0.090625 0.0921875