3 0.3296875 0.92734375 0.075 0.075
3 0.16953125 0.28984375 0.075 0.0953125
3 0.75 0.33125 0.071875 0.071875
3 0.23359375 0.76484375 0.0640625 0.0765625
3 0.51171875 0.78359375 0.075 0.075
3 0.259375 0.27265625 0.065625 0.0859375
3 0.1421875 0.840625 0.0859375 0.0859375
3 0.88203125 0.38984375 0.0734375 0.0734375
3 0.2921875 0.54921875 0.06875 0.06875
3 0.0671875 0.56484375 0.078125 0.1
3 0.609375 0.3125 0.071875 0.0734375
3 0.82421875 0.77734375 0.0671875 0.084375
3 0.54375 0.0671875 0.0625 0.078125
0 0.82265625 0.5234375 0.0828125 0.103125
3 0.9578125 0.6203125 0.0765625 0.0765625
3 0.19609375 0.60390625 0.0796875 0.0796875
3 0.91484375 0.04765625 0.0671875 0.0859375
3 0.8265625 0.66640625 0.0796875 0.0796875
3 0.6953125 0.8640625 0.0859375 0.0859375
3 0.39375 0.91484375 0.078125 0.0765625
3 0.19921875 0.453125 0.075 0.096875
3 0.59453125 0.71171875 0.0703125 0.0890625
3 0.43359375 0.46875 0.0703125 0.1
3 0.26015625 0.83515625 0.0734375 0.0734375
0 0.8828125 0.1875 0.0890625 0.0890625
3 0.384375 0.82265625 0.084375 0.0828125
3 0.13125 0.1765625 0.0703125 0.0703125
3 0.33046875 0.634375 0.0703125 0.084375
3 0.428125 0.75078125 0.08125 0.0953125
6 0.0828125 0.25859375 0.0953125 0.09375
3 0.9234375 0.6953125 0.0828125 0.0828125
3 0.29140625 0.41171875 0.078125 0.078125
3 0.28359375 0.11953125 0.08125 0.08125
3 0.4875 0.0359375 0.0609375 0.0609375
3 0.1703125 0.09609375 0.065625 0.090625
3 0.91015625 0.8859375 0.071875 0.071875
3 0.21796875 0.6484375 0.0703125 0.084375
3 0.46484375 0.8265625 0.0609375 0.084375
3 0.7953125 0.08828125 0.0796875 0.078125
3 0.1359375 0.48984375 0.065625 0.0953125
3 0.31875 0.84609375 0.075 0.075
3 0.40859375 0.08671875 0.0703125 0.0703125
3 0.7953125 0.40078125 0.0640625 0.0625
3 0.07109375 0.4359375 0.0546875 0.078125
3 0.19765625 0.16171875 0.078125 0.078125
3 0.09296875 0.7109375 0.0765625 0.0765625
3 0.68203125 0.50625 0.078125 0.0765625
3 0.2296875 0.0890625 0.0671875 0.0671875
3 0.32734375 0.31328125 0.0640625 0.0921875
3 0.4015625 0.27421875 0.0734375 0.0734375
6 0.8453125 0.0796875 0.09375 0.09375
3 0.696875 0.4359375 0.075 0.078125
3 0.80625 0.878125 0.0640625 0.0640625
3 0.0328125 0.7609375 0.059375 0.0875
3 0.33125 0.490625 0.0640625 0.0640625
3 0.65234375 0.31171875 0.0671875 0.0671875
1 0.928125 0.33515625 0.078125 0.0984375
3 0.85703125 0.82890625 0.0734375 0.0734375
3 0.640625 0.7234375 0.08125 0.078125
3 0.76171875 0.428125 0.0671875 0.0671875
3 0.45546875 0.68046875 0.0671875 0.0671875
6 0.9296875 0.80625 0.078125 0.10625
3 0.35078125 0.0921875 0.0703125 0.084375
3 0.4421875 0.2234375 0.059375 0.084375
3 0.4546875 0.9078125 0.06875 0.06875
3 0.9625 0.92890625 0.0625 0.075
3 0.1609375 0.19765625 0.075 0.075
3 0.1578125 0.6890625 0.0859375 0.0859375
3 0.35625 0.15390625 0.075 0.0765625
3 0.6515625 0.80234375 0.065625 0.065625
3 0.09140625 0.965625 0.04375 0.06875