3 0.75390625 0.0484375 0.090625 0.090625
3 0.27890625 0.753125 0.0828125 0.0828125
3 0.8859375 0.0703125 0.071875 0.1
3 0.8515625 0.540625 0.090625 0.090625
3 0.80625 0.24921875 0.071875 0.0921875
3 0.8125 0.1046875 0.0859375 0.0859375
3 0.47421875 0.50078125 0.0890625 0.0890625
3 0.37109375 0.146875 0.0875 0.0875
3 0.1390625 0.503125 0.078125 0.1
3 0.55546875 0.4765625 0.0859375 0.0859375
3 0.803125 0.46171875 0.08125 0.0828125
3 0.6453125 0.31484375 0.071875 0.0828125
3 0.7875 0.909375 0.075 0.096875
3 0.55546875 0.296875 0.0875 0.0859375
3 0.64921875 0.81640625 0.0890625 0.0890625
3 0.228125 0.58359375 0.075 0.1
3 0.1953125 0.4109375 0.075 0.0765625
3 0.42734375 0.3234375 0.090625 0.0890625
3 0.6015625 0.21640625 0.0859375 0.0859375
3 0.2546875 0.46484375 0.0875 0.0875
3 0.30625 0.5078125 0.0828125 0.0828125
3 0.765625 0.65546875 0.06875 0.0828125
3 0.3703125 0.54296875 0.06875 0.0953125
6 0.540625 0.7078125 0.08125 0.128125
3 0.28203125 0.0734375 0.0859375 0.0859375
3 0.278125 0.28828125 0.075 0.0984375
3 0.2609375 0.93046875 0.0921875 0.0921875
0 0.87890625 0.775 0.0984375 0.121875
3 0.4390625 0.4703125 0.0765625 0.0765625
3 0.659375 0.0609375 0.084375 0.084375
3 0.96171875 0.9453125 0.0703125 0.090625
5 0.1375 0.6546875 0.0921875 0.0921875
3 0.22578125 0.71875 0.0828125 0.0875
3 0.11875 0.26796875 0.084375 0.0859375
3 0.06640625 0.46484375 0.084375 0.084375
3 0.5640625 0.5921875 0.071875 0.109375
3 0.34140625 0.68046875 0.0875 0.0875
3 0.89453125 0.35390625 0.0921875 0.0921875
3 0.8875 0.24140625 0.0625 0.103125
3 0.92734375 0.70546875 0.078125 0.078125
3 0.7171875 0.253125 0.0921875 0.0921875
3 0.7125 0.46171875 0.078125 0.096875
3 0.31796875 0.075 0.0890625 0.0875
3 0.0609375 0.896875 0.08125 0.08125
3 0.4328125 0.8265625 0.08125 0.08125
3 0.7296875 0.82109375 0.075 0.075
3 0.05625 0.759375 0.084375 0.0828125
3 0.87265625 0.30390625 0.084375 0.084375
3 0.75546875 0.15390625 0.0609375 0.0921875
3 0.30234375 0.6640625 0.0734375 0.09375
3 0.71484375 0.49296875 0.0859375 0.0859375
3 0.115625 0.59296875 0.084375 0.0828125
3 0.0375 0.17734375 0.071875 0.1
3 0.52578125 0.6203125 0.0703125 0.078125
3 0.0625 0.16640625 0.0625 0.0921875
3 0.5734375 0.2515625 0.071875 0.096875