3 0.69453125 0.50078125 0.0734375 0.0921875
3 0.33828125 0.05390625 0.0921875 0.0921875
3 0.3453125 0.71015625 0.0875 0.0875
3 0.38359375 0.59453125 0.0734375 0.1015625
3 0.153125 0.64765625 0.0828125 0.084375
3 0.76640625 0.50703125 0.0796875 0.090625
3 0.909375 0.8203125 0.0859375 0.0859375
3 0.9171875 0.42734375 0.08125 0.1046875
3 0.578125 0.88046875 0.0875 0.0875
3 0.50625 0.09140625 0.075 0.0984375
3 0.390625 0.790625 0.0734375 0.103125
3 0.31015625 0.821875 0.0875 0.0875
3 0.51953125 0.6125 0.0703125 0.096875
3 0.28984375 0.471875 0.084375 0.0859375
3 0.29609375 0.73828125 0.0734375 0.090625
3 0.58984375 0.309375 0.075 0.0765625
3 0.3171875 0.60078125 0.078125 0.0984375
3 0.90859375 0.57734375 0.08125 0.1046875
3 0.44140625 0.91796875 0.0921875 0.0921875
3 0.9015625 0.67109375 0.071875 0.0953125
3 0.95234375 0.1046875 0.0734375 0.096875
3 0.171875 0.07265625 0.075 0.084375
3 0.26171875 0.259375 0.078125 0.0796875
3 0.1703125 0.93828125 0.0625 0.1109375
3 0.70625 0.28359375 0.08125 0.1
3 0.20078125 0.4125 0.0921875 0.090625
3 0.040625 0.3984375 0.08125 0.090625
3 0.746875 0.121875 0.08125 0.08125
3 0.83671875 0.42890625 0.075 0.121875
3 0.69921875 0.82734375 0.0734375 0.0953125
3 0.55078125 0.79140625 0.08125 0.08125
3 0.65234375 0.1140625 0.084375 0.10625
3 0.234375 0.90859375 0.0890625 0.0890625
3 0.06796875 0.8890625 0.0703125 0.0875
3 0.43125 0.25703125 0.071875 0.0921875
3 0.8546875 0.934375 0.078125 0.1
3 0.07734375 0.221875 0.06875 0.1
3 0.696875 0.7359375 0.0828125 0.0828125
3 0.4578125 0.78984375 0.078125 0.0796875
3 0.96875 0.79296875 0.0625 0.0921875
3 0.58515625 0.1234375 0.0671875 0.103125
3 0.72578125 0.10390625 0.0859375 0.084375
3 0.57265625 0.5515625 0.06875 0.084375
3 0.84609375 0.815625 0.0828125 0.1
3 0.4109375 0.68671875 0.0828125 0.0828125
3 0.4875 0.28671875 0.09375 0.09375
3 0.575 0.4359375 0.090625 0.090625
3 0.46015625 0.1921875 0.0765625 0.103125
3 0.48046875 0.70546875 0.0859375 0.0859375
3 0.765625 0.56015625 0.090625 0.1125
3 0.2 0.77734375 0.075 0.0890625
3 0.7546875 0.27421875 0.0921875 0.09375
3 0.18671875 0.49375 0.0890625 0.0890625
3 0.11328125 0.20078125 0.084375 0.1
3 0.5609375 0.6921875 0.06875 0.0875
3 0.26328125 0.1109375 0.0796875 0.109375
3 0.15390625 0.203125 0.0671875 0.096875
3 0.51640625 0.89140625 0.0828125 0.0921875
3 0.3203125 0.365625 0.0890625 0.0890625
3 0.2046875 0.13828125 0.0875 0.0859375
3 0.24296875 0.3515625 0.08125 0.1
3 0.51171875 0.953125 0.0640625 0.0640625
3 0.5046875 0.31796875 0.09375 0.0953125
3 0.6109375 0.79375 0.084375 0.0875
3 0.12890625 0.75390625 0.0890625 0.0890625
1 0.76328125 0.7453125 0.0921875 0.1375
3 0.9484375 0.953125 0.06875 0.06875
3 0.21015625 0.20859375 0.0796875 0.0890625
3 0.175 0.60625 0.0890625 0.0890625
3 0.10390625 0.74140625 0.0796875 0.1046875
3 0.55078125 0.2078125 0.0671875 0.103125
3 0.7171875 0.93359375 0.0765625 0.0765625
3 0.90234375 0.09296875 0.075 0.075
3 0.51875 0.83203125 0.06875 0.0984375
3 0.315625 0.95390625 0.059375 0.0921875
3 0.196875 0.8328125 0.084375 0.084375
3 0.125 0.9328125 0.0703125 0.0703125
3 0.821875 0.40234375 0.0859375 0.0859375
3 0.65234375 0.89765625 0.0671875 0.0921875
3 0.53046875 0.1953125 0.090625 0.090625