3 0.43984375 0.38203125 0.084375 0.0765625
3 0.27734375 0.60390625 0.084375 0.084375
3 0.19765625 0.28359375 0.1 0.0765625
3 0.86484375 0.65078125 0.1046875 0.0828125
3 0.27265625 0.721875 0.0859375 0.08125
3 0.75625 0.3109375 0.1 0.071875
3 0.81328125 0.89765625 0.0890625 0.0890625
3 0.7578125 0.6 0.09375 0.09375
3 0.29375 0.26640625 0.103125 0.0734375
3 0.453125 0.18828125 0.096875 0.0796875
3 0.1015625 0.62734375 0.09375 0.09375
3 0.60546875 0.1 0.09375 0.0921875
3 0.084375 0.23671875 0.084375 0.0703125
3 0.1203125 0.7625 0.121875 0.075
3 0.84453125 0.1015625 0.0953125 0.08125
3 0.21328125 0.15078125 0.0859375 0.0859375
3 0.3765625 0.1625 0.078125 0.078125
3 0.54609375 0.7140625 0.0828125 0.0828125
3 0.6765625 0.7171875 0.09375 0.078125
3 0.171875 0.5953125 0.0890625 0.0890625
3 0.66640625 0.1671875 0.0875 0.0875
3 0.61171875 0.3828125 0.084375 0.084375
3 0.5765625 0.88203125 0.0921875 0.0921875
3 0.13203125 0.69375 0.0875 0.0875
3 0.1984375 0.384375 0.0828125 0.0828125
3 0.6234375 0.95859375 0.103125 0.0828125
3 0.74921875 0.20234375 0.0921875 0.0921875
3 0.18046875 0.053125 0.084375 0.084375
3 0.1515625 0.325 0.09375 0.09375
3 0.82109375 0.4390625 0.0828125 0.0828125
3 0.13515625 0.1125 0.084375 0.084375
3 0.17421875 0.92734375 0.0921875 0.0734375
3 0.853125 0.7546875 0.0890625 0.0890625
3 0.8140625 0.05546875 0.090625 0.0765625
3 0.809375 0.828125 0.0875 0.06875
3 0.4828125 0.075 0.09375 0.078125
3 0.08125 0.8859375 0.090625 0.090625
3 0.140625 0.49375 0.109375 0.08125
3 0.23984375 0.21328125 0.08125 0.08125
3 0.10859375 0.40234375 0.0890625 0.084375
3 0.25234375 0.32890625 0.09375 0.09375
3 0.91640625 0.484375 0.0890625 0.0890625
3 0.859375 0.4078125 0.090625 0.071875
3 0.69296875 0.665625 0.090625 0.0921875
3 0.465625 0.625 0.115625 0.08125
3 0.5171875 0.56953125 0.1 0.0671875
3 0.04140625 0.12734375 0.0765625 0.0765625
3 0.05234375 0.30859375 0.0875 0.0875
3 0.084375 0.53125 0.078125 0.078125
3 0.4109375 0.278125 0.096875 0.075
3 0.70234375 0.8421875 0.0921875 0.071875
3 0.3203125 0.0640625 0.0828125 0.0828125
3 0.6203125 0.053125 0.1 0.06875
3 0.32421875 0.4296875 0.0796875 0.0796875
3 0.828125 0.24375 0.109375 0.075
3 0.50546875 0.259375 0.090625 0.071875
3 0.59453125 0.64296875 0.09375 0.09375
3 0.290625 0.8125 0.1125 0.059375
3 0.39140625 0.678125 0.08125 0.0796875
3 0.50625 0.82109375 0.09375 0.0921875
3 0.3125 0.390625 0.10625 0.078125
3 0.2828125 0.06796875 0.0828125 0.084375
3 0.9 0.3125 0.0921875 0.0921875
3 0.46640625 0.8328125 0.084375 0.084375
3 0.146875 0.1828125 0.115625 0.065625
3 0.85546875 0.3828125 0.08125 0.08125
3 0.92265625 0.34140625 0.0953125 0.0625
5 0.40546875 0.8515625 0.1515625 0.078125
3 0.28046875 0.85703125 0.090625 0.090625
3 0.2609375 0.44140625 0.06875 0.06875
3 0.6046875 0.35859375 0.096875 0.0671875
3 0.5546875 0.303125 0.071875 0.071875
3 0.09609375 0.11015625 0.0953125 0.0671875