3 0.49140625 0.62109375 0.0765625 0.0765625
3 0.72109375 0.7046875 0.071875 0.071875
3 0.0875 0.9453125 0.0671875 0.06875
3 0.3734375 0.69375 0.071875 0.078125
3 0.8875 0.7453125 0.06875 0.075
3 0.0421875 0.45234375 0.059375 0.0765625
3 0.5171875 0.22578125 0.071875 0.0890625
3 0.9578125 0.63671875 0.084375 0.0859375
3 0.7453125 0.2890625 0.0875 0.0875
3 0.3109375 0.47734375 0.06875 0.0671875
3 0.50625 0.7171875 0.0734375 0.0734375
3 0.778125 0.71484375 0.059375 0.0796875
3 0.18828125 0.30234375 0.0640625 0.0984375
3 0.790625 0.25234375 0.078125 0.078125
6 0.3734375 0.91484375 0.084375 0.0953125
3 0.72890625 0.1828125 0.06875 0.06875
3 0.4609375 0.38984375 0.0625 0.0859375
3 0.9515625 0.88515625 0.08125 0.08125
3 0.75234375 0.0828125 0.08125 0.08125
3 0.54140625 0.47734375 0.0671875 0.0890625
3 0.5796875 0.184375 0.0734375 0.0734375
3 0.359375 0.76328125 0.05625 0.075
3 0.52734375 0.3703125 0.071875 0.071875
3 0.73046875 0.88125 0.0765625 0.075
3 0.5109375 0.94453125 0.059375 0.0796875
3 0.61328125 0.72421875 0.06875 0.06875
3 0.62421875 0.45234375 0.0734375 0.0890625
6 0.69453125 0.61015625 0.09375 0.09375
3 0.659375 0.3484375 0.0671875 0.06875
3 0.1984375 0.5609375 0.071875 0.096875
3 0.625 0.8296875 0.0703125 0.0703125
3 0.30546875 0.64765625 0.078125 0.078125
3 0.94453125 0.5171875 0.0640625 0.0625
3 0.75546875 0.79140625 0.0640625 0.0640625
3 0.871875 0.0890625 0.05625 0.071875
3 0.2296875 0.62265625 0.06875 0.06875
3 0.3015625 0.8453125 0.06875 0.06875
3 0.1921875 0.9390625 0.065625 0.075
3 0.903125 0.521875 0.053125 0.071875
3 0.28515625 0.728125 0.071875 0.0703125
3 0.11328125 0.73828125 0.0703125 0.0703125
3 0.91796875 0.80859375 0.0625 0.0625
1 0.88359375 0.2 0.096875 0.096875
3 0.23671875 0.1046875 0.071875 0.084375
3 0.675 0.37578125 0.059375 0.0828125
3 0.615625 0.91328125 0.071875 0.071875
3 0.6625 0.53046875 0.06875 0.0703125
3 0.36015625 0.05703125 0.059375 0.0859375
3 0.4890625 0.2953125 0.059375 0.075
3 0.303125 0.7625 0.071875 0.071875
3 0.46640625 0.86484375 0.0625 0.0625
3 0.8875 0.85 0.071875 0.071875
3 0.434375 0.0578125 0.065625 0.0671875
3 0.140625 0.0609375 0.05625 0.0609375
3 0.85 0.86484375 0.065625 0.065625
3 0.48359375 0.07578125 0.0640625 0.0640625
3 0.3015625 0.928125 0.053125 0.08125
3 0.2546875 0.965625 0.0640625 0.0640625
3 0.06328125 0.04296875 0.0484375 0.0828125
3 0.09375 0.0484375 0.053125 0.078125
3 0.8609375 0.1609375 0.053125 0.071875
3 0.8390625 0.4875 0.046875 0.06875
3 0.54921875 0.85859375 0.0546875 0.053125
3 0.4578125 0.91328125 0.05 0.0671875
3 0.8015625 0.49609375 0.053125 0.053125