3 0.2359375 0.8578125 0.08125 0.053125
3 0.88984375 0.403125 0.0875 0.0890625
3 0.27265625 0.7203125 0.071875 0.071875
3 0.7671875 0.61875 0.09375 0.059375
3 0.590625 0.171875 0.1 0.08125
3 0.1890625 0.4203125 0.090625 0.065625
6 0.11171875 0.19140625 0.090625 0.090625
3 0.78671875 0.27890625 0.0953125 0.0734375
3 0.2453125 0.47421875 0.096875 0.0671875
3 0.5640625 0.58828125 0.0875 0.0828125
3 0.57890625 0.4953125 0.075 0.0765625
3 0.2890625 0.125 0.0875 0.0875
3 0.89140625 0.90546875 0.0765625 0.0765625
3 0.08984375 0.5421875 0.1046875 0.075
3 0.18984375 0.040625 0.0765625 0.078125
3 0.39609375 0.85078125 0.084375 0.084375
3 0.52265625 0.10859375 0.0640625 0.1171875
3 0.746875 0.89140625 0.090625 0.0890625
3 0.42265625 0.7046875 0.0875 0.078125
3 0.96328125 0.93046875 0.0734375 0.0671875
3 0.8875 0.75625 0.090625 0.071875
6 0.1953125 0.78671875 0.103125 0.08125
3 0.36875 0.8921875 0.1 0.071875
3 0.88203125 0.178125 0.0890625 0.075
3 0.79921875 0.096875 0.0875 0.0875
3 0.46015625 0.3203125 0.071875 0.0703125
3 0.53515625 0.3625 0.0921875 0.06875
3 0.5765625 0.40703125 0.071875 0.071875
3 0.87734375 0.31796875 0.0765625 0.0765625
3 0.93671875 0.7953125 0.0859375 0.0640625
3 0.803125 0.921875 0.0859375 0.0859375
3 0.68828125 0.3109375 0.084375 0.078125
3 0.88984375 0.5953125 0.08125 0.08125
3 0.4375 0.0453125 0.096875 0.090625
3 0.2 0.66328125 0.078125 0.078125
6 0.6484375 0.8625 0.0875 0.0875
3 0.7546875 0.55625 0.0828125 0.0828125
3 0.8078125 0.6875 0.071875 0.071875
3 0.4734375 0.41953125 0.075 0.075
3 0.72265625 0.0359375 0.0875 0.06875
3 0.2296875 0.2546875 0.078125 0.071875
3 0.61875 0.8265625 0.09375 0.08125
3 0.409375 0.434375 0.084375 0.0625
3 0.621875 0.378125 0.08125 0.08125
3 0.5453125 0.85390625 0.078125 0.078125
3 0.5328125 0.89296875 0.0875 0.0671875
3 0.5109375 0.56875 0.0765625 0.0765625
3 0.41875 0.1421875 0.084375 0.084375
3 0.5828125 0.63046875 0.0796875 0.0796875
3 0.65546875 0.28125 0.0828125 0.06875
3 0.134375 0.64921875 0.09375 0.0671875
3 0.71171875 0.57734375 0.071875 0.071875
3 0.0578125 0.4453125 0.0703125 0.0703125