3 0.3171875 0.34375 0.084375 0.06875
3 0.28359375 0.428125 0.0984375 0.0625
3 0.13203125 0.2625 0.0765625 0.075
3 0.68046875 0.73203125 0.0734375 0.0734375
3 0.11015625 0.88046875 0.0921875 0.090625
3 0.38359375 0.4 0.0875 0.075
3 0.47890625 0.409375 0.0875 0.0890625
3 0.83359375 0.30234375 0.075 0.075
3 0.6390625 0.23359375 0.0828125 0.0828125
3 0.15 0.78515625 0.09375 0.075
3 0.45703125 0.221875 0.078125 0.0796875
3 0.67890625 0.046875 0.078125 0.078125
3 0.93359375 0.29375 0.071875 0.071875
3 0.334375 0.4890625 0.0859375 0.0859375
3 0.10390625 0.0328125 0.0734375 0.065625
3 0.67109375 0.7984375 0.0859375 0.0859375
3 0.11015625 0.6515625 0.1 0.078125
3 0.7546875 0.196875 0.09375 0.06875
3 0.94921875 0.83984375 0.0921875 0.0671875
3 0.209375 0.09453125 0.09375 0.0640625
3 0.90625 0.3984375 0.103125 0.084375
3 0.67734375 0.1625 0.0859375 0.06875
3 0.75390625 0.78359375 0.0859375 0.0640625
3 0.84375 0.67109375 0.096875 0.0734375
3 0.58984375 0.95703125 0.084375 0.0640625
3 0.79921875 0.153125 0.0875 0.075
3 0.67265625 0.86328125 0.071875 0.0578125
3 0.7859375 0.38359375 0.084375 0.0734375
3 0.65625 0.93125 0.071875 0.071875
3 0.321875 0.20625 0.10625 0.078125
3 0.92890625 0.8625 0.08125 0.0828125
3 0.5421875 0.4421875 0.096875 0.06875
3 0.19765625 0.59140625 0.0828125 0.078125
3 0.4609375 0.96875 0.0875 0.0625
3 0.58671875 0.5125 0.084375 0.084375
3 0.3390625 0.5671875 0.096875 0.078125
3 0.13359375 0.7234375 0.0953125 0.06875
3 0.89140625 0.24375 0.0953125 0.075
3 0.2 0.6734375 0.0828125 0.0828125
3 0.846875 0.42421875 0.071875 0.071875
3 0.27109375 0.61796875 0.0953125 0.0796875
3 0.8015625 0.8484375 0.084375 0.084375
3 0.11171875 0.453125 0.0703125 0.071875
3 0.25234375 0.81328125 0.065625 0.059375
3 0.58515625 0.5859375 0.078125 0.0765625
3 0.34453125 0.16328125 0.1 0.06875
3 0.03828125 0.46953125 0.065625 0.065625
3 0.621875 0.6828125 0.084375 0.071875
3 0.5234375 0.65234375 0.0828125 0.08125
3 0.7296875 0.621875 0.096875 0.06875
3 0.3796875 0.08203125 0.078125 0.05625
3 0.8203125 0.9296875 0.084375 0.065625
3 0.6484375 0.58984375 0.1 0.075
3 0.90546875 0.9015625 0.0859375 0.084375
6 0.32265625 0.9046875 0.090625 0.090625
3 0.2203125 0.946875 0.103125 0.06875
3 0.7859375 0.8703125 0.0921875 0.0921875
3 0.265625 0.4953125 0.08125 0.071875
3 0.89609375 0.5765625 0.1078125 0.078125
6 0.89453125 0.1625 0.125 0.075
3 0.346875 0.08359375 0.084375 0.0828125
3 0.2109375 0.70625 0.0859375 0.0859375
6 0.12109375 0.49921875 0.0890625 0.0890625
3 0.66640625 0.4265625 0.0703125 0.05625
3 0.33359375 0.12890625 0.071875 0.071875
3 0.27890625 0.96171875 0.0796875 0.0765625
3 0.56484375 0.640625 0.0890625 0.0625
3 0.240625 0.88359375 0.075 0.0640625
3 0.94296875 0.959375 0.0828125 0.06875
3 0.8859375 0.97109375 0.065625 0.0578125
3 0.190625 0.53046875 0.0890625 0.0875