3 0.65625 0.3171875 0.06875 0.084375
3 0.571875 0.28359375 0.0625 0.0984375
3 0.7375 0.13203125 0.075 0.0765625
3 0.26796875 0.68046875 0.0609375 0.0859375
3 0.11953125 0.11015625 0.090625 0.0921875
3 0.6 0.38359375 0.075 0.0875
3 0.590625 0.47890625 0.075 0.1015625
3 0.69765625 0.83359375 0.059375 0.090625
3 0.76640625 0.6390625 0.0828125 0.0828125
3 0.21484375 0.15 0.075 0.09375
3 0.778125 0.45703125 0.0796875 0.078125
3 0.953125 0.67890625 0.06875 0.0875
3 0.70625 0.93359375 0.071875 0.071875
3 0.5109375 0.334375 0.075 0.096875
3 0.96953125 0.103125 0.0609375 0.084375
3 0.2015625 0.67109375 0.084375 0.0859375
3 0.3484375 0.11015625 0.0890625 0.0890625
3 0.803125 0.7546875 0.08125 0.08125
3 0.16015625 0.94921875 0.0796875 0.0796875
3 0.90546875 0.209375 0.078125 0.078125
3 0.6015625 0.90625 0.084375 0.103125
3 0.8375 0.67734375 0.06875 0.0859375
3 0.21640625 0.75390625 0.075 0.075
3 0.32890625 0.84375 0.084375 0.084375
3 0.04296875 0.58984375 0.075 0.075
3 0.846875 0.79921875 0.075 0.0875
3 0.13671875 0.67265625 0.0578125 0.071875
3 0.61640625 0.7859375 0.0734375 0.084375
3 0.06875 0.65625 0.071875 0.071875
3 0.79375 0.321875 0.0921875 0.0921875
3 0.1375 0.92890625 0.075 0.0890625
3 0.5578125 0.5421875 0.0828125 0.08125
3 0.40859375 0.19765625 0.078125 0.0828125
3 0.03125 0.4609375 0.0625 0.0875
3 0.4875 0.58671875 0.084375 0.084375
3 0.4328125 0.3390625 0.0875 0.0875
3 0.2765625 0.13359375 0.08125 0.0828125
3 0.75625 0.89140625 0.084375 0.084375
3 0.3265625 0.2 0.0828125 0.0828125
3 0.57578125 0.846875 0.071875 0.071875
3 0.38203125 0.27109375 0.0796875 0.0953125
3 0.1515625 0.8015625 0.071875 0.096875
3 0.546875 0.11171875 0.0625 0.0796875
3 0.18671875 0.25234375 0.059375 0.065625
3 0.4140625 0.58515625 0.0765625 0.078125
3 0.83671875 0.34453125 0.084375 0.084375
3 0.53046875 0.03828125 0.0546875 0.0765625
3 0.3171875 0.621875 0.078125 0.078125
3 0.34765625 0.5234375 0.08125 0.0828125
3 0.378125 0.7296875 0.0828125 0.0828125
3 0.91796875 0.3796875 0.0671875 0.0671875
3 0.0703125 0.8203125 0.075 0.075
3 0.41015625 0.6484375 0.0875 0.0875
3 0.0984375 0.90546875 0.084375 0.0859375
6 0.0953125 0.32265625 0.090625 0.090625
3 0.053125 0.2203125 0.0859375 0.0859375
3 0.1296875 0.7859375 0.078125 0.10625
3 0.5046875 0.265625 0.0765625 0.0765625
3 0.4234375 0.89609375 0.078125 0.1078125
6 0.8375 0.89453125 0.1 0.1
3 0.91640625 0.346875 0.0828125 0.084375
3 0.29375 0.2109375 0.075 0.096875
6 0.50078125 0.12109375 0.0890625 0.0890625
3 0.5734375 0.66640625 0.0625 0.0625
3 0.87109375 0.33359375 0.071875 0.071875
3 0.03828125 0.27890625 0.0765625 0.0796875
3 0.359375 0.56484375 0.0765625 0.075
3 0.11640625 0.240625 0.0703125 0.06875
3 0.040625 0.94296875 0.06875 0.0828125
3 0.02890625 0.8859375 0.0578125 0.065625
3 0.46953125 0.190625 0.0703125 0.10625