3 0.56171875 0.3046875 0.0734375 0.0734375
3 0.640625 0.790625 0.075 0.075
3 0.21171875 0.40703125 0.084375 0.084375
3 0.94140625 0.6015625 0.0859375 0.0875
3 0.059375 0.65546875 0.071875 0.071875
3 0.79296875 0.5296875 0.08125 0.08125
3 0.30546875 0.67109375 0.0703125 0.1046875
6 0.1578125 0.828125 0.09375 0.09375
3 0.9234375 0.43203125 0.08125 0.08125
3 0.33125 0.2734375 0.0703125 0.0703125
3 0.6953125 0.8515625 0.084375 0.084375
3 0.61796875 0.40859375 0.090625 0.090625
3 0.73125 0.41171875 0.075 0.0984375
3 0.4515625 0.48671875 0.078125 0.0859375
3 0.1296875 0.4921875 0.0828125 0.0828125
3 0.46484375 0.24609375 0.0765625 0.0859375
3 0.70078125 0.946875 0.08125 0.08125
3 0.84609375 0.47890625 0.071875 0.0890625
3 0.4265625 0.703125 0.075 0.1
3 0.51015625 0.1578125 0.0578125 0.084375
3 0.4421875 0.6140625 0.071875 0.096875
3 0.475 0.17421875 0.075 0.0859375
3 0.62109375 0.403125 0.08125 0.0796875
6 0.19140625 0.5828125 0.0921875 0.096875
3 0.2234375 0.1265625 0.0796875 0.0796875
3 0.6234375 0.9203125 0.0734375 0.0734375
3 0.196875 0.48828125 0.0625 0.0890625
3 0.2421875 0.51796875 0.084375 0.0671875
0 0.54140625 0.0515625 0.0875 0.090625