3 0.8125 0.37578125 0.09375 0.0703125
3 0.32890625 0.121875 0.1046875 0.075
3 0.7046875 0.415625 0.096875 0.06875
3 0.75703125 0.08515625 0.0921875 0.06875
3 0.61484375 0.53359375 0.0921875 0.0765625
3 0.7734375 0.946875 0.0796875 0.0796875
3 0.51015625 0.325 0.084375 0.0828125
3 0.68203125 0.6359375 0.09375 0.09375
3 0.115625 0.7921875 0.10625 0.071875
3 0.4890625 0.18515625 0.084375 0.084375
3 0.43046875 0.63125 0.0953125 0.075
3 0.39296875 0.74453125 0.0921875 0.0734375
3 0.31875 0.8671875 0.0890625 0.0890625
3 0.67109375 0.8546875 0.0796875 0.0796875
3 0.47890625 0.4875 0.084375 0.084375
3 0.35234375 0.0484375 0.0921875 0.0921875
3 0.10390625 0.15703125 0.084375 0.084375
3 0.33828125 0.1984375 0.1109375 0.071875
3 0.3921875 0.50078125 0.096875 0.0640625
3 0.55546875 0.7609375 0.078125 0.078125
3 0.56953125 0.38828125 0.0875 0.0875
3 0.67734375 0.9078125 0.1015625 0.0625
3 0.73984375 0.8078125 0.075 0.0734375
3 0.4203125 0.6796875 0.090625 0.065625
3 0.16484375 0.515625 0.0828125 0.0625
3 0.49921875 0.80390625 0.1015625 0.0640625
3 0.834375 0.89140625 0.0875 0.0875
3 0.071875 0.29453125 0.0875 0.0875
3 0.853125 0.684375 0.078125 0.0796875
3 0.1828125 0.44921875 0.090625 0.090625
3 0.46171875 0.8625 0.0984375 0.06875
3 0.5546875 0.23125 0.0890625 0.0875
3 0.178125 0.6140625 0.075 0.071875
3 0.23828125 0.56875 0.090625 0.090625
3 0.39140625 0.853125 0.078125 0.078125
3 0.9171875 0.4703125 0.075 0.075
3 0.4 0.33359375 0.0875 0.0859375
3 0.603125 0.2953125 0.078125 0.078125
3 0.22578125 0.503125 0.075 0.0734375
3 0.90078125 0.359375 0.0859375 0.084375
3 0.8734375 0.08671875 0.103125 0.0609375
3 0.3140625 0.44609375 0.103125 0.0703125
3 0.3453125 0.63984375 0.071875 0.071875
3 0.546875 0.6640625 0.1 0.06875
3 0.2015625 0.6875 0.0703125 0.0703125
3 0.2890625 0.7671875 0.078125 0.078125
3 0.39375 0.578125 0.0875 0.0875
3 0.48984375 0.6453125 0.0765625 0.08125
3 0.30546875 0.72109375 0.084375 0.0546875
3 0.51875 0.740625 0.08125 0.08125
3 0.25859375 0.0265625 0.1140625 0.053125
3 0.871875 0.72890625 0.075 0.075
3 0.7515625 0.6484375 0.084375 0.084375
3 0.3078125 0.571875 0.096875 0.06875
3 0.39140625 0.15078125 0.090625 0.090625
3 0.80078125 0.76328125 0.090625 0.0890625
3 0.0671875 0.76171875 0.115625 0.065625
3 0.20390625 0.76875 0.0796875 0.065625
3 0.68984375 0.53359375 0.0984375 0.0734375
3 0.2859375 0.66015625 0.1 0.0921875
3 0.0515625 0.12109375 0.096875 0.0640625
3 0.91484375 0.58203125 0.0859375 0.0921875
3 0.525 0.4328125 0.0890625 0.0890625
3 0.7328125 0.74140625 0.090625 0.0703125
3 0.0984375 0.625 0.11875 0.084375
3 0.3203125 0.51015625 0.078125 0.0765625
3 0.9203125 0.2625 0.090625 0.09375
3 0.76796875 0.71328125 0.0859375 0.0859375
3 0.45234375 0.77421875 0.084375 0.084375
3 0.10625 0.6734375 0.1375 0.0671875
3 0.9265625 0.715625 0.075 0.078125
3 0.62109375 0.23671875 0.0984375 0.0765625
3 0.44453125 0.05078125 0.115625 0.0734375
3 0.44609375 0.08203125 0.0828125 0.0828125
3 0.1953125 0.7359375 0.109375 0.059375
3 0.10546875 0.703125 0.1078125 0.05
3 0.43515625 0.37421875 0.0890625 0.0890625