3 0.46015625 0.70546875 0.08125 0.08125
3 0.75078125 0.75703125 0.121875 0.0765625
3 0.85859375 0.69921875 0.1015625 0.0734375
3 0.2953125 0.80625 0.096875 0.075
3 0.8875 0.78046875 0.10625 0.0734375
3 0.34765625 0.61328125 0.0890625 0.0703125
3 0.86171875 0.6421875 0.078125 0.078125
3 0.4296875 0.5796875 0.09375 0.0625
3 0.80859375 0.06953125 0.0796875 0.08125
3 0.87578125 0.2640625 0.0765625 0.0765625
3 0.53984375 0.92578125 0.0921875 0.0921875
3 0.9390625 0.95546875 0.084375 0.0765625
3 0.8984375 0.55546875 0.090625 0.0921875
3 0.8265625 0.8328125 0.0796875 0.0796875
3 0.9265625 0.1125 0.0828125 0.0828125
3 0.5671875 0.6390625 0.084375 0.084375
3 0.77265625 0.15859375 0.0875 0.0671875
3 0.89140625 0.04296875 0.1046875 0.078125
3 0.77578125 0.4375 0.08125 0.08125
3 0.81640625 0.52421875 0.078125 0.0765625
3 0.08828125 0.35859375 0.084375 0.084375
3 0.925 0.4203125 0.08125 0.08125
3 0.43046875 0.409375 0.0859375 0.065625
3 0.68515625 0.89765625 0.1078125 0.0640625
3 0.71328125 0.8515625 0.08125 0.08125
3 0.39765625 0.665625 0.103125 0.0625
3 0.903125 0.85078125 0.084375 0.084375
3 0.68515625 0.5265625 0.103125 0.065625
3 0.84140625 0.90703125 0.103125 0.078125
3 0.3328125 0.52109375 0.1 0.0828125
3 0.95859375 0.90546875 0.078125 0.0796875
3 0.81484375 0.946875 0.0796875 0.078125
3 0.95546875 0.2359375 0.0875 0.078125
3 0.54375 0.8578125 0.0875 0.0875
3 0.734375 0.9421875 0.121875 0.071875
3 0.2328125 0.7421875 0.0875 0.078125
3 0.10703125 0.8046875 0.071875 0.0734375
3 0.3015625 0.9015625 0.103125 0.059375
3 0.2671875 0.6484375 0.096875 0.071875
3 0.284375 0.71015625 0.1 0.0765625
3 0.6703125 0.45234375 0.0890625 0.0875
3 0.4203125 0.28671875 0.084375 0.0703125
3 0.67890625 0.21875 0.09375 0.09375
3 0.80859375 0.27578125 0.0890625 0.0703125
3 0.08046875 0.92890625 0.1015625 0.0765625
3 0.68046875 0.3046875 0.084375 0.084375
3 0.41953125 0.84921875 0.0890625 0.0890625
3 0.2125 0.8203125 0.071875 0.0703125
3 0.5828125 0.70859375 0.109375 0.0671875
3 0.671875 0.6484375 0.1 0.075
3 0.57265625 0.603125 0.09375 0.0921875
3 0.26015625 0.5796875 0.0890625 0.08125
3 0.459375 0.1015625 0.09375 0.09375
3 0.56953125 0.50078125 0.090625 0.090625
6 0.840625 0.3484375 0.10625 0.090625
3 0.4921875 0.7765625 0.0953125 0.0953125
3 0.615625 0.7953125 0.0765625 0.075
3 0.63359375 0.7609375 0.1171875 0.065625
3 0.6484375 0.73203125 0.109375 0.0578125
3 0.68515625 0.68828125 0.1015625 0.1015625
3 0.70234375 0.92578125 0.0828125 0.0828125
3 0.77109375 0.5703125 0.0921875 0.046875
3 0.85859375 0.575 0.0671875 0.0671875
3 0.48828125 0.49375 0.0875 0.0875
3 0.45703125 0.42265625 0.08125 0.08125
3 0.56171875 0.41875 0.090625 0.090625
3 0.70859375 0.46328125 0.0859375 0.0859375
3 0.7640625 0.3875 0.0796875 0.078125
3 0.76875 0.3546875 0.0765625 0.0765625
3 0.76875 0.30078125 0.08125 0.0765625
3 0.61796875 0.35703125 0.09375 0.09375
3 0.48046875 0.29609375 0.0859375 0.0890625
3 0.64296875 0.0546875 0.103125 0.078125
3 0.12421875 0.35625 0.0828125 0.084375
3 0.309375 0.3203125 0.10625 0.06875
3 0.3265625 0.3453125 0.090625 0.084375
3 0.71875 0.0484375 0.09375 0.078125
3 0.590625 0.434375 0.09375 0.09375
3 0.05390625 0.88515625 0.084375 0.084375
3 0.13984375 0.87421875 0.084375 0.084375
3 0.1734375 0.790625 0.090625 0.075
3 0.07109375 0.81328125 0.075 0.075
3 0.378125 0.7140625 0.09375 0.071875
6 0.09765625 0.66640625 0.0984375 0.1203125
0 0.11796875 0.4609375 0.1234375 0.065625