3 0.53984375 0.70546875 0.0921875 0.0703125
3 0.24921875 0.75703125 0.121875 0.0765625
3 0.14140625 0.69921875 0.1015625 0.0734375
3 0.7046875 0.80625 0.0859375 0.0859375
3 0.1125 0.78046875 0.10625 0.0734375
3 0.65234375 0.61328125 0.0796875 0.0796875
3 0.13828125 0.6421875 0.0921875 0.065625
3 0.5703125 0.5796875 0.078125 0.078125
3 0.19140625 0.06953125 0.0796875 0.08125
3 0.12421875 0.2640625 0.084375 0.06875
3 0.46015625 0.92578125 0.1109375 0.0734375
3 0.0609375 0.95546875 0.084375 0.0765625
3 0.1015625 0.55546875 0.090625 0.0921875
3 0.1734375 0.8328125 0.0796875 0.0796875
3 0.0734375 0.1125 0.096875 0.06875
3 0.4328125 0.6390625 0.084375 0.084375
3 0.22734375 0.15859375 0.078125 0.078125
3 0.10859375 0.04296875 0.1046875 0.078125
3 0.22421875 0.4375 0.0953125 0.06875
3 0.18359375 0.52421875 0.090625 0.0640625
3 0.91171875 0.35859375 0.084375 0.084375
3 0.075 0.4203125 0.08125 0.08125
3 0.56953125 0.409375 0.0859375 0.065625
3 0.31484375 0.89765625 0.0859375 0.0859375
3 0.28671875 0.8515625 0.0953125 0.065625
3 0.60234375 0.665625 0.0828125 0.0828125
3 0.096875 0.85078125 0.0875 0.08125
3 0.31484375 0.5265625 0.084375 0.084375
3 0.15859375 0.90703125 0.090625 0.090625
3 0.6671875 0.52109375 0.1 0.0828125
3 0.04140625 0.90546875 0.0828125 0.075
3 0.18515625 0.946875 0.0796875 0.078125
3 0.04453125 0.2359375 0.0828125 0.0828125
3 0.45625 0.8578125 0.0875 0.0875
3 0.265625 0.9421875 0.121875 0.071875
3 0.7671875 0.7421875 0.0828125 0.0828125
3 0.89296875 0.8046875 0.078125 0.065625
3 0.6984375 0.9015625 0.08125 0.08125
3 0.7328125 0.6484375 0.096875 0.071875
3 0.715625 0.71015625 0.0890625 0.0890625
3 0.3296875 0.45234375 0.1 0.0765625
3 0.5796875 0.28671875 0.084375 0.0703125
3 0.32109375 0.21875 0.1203125 0.065625
3 0.19140625 0.27578125 0.0890625 0.0703125
3 0.91953125 0.92890625 0.0890625 0.0890625
3 0.31953125 0.3046875 0.084375 0.084375
3 0.58046875 0.84921875 0.0890625 0.0890625
3 0.7875 0.8203125 0.0703125 0.0703125
3 0.4171875 0.70859375 0.109375 0.0671875
3 0.328125 0.6484375 0.1 0.075
3 0.42734375 0.603125 0.1171875 0.06875
3 0.73984375 0.5796875 0.0890625 0.08125
3 0.540625 0.1015625 0.09375 0.09375
3 0.43046875 0.50078125 0.1046875 0.0765625
6 0.159375 0.3484375 0.0984375 0.0984375
3 0.5078125 0.7765625 0.0953125 0.0953125
3 0.384375 0.7953125 0.09375 0.059375
3 0.36640625 0.7609375 0.090625 0.0921875
3 0.3515625 0.73203125 0.0828125 0.084375
3 0.31484375 0.68828125 0.1015625 0.1015625
3 0.29765625 0.92578125 0.0828125 0.0828125
3 0.22890625 0.5703125 0.0921875 0.046875
3 0.14140625 0.575 0.0671875 0.0671875
3 0.51171875 0.49375 0.0671875 0.109375
3 0.54296875 0.42265625 0.08125 0.08125
3 0.43828125 0.41875 0.090625 0.090625
3 0.29140625 0.46328125 0.0859375 0.0859375
3 0.2359375 0.3875 0.0796875 0.0796875
3 0.23125 0.3546875 0.0765625 0.0765625
3 0.23125 0.30078125 0.08125 0.0765625
3 0.38203125 0.35703125 0.09375 0.09375
3 0.51953125 0.29609375 0.0859375 0.0890625
3 0.35703125 0.0546875 0.090625 0.090625
3 0.87578125 0.35625 0.0828125 0.0828125
3 0.690625 0.3203125 0.0875 0.0875
3 0.6734375 0.3453125 0.0875 0.0875
3 0.28125 0.0484375 0.09375 0.078125
3 0.409375 0.434375 0.10625 0.08125
3 0.94609375 0.88515625 0.084375 0.084375
3 0.86015625 0.87421875 0.1015625 0.0671875
3 0.8265625 0.790625 0.084375 0.0828125
3 0.92890625 0.81328125 0.075 0.075
3 0.621875 0.7140625 0.09375 0.071875
6 0.90234375 0.66640625 0.109375 0.109375
0 0.88203125 0.4609375 0.1234375 0.065625