3 0.12890625 0.80078125 0.0640625 0.0640625
3 0.896875 0.29609375 0.0625 0.084375
3 0.2421875 0.6515625 0.065625 0.078125
3 0.8703125 0.13046875 0.075 0.0734375
3 0.85859375 0.52109375 0.065625 0.0828125
3 0.71328125 0.06796875 0.075 0.075
3 0.0796875 0.20390625 0.0671875 0.0671875
3 0.91875 0.93828125 0.059375 0.0796875
3 0.52890625 0.10703125 0.0765625 0.075
3 0.61953125 0.2390625 0.0671875 0.090625
3 0.35234375 0.753125 0.075 0.075
3 0.84375 0.05546875 0.071875 0.071875
3 0.1109375 0.94921875 0.065625 0.0734375
3 0.64921875 0.0796875 0.0640625 0.0640625
3 0.9546875 0.2484375 0.0625 0.08125
3 0.7703125 0.678125 0.0859375 0.0875
3 0.96328125 0.89609375 0.0734375 0.0796875
3 0.74140625 0.146875 0.078125 0.0765625
3 0.315625 0.61015625 0.075 0.0984375
3 0.13828125 0.09453125 0.0828125 0.0828125
3 0.590625 0.0703125 0.0765625 0.0765625
3 0.63046875 0.14765625 0.0578125 0.0859375
3 0.5875 0.4640625 0.06875 0.071875
3 0.85 0.2015625 0.0625 0.0625
3 0.68203125 0.88203125 0.0828125 0.08125
3 0.23125 0.07578125 0.05625 0.0828125
3 0.72265625 0.3296875 0.0625 0.0625
3 0.765625 0.2171875 0.0625 0.0875
3 0.43359375 0.634375 0.0609375 0.08125
3 0.29765625 0.28359375 0.0625 0.0796875
3 0.81640625 0.265625 0.084375 0.0828125
3 0.49296875 0.309375 0.0703125 0.09375
3 0.0421875 0.7953125 0.071875 0.1
3 0.60390625 0.32421875 0.075 0.075
6 0.88203125 0.846875 0.0875 0.0890625
3 0.8453125 0.621875 0.071875 0.0625
3 0.86171875 0.446875 0.06875 0.06875
3 0.45703125 0.2359375 0.0640625 0.0875
3 0.08046875 0.1203125 0.071875 0.071875
3 0.17421875 0.571875 0.08125 0.0828125
3 0.06171875 0.69140625 0.0671875 0.0984375
3 0.77109375 0.7796875 0.0640625 0.084375
6 0.7 0.446875 0.1046875 0.1046875
3 0.834375 0.38359375 0.06875 0.0703125
3 0.428125 0.1046875 0.075 0.090625
6 0.1921875 0.42578125 0.0890625 0.0890625
3 0.8359375 0.79609375 0.06875 0.06875
3 0.725 0.8328125 0.053125 0.08125
3 0.565625 0.89765625 0.0953125 0.096875
3 0.2734375 0.1765625 0.065625 0.10625
3 0.246875 0.2859375 0.0765625 0.0765625
6 0.7859375 0.83671875 0.090625 0.090625
3 0.4875 0.88828125 0.06875 0.06875
3 0.49140625 0.8015625 0.0671875 0.096875
3 0.0984375 0.67578125 0.0765625 0.075
3 0.5515625 0.4078125 0.0625 0.090625
3 0.26171875 0.10625 0.0671875 0.090625
3 0.3421875 0.1484375 0.078125 0.090625
3 0.3484375 0.22109375 0.078125 0.0859375
3 0.4578125 0.1265625 0.071875 0.084375
3 0.4140625 0.190625 0.0734375 0.075
3 0.54296875 0.35234375 0.0640625 0.090625
3 0.809375 0.3328125 0.0640625 0.0640625
3 0.68046875 0.21953125 0.06875 0.06875
3 0.7015625 0.24296875 0.065625 0.0890625
3 0.678125 0.2796875 0.0734375 0.0734375
3 0.6453125 0.40703125 0.0765625 0.0765625
3 0.65703125 0.36484375 0.08125 0.08125