3 0.19921875 0.12890625 0.0640625 0.0640625
3 0.70390625 0.896875 0.084375 0.0625
3 0.3484375 0.2421875 0.078125 0.065625
3 0.86953125 0.8703125 0.0734375 0.075
3 0.47890625 0.85859375 0.0828125 0.065625
3 0.93203125 0.71328125 0.075 0.075
3 0.79609375 0.0796875 0.0765625 0.05625
3 0.06171875 0.91875 0.0796875 0.059375
3 0.89296875 0.52890625 0.075 0.075
3 0.7609375 0.61953125 0.0796875 0.078125
3 0.246875 0.35234375 0.0875 0.0609375
3 0.94453125 0.84375 0.0796875 0.0625
3 0.05078125 0.1109375 0.0703125 0.06875
3 0.9203125 0.64921875 0.0640625 0.0640625
3 0.7515625 0.9546875 0.08125 0.0625
3 0.321875 0.7703125 0.1 0.071875
3 0.10390625 0.96328125 0.0796875 0.0734375
3 0.853125 0.74140625 0.0765625 0.078125
3 0.38984375 0.315625 0.0859375 0.0875
3 0.90546875 0.13828125 0.0828125 0.0828125
3 0.9296875 0.590625 0.0765625 0.075
3 0.85234375 0.63046875 0.071875 0.071875
3 0.5359375 0.5875 0.071875 0.06875
3 0.7984375 0.85 0.065625 0.059375
3 0.11796875 0.68203125 0.08125 0.0828125
3 0.92421875 0.23125 0.0828125 0.05625
3 0.6703125 0.72265625 0.0625 0.0625
3 0.7828125 0.765625 0.0875 0.0625
3 0.365625 0.43359375 0.071875 0.0703125
3 0.71640625 0.29765625 0.0703125 0.071875
3 0.734375 0.81640625 0.0828125 0.0828125
3 0.690625 0.49296875 0.08125 0.08125
3 0.2046875 0.0421875 0.1 0.071875
3 0.67578125 0.60390625 0.0859375 0.0640625
6 0.153125 0.88203125 0.0890625 0.0875
3 0.378125 0.8453125 0.0625 0.071875
3 0.553125 0.86171875 0.06875 0.06875
3 0.7640625 0.45703125 0.075 0.075
3 0.8796875 0.08046875 0.071875 0.071875
3 0.428125 0.17421875 0.0828125 0.08125
3 0.30859375 0.06171875 0.0984375 0.0671875
3 0.2203125 0.77109375 0.084375 0.0640625
6 0.553125 0.7 0.1046875 0.1046875
3 0.61640625 0.834375 0.0703125 0.06875
3 0.8953125 0.428125 0.0828125 0.0828125
6 0.57421875 0.1921875 0.0890625 0.0890625
3 0.20390625 0.8359375 0.06875 0.06875
3 0.1671875 0.725 0.08125 0.053125
3 0.10234375 0.565625 0.1109375 0.08125
3 0.8234375 0.2734375 0.0859375 0.0859375
3 0.7140625 0.246875 0.0765625 0.0765625
6 0.16328125 0.7859375 0.090625 0.090625
3 0.11171875 0.4875 0.0765625 0.0625
3 0.1984375 0.49140625 0.0828125 0.0828125
3 0.32421875 0.0984375 0.075 0.0765625
3 0.5921875 0.5515625 0.090625 0.0625
3 0.89375 0.26171875 0.078125 0.0796875
3 0.8515625 0.3421875 0.084375 0.084375
3 0.77890625 0.3484375 0.0859375 0.078125
3 0.8734375 0.4578125 0.084375 0.071875
3 0.809375 0.4140625 0.0875 0.059375
3 0.64765625 0.54296875 0.078125 0.078125
3 0.6671875 0.809375 0.065625 0.0625
3 0.78046875 0.68046875 0.075 0.0609375
3 0.75703125 0.7015625 0.078125 0.078125
3 0.7203125 0.678125 0.084375 0.0625
3 0.59296875 0.6453125 0.0875 0.065625
3 0.63515625 0.65703125 0.08125 0.08125