3 0.784375 0.6484375 0.06875 0.096875
3 0.1390625 0.48046875 0.084375 0.084375
3 0.62421875 0.13671875 0.078125 0.1
3 0.2 0.78203125 0.075 0.0984375
3 0.4890625 0.44453125 0.0796875 0.08125
3 0.20390625 0.66796875 0.0671875 0.0921875
3 0.1265625 0.28359375 0.078125 0.0921875
3 0.403125 0.37265625 0.0875 0.0875
3 0.16875 0.3921875 0.0625 0.10625
3 0.5296875 0.8578125 0.065625 0.0875
3 0.20546875 0.1796875 0.0609375 0.103125
3 0.6421875 0.5390625 0.078125 0.078125
3 0.23828125 0.2921875 0.0796875 0.08125
3 0.78671875 0.315625 0.0640625 0.1
3 0.33515625 0.5046875 0.0796875 0.096875
3 0.6828125 0.46171875 0.084375 0.0984375
3 0.7015625 0.56796875 0.059375 0.1046875
3 0.07421875 0.44609375 0.0828125 0.0828125
3 0.4890625 0.3484375 0.0890625 0.0890625
3 0.0765625 0.18359375 0.08125 0.0921875
3 0.8625 0.7265625 0.09375 0.084375
3 0.66796875 0.2953125 0.0953125 0.0953125
3 0.7828125 0.5125 0.0984375 0.0984375
3 0.91796875 0.63828125 0.0671875 0.1078125
3 0.14375 0.678125 0.0859375 0.0859375
3 0.5953125 0.921875 0.078125 0.09375
3 0.82265625 0.1984375 0.096875 0.096875
3 0.27421875 0.72265625 0.0765625 0.1046875