3 0.215625 0.6484375 0.0828125 0.0828125
3 0.8609375 0.48046875 0.078125 0.0890625
3 0.37578125 0.13671875 0.078125 0.1
3 0.8 0.78203125 0.075 0.0984375
3 0.5109375 0.44453125 0.0796875 0.08125
3 0.79609375 0.66796875 0.0671875 0.0921875
3 0.8734375 0.28359375 0.078125 0.0921875
3 0.596875 0.37265625 0.075 0.0984375
3 0.83125 0.3921875 0.084375 0.084375
3 0.4703125 0.8578125 0.065625 0.0875
3 0.79453125 0.1796875 0.0609375 0.103125
3 0.3578125 0.5390625 0.078125 0.078125
3 0.76171875 0.2921875 0.0796875 0.0796875
3 0.21328125 0.315625 0.0640625 0.1
3 0.66484375 0.5046875 0.0796875 0.096875
3 0.3171875 0.46171875 0.084375 0.0984375
3 0.2984375 0.56796875 0.059375 0.1046875
3 0.92578125 0.44609375 0.0828125 0.0828125
3 0.5109375 0.3484375 0.0890625 0.0890625
3 0.9234375 0.18359375 0.08125 0.0921875
3 0.1375 0.7265625 0.0890625 0.0890625
3 0.33203125 0.2953125 0.0953125 0.0953125
3 0.2171875 0.5125 0.0984375 0.0984375
3 0.08203125 0.63828125 0.0875 0.0875
3 0.85625 0.678125 0.0859375 0.0859375
3 0.4046875 0.921875 0.078125 0.09375
3 0.17734375 0.1984375 0.096875 0.096875
3 0.72578125 0.72265625 0.0765625 0.1046875