3 0.61484375 0.26640625 0.084375 0.084375
3 0.184375 0.24609375 0.08125 0.08125
3 0.38515625 0.75390625 0.090625 0.0703125
3 0.46015625 0.1171875 0.075 0.075
3 0.45859375 0.803125 0.0953125 0.071875
3 0.828125 0.8265625 0.090625 0.0671875
3 0.19453125 0.0546875 0.078125 0.078125
3 0.575 0.053125 0.071875 0.0625
3 0.93515625 0.48359375 0.071875 0.071875
3 0.740625 0.33671875 0.084375 0.084375
3 0.24140625 0.1515625 0.0875 0.0875
3 0.17890625 0.47734375 0.0953125 0.0703125
3 0.04921875 0.18125 0.0859375 0.084375
3 0.66171875 0.51953125 0.0640625 0.0625
3 0.11953125 0.2921875 0.0875 0.0875
3 0.4140625 0.17734375 0.0875 0.0875
3 0.0828125 0.56796875 0.08125 0.08125
3 0.04375 0.08515625 0.0796875 0.08125
3 0.64453125 0.80234375 0.1046875 0.0703125
3 0.3046875 0.22578125 0.096875 0.0828125
3 0.5921875 0.41171875 0.103125 0.078125
3 0.93359375 0.1828125 0.0859375 0.084375
3 0.203125 0.5546875 0.096875 0.065625
3 0.6234375 0.89921875 0.078125 0.0515625
3 0.32890625 0.61015625 0.08125 0.08125
3 0.73671875 0.6453125 0.0984375 0.078125
3 0.1203125 0.14375 0.0828125 0.0828125
3 0.6046875 0.95 0.071875 0.071875
3 0.8953125 0.890625 0.0875 0.0625
3 0.4578125 0.896875 0.1 0.08125
3 0.46328125 0.4203125 0.0640625 0.071875
3 0.66015625 0.07265625 0.0890625 0.0671875
3 0.303125 0.53359375 0.0859375 0.0859375
3 0.8234375 0.9203125 0.090625 0.065625
3 0.52734375 0.65390625 0.084375 0.084375
3 0.20234375 0.190625 0.0921875 0.075
3 0.5109375 0.09375 0.090625 0.08125
3 0.15078125 0.67890625 0.078125 0.078125
3 0.20546875 0.38203125 0.078125 0.078125
3 0.08125 0.7453125 0.096875 0.065625
3 0.90625 0.0390625 0.08125 0.078125
3 0.3078125 0.125 0.096875 0.08125
3 0.1546875 0.8109375 0.096875 0.096875
3 0.49140625 0.5390625 0.0859375 0.06875
3 0.30078125 0.73515625 0.08125 0.08125
3 0.6734375 0.85234375 0.090625 0.090625
3 0.865625 0.35 0.075 0.075
3 0.75078125 0.175 0.0984375 0.06875
3 0.6203125 0.7375 0.0828125 0.0828125
3 0.11953125 0.071875 0.0796875 0.078125
3 0.2828125 0.4625 0.090625 0.06875
3 0.05390625 0.53125 0.075 0.0765625
3 0.43828125 0.278125 0.084375 0.0828125
3 0.8390625 0.53671875 0.0859375 0.084375
3 0.93203125 0.3234375 0.090625 0.071875
3 0.725 0.534375 0.0890625 0.0890625
3 0.78671875 0.2515625 0.0734375 0.071875
3 0.21875 0.63359375 0.10625 0.06875
3 0.9046875 0.771875 0.109375 0.06875
3 0.721875 0.234375 0.0859375 0.0859375
3 0.8203125 0.475 0.084375 0.084375
3 0.42265625 0.690625 0.0984375 0.0625
3 0.2 0.31875 0.1 0.065625
3 0.7890625 0.1578125 0.0859375 0.0859375
3 0.7828125 0.48984375 0.075 0.075
3 0.359375 0.5 0.0828125 0.0828125
3 0.49453125 0.8421875 0.109375 0.06875
3 0.8484375 0.2765625 0.084375 0.084375
3 0.46875 0.50390625 0.096875 0.06875
3 0.27734375 0.59140625 0.08125 0.08125
3 0.434375 0.65625 0.103125 0.06875
3 0.74765625 0.0796875 0.0875 0.0875
3 0.21796875 0.7671875 0.0890625 0.0875
3 0.15390625 0.0984375 0.0921875 0.06875
3 0.265625 0.68359375 0.08125 0.08125
3 0.70625 0.4 0.0890625 0.0890625
3 0.78515625 0.7296875 0.0921875 0.0921875
3 0.31484375 0.440625 0.0984375 0.0625
3 0.6421875 0.9328125 0.0828125 0.0828125
3 0.34296875 0.378125 0.0796875 0.08125
3 0.4953125 0.1984375 0.08125 0.08125
3 0.86796875 0.8125 0.0953125 0.0625
3 0.21328125 0.88671875 0.0890625 0.0890625
3 0.7828125 0.62578125 0.1 0.0765625
3 0.425 0.35 0.103125 0.065625
3 0.37265625 0.91015625 0.1015625 0.0796875
3 0.69296875 0.0453125 0.0953125 0.078125
3 0.54921875 0.7703125 0.08125 0.08125
3 0.58984375 0.11875 0.0828125 0.0828125
3 0.88828125 0.6 0.084375 0.071875
3 0.4890625 0.25703125 0.090625 0.071875
3 0.5390625 0.353125 0.084375 0.065625
3 0.56953125 0.17890625 0.115625 0.0625
3 0.77421875 0.584375 0.0796875 0.0796875
3 0.0625 0.65 0.0796875 0.0796875
3 0.4078125 0.4109375 0.084375 0.084375
3 0.4515625 0.31171875 0.084375 0.084375
3 0.7046875 0.7578125 0.0890625 0.0890625
3 0.30078125 0.3828125 0.071875 0.0734375
3 0.2234375 0.34375 0.103125 0.05625
3 0.253125 0.6453125 0.084375 0.084375
3 0.5671875 0.33203125 0.1 0.08125
3 0.5390625 0.1984375 0.084375 0.084375
3 0.621875 0.10234375 0.084375 0.084375
3 0.85546875 0.3828125 0.0953125 0.071875
3 0.4890625 0.36171875 0.0828125 0.0828125
3 0.22265625 0.7375 0.0953125 0.071875
3 0.84609375 0.5921875 0.0890625 0.071875
3 0.16953125 0.884375 0.08125 0.0796875
3 0.1484375 0.965625 0.075 0.06875