3 0.38515625 0.26640625 0.0953125 0.0734375
3 0.815625 0.24609375 0.096875 0.0640625
3 0.61484375 0.75390625 0.090625 0.0703125
3 0.53984375 0.1171875 0.075 0.075
3 0.54140625 0.803125 0.0953125 0.071875
3 0.171875 0.8265625 0.078125 0.078125
3 0.80546875 0.0546875 0.078125 0.078125
3 0.425 0.053125 0.071875 0.0625
3 0.06484375 0.48359375 0.071875 0.071875
3 0.259375 0.33671875 0.084375 0.084375
3 0.75859375 0.1515625 0.0875 0.0875
3 0.82109375 0.47734375 0.0828125 0.0828125
3 0.95078125 0.18125 0.0859375 0.0859375
3 0.33828125 0.51953125 0.0640625 0.0625
3 0.88046875 0.2921875 0.0875 0.0875
3 0.5859375 0.17734375 0.0875 0.0875
3 0.9171875 0.56796875 0.096875 0.0640625
3 0.95625 0.08515625 0.0875 0.0734375
3 0.35546875 0.80234375 0.0875 0.0875
3 0.6953125 0.22578125 0.0890625 0.090625
3 0.4078125 0.41171875 0.090625 0.090625
3 0.06640625 0.1828125 0.0859375 0.084375
3 0.796875 0.5546875 0.096875 0.065625
3 0.3765625 0.89921875 0.078125 0.0515625
3 0.67109375 0.61015625 0.08125 0.08125
3 0.26328125 0.6453125 0.0984375 0.078125
3 0.8796875 0.14375 0.090625 0.075
3 0.3953125 0.95 0.071875 0.071875
3 0.1046875 0.890625 0.075 0.075
3 0.5421875 0.896875 0.1 0.08125
3 0.53671875 0.4203125 0.0640625 0.071875
3 0.33984375 0.07265625 0.0890625 0.0671875
3 0.696875 0.53359375 0.0859375 0.0859375
3 0.1765625 0.9203125 0.090625 0.065625
3 0.47265625 0.65390625 0.084375 0.084375
3 0.79765625 0.190625 0.0921875 0.075
3 0.4890625 0.09375 0.0859375 0.0859375
3 0.84921875 0.67890625 0.078125 0.078125
3 0.79453125 0.38203125 0.078125 0.078125
3 0.91875 0.7453125 0.08125 0.08125
3 0.09375 0.0390625 0.08125 0.078125
3 0.6921875 0.125 0.0890625 0.0890625
3 0.8453125 0.8109375 0.096875 0.096875
3 0.50859375 0.5390625 0.0859375 0.06875
3 0.69921875 0.73515625 0.08125 0.08125
3 0.3265625 0.85234375 0.090625 0.090625
3 0.134375 0.35 0.075 0.075
3 0.24921875 0.175 0.0984375 0.06875
3 0.3796875 0.7375 0.09375 0.071875
3 0.88046875 0.071875 0.0796875 0.078125
3 0.7171875 0.4625 0.090625 0.06875
3 0.94609375 0.53125 0.0796875 0.071875
3 0.56171875 0.278125 0.084375 0.0828125
3 0.1609375 0.53671875 0.10625 0.0640625
3 0.06796875 0.3234375 0.090625 0.071875
3 0.275 0.534375 0.0890625 0.0890625
3 0.21328125 0.2515625 0.0734375 0.071875
3 0.78125 0.63359375 0.0875 0.0875
3 0.0953125 0.771875 0.0890625 0.0890625
3 0.278125 0.234375 0.096875 0.075
3 0.1796875 0.475 0.084375 0.084375
3 0.57734375 0.690625 0.0984375 0.0625
3 0.8 0.31875 0.0828125 0.0828125
3 0.2109375 0.1578125 0.0859375 0.0859375
3 0.2171875 0.48984375 0.075 0.075
3 0.640625 0.5 0.0828125 0.0828125
3 0.50546875 0.8421875 0.0890625 0.0890625
3 0.1515625 0.2765625 0.090625 0.078125
3 0.53125 0.50390625 0.0828125 0.0828125
3 0.72265625 0.59140625 0.0984375 0.0640625
3 0.565625 0.65625 0.0859375 0.0875
3 0.25234375 0.0796875 0.0875 0.0875
3 0.78203125 0.7671875 0.0890625 0.0875
3 0.84609375 0.0984375 0.0796875 0.08125
3 0.734375 0.68359375 0.08125 0.08125
3 0.29375 0.4 0.0890625 0.0890625
3 0.21484375 0.7296875 0.0921875 0.0921875
3 0.68515625 0.440625 0.0984375 0.0625
3 0.3578125 0.9328125 0.0828125 0.0828125
3 0.65703125 0.378125 0.08125 0.0796875
3 0.5046875 0.1984375 0.08125 0.08125
3 0.13203125 0.8125 0.0953125 0.0625
3 0.78671875 0.88671875 0.0890625 0.0890625
3 0.2171875 0.62578125 0.1 0.0765625
3 0.575 0.35 0.103125 0.065625
3 0.62734375 0.91015625 0.090625 0.090625
3 0.30703125 0.0453125 0.0875 0.0859375
3 0.45078125 0.7703125 0.08125 0.08125
3 0.41015625 0.11875 0.0828125 0.0828125
3 0.11171875 0.6 0.078125 0.078125
3 0.5109375 0.25703125 0.090625 0.071875
3 0.4609375 0.353125 0.084375 0.065625
3 0.43046875 0.17890625 0.0890625 0.0890625
3 0.22578125 0.584375 0.0796875 0.0796875
3 0.9375 0.65 0.0796875 0.08125
3 0.5921875 0.4109375 0.084375 0.084375
3 0.5484375 0.31171875 0.084375 0.084375
3 0.2953125 0.7578125 0.096875 0.08125
3 0.69921875 0.3828125 0.0859375 0.059375
3 0.7765625 0.34375 0.103125 0.05625
3 0.746875 0.6453125 0.084375 0.084375
3 0.4328125 0.33203125 0.1 0.08125
3 0.4609375 0.1984375 0.071875 0.096875
3 0.378125 0.10234375 0.096875 0.0734375
3 0.14453125 0.3828125 0.0953125 0.071875
3 0.5109375 0.36171875 0.090625 0.0734375
3 0.77734375 0.7375 0.084375 0.084375
3 0.15390625 0.5921875 0.0890625 0.071875
3 0.83046875 0.884375 0.08125 0.0796875
3 0.85234375 0.96796875 0.0890625 0.0609375