3 0.68125 0.79609375 0.0734375 0.075
3 0.87578125 0.1265625 0.0671875 0.0875
3 0.81953125 0.4609375 0.078125 0.078125
3 0.478125 0.865625 0.0625 0.084375
3 0.840625 0.8484375 0.06875 0.090625
3 0.0796875 0.32265625 0.075 0.075
3 0.20859375 0.82421875 0.0734375 0.1
3 0.45625 0.76328125 0.065625 0.0890625
3 0.625 0.55703125 0.071875 0.0828125
3 0.55625 0.32421875 0.075 0.0890625
3 0.71796875 0.6328125 0.075 0.075
3 0.72734375 0.38828125 0.0765625 0.0765625
3 0.6359375 0.18984375 0.053125 0.078125
3 0.66640625 0.078125 0.0625 0.0875
3 0.5875 0.6765625 0.071875 0.0703125
3 0.375 0.80390625 0.075 0.075
3 0.4265625 0.16796875 0.071875 0.0859375
3 0.10703125 0.14765625 0.0734375 0.0828125
3 0.803125 0.2546875 0.08125 0.08125
3 0.91015625 0.578125 0.075 0.0734375
3 0.4640625 0.5453125 0.08125 0.08125
3 0.60234375 0.253125 0.0765625 0.0765625
3 0.134375 0.478125 0.0859375 0.0859375
4 0.6921875 0.51328125 0.09375 0.09375
3 0.1609375 0.58984375 0.065625 0.0890625
3 0.2671875 0.43515625 0.078125 0.078125
3 0.75625 0.73203125 0.0796875 0.078125
3 0.5609375 0.8203125 0.0671875 0.090625
3 0.603125 0.46015625 0.075 0.075
3 0.8453125 0.66640625 0.08125 0.08125
3 0.67109375 0.70859375 0.0671875 0.0890625
3 0.7515625 0.18515625 0.084375 0.084375
3 0.05390625 0.0640625 0.059375 0.096875
3 0.425 0.421875 0.078125 0.078125
3 0.3859375 0.5359375 0.065625 0.115625
3 0.13203125 0.63828125 0.0640625 0.109375
3 0.2484375 0.94921875 0.065625 0.0859375
3 0.959375 0.49609375 0.08125 0.0796875
4 0.628125 0.8234375 0.075 0.121875