3 0.3921875 0.0984375 0.1 0.071875
3 0.81953125 0.10625 0.09375 0.09375
3 0.05859375 0.4921875 0.09375 0.09375
3 0.93359375 0.06171875 0.109375 0.0859375
3 0.17890625 0.5109375 0.103125 0.084375
3 0.49921875 0.32109375 0.0953125 0.0734375
3 0.709375 0.1625 0.1 0.084375
3 0.82109375 0.834375 0.0875 0.0875
3 0.36953125 0.61796875 0.0828125 0.084375
3 0.23046875 0.15 0.090625 0.090625
3 0.1203125 0.66015625 0.090625 0.0921875
3 0.11640625 0.59453125 0.0984375 0.06875
3 0.59609375 0.74921875 0.0859375 0.0859375
3 0.71328125 0.6609375 0.0890625 0.0890625
3 0.2640625 0.62109375 0.09375 0.09375
3 0.91015625 0.2390625 0.0921875 0.0921875
3 0.3125 0.9484375 0.0796875 0.0796875
3 0.14921875 0.23984375 0.0828125 0.0828125
3 0.4703125 0.953125 0.1 0.09375
3 0.15390625 0.9109375 0.109375 0.08125
3 0.67265625 0.40625 0.1015625 0.0875
3 0.65390625 0.26953125 0.1109375 0.0703125
3 0.66640625 0.60859375 0.0984375 0.0703125
3 0.465625 0.84765625 0.0859375 0.084375
3 0.528125 0.4828125 0.0875 0.0875
3 0.38359375 0.6875 0.1015625 0.078125
3 0.2484375 0.24609375 0.0953125 0.09375
3 0.06796875 0.12265625 0.090625 0.090625
3 0.7921875 0.9328125 0.09375 0.09375
3 0.8921875 0.5390625 0.103125 0.08125
3 0.05546875 0.8375 0.09375 0.09375
3 0.42265625 0.1578125 0.0859375 0.0859375
3 0.28671875 0.7859375 0.090625 0.0921875
3 0.81640625 0.73984375 0.1046875 0.078125
3 0.24765625 0.3515625 0.1234375 0.065625
3 0.8109375 0.778125 0.11875 0.06875
3 0.4859375 0.20703125 0.096875 0.096875
3 0.44375 0.5359375 0.0921875 0.0921875
3 0.21484375 0.38203125 0.1109375 0.0734375
3 0.41328125 0.32265625 0.0953125 0.0796875
3 0.45546875 0.66015625 0.0921875 0.06875
3 0.6828125 0.93046875 0.09375 0.0921875
3 0.35078125 0.4703125 0.090625 0.090625
3 0.53515625 0.39296875 0.1 0.0984375
6 0.3984375 0.4203125 0.121875 0.075
3 0.4890625 0.3984375 0.078125 0.078125
3 0.51796875 0.77109375 0.0953125 0.0765625
3 0.12265625 0.53125 0.09375 0.09375
3 0.7140625 0.325 0.0953125 0.0953125
3 0.24921875 0.7390625 0.1109375 0.08125
5 0.35546875 0.30546875 0.10625 0.10625
3 0.5296875 0.671875 0.096875 0.075
3 0.434375 0.47578125 0.0875 0.0859375
3 0.5296875 0.7046875 0.0890625 0.0890625
3 0.25625 0.31015625 0.0875 0.0875