3 0.3921875 0.9015625 0.0859375 0.0859375
3 0.81953125 0.89375 0.1046875 0.084375
3 0.05859375 0.5078125 0.09375 0.09375
3 0.93359375 0.93828125 0.109375 0.0859375
3 0.17890625 0.4890625 0.09375 0.09375
3 0.49921875 0.67890625 0.084375 0.084375
3 0.709375 0.8375 0.1 0.084375
3 0.82109375 0.165625 0.0875 0.0875
3 0.36953125 0.38203125 0.0828125 0.084375
3 0.23046875 0.85 0.090625 0.090625
3 0.1203125 0.33984375 0.090625 0.090625
3 0.11640625 0.40546875 0.0984375 0.06875
3 0.59609375 0.25078125 0.0953125 0.0765625
3 0.71328125 0.3390625 0.0890625 0.0890625
3 0.2640625 0.37890625 0.09375 0.09375
3 0.91015625 0.7609375 0.0921875 0.0921875
3 0.3125 0.0515625 0.0796875 0.0796875
3 0.14921875 0.76015625 0.0953125 0.0703125
3 0.4703125 0.046875 0.1 0.09375
3 0.15390625 0.0890625 0.109375 0.08125
3 0.67265625 0.59375 0.1015625 0.0875
3 0.65390625 0.73046875 0.090625 0.090625
3 0.66640625 0.39140625 0.0984375 0.0703125
3 0.465625 0.15234375 0.096875 0.0734375
3 0.528125 0.5171875 0.103125 0.071875
3 0.38359375 0.3125 0.1015625 0.078125
3 0.2484375 0.75390625 0.0953125 0.09375
3 0.06796875 0.87734375 0.090625 0.090625
3 0.7921875 0.0671875 0.109375 0.078125
3 0.8921875 0.4609375 0.0921875 0.0921875
3 0.05546875 0.1625 0.1046875 0.08125
3 0.42265625 0.8421875 0.0859375 0.0859375
3 0.28671875 0.2140625 0.1046875 0.078125
3 0.81640625 0.26015625 0.1046875 0.078125
3 0.24765625 0.6484375 0.1234375 0.065625
3 0.8109375 0.221875 0.09375 0.09375
3 0.4859375 0.79296875 0.115625 0.0765625
3 0.44375 0.4640625 0.1125 0.071875
3 0.21484375 0.61796875 0.1109375 0.0734375
3 0.41328125 0.67734375 0.0953125 0.0796875
3 0.45546875 0.33984375 0.0921875 0.06875
3 0.6828125 0.06953125 0.09375 0.0921875
3 0.35078125 0.5296875 0.090625 0.090625
3 0.53515625 0.60703125 0.1 0.0984375
6 0.3984375 0.5796875 0.0984375 0.0984375
3 0.4890625 0.6015625 0.078125 0.078125
3 0.51796875 0.22890625 0.0953125 0.0765625
3 0.12265625 0.46875 0.09375 0.09375
3 0.7140625 0.675 0.109375 0.08125
3 0.24921875 0.2609375 0.1109375 0.08125
5 0.35546875 0.69453125 0.1234375 0.090625
3 0.5296875 0.328125 0.0859375 0.0859375
3 0.434375 0.52421875 0.0859375 0.0859375
3 0.5296875 0.2953125 0.0890625 0.0890625
3 0.25625 0.68984375 0.0875 0.0875