3 0.6078125 0.9015625 0.1 0.071875
3 0.18046875 0.89375 0.09375 0.09375
3 0.94140625 0.5078125 0.103125 0.084375
3 0.06640625 0.93828125 0.096875 0.0984375
3 0.82109375 0.4890625 0.09375 0.09375
3 0.50078125 0.67890625 0.084375 0.084375
3 0.290625 0.8375 0.1 0.084375
3 0.17890625 0.165625 0.0875 0.0875
3 0.63046875 0.38203125 0.0828125 0.084375
3 0.76953125 0.85 0.1015625 0.08125
3 0.8796875 0.33984375 0.103125 0.0796875
3 0.88359375 0.40546875 0.084375 0.084375
3 0.40390625 0.25078125 0.0953125 0.0765625
3 0.28671875 0.3390625 0.0890625 0.0890625
3 0.7359375 0.37890625 0.109375 0.0765625
3 0.08984375 0.7609375 0.1046875 0.08125
3 0.6875 0.0515625 0.090625 0.06875
3 0.85078125 0.76015625 0.0828125 0.0828125
3 0.53046875 0.04375 0.1203125 0.078125
3 0.84609375 0.0890625 0.109375 0.08125
3 0.32734375 0.59375 0.1015625 0.0875
3 0.34609375 0.73046875 0.090625 0.090625
3 0.33359375 0.39140625 0.084375 0.084375
3 0.534375 0.15234375 0.096875 0.0734375
3 0.471875 0.5171875 0.103125 0.071875
3 0.61640625 0.3125 0.090625 0.0890625
3 0.7515625 0.75390625 0.109375 0.0796875
3 0.93203125 0.87734375 0.090625 0.090625
3 0.2078125 0.0671875 0.09375 0.09375
3 0.1078125 0.4609375 0.103125 0.08125
3 0.94453125 0.1625 0.1046875 0.08125
3 0.57734375 0.8421875 0.0859375 0.0859375
3 0.71328125 0.2140625 0.1046875 0.078125
3 0.18359375 0.26015625 0.090625 0.090625
3 0.75234375 0.6484375 0.0953125 0.0953125
3 0.1890625 0.221875 0.09375 0.09375
3 0.5140625 0.79296875 0.096875 0.096875
3 0.55625 0.4640625 0.1125 0.071875
3 0.78515625 0.61796875 0.0921875 0.0921875
3 0.58671875 0.67734375 0.0875 0.0875
3 0.54453125 0.33984375 0.08125 0.08125
3 0.3171875 0.06953125 0.0921875 0.0921875
3 0.64921875 0.5296875 0.090625 0.090625
3 0.46484375 0.60703125 0.115625 0.0828125
6 0.6015625 0.5796875 0.1 0.0984375
3 0.5109375 0.6015625 0.084375 0.071875
3 0.48203125 0.22890625 0.0953125 0.0765625
3 0.87734375 0.46875 0.1171875 0.06875
3 0.2859375 0.675 0.109375 0.08125
3 0.75078125 0.2609375 0.1109375 0.08125
5 0.64453125 0.69453125 0.1234375 0.090625
3 0.4703125 0.328125 0.096875 0.075
3 0.565625 0.52421875 0.0859375 0.0859375
3 0.4703125 0.2953125 0.10625 0.071875
3 0.74375 0.68984375 0.0875 0.0875