2 0.19609375 0.84140625 0.078125 0.078125
2 0.14765625 0.78359375 0.0765625 0.0765625
2 0.128125 0.88125 0.0890625 0.0890625
2 0.39296875 0.41328125 0.0703125 0.1
2 0.46796875 0.4015625 0.0703125 0.109375
2 0.23203125 0.525 0.0875 0.0859375
2 0.66796875 0.4953125 0.0671875 0.096875
2 0.596875 0.4109375 0.06875 0.078125
2 0.92578125 0.9140625 0.0796875 0.090625
2 0.54140625 0.83671875 0.0609375 0.0859375
2 0.60546875 0.8734375 0.0640625 0.084375
2 0.72109375 0.60078125 0.0703125 0.1140625
2 0.534375 0.36015625 0.0875 0.0875
2 0.44375 0.5453125 0.0671875 0.0671875
2 0.7390625 0.92578125 0.075 0.0921875
2 0.5234375 0.746875 0.0796875 0.0796875
2 0.89296875 0.821875 0.0734375 0.1125
2 0.8484375 0.91484375 0.078125 0.078125
2 0.60859375 0.49765625 0.0828125 0.0828125
2 0.84375 0.834375 0.06875 0.096875
2 0.15625 0.68359375 0.09375 0.09375
2 0.29296875 0.521875 0.075 0.075
2 0.2859375 0.8484375 0.065625 0.096875
2 0.28203125 0.7609375 0.0578125 0.096875
2 0.6734375 0.7984375 0.0875 0.0875
2 0.50078125 0.56484375 0.06875 0.06875
2 0.52265625 0.93203125 0.0640625 0.08125
2 0.68125 0.91015625 0.096875 0.096875
2 0.75859375 0.68828125 0.0859375 0.0859375
2 0.78671875 0.778125 0.0921875 0.090625
2 0.15546875 0.59609375 0.0671875 0.08125
2 0.84375 0.73359375 0.071875 0.0984375
2 0.165625 0.9328125 0.0921875 0.0921875
2 0.334375 0.48515625 0.06875 0.1171875
2 0.2234375 0.6125 0.078125 0.09375
2 0.4875 0.85 0.075 0.09375
2 0.5625 0.28828125 0.08125 0.1015625
2 0.2015625 0.70390625 0.071875 0.09375
2 0.484375 0.49453125 0.0625 0.0859375
2 0.721875 0.7296875 0.06875 0.1
2 0.390625 0.51015625 0.0625 0.0625
2 0.53671875 0.6296875 0.0890625 0.0890625
2 0.50390625 0.675 0.065625 0.065625
2 0.95703125 0.85078125 0.0859375 0.0984375
2 0.73984375 0.834375 0.0625 0.103125
2 0.28828125 0.5828125 0.06875 0.078125
2 0.26953125 0.6484375 0.090625 0.090625
2 0.59140625 0.65078125 0.078125 0.078125
2 0.79296875 0.86875 0.0828125 0.0828125
2 0.54765625 0.540625 0.0765625 0.1
2 0.22578125 0.91796875 0.0875 0.0875
2 0.61796875 0.58359375 0.0609375 0.0859375
2 0.5484375 0.45859375 0.075 0.0953125
2 0.21796875 0.7765625 0.08125 0.08125
2 0.30859375 0.8171875 0.0734375 0.0734375
2 0.2984375 0.94140625 0.071875 0.109375
2 0.4703125 0.9359375 0.078125 0.084375
2 0.6453125 0.69296875 0.090625 0.090625
2 0.6609375 0.5859375 0.075 0.075
2 0.67265625 0.66015625 0.0671875 0.0921875
2 0.575 0.91796875 0.08125 0.08125
5 0.603125 0.79375 0.1125 0.1125