3 0.3890625 0.55390625 0.071875 0.071875
3 0.95546875 0.2390625 0.0703125 0.075
3 0.790625 0.40859375 0.071875 0.0734375
3 0.3765625 0.365625 0.0765625 0.0765625
4 0.628125 0.74765625 0.078125 0.0953125
3 0.3734375 0.86953125 0.065625 0.0921875
3 0.7109375 0.27421875 0.0703125 0.071875
3 0.1921875 0.278125 0.0671875 0.0671875
3 0.13984375 0.77421875 0.06875 0.0796875
3 0.2953125 0.91328125 0.0625 0.0875
3 0.1796875 0.49453125 0.075 0.075
3 0.47421875 0.7546875 0.0640625 0.078125
3 0.43515625 0.1515625 0.0671875 0.090625
3 0.54765625 0.82265625 0.0796875 0.0796875
3 0.75390625 0.8453125 0.075 0.075
3 0.75390625 0.7109375 0.0671875 0.0875
3 0.8328125 0.34140625 0.0796875 0.0796875
3 0.94921875 0.409375 0.078125 0.078125
3 0.14296875 0.090625 0.075 0.0765625
3 0.2859375 0.7578125 0.071875 0.071875
3 0.95546875 0.32109375 0.06875 0.06875
3 0.6140625 0.8359375 0.075 0.075
3 0.4640625 0.05703125 0.0703125 0.0703125
3 0.45546875 0.57109375 0.0671875 0.0671875
3 0.6578125 0.37265625 0.075 0.075
3 0.0421875 0.528125 0.0796875 0.08125
3 0.48515625 0.83984375 0.0765625 0.0765625
3 0.1171875 0.5390625 0.065625 0.084375
3 0.30625 0.221875 0.05625 0.078125
3 0.10703125 0.62890625 0.0765625 0.0890625
4 0.37578125 0.20703125 0.0765625 0.109375
3 0.66640625 0.91328125 0.075 0.075
3 0.70703125 0.08984375 0.075 0.075
3 0.1140625 0.2890625 0.0625 0.090625
3 0.95390625 0.89453125 0.090625 0.090625
3 0.88828125 0.50859375 0.0734375 0.0734375
3 0.2578125 0.6921875 0.0734375 0.0734375
3 0.0546875 0.77890625 0.0625 0.1015625
3 0.72421875 0.4609375 0.0609375 0.084375
3 0.221875 0.340625 0.078125 0.078125
3 0.0421875 0.88828125 0.065625 0.0765625
3 0.334375 0.51484375 0.059375 0.0921875
3 0.52265625 0.428125 0.0625 0.08125
3 0.86640625 0.609375 0.08125 0.08125
3 0.36015625 0.4640625 0.0734375 0.075
3 0.934375 0.0734375 0.0625 0.090625
3 0.19609375 0.55390625 0.08125 0.0828125
3 0.596875 0.51796875 0.078125 0.0796875
3 0.5484375 0.4796875 0.0875 0.0890625
3 0.696875 0.40859375 0.075 0.0828125
3 0.1359375 0.37109375 0.08125 0.08125
3 0.271875 0.5125 0.0796875 0.0796875
3 0.03203125 0.22421875 0.0578125 0.0859375
3 0.9109375 0.546875 0.0875 0.0875
3 0.2578125 0.5375 0.075 0.075
3 0.23984375 0.1828125 0.084375 0.0859375
3 0.2515625 0.6234375 0.065625 0.09375
3 0.2140625 0.63671875 0.071875 0.071875