3 0.309375 0.559375 0.06875 0.0875
3 0.815625 0.89375 0.06875 0.075
3 0.79921875 0.66796875 0.0671875 0.078125
3 0.3671875 0.228125 0.0796875 0.0796875
3 0.946875 0.43046875 0.078125 0.078125
3 0.1515625 0.70390625 0.090625 0.0890625
3 0.1359375 0.56953125 0.08125 0.0796875
3 0.396875 0.43828125 0.08125 0.08125
3 0.278125 0.91875 0.0734375 0.0734375
3 0.80390625 0.08984375 0.078125 0.0921875
3 0.91953125 0.85859375 0.0734375 0.0734375
3 0.66015625 0.771875 0.0921875 0.0921875
3 0.53671875 0.8140625 0.0640625 0.0875
3 0.6171875 0.22578125 0.071875 0.0984375
3 0.865625 0.24296875 0.071875 0.0859375
3 0.03984375 0.4109375 0.0765625 0.0765625
3 0.1953125 0.5 0.0890625 0.0890625
3 0.86015625 0.78046875 0.0671875 0.0890625
3 0.1484375 0.253125 0.065625 0.065625
3 0.2921875 0.41171875 0.078125 0.0890625
3 0.4359375 0.06953125 0.08125 0.08125
3 0.0578125 0.85390625 0.0796875 0.0796875
3 0.3375 0.47421875 0.071875 0.084375
3 0.3671875 0.753125 0.0625 0.0875
3 0.084375 0.67890625 0.071875 0.071875
3 0.19609375 0.23984375 0.071875 0.071875
3 0.134375 0.44765625 0.0828125 0.084375
3 0.3765625 0.1328125 0.078125 0.103125
3 0.3078125 0.06953125 0.078125 0.078125
3 0.23828125 0.16171875 0.0703125 0.0984375
3 0.30859375 0.15859375 0.0875 0.0875
3 0.7390625 0.70859375 0.08125 0.08125
3 0.17421875 0.153125 0.0640625 0.103125
3 0.89375 0.93515625 0.078125 0.0921875
3 0.95625 0.75234375 0.075 0.090625
3 0.8078125 0.5953125 0.078125 0.096875
3 0.03515625 0.70546875 0.0703125 0.0734375
3 0.053125 0.31015625 0.06875 0.0859375
3 0.6125 0.4265625 0.05625 0.078125
2 0.2859375 0.82421875 0.0828125 0.084375
3 0.6421875 0.95703125 0.05625 0.0859375
3 0.10234375 0.1140625 0.0703125 0.08125
3 0.21875 0.77578125 0.075 0.075
3 0.03984375 0.23125 0.0734375 0.071875
3 0.95859375 0.65390625 0.08125 0.0828125
3 0.534375 0.26484375 0.065625 0.0890625
3 0.421875 0.70625 0.075 0.09375
3 0.13046875 0.81015625 0.0640625 0.0828125
3 0.65703125 0.88203125 0.0703125 0.0703125
3 0.2390625 0.571875 0.0765625 0.0765625
3 0.33125 0.678125 0.078125 0.078125
3 0.21875 0.87890625 0.078125 0.096875
3 0.1625 0.92734375 0.0625 0.071875
3 0.11171875 0.88671875 0.06875 0.06875
3 0.41640625 0.94296875 0.06875 0.06875
3 0.82421875 0.38046875 0.065625 0.065625
3 0.7359375 0.62109375 0.078125 0.078125
3 0.9 0.66640625 0.078125 0.0796875
3 0.74453125 0.19296875 0.06875 0.0859375
3 0.8546875 0.703125 0.0609375 0.0609375
3 0.6890625 0.2265625 0.078125 0.078125
3 0.14453125 0.36171875 0.0796875 0.0796875
3 0.78046875 0.51640625 0.0671875 0.0828125
3 0.6734375 0.39765625 0.08125 0.08125
3 0.72734375 0.8734375 0.071875 0.09375
3 0.8703125 0.40078125 0.05625 0.0796875
3 0.078125 0.0484375 0.0640625 0.071875
3 0.525 0.13203125 0.0875 0.0875
3 0.41640625 0.85546875 0.078125 0.078125
6 0.67734375 0.14453125 0.1015625 0.1015625
3 0.5734375 0.05859375 0.071875 0.0890625
3 0.3140625 0.6578125 0.0734375 0.0734375
3 0.75859375 0.23359375 0.0765625 0.0796875
3 0.63828125 0.59296875 0.0859375 0.0859375
3 0.86953125 0.53828125 0.0953125 0.0953125
3 0.9109375 0.59140625 0.065625 0.0765625
3 0.54921875 0.9359375 0.0796875 0.078125
3 0.3875 0.878125 0.0625 0.084375
3 0.65625 0.47890625 0.0625 0.0921875
3 0.1671875 0.10078125 0.065625 0.0875
3 0.628125 0.55546875 0.0828125 0.084375
3 0.7296875 0.3171875 0.078125 0.1
3 0.70625 0.83359375 0.0796875 0.08125
3 0.7484375 0.82578125 0.071875 0.0875
3 0.88515625 0.45703125 0.06875 0.06875
3 0.46796875 0.634375 0.0734375 0.115625
3 0.81484375 0.47890625 0.06875 0.0890625
3 0.56953125 0.88671875 0.0546875 0.096875
3 0.9515625 0.54609375 0.078125 0.078125
3 0.49609375 0.88046875 0.0671875 0.0734375
3 0.4390625 0.61171875 0.084375 0.0828125
3 0.2921875 0.75625 0.078125 0.065625
3 0.8015625 0.16015625 0.0625 0.071875
3 0.76953125 0.44765625 0.078125 0.078125
3 0.3390625 0.81640625 0.06875 0.06875
3 0.24140625 0.07265625 0.0640625 0.0765625
6 0.53515625 0.35078125 0.10625 0.10625
3 0.86796875 0.31875 0.0765625 0.09375
3 0.1640625 0.85859375 0.065625 0.065625
3 0.78125 0.33046875 0.0734375 0.071875
6 0.4671875 0.77421875 0.115625 0.1484375
3 0.73359375 0.40078125 0.08125 0.08125
3 0.70390625 0.43828125 0.06875 0.06875
3 0.48359375 0.90546875 0.0671875 0.0703125