3 0.690625 0.559375 0.06875 0.0875
3 0.184375 0.89375 0.06875 0.075
3 0.20078125 0.66796875 0.0671875 0.078125
3 0.6328125 0.228125 0.0796875 0.0796875
3 0.053125 0.43046875 0.078125 0.078125
3 0.8484375 0.70390625 0.090625 0.0890625
3 0.8640625 0.56953125 0.08125 0.0796875
3 0.603125 0.43828125 0.08125 0.08125
3 0.721875 0.91875 0.0734375 0.0734375
3 0.19609375 0.08984375 0.078125 0.0921875
3 0.08046875 0.85859375 0.0640625 0.0828125
3 0.33984375 0.771875 0.0921875 0.0921875
3 0.46328125 0.8140625 0.075 0.0765625
3 0.3828125 0.22578125 0.071875 0.0984375
3 0.134375 0.24296875 0.071875 0.0859375
3 0.96015625 0.4109375 0.0765625 0.0765625
3 0.8046875 0.5 0.0890625 0.0890625
3 0.13984375 0.78046875 0.0671875 0.0890625
3 0.8515625 0.253125 0.05625 0.075
3 0.7078125 0.41171875 0.078125 0.0890625
3 0.5640625 0.06953125 0.075 0.0890625
3 0.9421875 0.85390625 0.071875 0.0890625
3 0.6625 0.47421875 0.078125 0.078125
3 0.6328125 0.753125 0.0625 0.0875
3 0.915625 0.67890625 0.071875 0.071875
3 0.80390625 0.23984375 0.071875 0.071875
3 0.865625 0.44765625 0.078125 0.0890625
3 0.6234375 0.1328125 0.090625 0.090625
3 0.6921875 0.06953125 0.078125 0.078125
3 0.76171875 0.16171875 0.0703125 0.0984375
3 0.69140625 0.15859375 0.0765625 0.0984375
3 0.2609375 0.70859375 0.075 0.0890625
3 0.82578125 0.153125 0.0640625 0.103125
3 0.10625 0.93515625 0.0859375 0.084375
3 0.04375 0.75234375 0.0828125 0.0828125
3 0.1921875 0.5953125 0.0875 0.0875
3 0.96796875 0.70625 0.0609375 0.0875
3 0.946875 0.31015625 0.0765625 0.078125
3 0.3875 0.4265625 0.0671875 0.0671875
2 0.7140625 0.82421875 0.071875 0.0953125
3 0.3578125 0.95703125 0.071875 0.0703125
3 0.89765625 0.1140625 0.0703125 0.08125
3 0.78125 0.77578125 0.075 0.075
3 0.96015625 0.23125 0.0734375 0.071875
3 0.04140625 0.65390625 0.065625 0.0984375
3 0.465625 0.26484375 0.078125 0.078125
3 0.578125 0.70625 0.075 0.09375
3 0.86953125 0.81015625 0.0640625 0.0828125
3 0.34296875 0.88203125 0.06875 0.0703125
3 0.7609375 0.571875 0.075 0.0765625
3 0.66875 0.678125 0.06875 0.0875
3 0.78125 0.87890625 0.078125 0.096875
3 0.8375 0.92734375 0.0625 0.071875
3 0.88828125 0.88671875 0.0578125 0.0796875
3 0.58359375 0.94296875 0.059375 0.0765625
3 0.17578125 0.38046875 0.065625 0.065625
3 0.2640625 0.62109375 0.078125 0.078125
3 0.1 0.66640625 0.065625 0.0921875
3 0.25546875 0.19296875 0.06875 0.0859375
3 0.1453125 0.703125 0.059375 0.0609375
3 0.3109375 0.2265625 0.065625 0.090625
3 0.85546875 0.36171875 0.0796875 0.0796875
3 0.21953125 0.51640625 0.0671875 0.0828125
3 0.3265625 0.39765625 0.08125 0.08125
3 0.27265625 0.8734375 0.0828125 0.0828125
3 0.1296875 0.40078125 0.05625 0.0796875
3 0.921875 0.0484375 0.06875 0.0671875
3 0.475 0.13203125 0.0875 0.0875
3 0.58359375 0.85546875 0.078125 0.078125
6 0.32265625 0.14453125 0.0890625 0.1140625
3 0.4265625 0.05859375 0.071875 0.0890625
3 0.6859375 0.6578125 0.06875 0.078125
3 0.24140625 0.23359375 0.078125 0.078125
3 0.36171875 0.59296875 0.0765625 0.0953125
3 0.13046875 0.53828125 0.0953125 0.0953125
3 0.0890625 0.59140625 0.071875 0.071875
3 0.45078125 0.9359375 0.0796875 0.078125
3 0.6125 0.878125 0.0734375 0.0734375
3 0.34375 0.47890625 0.078125 0.078125
3 0.8328125 0.10078125 0.065625 0.0875
3 0.371875 0.55546875 0.0828125 0.084375
3 0.2703125 0.3171875 0.078125 0.1
3 0.29375 0.83359375 0.0796875 0.08125
3 0.2515625 0.82578125 0.071875 0.0875
3 0.11484375 0.45703125 0.06875 0.06875
3 0.53203125 0.634375 0.0734375 0.115625
3 0.18515625 0.47890625 0.078125 0.078125
3 0.43046875 0.88671875 0.075 0.075
3 0.0484375 0.54609375 0.078125 0.078125
3 0.50390625 0.88046875 0.0671875 0.0734375
3 0.5609375 0.61171875 0.071875 0.0953125
3 0.7078125 0.75625 0.078125 0.065625
3 0.1984375 0.16015625 0.0625 0.071875
3 0.23046875 0.44765625 0.078125 0.078125
3 0.6609375 0.81640625 0.053125 0.0859375
3 0.75859375 0.07265625 0.0703125 0.0703125
6 0.46484375 0.35078125 0.10625 0.10625
3 0.13203125 0.31875 0.084375 0.0859375
3 0.8359375 0.85859375 0.065625 0.065625
3 0.21875 0.33046875 0.06875 0.0765625
6 0.5328125 0.77421875 0.115625 0.1484375
3 0.26640625 0.40078125 0.0640625 0.0984375
3 0.29609375 0.43828125 0.06875 0.06875
3 0.51640625 0.90546875 0.0671875 0.0703125