3 0.909375 0.91171875 0.075 0.075
3 0.37265625 0.89921875 0.071875 0.071875
3 0.31796875 0.45703125 0.0703125 0.0921875
3 0.9015625 0.59453125 0.065625 0.0890625
4 0.540625 0.50078125 0.090625 0.090625
3 0.23515625 0.67421875 0.0875 0.0875
3 0.26640625 0.78515625 0.0671875 0.084375
3 0.71796875 0.6953125 0.0640625 0.084375
3 0.4421875 0.6359375 0.06875 0.06875
3 0.9 0.296875 0.0625 0.0875
3 0.790625 0.415625 0.0765625 0.0765625
3 0.634375 0.77890625 0.0625 0.0859375
3 0.0921875 0.08515625 0.0828125 0.08125
3 0.696875 0.8734375 0.084375 0.084375
3 0.1625 0.54609375 0.090625 0.0921875
3 0.0828125 0.46171875 0.075 0.075
3 0.31875 0.715625 0.08125 0.08125
3 0.43359375 0.3015625 0.0609375 0.084375
3 0.5953125 0.93046875 0.08125 0.0796875
3 0.6578125 0.47421875 0.0796875 0.0796875
3 0.165625 0.74140625 0.0640625 0.0796875
3 0.57109375 0.28046875 0.071875 0.0921875
3 0.50625 0.69375 0.06875 0.0875
3 0.0671875 0.32734375 0.084375 0.1046875
3 0.66953125 0.41953125 0.0640625 0.0953125
3 0.3671875 0.36015625 0.065625 0.0984375
3 0.94140625 0.69609375 0.0609375 0.096875
3 0.31796875 0.20234375 0.0765625 0.0921875
3 0.8609375 0.69921875 0.06875 0.0921875
3 0.775 0.7546875 0.0859375 0.0859375
3 0.61171875 0.865625 0.078125 0.078125
3 0.565625 0.7703125 0.0796875 0.0796875
3 0.521875 0.603125 0.084375 0.084375
3 0.20625 0.41484375 0.0625 0.0765625
3 0.5046875 0.87265625 0.078125 0.078125
3 0.7671875 0.28671875 0.090625 0.090625
3 0.3546875 0.07421875 0.059375 0.096875
3 0.57734375 0.7046875 0.0875 0.0859375
3 0.234375 0.54609375 0.0625 0.0828125
3 0.353125 0.5546875 0.0765625 0.0765625
3 0.225 0.4984375 0.0765625 0.0765625
6 0.778125 0.5484375 0.075 0.09375
3 0.2203125 0.9453125 0.065625 0.109375