3 0.31796875 0.12734375 0.075 0.075
3 0.53046875 0.071875 0.0859375 0.078125
3 0.128125 0.93046875 0.0890625 0.090625
3 0.3078125 0.059375 0.071875 0.071875
3 0.1953125 0.428125 0.0890625 0.0890625
3 0.49140625 0.8890625 0.071875 0.071875
3 0.81328125 0.3484375 0.0953125 0.06875
3 0.82421875 0.275 0.0921875 0.06875
3 0.9140625 0.33046875 0.084375 0.084375
3 0.83203125 0.57421875 0.0953125 0.06875
3 0.5921875 0.92421875 0.1 0.0609375
3 0.92578125 0.78828125 0.1046875 0.0734375
3 0.4 0.52109375 0.109375 0.0828125
3 0.9515625 0.71875 0.0828125 0.0828125
3 0.38046875 0.68125 0.0859375 0.06875
3 0.596875 0.62890625 0.0875 0.0578125
3 0.31875 0.725 0.096875 0.071875
3 0.25390625 0.7453125 0.08125 0.08125
3 0.44765625 0.6140625 0.08125 0.08125
3 0.84140625 0.70625 0.0875 0.0859375
3 0.64921875 0.38046875 0.096875 0.0734375
3 0.2734375 0.428125 0.0765625 0.0765625
3 0.68203125 0.58984375 0.1015625 0.0796875
3 0.40859375 0.9453125 0.0890625 0.071875
3 0.159375 0.24140625 0.10625 0.0796875
3 0.45234375 0.2578125 0.1015625 0.075
3 0.7734375 0.53125 0.0765625 0.075
3 0.14765625 0.54765625 0.1125 0.0703125
3 0.85546875 0.4921875 0.0875 0.0890625
3 0.334375 0.465625 0.0984375 0.0984375
3 0.46953125 0.9625 0.0828125 0.075
3 0.2125 0.65703125 0.0953125 0.0953125
3 0.7109375 0.6625 0.090625 0.071875
3 0.746875 0.834375 0.084375 0.084375
3 0.91796875 0.17421875 0.0796875 0.0703125
3 0.4859375 0.69375 0.10625 0.06875
3 0.12578125 0.115625 0.1078125 0.078125
3 0.0765625 0.12734375 0.0890625 0.0890625
3 0.6078125 0.65 0.0875 0.05625
3 0.621875 0.73046875 0.0796875 0.078125
3 0.36484375 0.36484375 0.0859375 0.0671875
3 0.7421875 0.18359375 0.08125 0.08125
3 0.18984375 0.365625 0.1015625 0.078125
3 0.11328125 0.778125 0.084375 0.06875
3 0.53046875 0.2984375 0.0921875 0.0625
3 0.17578125 0.6984375 0.0921875 0.0671875
3 0.85703125 0.41484375 0.084375 0.084375
3 0.315625 0.2421875 0.071875 0.071875
3 0.61640625 0.84453125 0.090625 0.090625
3 0.953125 0.23515625 0.0796875 0.078125
3 0.425 0.41796875 0.0875 0.0875
3 0.72265625 0.73046875 0.0921875 0.0625
3 0.946875 0.05625 0.09375 0.08125
3 0.3765625 0.1546875 0.084375 0.084375
3 0.775 0.909375 0.0734375 0.0734375
3 0.09921875 0.4234375 0.0890625 0.071875
3 0.38515625 0.34296875 0.078125 0.078125
3 0.0953125 0.72890625 0.0875 0.0703125
6 0.47265625 0.1921875 0.1171875 0.078125
3 0.8140625 0.90546875 0.090625 0.0640625
3 0.46953125 0.30625 0.08125 0.08125
3 0.05078125 0.44765625 0.1015625 0.0515625
3 0.83046875 0.875 0.084375 0.0859375
6 0.91796875 0.95078125 0.1109375 0.0984375
3 0.40390625 0.20859375 0.0671875 0.0671875