3 0.68671875 0.20078125 0.0984375 0.0765625
3 0.678125 0.41015625 0.0734375 0.075
3 0.26328125 0.35625 0.0765625 0.0625
3 0.665625 0.9109375 0.08125 0.0625
3 0.6734375 0.54375 0.09375 0.075
3 0.9046875 0.64765625 0.0875 0.0875
3 0.840625 0.75 0.0828125 0.0828125
3 0.184375 0.46953125 0.0875 0.0640625
3 0.3515625 0.0609375 0.084375 0.084375
3 0.81484375 0.890625 0.0921875 0.059375
3 0.7703125 0.21171875 0.0765625 0.078125
3 0.4109375 0.31328125 0.0875 0.0875
3 0.590625 0.64140625 0.090625 0.0671875
3 0.26796875 0.26640625 0.090625 0.065625
3 0.46796875 0.36484375 0.078125 0.078125
3 0.48046875 0.2109375 0.0828125 0.08125
3 0.2609375 0.81015625 0.071875 0.0609375
3 0.63984375 0.84296875 0.08125 0.08125
3 0.82421875 0.08046875 0.075 0.075
6 0.13203125 0.8109375 0.1109375 0.084375
3 0.72421875 0.93515625 0.0765625 0.0734375
3 0.81171875 0.36875 0.065625 0.065625
3 0.39765625 0.44609375 0.0921875 0.078125
3 0.3390625 0.7046875 0.075 0.075
3 0.07109375 0.5859375 0.0796875 0.0796875
3 0.79609375 0.953125 0.0890625 0.065625
3 0.29453125 0.2140625 0.0828125 0.059375
3 0.28671875 0.93515625 0.071875 0.071875
3 0.9109375 0.2046875 0.084375 0.075
3 0.72109375 0.3546875 0.071875 0.0734375
3 0.68984375 0.78828125 0.075 0.075
3 0.63125 0.60546875 0.096875 0.0734375
3 0.6640625 0.09921875 0.065625 0.078125
6 0.2046875 0.840625 0.1078125 0.1078125
3 0.725 0.6453125 0.09375 0.059375
3 0.7796875 0.0359375 0.059375 0.059375
3 0.89453125 0.16171875 0.0875 0.065625
3 0.03671875 0.228125 0.0734375 0.084375
3 0.2203125 0.415625 0.078125 0.0765625
3 0.61796875 0.06484375 0.0828125 0.0828125
3 0.0453125 0.95078125 0.078125 0.078125
3 0.23046875 0.95546875 0.0640625 0.0640625
3 0.35 0.259375 0.0703125 0.0703125
4 0.7375 0.75078125 0.0953125 0.0953125