3 0.20078125 0.31328125 0.0765625 0.0984375
3 0.41015625 0.321875 0.0546875 0.09375
3 0.35625 0.73671875 0.0703125 0.06875
3 0.9109375 0.334375 0.0625 0.08125
3 0.54375 0.3265625 0.084375 0.084375
3 0.64765625 0.0953125 0.0734375 0.1
3 0.75 0.159375 0.0828125 0.0828125
3 0.46953125 0.815625 0.0640625 0.0875
3 0.0609375 0.6484375 0.084375 0.084375
3 0.890625 0.18515625 0.075 0.0765625
3 0.21171875 0.2296875 0.078125 0.0765625
3 0.31328125 0.5890625 0.0875 0.0875
3 0.64140625 0.409375 0.078125 0.078125
3 0.26640625 0.73203125 0.078125 0.078125
3 0.36484375 0.53203125 0.078125 0.078125
3 0.2109375 0.51953125 0.071875 0.0921875
3 0.81015625 0.7390625 0.0609375 0.071875
3 0.84296875 0.36015625 0.0734375 0.0890625
3 0.08046875 0.17578125 0.0640625 0.0859375
6 0.8109375 0.86796875 0.096875 0.096875
3 0.93515625 0.27578125 0.075 0.075
3 0.36875 0.18828125 0.046875 0.0828125
3 0.44609375 0.60234375 0.078125 0.0921875
3 0.7046875 0.6609375 0.075 0.075
3 0.5859375 0.92890625 0.071875 0.0859375
3 0.953125 0.20390625 0.078125 0.078125
3 0.2140625 0.70546875 0.071875 0.0703125
3 0.93515625 0.71328125 0.071875 0.071875
3 0.2046875 0.0890625 0.075 0.084375
3 0.3546875 0.27890625 0.0734375 0.071875
3 0.78828125 0.31015625 0.078125 0.0703125
3 0.60546875 0.36875 0.0734375 0.096875
3 0.09921875 0.3359375 0.078125 0.065625
6 0.840625 0.7953125 0.1078125 0.1078125
3 0.6453125 0.275 0.0765625 0.0765625
3 0.0359375 0.2203125 0.059375 0.059375
3 0.16171875 0.10546875 0.0765625 0.0765625
3 0.228125 0.96328125 0.084375 0.0734375
3 0.415625 0.7796875 0.06875 0.084375
3 0.06484375 0.38203125 0.0828125 0.0828125
3 0.95078125 0.9546875 0.0765625 0.078125
3 0.95546875 0.76953125 0.0640625 0.0640625
3 0.259375 0.65 0.06875 0.071875
4 0.75078125 0.2625 0.0953125 0.096875