3 0.73203125 0.88515625 0.06875 0.06875
3 0.628125 0.23984375 0.0734375 0.0734375
3 0.540625 0.44609375 0.075 0.075
3 0.4734375 0.47265625 0.071875 0.0828125
3 0.6484375 0.8234375 0.0734375 0.084375
3 0.2140625 0.26484375 0.071875 0.071875
3 0.7828125 0.2890625 0.0765625 0.0765625
3 0.60390625 0.76015625 0.0671875 0.071875
3 0.6234375 0.06015625 0.071875 0.0828125
3 0.85625 0.4328125 0.059375 0.090625
3 0.8046875 0.4359375 0.065625 0.096875
3 0.1703125 0.6640625 0.0734375 0.1
3 0.2328125 0.19140625 0.08125 0.08125
3 0.50078125 0.378125 0.078125 0.078125
3 0.1875 0.45234375 0.121875 0.0640625
0 0.11953125 0.80078125 0.115625 0.1109375
3 0.84921875 0.184375 0.090625 0.0890625
3 0.30078125 0.85703125 0.0796875 0.0953125
3 0.2859375 0.2546875 0.075 0.109375
0 0.8875 0.51953125 0.0953125 0.0953125