0 0.66484375 0.51328125 0.0828125 0.121875
3 0.75625 0.50234375 0.075 0.1
3 0.6390625 0.3734375 0.075 0.096875
3 0.86015625 0.8484375 0.08125 0.0796875
3 0.271875 0.48515625 0.0921875 0.0921875
3 0.0484375 0.084375 0.071875 0.1
3 0.615625 0.08828125 0.0890625 0.090625
3 0.56875 0.8921875 0.0828125 0.0828125
3 0.1546875 0.7765625 0.071875 0.096875
3 0.578125 0.26015625 0.09375 0.09375
3 0.23125 0.784375 0.0875 0.0875
3 0.95078125 0.9234375 0.071875 0.096875
3 0.84609375 0.55 0.084375 0.0859375
3 0.47421875 0.05546875 0.084375 0.0828125
3 0.09375 0.73984375 0.071875 0.0703125
3 0.4640625 0.7890625 0.0890625 0.0890625
3 0.35625 0.34140625 0.078125 0.1
3 0.6109375 0.7328125 0.084375 0.096875
3 0.66953125 0.2828125 0.075 0.1
3 0.040625 0.50546875 0.08125 0.0890625
3 0.94765625 0.62578125 0.0703125 0.0953125
3 0.9234375 0.53203125 0.0890625 0.0875
3 0.11640625 0.43359375 0.0765625 0.096875
3 0.11171875 0.13515625 0.0796875 0.1
3 0.9640625 0.1421875 0.071875 0.1
3 0.834375 0.92890625 0.078125 0.0796875
3 0.88203125 0.08046875 0.078125 0.078125
3 0.93125 0.38203125 0.090625 0.0890625
3 0.86953125 0.23671875 0.0890625 0.0890625
3 0.221875 0.8859375 0.065625 0.084375
5 0.875 0.67734375 0.084375 0.1546875
3 0.26953125 0.86484375 0.0859375 0.0859375
3 0.0953125 0.3359375 0.078125 0.096875
3 0.1078125 0.31171875 0.0859375 0.084375
3 0.96015625 0.459375 0.0796875 0.0875