0 0.48671875 0.66484375 0.121875 0.0828125
3 0.49765625 0.75625 0.0875 0.0875
3 0.6265625 0.6390625 0.0859375 0.0859375
3 0.1515625 0.86015625 0.0875 0.0734375
3 0.51484375 0.271875 0.1015625 0.08125
3 0.915625 0.0484375 0.0859375 0.0859375
3 0.91171875 0.615625 0.090625 0.0890625
3 0.1078125 0.56875 0.090625 0.075
3 0.2234375 0.1546875 0.084375 0.084375
3 0.73984375 0.578125 0.1109375 0.075
3 0.215625 0.23125 0.1 0.075
3 0.0765625 0.95078125 0.096875 0.071875
3 0.45 0.84609375 0.1 0.0703125
3 0.94453125 0.47421875 0.0921875 0.075
3 0.26015625 0.09375 0.0859375 0.05625
3 0.2109375 0.4640625 0.1 0.078125
3 0.65859375 0.35625 0.0890625 0.0890625
3 0.2671875 0.6109375 0.096875 0.084375
3 0.7171875 0.66953125 0.0875 0.0875
3 0.4953125 0.0375 0.103125 0.075
3 0.37421875 0.94765625 0.0828125 0.0828125
3 0.46796875 0.9234375 0.0984375 0.078125
3 0.56640625 0.11640625 0.096875 0.0765625
3 0.86484375 0.11171875 0.090625 0.0890625
3 0.85703125 0.96015625 0.0859375 0.0796875
3 0.07109375 0.834375 0.0796875 0.078125
3 0.91953125 0.88203125 0.1 0.0546875
3 0.61796875 0.93125 0.0890625 0.090625
3 0.76328125 0.86953125 0.0890625 0.0890625
3 0.1140625 0.221875 0.084375 0.065625
5 0.32265625 0.875 0.1546875 0.084375
3 0.13515625 0.26953125 0.0953125 0.0765625
3 0.6640625 0.0953125 0.096875 0.078125
3 0.68828125 0.1078125 0.084375 0.0859375
3 0.54140625 0.9640625 0.1015625 0.071875