3 0.60703125 0.89296875 0.0546875 0.078125
4 0.1859375 0.62734375 0.075 0.1078125
3 0.85078125 0.86015625 0.0703125 0.0703125
3 0.68125 0.21953125 0.071875 0.071875
3 0.165625 0.8609375 0.06875 0.0875
3 0.91015625 0.20234375 0.078125 0.078125
3 0.5140625 0.32578125 0.065625 0.0875
3 0.92109375 0.38046875 0.078125 0.078125
3 0.18671875 0.43359375 0.0765625 0.0765625
3 0.82109375 0.128125 0.0921875 0.0921875
3 0.2859375 0.47265625 0.0765625 0.075
3 0.603125 0.79453125 0.065625 0.0828125
4 0.753125 0.2890625 0.09375 0.09375
3 0.05625 0.1140625 0.075 0.103125
3 0.3859375 0.35546875 0.078125 0.0796875
3 0.4953125 0.1265625 0.0765625 0.0765625
3 0.7265625 0.88984375 0.0625 0.090625
3 0.23046875 0.728125 0.0703125 0.06875
3 0.42265625 0.2375 0.08125 0.0796875
3 0.60859375 0.22109375 0.078125 0.078125
4 0.875 0.4359375 0.065625 0.096875
3 0.753125 0.72734375 0.065625 0.0671875
3 0.46328125 0.94609375 0.0609375 0.0828125
3 0.34921875 0.6984375 0.0875 0.0859375
3 0.0828125 0.63671875 0.0765625 0.0765625
3 0.315625 0.11328125 0.059375 0.0859375
3 0.603125 0.4265625 0.0921875 0.0921875
3 0.48046875 0.41796875 0.06875 0.1171875
3 0.2625 0.6296875 0.071875 0.0875
3 0.7234375 0.5765625 0.08125 0.08125
3 0.090625 0.40234375 0.0625 0.096875
3 0.825 0.43203125 0.05625 0.0796875
3 0.4421875 0.87109375 0.06875 0.0921875
3 0.284375 0.71015625 0.078125 0.0765625
3 0.521875 0.528125 0.0796875 0.0796875
3 0.4140625 0.44453125 0.065625 0.0953125
3 0.04375 0.4640625 0.0625 0.090625
3 0.55546875 0.5875 0.0734375 0.0734375
3 0.35 0.8265625 0.065625 0.090625
3 0.12890625 0.42265625 0.059375 0.1
3 0.7546875 0.828125 0.059375 0.090625
3 0.81328125 0.50625 0.0640625 0.09375
3 0.653125 0.6078125 0.08125 0.08125
3 0.55546875 0.69921875 0.0578125 0.1078125
3 0.371875 0.46953125 0.0625 0.0875
3 0.31875 0.903125 0.0796875 0.0796875
3 0.2765625 0.2234375 0.0859375 0.0859375
3 0.3953125 0.51484375 0.06875 0.0703125
3 0.390625 0.61953125 0.084375 0.084375
3 0.2859375 0.78203125 0.05625 0.1296875
3 0.8015625 0.553125 0.0765625 0.0765625
3 0.10390625 0.73984375 0.0859375 0.0859375
3 0.6015625 0.58984375 0.0734375 0.071875
3 0.6515625 0.6484375 0.0625 0.078125
3 0.96328125 0.46484375 0.0734375 0.0890625
3 0.1 0.71640625 0.09375 0.075
3 0.03203125 0.40859375 0.0640625 0.0703125