3 0.2375 0.4796875 0.06875 0.06875
3 0.27578125 0.3484375 0.0953125 0.065625
3 0.365625 0.68984375 0.08125 0.08125
3 0.709375 0.52734375 0.078125 0.0765625
3 0.6203125 0.634375 0.1 0.075
3 0.17578125 0.9 0.1015625 0.065625
3 0.29296875 0.8703125 0.0953125 0.065625
3 0.8890625 0.78671875 0.078125 0.0796875
3 0.7921875 0.11328125 0.090625 0.0578125
3 0.5796875 0.18125 0.096875 0.0625
3 0.5515625 0.7328125 0.084375 0.05625
3 0.196875 0.1515625 0.078125 0.078125
3 0.94609375 0.6375 0.084375 0.0625
3 0.0984375 0.49140625 0.0796875 0.08125
3 0.91328125 0.4578125 0.0984375 0.06875
3 0.575 0.7953125 0.09375 0.071875
3 0.9515625 0.06015625 0.08125 0.08125
3 0.675 0.684375 0.084375 0.05625
3 0.76640625 0.2234375 0.0953125 0.071875
3 0.14296875 0.59609375 0.08125 0.08125
3 0.175 0.0796875 0.0859375 0.0859375
3 0.82890625 0.9 0.090625 0.06875
3 0.86875 0.32578125 0.078125 0.078125
0 0.73828125 0.76953125 0.1140625 0.0828125
3 0.871875 0.95390625 0.09375 0.0609375
3 0.11015625 0.1640625 0.0890625 0.06875
3 0.27578125 0.225 0.078125 0.08125
3 0.79921875 0.04453125 0.0890625 0.0890625
3 0.8640625 0.6140625 0.075 0.075
3 0.89296875 0.10390625 0.0703125 0.0703125
3 0.290625 0.51953125 0.103125 0.0765625
3 0.42421875 0.28671875 0.1 0.078125
3 0.7546875 0.64765625 0.078125 0.0796875
3 0.38125 0.0796875 0.0875 0.078125
3 0.3625 0.91484375 0.115625 0.0734375
3 0.6546875 0.37734375 0.0828125 0.084375
3 0.2453125 0.94296875 0.103125 0.0625
3 0.66953125 0.09765625 0.090625 0.090625
3 0.50234375 0.66953125 0.075 0.075
3 0.82109375 0.45703125 0.0828125 0.0671875
3 0.1140625 0.72421875 0.08125 0.08125
6 0.7375 0.8796875 0.109375 0.0875
0 0.64453125 0.23046875 0.1296875 0.1046875
3 0.80390625 0.51796875 0.0921875 0.0671875
3 0.43359375 0.7296875 0.0625 0.0625
3 0.775 0.496875 0.08125 0.08125
3 0.04375 0.11640625 0.0875 0.0671875