3 0.5203125 0.2375 0.05625 0.08125
3 0.6515625 0.27578125 0.065625 0.0953125
3 0.31015625 0.365625 0.0734375 0.0875
3 0.47265625 0.709375 0.0765625 0.078125
3 0.365625 0.6203125 0.0875 0.0875
3 0.1 0.17578125 0.084375 0.0828125
3 0.1296875 0.29296875 0.065625 0.0953125
3 0.21328125 0.8890625 0.078125 0.078125
3 0.88671875 0.7921875 0.075 0.075
3 0.81875 0.5796875 0.08125 0.0796875
3 0.2671875 0.5515625 0.05625 0.084375
3 0.8484375 0.196875 0.078125 0.078125
3 0.3625 0.94609375 0.0625 0.084375
3 0.50859375 0.0984375 0.0671875 0.09375
3 0.5421875 0.91328125 0.06875 0.0984375
3 0.2046875 0.575 0.08125 0.0828125
3 0.93984375 0.9515625 0.0734375 0.090625
3 0.315625 0.675 0.0703125 0.0703125
3 0.7765625 0.76640625 0.071875 0.0953125
3 0.40390625 0.14296875 0.06875 0.0953125
3 0.9203125 0.175 0.0859375 0.0859375
3 0.1 0.82890625 0.06875 0.090625
3 0.67421875 0.86875 0.0625 0.09375
0 0.23046875 0.73828125 0.0984375 0.0984375
3 0.04609375 0.871875 0.0609375 0.09375
3 0.8359375 0.11015625 0.078125 0.078125
3 0.775 0.27578125 0.08125 0.078125
3 0.95546875 0.79921875 0.0890625 0.0890625
3 0.3859375 0.8640625 0.075 0.075
3 0.89609375 0.89296875 0.0578125 0.0828125
3 0.48046875 0.290625 0.0765625 0.103125
3 0.71328125 0.42421875 0.078125 0.1
3 0.35234375 0.7546875 0.0796875 0.078125
3 0.9203125 0.38125 0.0828125 0.0828125
3 0.08515625 0.3625 0.09375 0.09375
3 0.62265625 0.6546875 0.084375 0.0828125
3 0.05703125 0.2453125 0.0625 0.103125
3 0.90234375 0.66953125 0.0640625 0.1171875
3 0.33046875 0.50234375 0.075 0.075
3 0.54296875 0.82109375 0.075 0.075
3 0.27578125 0.1140625 0.059375 0.103125
6 0.1203125 0.7375 0.0875 0.109375
0 0.76953125 0.64453125 0.1046875 0.1296875
3 0.48203125 0.80390625 0.0671875 0.0921875
3 0.2703125 0.43359375 0.046875 0.0796875
3 0.503125 0.775 0.08125 0.08125
3 0.88359375 0.04375 0.078125 0.078125