3 0.70703125 0.13828125 0.0890625 0.0609375
3 0.1296875 0.0828125 0.078125 0.05625
3 0.3015625 0.54921875 0.0875 0.0875
3 0.7046875 0.37421875 0.08125 0.0609375
3 0.73984375 0.72578125 0.0875 0.0640625
3 0.09296875 0.93125 0.071875 0.071875
3 0.58125 0.0484375 0.090625 0.071875
3 0.21015625 0.36953125 0.075 0.075
3 0.4859375 0.7140625 0.0859375 0.0859375
3 0.4484375 0.6203125 0.0859375 0.0859375
3 0.2546875 0.8859375 0.1 0.06875
3 0.690625 0.88671875 0.0875 0.0640625
3 0.12890625 0.8671875 0.08125 0.0828125
3 0.440625 0.07890625 0.0734375 0.0734375
3 0.7703125 0.665625 0.0734375 0.0734375
3 0.56796875 0.92734375 0.078125 0.078125
3 0.45703125 0.359375 0.071875 0.071875
3 0.703125 0.4484375 0.096875 0.059375
3 0.54921875 0.59453125 0.0890625 0.0890625
3 0.93515625 0.1765625 0.0796875 0.0796875
3 0.64140625 0.28203125 0.0859375 0.0671875
3 0.11640625 0.8015625 0.071875 0.071875
3 0.3421875 0.94140625 0.078125 0.0578125
3 0.2390625 0.06171875 0.084375 0.0609375
3 0.6203125 0.74296875 0.08125 0.0640625
3 0.1734375 0.67890625 0.0703125 0.06875
3 0.8078125 0.57421875 0.078125 0.078125
3 0.828125 0.0625 0.103125 0.06875
4 0.46328125 0.940625 0.090625 0.0890625
3 0.9125 0.4515625 0.0765625 0.0765625
3 0.58828125 0.79453125 0.0796875 0.0625
3 0.31796875 0.6546875 0.0859375 0.0625
3 0.940625 0.8625 0.08125 0.05625
3 0.38515625 0.45 0.1046875 0.071875
3 0.2265625 0.1328125 0.08125 0.08125
3 0.61640625 0.4109375 0.0953125 0.065625
3 0.628125 0.178125 0.08125 0.08125
3 0.75546875 0.22734375 0.0796875 0.0640625
3 0.3609375 0.14140625 0.090625 0.0703125
3 0.18984375 0.7515625 0.0765625 0.0765625
6 0.7671875 0.3359375 0.115625 0.071875
3 0.409375 0.78515625 0.08125 0.053125
3 0.3984375 0.6859375 0.0796875 0.0796875
3 0.12421875 0.47890625 0.0859375 0.0703125
3 0.2984375 0.2359375 0.090625 0.053125
3 0.7328125 0.60625 0.09375 0.06875
3 0.86875 0.89140625 0.078125 0.0765625
3 0.82578125 0.95390625 0.0734375 0.0671875
3 0.07890625 0.4546875 0.075 0.075
6 0.81796875 0.39453125 0.1 0.1
3 0.23203125 0.7046875 0.0859375 0.065625
3 0.41796875 0.1421875 0.0765625 0.0765625
3 0.56171875 0.5515625 0.0796875 0.0796875
3 0.3796875 0.19921875 0.078125 0.0671875
3 0.4828125 0.4015625 0.071875 0.071875
3 0.21875 0.1921875 0.0796875 0.0796875
3 0.10390625 0.17578125 0.0796875 0.0578125
3 0.60859375 0.45546875 0.0765625 0.0515625
0 0.65234375 0.828125 0.0984375 0.08125
3 0.43984375 0.74453125 0.0734375 0.0734375
3 0.521875 0.0859375 0.08125 0.08125
3 0.6859375 0.5515625 0.090625 0.059375
3 0.6109375 0.8546875 0.08125 0.05625
3 0.5578125 0.49453125 0.0875 0.0625