3 0.13828125 0.29296875 0.075 0.075
3 0.0828125 0.8703125 0.05625 0.078125
3 0.54921875 0.6984375 0.0875 0.0875
3 0.37421875 0.2953125 0.071875 0.071875
3 0.72578125 0.26015625 0.0640625 0.0875
3 0.93125 0.90703125 0.071875 0.071875
3 0.0484375 0.41875 0.071875 0.090625
3 0.36953125 0.78984375 0.0640625 0.0859375
3 0.7140625 0.5140625 0.071875 0.1
3 0.6203125 0.5515625 0.071875 0.1
3 0.8859375 0.7453125 0.084375 0.084375
3 0.88671875 0.309375 0.0640625 0.0875
3 0.8671875 0.87109375 0.0828125 0.08125
3 0.07890625 0.559375 0.0734375 0.0734375
3 0.665625 0.2296875 0.0734375 0.0734375
3 0.92734375 0.43203125 0.065625 0.090625
3 0.359375 0.54296875 0.059375 0.0828125
3 0.4484375 0.296875 0.059375 0.096875
3 0.59453125 0.45078125 0.0890625 0.0890625
3 0.1765625 0.06484375 0.071875 0.0875
3 0.28203125 0.35859375 0.0671875 0.0859375
3 0.8015625 0.88359375 0.071875 0.071875
3 0.94140625 0.6578125 0.0578125 0.078125
3 0.06171875 0.7609375 0.0609375 0.084375
3 0.74296875 0.3796875 0.0640625 0.08125
3 0.67890625 0.8265625 0.06875 0.0703125
3 0.57421875 0.1921875 0.078125 0.078125
3 0.0625 0.171875 0.06875 0.103125
4 0.940625 0.53671875 0.0890625 0.090625
3 0.4515625 0.0875 0.065625 0.0875
3 0.79453125 0.41171875 0.071875 0.071875
3 0.6546875 0.68203125 0.0625 0.0859375
3 0.8625 0.059375 0.05625 0.08125
3 0.45 0.61484375 0.0875 0.0875
3 0.1328125 0.7734375 0.06875 0.09375
3 0.4109375 0.38359375 0.0796875 0.08125
3 0.178125 0.371875 0.08125 0.08125
3 0.22734375 0.24453125 0.0640625 0.0796875
3 0.14140625 0.6390625 0.08125 0.08125
3 0.7515625 0.81015625 0.0765625 0.0765625
6 0.3359375 0.2328125 0.09375 0.09375
3 0.78515625 0.590625 0.053125 0.08125
3 0.6859375 0.6015625 0.0796875 0.0796875
3 0.47890625 0.87578125 0.0703125 0.0859375
3 0.2359375 0.7015625 0.071875 0.071875
3 0.60625 0.2671875 0.08125 0.08125
3 0.89140625 0.13125 0.0765625 0.078125
3 0.95390625 0.17421875 0.0671875 0.0734375
3 0.4546875 0.92109375 0.075 0.075
6 0.39453125 0.18203125 0.0765625 0.1234375
3 0.7046875 0.76796875 0.075 0.075
3 0.1421875 0.58203125 0.0765625 0.0765625
3 0.5515625 0.43828125 0.0796875 0.0796875
3 0.19921875 0.6203125 0.071875 0.071875
3 0.4015625 0.5171875 0.071875 0.071875
3 0.1921875 0.78125 0.0796875 0.0796875
3 0.17578125 0.89609375 0.0578125 0.0796875
3 0.45546875 0.39140625 0.0515625 0.0765625
0 0.828125 0.34765625 0.090625 0.0890625
3 0.74453125 0.56015625 0.0734375 0.0734375
3 0.0859375 0.478125 0.078125 0.084375
3 0.5515625 0.3140625 0.075 0.075
3 0.8546875 0.3890625 0.05625 0.08125
3 0.49453125 0.4421875 0.0625 0.0875