3 0.67109375 0.23359375 0.0609375 0.0953125
3 0.1109375 0.20859375 0.08125 0.08125
3 0.6078125 0.73515625 0.071875 0.0828125
3 0.36640625 0.7765625 0.0765625 0.103125
3 0.4859375 0.1015625 0.08125 0.08125
3 0.57578125 0.48515625 0.0765625 0.1015625
3 0.253125 0.275 0.065625 0.090625
3 0.1875 0.15625 0.084375 0.084375
3 0.90390625 0.240625 0.0734375 0.103125
3 0.73515625 0.66484375 0.084375 0.084375
3 0.51875 0.5796875 0.06875 0.109375
3 0.8953125 0.9296875 0.078125 0.078125
3 0.140625 0.40546875 0.090625 0.090625
3 0.1859375 0.55234375 0.078125 0.078125
3 0.73125 0.521875 0.06875 0.096875
3 0.1515625 0.78984375 0.078125 0.1109375
3 0.23203125 0.68984375 0.0765625 0.0765625
3 0.584375 0.29921875 0.06875 0.0953125
0 0.23828125 0.57890625 0.0875 0.0875
3 0.2609375 0.04453125 0.0765625 0.0765625
3 0.94375 0.5078125 0.06875 0.1
3 0.09921875 0.325 0.0625 0.084375
3 0.93203125 0.109375 0.08125 0.08125
3 0.153125 0.68828125 0.078125 0.078125
3 0.76875 0.915625 0.0875 0.0875
3 0.21328125 0.796875 0.0640625 0.09375
3 0.290625 0.62109375 0.084375 0.084375
3 0.7078125 0.896875 0.078125 0.078125
3 0.6375 0.89140625 0.065625 0.0953125
3 0.575 0.8328125 0.05625 0.08125
3 0.35546875 0.95 0.0671875 0.08125
3 0.22421875 0.4421875 0.08125 0.08125
3 0.803125 0.28828125 0.084375 0.084375
3 0.540625 0.3546875 0.06875 0.090625
3 0.46328125 0.4234375 0.0859375 0.0875
6 0.83515625 0.4609375 0.0890625 0.103125
3 0.78984375 0.32890625 0.075 0.075
3 0.3890625 0.5109375 0.084375 0.084375