3 0.15625 0.91640625 0.06875 0.0953125
3 0.26953125 0.8484375 0.0625 0.084375
3 0.390625 0.890625 0.059375 0.08125
3 0.059375 0.16171875 0.0859375 0.0859375
3 0.225 0.909375 0.0625 0.084375
3 0.59375 0.15625 0.0625 0.0875
3 0.9296875 0.81640625 0.065625 0.1046875
3 0.89453125 0.91640625 0.065625 0.0984375
3 0.7515625 0.14921875 0.059375 0.084375
3 0.09375 0.86484375 0.06875 0.0921875
3 0.090625 0.79140625 0.06875 0.06875
3 0.7875 0.72421875 0.0625 0.096875
3 0.8328125 0.88046875 0.078125 0.078125
3 0.765625 0.55546875 0.0625 0.0859375
3 0.4171875 0.66015625 0.08125 0.08125
3 0.53515625 0.8140625 0.059375 0.0875
3 0.6921875 0.20390625 0.059375 0.0828125
3 0.5578125 0.67109375 0.075 0.075
3 0.3109375 0.1140625 0.071875 0.071875
3 0.48046875 0.62109375 0.059375 0.084375
3 0.20546875 0.73046875 0.0796875 0.078125
3 0.48203125 0.7015625 0.0703125 0.0703125
3 0.109375 0.55078125 0.059375 0.0859375
3 0.19765625 0.25859375 0.078125 0.078125
3 0.30625 0.20078125 0.071875 0.071875
3 0.58828125 0.271875 0.0671875 0.071875
3 0.134375 0.1328125 0.06875 0.090625
3 0.32578125 0.38828125 0.0640625 0.1015625
3 0.8671875 0.39453125 0.06875 0.0703125
3 0.578125 0.94609375 0.0734375 0.071875
3 0.065625 0.09453125 0.0734375 0.0734375
3 0.1359375 0.69609375 0.046875 0.0859375
3 0.403125 0.709375 0.0671875 0.0671875
3 0.8640625 0.046875 0.065625 0.0875
3 0.734375 0.4203125 0.0734375 0.0734375
3 0.7234375 0.728125 0.059375 0.084375
3 0.4578125 0.8515625 0.065625 0.078125
3 0.59375 0.771875 0.0859375 0.0859375
3 0.9546875 0.11484375 0.071875 0.071875
3 0.6734375 0.12265625 0.08125 0.0890625
3 0.79765625 0.63828125 0.0640625 0.0734375
3 0.83515625 0.771875 0.0703125 0.0703125
3 0.53515625 0.57578125 0.059375 0.0875
3 0.2203125 0.778125 0.065625 0.08125
3 0.61796875 0.59765625 0.075 0.075
3 0.846875 0.3359375 0.06875 0.06875
3 0.6609375 0.6796875 0.075 0.075
3 0.9234375 0.2984375 0.065625 0.0875
3 0.3171875 0.5421875 0.071875 0.071875
3 0.45625 0.28125 0.0671875 0.0671875
3 0.1796875 0.36328125 0.05625 0.071875
3 0.7203125 0.6328125 0.053125 0.078125
3 0.3390625 0.83046875 0.05625 0.0796875
3 0.453125 0.34765625 0.071875 0.0734375
3 0.8984375 0.1828125 0.0765625 0.0765625
3 0.07421875 0.6421875 0.0765625 0.0765625
3 0.5609375 0.8515625 0.08125 0.08125
3 0.89921875 0.49140625 0.0796875 0.0859375
3 0.21484375 0.11171875 0.0546875 0.0765625
3 0.25390625 0.46328125 0.06875 0.06875
3 0.61796875 0.92734375 0.0703125 0.0703125
3 0.48046875 0.88828125 0.0546875 0.0859375
3 0.2265625 0.24609375 0.0796875 0.0796875
3 0.8078125 0.3265625 0.071875 0.090625
3 0.1 0.72265625 0.0765625 0.078125
3 0.40703125 0.2078125 0.0734375 0.075
3 0.0375 0.5515625 0.06875 0.078125
3 0.73828125 0.46328125 0.0625 0.0796875
3 0.1453125 0.46328125 0.0671875 0.0671875
3 0.53515625 0.528125 0.0546875 0.090625
3 0.3625 0.70234375 0.06875 0.06875
3 0.4015625 0.09296875 0.065625 0.065625
3 0.86953125 0.66484375 0.0546875 0.0765625
3 0.3859375 0.95390625 0.06875 0.06875
3 0.5859375 0.36328125 0.065625 0.0828125
3 0.60859375 0.04296875 0.0765625 0.0765625
3 0.67265625 0.565625 0.075 0.075
3 0.309375 0.4328125 0.05625 0.09375
3 0.9546875 0.95625 0.075 0.075
3 0.03671875 0.28203125 0.0734375 0.0734375
3 0.51640625 0.28046875 0.05 0.0890625
3 0.871875 0.5125 0.06875 0.06875
3 0.42578125 0.2484375 0.0828125 0.08125
3 0.7609375 0.215625 0.0765625 0.0765625
3 0.53671875 0.43046875 0.0578125 0.075
3 0.3859375 0.3328125 0.0671875 0.0671875
3 0.94609375 0.67734375 0.0578125 0.0796875
3 0.61875 0.8390625 0.053125 0.075
3 0.68984375 0.95390625 0.078125 0.078125
3 0.76328125 0.82265625 0.0609375 0.0640625
3 0.3203125 0.7390625 0.059375 0.078125
3 0.765625 0.06640625 0.0640625 0.0640625
3 0.1953125 0.478125 0.065625 0.075
3 0.54453125 0.0875 0.0546875 0.084375
3 0.3921875 0.7703125 0.078125 0.078125
3 0.1109375 0.23515625 0.0671875 0.0671875
3 0.921875 0.57109375 0.0625 0.0921875
3 0.2578125 0.66328125 0.075 0.0765625
3 0.76953125 0.8984375 0.075 0.075
3 0.65859375 0.42265625 0.0546875 0.0796875
3 0.82265625 0.18359375 0.0515625 0.0671875
3 0.59609375 0.37734375 0.0609375 0.0609375
3 0.96171875 0.1578125 0.0765625 0.078125
3 0.0453125 0.6390625 0.065625 0.065625
3 0.3625 0.8046875 0.0734375 0.0734375
3 0.31328125 0.578125 0.065625 0.065625
3 0.1640625 0.4703125 0.0765625 0.0765625
3 0.1609375 0.353125 0.065625 0.065625
3 0.378125 0.1890625 0.0546875 0.0546875
3 0.48984375 0.303125 0.071875 0.0734375
3 0.5765625 0.2515625 0.059375 0.078125
3 0.6203125 0.12734375 0.065625 0.0671875
3 0.65859375 0.13203125 0.0609375 0.0625
3 0.575 0.05703125 0.05625 0.0703125
3 0.75625 0.2515625 0.05625 0.075
3 0.89140625 0.21953125 0.0578125 0.0765625
3 0.94140625 0.259375 0.0734375 0.075
3 0.221875 0.14921875 0.0703125 0.071875
3 0.83046875 0.1953125 0.0515625 0.0625
3 0.6953125 0.61015625 0.059375 0.0703125
3 0.7921875 0.6015625 0.05 0.06875
3 0.65078125 0.59453125 0.071875 0.071875
3 0.6484375 0.71796875 0.0734375 0.0734375
3 0.86015625 0.55390625 0.071875 0.071875
3 0.80625 0.79296875 0.0625 0.0828125
3 0.9625 0.83203125 0.075 0.0796875
3 0.596875 0.84296875 0.071875 0.0734375
3 0.653125 0.9578125 0.0625 0.0609375
3 0.74375 0.5125 0.05625 0.10625
3 0.3 0.48359375 0.0734375 0.0734375
3 0.27578125 0.471875 0.0578125 0.08125
3 0.653125 0.3921875 0.05625 0.071875
3 0.55703125 0.440625 0.0515625 0.059375
3 0.540625 0.47109375 0.04375 0.1125
3 0.9203125 0.59921875 0.071875 0.071875
3 0.7359375 0.81796875 0.059375 0.0703125
3 0.71328125 0.82265625 0.053125 0.0703125
3 0.45703125 0.11484375 0.0515625 0.05
3 0.3828125 0.103125 0.059375 0.071875
3 0.51328125 0.13046875 0.0609375 0.0609375
3 0.50859375 0.0953125 0.0515625 0.084375
3 0.53125 0.1203125 0.0703125 0.0703125