3 0.91640625 0.84375 0.0953125 0.06875
3 0.8484375 0.73046875 0.0734375 0.0734375
3 0.890625 0.609375 0.08125 0.059375
3 0.16171875 0.940625 0.0859375 0.0859375
3 0.909375 0.775 0.084375 0.0625
3 0.15625 0.40625 0.0875 0.0625
3 0.81640625 0.0703125 0.1046875 0.065625
3 0.91640625 0.10546875 0.0984375 0.065625
3 0.14921875 0.2484375 0.071875 0.071875
3 0.86484375 0.90625 0.08125 0.08125
3 0.79140625 0.909375 0.06875 0.06875
3 0.72421875 0.2125 0.0796875 0.0796875
3 0.88046875 0.1671875 0.0953125 0.059375
3 0.55546875 0.234375 0.0734375 0.075
3 0.66015625 0.5828125 0.0984375 0.065625
3 0.8140625 0.46484375 0.0734375 0.0734375
3 0.20390625 0.3078125 0.0703125 0.0703125
3 0.67109375 0.4421875 0.075 0.075
3 0.1140625 0.6890625 0.078125 0.065625
3 0.62109375 0.51953125 0.071875 0.071875
3 0.73046875 0.79453125 0.078125 0.078125
3 0.7015625 0.51796875 0.0703125 0.0703125
3 0.55078125 0.890625 0.0734375 0.071875
3 0.25859375 0.80234375 0.078125 0.078125
3 0.20078125 0.69375 0.084375 0.059375
3 0.271875 0.41171875 0.0703125 0.0703125
3 0.1328125 0.865625 0.0796875 0.0796875
3 0.38828125 0.67421875 0.0828125 0.0828125
3 0.39453125 0.1328125 0.06875 0.06875
3 0.94609375 0.421875 0.0828125 0.0625
3 0.09453125 0.934375 0.0890625 0.059375
3 0.69609375 0.8640625 0.065625 0.065625
3 0.709375 0.596875 0.0671875 0.0671875
3 0.046875 0.1359375 0.0875 0.065625
3 0.4203125 0.265625 0.075 0.0734375
3 0.728125 0.2765625 0.071875 0.071875
3 0.8515625 0.5421875 0.071875 0.071875
3 0.771875 0.40625 0.0859375 0.084375
3 0.11484375 0.0453125 0.071875 0.071875
3 0.12265625 0.3265625 0.0859375 0.084375
3 0.63828125 0.20234375 0.0734375 0.0640625
3 0.771875 0.16484375 0.075 0.065625
3 0.57578125 0.46484375 0.0875 0.059375
3 0.778125 0.7796875 0.071875 0.0734375
3 0.59765625 0.38203125 0.0828125 0.0671875
3 0.3359375 0.153125 0.06875 0.06875
3 0.6796875 0.3390625 0.075 0.075
3 0.2984375 0.0765625 0.0875 0.065625
3 0.5421875 0.6828125 0.084375 0.059375
3 0.28125 0.54375 0.0671875 0.0671875
3 0.36328125 0.8203125 0.0640625 0.0640625
3 0.6328125 0.2796875 0.065625 0.065625
3 0.83046875 0.6609375 0.06875 0.06875
3 0.34765625 0.546875 0.0734375 0.071875
3 0.1828125 0.1015625 0.0875 0.065625
3 0.6421875 0.92578125 0.0765625 0.075
3 0.8515625 0.4390625 0.08125 0.08125
3 0.49140625 0.10078125 0.0828125 0.0828125
3 0.11171875 0.78515625 0.0765625 0.0546875
3 0.46328125 0.74609375 0.0765625 0.0609375
3 0.92734375 0.38203125 0.0703125 0.0703125
3 0.88828125 0.51953125 0.0859375 0.0546875
3 0.24609375 0.7734375 0.0921875 0.0671875
3 0.3265625 0.1921875 0.08125 0.08125
3 0.72265625 0.9 0.078125 0.0765625
3 0.2078125 0.59296875 0.0875 0.0609375
3 0.5515625 0.9625 0.078125 0.06875
3 0.46328125 0.26171875 0.071875 0.071875
3 0.46328125 0.8546875 0.0875 0.046875
3 0.528125 0.46484375 0.071875 0.071875
3 0.70234375 0.6375 0.06875 0.06875
3 0.09296875 0.5984375 0.065625 0.065625
3 0.66484375 0.13046875 0.0765625 0.0546875
3 0.95390625 0.6140625 0.084375 0.053125
3 0.36328125 0.4140625 0.0734375 0.0734375
3 0.04296875 0.39140625 0.0859375 0.0671875
3 0.565625 0.32734375 0.075 0.075
3 0.4328125 0.690625 0.075 0.075
3 0.95625 0.0453125 0.075 0.075
3 0.28203125 0.96328125 0.0734375 0.0734375
3 0.28046875 0.48359375 0.0890625 0.05
3 0.5125 0.128125 0.06875 0.06875
3 0.2484375 0.57421875 0.08125 0.08125
3 0.215625 0.2390625 0.0765625 0.0765625
3 0.43046875 0.46328125 0.065625 0.065625
3 0.3328125 0.6140625 0.075 0.059375
3 0.67734375 0.05390625 0.06875 0.06875
3 0.8390625 0.38125 0.0640625 0.0640625
3 0.95390625 0.31015625 0.078125 0.078125
3 0.82265625 0.23671875 0.0625 0.0625
3 0.7390625 0.6796875 0.06875 0.06875
3 0.06640625 0.234375 0.065625 0.0625
3 0.478125 0.8046875 0.075 0.065625
3 0.0875 0.45546875 0.084375 0.0546875
3 0.7703125 0.6078125 0.090625 0.065625
3 0.23515625 0.8890625 0.078125 0.05625
3 0.57109375 0.078125 0.0921875 0.0625
3 0.66328125 0.7421875 0.0796875 0.071875
3 0.8984375 0.23046875 0.08125 0.0671875
3 0.42265625 0.34140625 0.0796875 0.0546875
3 0.18359375 0.17734375 0.0671875 0.0515625
3 0.37734375 0.40390625 0.0609375 0.0609375
3 0.15859375 0.0375 0.0953125 0.0625
3 0.6390625 0.9546875 0.065625 0.065625
3 0.8046875 0.6375 0.0734375 0.0734375
3 0.578125 0.68671875 0.06875 0.0609375
3 0.4703125 0.8359375 0.09375 0.059375
3 0.353125 0.8390625 0.065625 0.065625
3 0.1890625 0.621875 0.059375 0.05
3 0.303125 0.51015625 0.0734375 0.071875
3 0.2515625 0.4234375 0.06875 0.06875
3 0.12734375 0.3796875 0.0671875 0.0671875
3 0.13203125 0.34140625 0.0625 0.0609375
3 0.05703125 0.425 0.0625 0.0625
3 0.2515625 0.24375 0.075 0.05625
3 0.21953125 0.10859375 0.0765625 0.0578125
3 0.259375 0.05859375 0.090625 0.0578125
3 0.14921875 0.778125 0.071875 0.0703125
3 0.1953125 0.16953125 0.0625 0.0515625
3 0.61015625 0.3046875 0.065625 0.0640625
3 0.6015625 0.2078125 0.06875 0.05
3 0.59453125 0.34921875 0.0796875 0.0640625
3 0.71796875 0.3515625 0.0765625 0.071875
3 0.55390625 0.13984375 0.0765625 0.065625
3 0.79296875 0.19375 0.071875 0.0734375
3 0.83203125 0.0375 0.0796875 0.075
3 0.84296875 0.403125 0.0765625 0.06875
3 0.9578125 0.346875 0.0609375 0.0625
3 0.5125 0.25625 0.08125 0.08125
3 0.48359375 0.7 0.090625 0.05625
3 0.471875 0.72421875 0.0703125 0.06875
3 0.3921875 0.346875 0.0640625 0.0640625
3 0.440625 0.44296875 0.0546875 0.05625
3 0.47109375 0.459375 0.078125 0.078125
3 0.59921875 0.0796875 0.0859375 0.059375
3 0.81796875 0.2640625 0.065625 0.0640625
3 0.82265625 0.28671875 0.0703125 0.053125
3 0.11484375 0.54296875 0.0671875 0.034375
3 0.103125 0.6171875 0.065625 0.0671875
3 0.13046875 0.48671875 0.0734375 0.046875
3 0.0953125 0.49140625 0.084375 0.0515625
3 0.1203125 0.46875 0.084375 0.05625