3 0.21328125 0.11015625 0.0875 0.06875
3 0.3140625 0.95 0.075 0.075
3 0.82890625 0.275 0.06875 0.06875
3 0.59140625 0.9078125 0.0765625 0.059375
6 0.384375 0.24765625 0.10625 0.078125
3 0.26328125 0.571875 0.0765625 0.05625
3 0.32265625 0.07421875 0.0796875 0.0703125
3 0.66328125 0.40234375 0.078125 0.0796875
3 0.59921875 0.08359375 0.0734375 0.071875
3 0.365625 0.81328125 0.078125 0.078125
3 0.765625 0.63671875 0.09375 0.09375
3 0.19453125 0.4125 0.084375 0.0625
3 0.31171875 0.33984375 0.075 0.075
3 0.5578125 0.6890625 0.078125 0.078125
6 0.91640625 0.30390625 0.090625 0.090625
3 0.5546875 0.29375 0.08125 0.0625
3 0.678125 0.19296875 0.0875 0.0875
3 0.153125 0.903125 0.09375 0.06875
3 0.4609375 0.3546875 0.0703125 0.0703125
3 0.69921875 0.04140625 0.0765625 0.0765625
3 0.26640625 0.39375 0.071875 0.071875
3 0.54296875 0.45 0.1015625 0.0625
6 0.0875 0.19296875 0.109375 0.0859375
3 0.434375 0.7453125 0.08125 0.08125
3 0.634375 0.3484375 0.078125 0.059375
3 0.61953125 0.15625 0.084375 0.065625
3 0.36796875 0.72734375 0.0921875 0.0671875
3 0.81796875 0.08671875 0.0796875 0.065625
3 0.42734375 0.62578125 0.0984375 0.0703125
3 0.871875 0.14453125 0.0625 0.0625
3 0.803125 0.49765625 0.0875 0.0609375
3 0.06640625 0.8 0.0703125 0.0796875
3 0.334375 0.5359375 0.090625 0.059375
3 0.23203125 0.725 0.0765625 0.0765625
3 0.46015625 0.4734375 0.0796875 0.059375
3 0.0953125 0.4171875 0.071875 0.071875
3 0.74609375 0.9296875 0.0890625 0.071875
3 0.1515625 0.37890625 0.090625 0.0765625
3 0.49921875 0.2 0.0796875 0.06875
3 0.0796875 0.0484375 0.08125 0.08125
3 0.56953125 0.23359375 0.0796875 0.059375
3 0.82734375 0.215625 0.0734375 0.059375
3 0.05234375 0.6015625 0.0734375 0.059375
3 0.125 0.82421875 0.0765625 0.075
3 0.215625 0.4703125 0.0875 0.071875
3 0.2921875 0.1875 0.0875 0.06875
3 0.478125 0.5546875 0.075 0.065625
3 0.54921875 0.178125 0.0765625 0.065625
3 0.76015625 0.17890625 0.071875 0.0703125
3 0.9546875 0.48671875 0.0796875 0.0796875
5 0.8546875 0.38984375 0.1109375 0.109375
3 0.29921875 0.753125 0.0796875 0.06875
3 0.06796875 0.890625 0.078125 0.078125
3 0.15546875 0.47578125 0.0859375 0.0671875
3 0.6609375 0.87265625 0.071875 0.0796875
3 0.20078125 0.66015625 0.0859375 0.0859375
3 0.7203125 0.7625 0.08125 0.08125
3 0.5109375 0.6046875 0.06875 0.06875
3 0.37578125 0.19140625 0.0921875 0.0765625
3 0.95390625 0.178125 0.0921875 0.06875
3 0.11953125 0.615625 0.0703125 0.0703125
3 0.2859375 0.15078125 0.065625 0.0578125
3 0.15234375 0.634375 0.0828125 0.059375
3 0.41875 0.5984375 0.0671875 0.06875