3 0.040625 0.2734375 0.0765625 0.0765625
3 0.7015625 0.59453125 0.075 0.1078125
3 0.93828125 0.2203125 0.0953125 0.09375
3 0.0609375 0.73828125 0.06875 0.0828125
3 0.84453125 0.23671875 0.08125 0.08125
3 0.16328125 0.66015625 0.0859375 0.0859375
3 0.55390625 0.39765625 0.0734375 0.109375
3 0.7953125 0.5125 0.0828125 0.0828125
3 0.43671875 0.084375 0.0703125 0.10625
3 0.253125 0.125 0.0859375 0.0859375
3 0.5359375 0.63515625 0.06875 0.0984375
3 0.10625 0.0953125 0.071875 0.103125
3 0.3234375 0.34609375 0.0953125 0.09375
3 0.6859375 0.10859375 0.08125 0.0859375
3 0.509375 0.27421875 0.0796875 0.078125
3 0.61640625 0.73515625 0.0890625 0.0703125
3 0.809375 0.27421875 0.075 0.0859375
3 0.90546875 0.74375 0.0875 0.0875
3 0.515625 0.13515625 0.0875 0.0875
3 0.7609375 0.4359375 0.078125 0.1
3 0.16796875 0.5765625 0.0859375 0.090625
3 0.809375 0.68203125 0.090625 0.0890625
3 0.3984375 0.265625 0.090625 0.090625
3 0.41484375 0.76484375 0.0703125 0.0859375
3 0.878125 0.8390625 0.08125 0.084375
3 0.70546875 0.72734375 0.0890625 0.0890625
3 0.3640625 0.52734375 0.0921875 0.09375
3 0.47265625 0.90234375 0.0859375 0.0734375
3 0.5796875 0.1296875 0.0890625 0.0890625
3 0.2859375 0.74921875 0.059375 0.0921875
3 0.46953125 0.196875 0.0984375 0.08125
3 0.8265625 0.0765625 0.0703125 0.0703125
3 0.2703125 0.21015625 0.071875 0.1015625
3 0.52421875 0.43359375 0.0671875 0.1203125
3 0.0671875 0.17734375 0.0890625 0.0890625
3 0.58984375 0.04140625 0.0859375 0.0828125
3 0.61796875 0.2203125 0.109375 0.078125
3 0.18125 0.1359375 0.090625 0.090625
3 0.8125 0.153125 0.0859375 0.0859375
3 0.0609375 0.62421875 0.084375 0.0984375
3 0.684375 0.86953125 0.078125 0.0921875
3 0.403125 0.66640625 0.0875 0.0875
3 0.45859375 0.37734375 0.0921875 0.075
3 0.46328125 0.2578125 0.0875 0.0890625
3 0.9546875 0.70234375 0.06875 0.1234375
3 0.04296875 0.0640625 0.0859375 0.0875
3 0.8125 0.82578125 0.090625 0.090625
3 0.45625 0.62109375 0.0984375 0.096875
3 0.459375 0.44453125 0.090625 0.1
3 0.72734375 0.140625 0.0796875 0.1
3 0.5375 0.71640625 0.096875 0.0609375
3 0.33125 0.896875 0.084375 0.096875
3 0.26640625 0.83203125 0.084375 0.0671875
3 0.40078125 0.5640625 0.1 0.0984375
3 0.28125 0.95234375 0.0875 0.0859375
3 0.20703125 0.0578125 0.071875 0.071875
3 0.40859375 0.959375 0.0859375 0.08125
3 0.428125 0.84921875 0.09375 0.09375
3 0.8046875 0.73984375 0.0890625 0.0890625
3 0.8203125 0.0421875 0.059375 0.078125
3 0.4140625 0.31953125 0.0875 0.0875
3 0.47890625 0.6890625 0.06875 0.078125
3 0.28359375 0.66796875 0.09375 0.09375
3 0.31875 0.72265625 0.0859375 0.084375
3 0.37890625 0.73671875 0.0828125 0.084375
3 0.365625 0.8125 0.0859375 0.0859375
3 0.353125 0.84921875 0.0765625 0.0765625
3 0.265625 0.87734375 0.084375 0.084375