3 0.065625 0.878125 0.075 0.075
3 0.9015625 0.8203125 0.0625 0.084375
3 0.2359375 0.53828125 0.0828125 0.08125
3 0.93515625 0.40703125 0.08125 0.08125
3 0.8953125 0.7390625 0.071875 0.071875
3 0.6796875 0.3640625 0.08125 0.08125
3 0.7890625 0.20546875 0.071875 0.0828125
3 0.79609375 0.4828125 0.0578125 0.08125
3 0.68046875 0.46328125 0.0859375 0.0859375
3 0.71875 0.60859375 0.0625 0.0734375
3 0.77890625 0.78359375 0.08125 0.08125
3 0.10078125 0.63046875 0.0609375 0.1015625
3 0.85703125 0.56328125 0.08125 0.08125
3 0.1671875 0.75234375 0.08125 0.0828125
3 0.409375 0.921875 0.0921875 0.0921875
3 0.7203125 0.92109375 0.0578125 0.0578125
3 0.7625 0.1484375 0.071875 0.071875
3 0.48046875 0.46796875 0.090625 0.090625
3 0.26171875 0.63125 0.065625 0.0875
3 0.82890625 0.95234375 0.059375 0.0859375
3 0.471875 0.42421875 0.06875 0.0734375
3 0.36328125 0.1515625 0.08125 0.103125
3 0.4125 0.2171875 0.08125 0.103125
3 0.88515625 0.471875 0.075 0.0765625
3 0.6078125 0.2046875 0.090625 0.090625
3 0.521875 0.59921875 0.0859375 0.084375
3 0.190625 0.65859375 0.06875 0.0921875
3 0.903125 0.121875 0.0890625 0.0890625
3 0.04375 0.78046875 0.075 0.0890625